Feature	Gain	Cover	Frequency
vmr_mconsumospesos	0.0270320797740059	0.0020564522450691	0.0016724285008755
vm_status05_tend6	0.0230179120917751	0.000261007828375749	6.73461141292148e-05
rf_012_022	0.0213480938381832	0.00173633918579193	0.00370403627710681
rf_002_015	0.0201593232535692	0.00125236530857502	0.0018351816100211
rf_010_026	0.0183507084045272	0.000622865268799489	0.000409688860952723
mcuentas_saldo_rank_lag2	0.0170695121872025	0.00207290326520174	0.0010550891213577
rf_007_020	0.017041420554227	0.001047141347963	0.000235711399452252
Master_status	0.0163131544716781	0.000767994359271905	0.000465810622727069
ctrx_quarter_normalizado	0.0157066357157602	0.0018928291109439	0.00138620751582634
ctrx_quarter_normalizado_tend6	0.0150768887527458	0.00209585633112269	0.00182395725766623
Visa_mpagominimo_rank	0.014195968830932	0.00297337463253422	0.00419790778072105
rf_020_027	0.0116461711138283	0.000623147271330048	0.000555605441566022
rf_001_025	0.0116243895558063	0.00188977417334741	0.00400709379068828
Visa_delinquency_delta2	0.0111554651865649	0.00150872577938624	0.00107192564989
rf_016_015	0.0109577202760457	0.00171205340193309	0.00253109145602299
rf_013_015	0.0103073980732349	0.00122878156705202	0.000926009069276703
rf_011_027	0.0100531886377935	0.000711532700004211	0.00153212409643964
Visa_mpagospesos_rank	0.00985993376949434	0.00348083340026424	0.00619584249988776
mpasivos_margen_rank_lag1	0.00870326088826282	0.00263197409039584	0.00309792124994388
Visa_Finiciomora_tend6	0.00842405595222354	0.00262452266944891	0.000662236788937278
Visa_mconsumospesos_rank	0.00721168000378107	0.00255342631319972	0.00426525389485027
cpayroll_trx	0.00690203665142579	0.000503568575027092	4.48974094194765e-05
vm_status01_delta1	0.00688680655575203	0.000436415840297704	0.00025816010416199
mtarjeta_visa_consumo_rank	0.00668345793566898	0.00116808525061987	0.00136937098729403
mcuentas_saldo_rank	0.00629438110993244	0.00342394372022967	0.00141988057289094
Master_fechaalta_lag2	0.00591166328871122	0.00316302773706794	0.00448412876577022
mprestamos_personales_rank	0.00588622087312294	0.00479191223106597	0.000886723836034661
rf_005_020	0.0057561345962096	0.00198627313483409	0.00387801373860728
mprestamos_personales_rank_lag1	0.0055230645447358	0.00124344372264738	0.000364791451533247
ctrx_quarter_normalizado_lag2	0.00483565666058904	0.00282757075304178	0.00349638575854173
mprestamos_personales_rank_tend6	0.00477756660488359	0.00358587365870774	0.000757643783953666
rf_007_025	0.0043087351156417	0.00137933699286812	0.000707134198356755
mcomisiones_rank_delta2	0.00422782673204439	0.00371172300423717	0.00828357203789341
mextraccion_autoservicio_rank_delta2	0.00415706323267479	0.00182779307607147	0.00167804067705293
ctarjeta_debito_transacciones	0.00408361596046556	0.000302607423074291	9.54069950163876e-05
mrentabilidad_annual_rank	0.00404486182971828	0.00307217547271673	0.00341781529205765
mtransferencias_recibidas_rank	0.00402770496525156	0.00241752565224927	0.00172855026264985
mactivos_margen_rank	0.00392364377411224	0.00408973647716148	0.00276680285547524
foto_mes	0.00392035400265087	0.00450807916046612	0.00110559870695461
vm_Finiciomora_tend6	0.0038965095172525	0.00295565286881179	0.000808153369550577
mcuenta_corriente_rank_tend6	0.00377670881650664	0.00348107285477444	0.00222242176626409
rf_010_023	0.00362439308686337	0.00233398163911908	0.00707134198356755
vm_status04_delta2	0.00356521789647737	0.00132893085613532	0.000303057513581466
cdescubierto_preacordado_delta2	0.00353068831853664	0.00190471640680413	0.000291833161226597
mprestamos_personales_rank_delta2	0.00330918747095482	0.00287839639067248	0.000437749741839896
rf_006_022	0.00330450025589205	0.00105121828490243	0.000656624612759844
vm_status02	0.00326849610656381	0.00230833829625859	0.00182395725766623
rf_012_013	0.00322930157782093	0.00131308615812385	0.00106070129753513
cdescubierto_preacordado_tend6	0.00322706700003831	0.00126706606020332	0.000140304404435864
rf_003_015	0.00318798957249233	0.00141050960238088	0.0016555919723432
Visa_mpagominimo_rank_lag2	0.00317265407562272	0.00274162539431171	0.00451780182283482
ctrx_quarter_delta2	0.00313808009565231	0.00285189929021902	0.00333924482557356
mactivos_margen_rank_lag1	0.00303450171332142	0.00090345065259845	0.000976518654873614
mrentabilidad_rank_lag1	0.00292266424847555	0.00309829680075642	0.00461882099402864
rf_007_021	0.00291368244415592	0.00147854006325029	0.00317649171642796
mcomisiones_rank_delta1	0.0028755303762105	0.00314276576927873	0.00567391011538634
mpasivos_margen_rank_delta1	0.00283991285634202	0.00358583167525702	0.00593207021954833
mextraccion_autoservicio_rank_lag2	0.00279090108706845	0.000599702285624929	0.000617339379517802
mpasivos_margen_rank_delta2	0.00278909739273925	0.00346192881184088	0.00801979975755399
mcaja_ahorro_rank_delta2	0.00269285401868759	0.00305603989303415	0.00279486373636241
mcuenta_corriente_rank	0.00264939381214098	0.00298815622026873	0.00161630673910115
chomebanking_transacciones	0.00262619792310768	0.00343276096342465	0.0041081129618821
Visa_mconsumototal_rank_tend6	0.00261605573031815	0.00250038512470218	0.00512952902617519
mactivos_margen_rank_lag2	0.00260219656893915	0.00385363784582819	0.0059432945719032
Master_Fvencimiento	0.0025944281483898	0.00328183602678523	0.00645400260404975
rf_013_023	0.00257825742603735	0.0017684663029145	0.00249180622278095
rf_003_027	0.00257602746358291	0.00137517121319862	0.00113365958784178
mcuenta_debitos_automaticos_rank	0.00256644721662461	0.00190072764537612	0.00103264041664796
mcaja_ahorro_rank_delta1	0.00253510792553708	0.0023976879328753	0.00203160777623131
rf_009_018	0.00253436691420177	0.00110865526386949	0.000813765545728012
thomebanking_lag2	0.00252890715756367	0.00250312628989525	0.0053427917209177
mcomisiones_mantenimiento_rank_lag2	0.00252848800953513	0.00229672150623826	0.0018351816100211
mprestamos_personales_rank_delta1	0.00252546705105745	0.00567445089093216	0.000931621245454137
rf_017_025	0.00252406139904037	0.00162034640482319	0.00251425492749068
cprestamos_personales_tend6	0.00247447271953281	0.00183471785620193	0.000230099223274817
mcomisiones_rank_lag1	0.00245436366214029	0.00316597412332179	0.00529228213532079
Visa_mpagospesos_rank_delta1	0.0024488659061131	0.00282623262036788	0.00631931037579132
mcuentas_saldo_rank_delta2	0.00244503308882533	0.00244119998153575	0.00223925829479639
ccaja_ahorro_tend6	0.00240847637583661	0.00378062829141168	0.000409688860952723
Master_mfinanciacion_limite_rank_lag1	0.00240441250591593	0.00308740437923459	0.00613410856193598
rf_015_014	0.00240412952443809	0.00169167954670797	0.00170048938176267
mrentabilidad_rank_delta2	0.00239065776812172	0.0034439527094998	0.00649328783729179
vm_mpagospesos_rank_lag1	0.0023906504535995	0.000329978220693588	0.000364791451533247
rf_019_018	0.00236685122358637	0.000566476772623489	0.000622951555695236
rf_007_015	0.00236358673906233	0.000522535368758858	0.000707134198356755
mcomisiones_otras_rank_tend6	0.00235789279393517	0.00302569555849421	0.00378821891976833
mextraccion_autoservicio_rank	0.00235197454594321	0.000943454927494032	0.000875499483679792
mrentabilidad_rank_delta1	0.00231337724284518	0.00328147526679118	0.00582543887217708
cproductos_delta1	0.00230763237020448	0.00159338394502046	0.000218874870919948
mcomisiones_otras_rank	0.00230028829648866	0.00292226860909508	0.00463565752256095
mrentabilidad_annual_rank_lag2	0.00228939207179469	0.00394666968256342	0.00602747721456472
Master_Fvencimiento_lag2	0.00228454235811674	0.00286416956958694	0.00567391011538634
Master_mlimitecompra_rank_delta2	0.00226145425796268	0.00309970386224978	0.00613410856193598
Visa_fechaalta	0.0022593737614308	0.0026260893758365	0.00391168679567189
Visa_mconsumospesos_rank_delta1	0.00225407970972462	0.00278782766858719	0.00596574327661294
rf_019_024	0.00222320149327188	0.0010664576102962	0.00124029093521304
Visa_Fvencimiento	0.00216061670050477	0.00259080264477545	0.00414739819512414
mcuentas_saldo_rank_tend6	0.00214008320280427	0.00270963895767623	0.00218874870919948
rf_014_015	0.00211826479304672	0.00140079251218125	0.00125151528756791
mrentabilidad_annual_rank_delta1	0.00209814840307603	0.00176384961174582	0.0036703632200422
Visa_mlimitecompra_rank_delta1	0.00207014172110129	0.00295426017818176	0.00560656400125713
Master_delinquency_tend6	0.00206635824293846	0.00122130681911444	0.00129080052080995
mcomisiones_otras_rank_lag1	0.00205337697546124	0.00252352462691255	0.00471984016522247
mcomisiones_mantenimiento_rank_delta1	0.00204629736829722	0.00259986093354051	0.00144232927760068
internet_lag2	0.00203635224632663	0.0017922283971163	0.000544381089211153
mcomisiones_otras_rank_delta2	0.00201113352410681	0.00309390614273809	0.00588156063395142
vm_Finiciomora_lag1	0.00199725104448252	0.00159087761513152	0.000291833161226597
Visa_mconsumototal_rank_delta1	0.00198744464114588	0.00255465507333879	0.00536524042562744
Visa_mconsumospesos_rank_tend6	0.00198695513968862	0.00282445309689176	0.00564023705832174
vm_Fvencimiento_lag1	0.00197820260636551	0.00241393011356908	0.00376577021505859
mrentabilidad_annual_rank_tend6	0.00197305675074057	0.00310208413913753	0.00330557176850896
ctrx_quarter_normalizado_delta1	0.00195683096420995	0.00222681510879715	0.00144794145377812
Visa_mfinanciacion_limite_rank_tend6	0.00192845880981192	0.00299644707926981	0.00467494275580299
Visa_mlimitecompra_rank_lag1	0.00192558987372008	0.00239165091282694	0.00440555829928613
vm_mpagominimo_rank_lag1	0.00192550035085988	0.00224006104147378	0.00272190544605576
Visa_mfinanciacion_limite_rank	0.00189227771729083	0.00226193046731301	0.00317087954025053
Visa_msaldopesos_rank_tend6	0.00187984770611455	0.0028765093166817	0.00406321555246262
ccomisiones_mantenimiento_tend6	0.00187765370493618	0.00377198739923953	0.000521932384501414
rf_008_024	0.00185775641078194	0.00053117133377786	0.00126273963992278
Master_fechaalta_tend6	0.00185690245717259	0.00205036646673445	0.00257598886544246
vm_fechaalta_lag2	0.00185613522686905	0.00286912105054665	0.0035244466394289
Master_mlimitecompra_rank_lag1	0.00184178046845313	0.0021812372998578	0.004545862703722
mcuenta_corriente_rank_lag2	0.00183751536234966	0.002252590637938	0.00161069456292372
rf_019_021	0.00182629502187934	0.00195590064879938	0.00439433394693126
Visa_fechaalta_lag2	0.00181654980101951	0.00249964959312233	0.00342342746823508
ctarjeta_visa_transacciones_tend6	0.00181468566456448	0.00243080032665255	0.0012178422305033
vm_mpagospesos_rank_tend6	0.00181354571109811	0.00211370135066041	0.0027443541507655
Visa_mfinanciacion_limite_rank_lag1	0.00180586278613057	0.00241900893064278	0.00414178601894671
Visa_mconsumospesos_rank_lag1	0.00174935038375747	0.00234346602398181	0.0042540295424954
Visa_mpagospesos_rank_tend6	0.00173894157181533	0.00218030355301305	0.00450096529430252
ctrx_quarter_tend6	0.00173335754411968	0.00202563977965625	0.00153212409643964
mtarjeta_visa_consumo_rank_tend6	0.0017290779196181	0.0021894622068611	0.00244129663718404
mpayroll_sobre_edad_rank_lag2	0.00170057844786664	0.000488493513733612	0.000190813990032775
Visa_mlimitecompra_rank	0.00169986964853373	0.00222350793688699	0.00395658420509137
Visa_msaldopesos_rank_delta2	0.00169104100128813	0.00214896439545922	0.00346271270147712
rf_004_026	0.00168923378236326	0.00119777820011721	0.000757643783953666
Visa_status_tend6	0.00168743265052809	0.00127294825986158	0.000847438602792619
Visa_mlimitecompra_rank_tend6	0.00167275734386363	0.00269873152373468	0.00381066762447807
Visa_cconsumos_delta2	0.00166829806055326	0.00209378541273033	0.00283976114578189
Visa_msaldopesos_rank	0.00166006868313333	0.00226001113586651	0.00288465855520137
Visa_mpagospesos_rank_lag1	0.00165344220997333	0.00246787723102593	0.00464688187491582
Master_msaldototal_rank	0.00164433594049327	0.00204266791826279	0.00271068109370089
mcuentas_saldo_rank_lag1	0.00162468064112968	0.00324773966512836	0.00176222331971445
internet_lag1	0.00162357056805788	0.00190618077211501	0.000179589637677906
rf_016_021	0.00161789711810418	0.0017486271464542	0.00269384456516859
Visa_mconsumosdolares_rank_lag2	0.00159500292636635	0.00238951555650992	0.00388923809096215
cpayroll_trx_lag2	0.00159212065296033	0.000292289014893403	6.17339379517802e-05
mcuentas_saldo_rank_delta1	0.00158242926416156	0.00279644138443028	0.00186324249090827
mtransferencias_recibidas_rank_delta2	0.00158035143492853	0.00273475568538251	0.00354689534413864
vm_mfinanciacion_limite_rank_tend6	0.00157894633483709	0.0020899925569642	0.00287904637902393
Visa_mpagominimo_rank_delta2	0.00157428782909515	0.00254538509662446	0.00357495622502582
ccallcenter_transacciones_tend6	0.00156955952459199	0.00275895796426051	0.00117294482108382
ccomisiones_otras_delta2	0.00156036955249164	0.00192361221873596	0.00354689534413864
rf_017_027	0.00155347858842404	0.000930756011465093	0.000886723836034661
Visa_mfinanciacion_limite_rank_lag2	0.00154682227715388	0.00208646720455401	0.0033616935302833
vmr_Master_mlimitecompra_lag2	0.00154606258549558	0.00238708046504347	0.00331118394468639
Visa_msaldopesos_rank_lag2	0.00154582371011192	0.00202595660586812	0.00342342746823508
vm_fechaalta_tend6	0.00150810134545635	0.00180535304997134	0.00131324922551969
ctarjeta_visa_transacciones	0.00150649566063401	0.00214455636409362	0.000998967359583352
mactivos_margen_rank_tend6	0.00149926011242765	0.0023615820369423	0.00239639922776456
vm_msaldototal_rank_delta2	0.00149890856090868	0.00159740001108879	0.00226170699950613
mcomisiones_rank_lag2	0.00149839441301726	0.0014218867069307	0.00252547927984555
vm_Fvencimiento	0.00148686949596835	0.0023592572418519	0.00317087954025053
rf_020_025	0.00148554258841709	0.00180195044013133	0.0016892650294078
Visa_msaldototal_rank_delta1	0.00148498101380702	0.00195074171416262	0.0030361873119921
rf_006_021	0.00147652898599631	0.00088470073059166	0.00151528756790733
vmr_msaldopesos	0.00147613114484215	0.00141483020244048	0.00232344093745791
Visa_mconsumosdolares_rank_delta2	0.00147050431876444	0.00231352787162894	0.00431015130426974
Visa_mfinanciacion_limite_rank_delta2	0.00146516852163698	0.00293916635777918	0.00385556503389754
mactivos_margen_rank_delta2	0.00145601117803757	0.00243081169503193	0.00343465182058995
cdescubierto_preacordado	0.00143450298823426	0.00153404834404744	0.000263772280339424
vmr_mpagospesos_lag1	0.0014237489302213	0.000999627296150479	0.00166120414852063
catm_trx_lag1	0.00140924330774575	0.000690125374407743	0.000140304404435864
vm_Fvencimiento_lag2	0.00139885245777896	0.00200446148969407	0.00332240829704126
Master_msaldopesos_rank_lag1	0.00139818733818591	0.00182827952979513	0.00300812643110493
vmr_Visa_mlimitecompra_lag1	0.00139565381493349	0.00196560121250618	0.00310353342612131
Master_mpagospesos_rank_lag1	0.00139292101662923	0.00194571488881946	0.00301373860728236
ctrx_quarter_lag2	0.001391642466579	0.00212847231422096	0.00308669689758901
Master_msaldototal_rank_tend6	0.00137622594314344	0.00225985149097229	0.00293516814079828
rf_011_018	0.00136079752398885	0.00050451635912584	0.000173977461500471
mcaja_ahorro_rank_lag1	0.00136053444880658	0.00297608810815313	0.00172855026264985
Visa_Fvencimiento_lag2	0.00135287002056874	0.00199138420936351	0.00297445337404032
vmr_mpagominimo_tend6	0.00134844453929305	0.00155575040065341	0.00172855026264985
rf_003_021	0.00134787984890482	0.00138295113668387	0.00146477798231042
vmr_msaldopesos2_delta2	0.00134620870901539	0.00164623043398217	0.00262088627486194
chomebanking_transacciones_lag1	0.00134030592004657	0.00208722123862039	0.0029071072599111
Master_msaldototal_rank_lag2	0.00133873839770675	0.00193672268036346	0.00305863601670184
vm_msaldopesos_rank_lag1	0.0013373262568211	0.0015056658633121	0.00159385803439142
Master_fultimo_cierre_tend6	0.00132419454213959	0.00110237558152893	0.00175661114353702
Visa_msaldopesos_rank_lag1	0.00130614838466097	0.00193778925504496	0.00281731244107215
cliente_antiguedad_lag2	0.00130149465548883	0.00215150888512275	0.00238517487540969
cliente_edad	0.00130139233217006	0.00237761496760111	0.00142549274906838
rf_018_020	0.00129345810510826	0.000940730802038902	0.000246935751807121
ccaja_seguridad_lag1	0.00128336702603065	0.000863068526646362	0.000101019171193822
mpayroll_sobre_edad_rank_lag1	0.00127849835671428	0.00161254987785834	0.000561217617743456
Master_fultimo_cierre_lag1	0.00124179915737832	0.00224349347085519	0.00294639249315315
mcomisiones_mantenimiento_rank_tend6	0.00122182089770092	0.000719695504348133	0.000331118394468639
Master_fultimo_cierre	0.00122081777673516	0.00173571867244323	0.00282292461724959
vmr_mpagominimo	0.00121101264762934	0.00150383391184709	0.00253109145602299
ctarjeta_visa_transacciones_lag2	0.00120949037841039	0.00198389652764894	0.0025984375701522
cmobile_app_trx_lag1	0.00119300456108348	0.00273665112526872	0.00212140259507026
vm_msaldototal_rank	0.00119173739267779	0.000907692341221032	0.00127396399227765
mrentabilidad_annual_rank_delta2	0.00118843611682365	0.00143178843706184	0.00249741839895838
thomebanking_delta2	0.00118012174954335	0.00189397570053944	0.00158824585821398
Master_mconsumototal_rank_tend6	0.00117638844373071	0.0028027910477428	0.00283976114578189
mautoservicio_rank_delta2	0.00117532391105146	0.00210873244502891	0.0022897678803933
mtransferencias_emitidas_rank_lag2	0.00116595983685437	0.00150018917862225	0.00180712072913393
ctrx_quarter_delta1	0.00116492118694012	0.00173233307667891	0.00141988057289094
Master_msaldopesos_rank_delta1	0.00116450731488115	0.00159174689838934	0.00230099223274817
vm_fultimo_cierre_delta1	0.0011613781850178	0.00119361652640866	0.0010550891213577
vm_status05	0.00114912895175383	0.000393792988805687	0.000679073317469582
vmr_Visa_mlimitecompra	0.00114600974658552	0.0017865247554349	0.0025816010416199
mcuenta_debitos_automaticos_rank_lag1	0.00114454406057142	0.00235196508086536	0.00113927176401922
vm_mconsumototal_rank_tend6	0.00114281963759515	0.00151777190424198	0.00200915907152157
mrentabilidad_annual_rank_lag1	0.00114113811393791	0.00146778978496413	0.00156579715350424
vmr_msaldopesos2_tend6	0.00113260705472703	0.00203748373196619	0.00241323575629686
matm_rank_lag1	0.00113076885587921	0.00143130711578937	0.000729582903066493
cliente_edad_lag1	0.00112992339641771	0.00236484989427635	0.00177344767206932
vm_mlimitecompra_rank_tend6	0.00112954147110976	0.00217712343493207	0.00246935751807121
mautoservicio_rank_lag2	0.00112703369514217	0.00217345370666995	0.00238517487540969
mcomisiones_otras_rank_delta1	0.00112554667063852	0.0011042820561852	0.00202599560005388
internet_tend6	0.00112184224401519	0.0021656586937782	0.000269384456516859
vmr_msaldototal_lag2	0.00111808917612684	0.00124779758099068	0.00231221658510304
Visa_mpagospesos_rank_delta2	0.00111471364446326	0.000880221871399652	0.00179589637677906
vmr_mpagominimo_lag2	0.00111328271942768	0.00171087183468271	0.00260966192250707
mcuenta_debitos_automaticos_rank_delta2	0.00109434324351643	0.00217772316185346	0.00103825259282539
Master_msaldototal_rank_delta2	0.00109328052807571	0.0016758396218761	0.00282853679342702
vm_msaldototal_rank_lag2	0.00108781877131201	0.00140588244101177	0.00191375207650519
vmr_msaldototal_delta2	0.00108521320911215	0.0015606639784611	0.0022897678803933
Master_mconsumototal_rank_delta2	0.0010740042818786	0.0019990773174369	0.00251986710366812
Visa_cconsumos_lag1	0.00107102596073448	0.00187776185097623	0.00327189871144435
mcomisiones_mantenimiento_rank_lag1	0.00106978629480755	0.000703777206986618	0.000499483679791676
mcomisiones_rank_tend6	0.00106873052897993	0.00152779930244048	0.00153212409643964
Visa_msaldototal_rank_tend6	0.0010622028474906	0.000756831816844024	0.000982130831051048
Master_mconsumospesos_rank_lag1	0.00106075025807021	0.00208588633939074	0.0028902707313788
Master_mconsumosdolares_rank_tend6	0.00105538344743092	0.00222871827302241	0.00351322228707404
mpayroll_sobre_edad_rank_tend6	0.00105462755157106	0.00174104615677702	0.00057805414627576
rf_020_026	0.00105294938865267	0.00141147945601974	0.00326628653526692
vm_mpagospesos_rank	0.00104980995228473	0.000657309302699876	0.000920396893099268
vm_mpagospesos_rank_delta2	0.00104788706554217	0.00185231980285136	0.00246374534189377
tcallcenter_delta2	0.00104615021632407	0.00163753144246257	0.00149283886319759
tcallcenter_delta1	0.00104342774880764	0.00112075037267835	0.000695909846001886
Master_mconsumototal_rank_lag1	0.00104335699755462	0.00190503177026741	0.00289588290755623
Master_fultimo_cierre_delta2	0.00103977921153101	0.00107247525534132	0.00225048264715126
vm_mfinanciacion_limite_rank_delta1	0.00103947271528704	0.00201583761907817	0.00274996632694294
cprestamos_personales	0.00103080534849082	0.000484810595071936	5.05095855969111e-05
Master_fechaalta	0.00102589456302847	0.00123658658822358	0.0019642616621021
rf_014_020	0.00101372516978911	0.00136035698307454	0.00013469222825843
vm_mfinanciacion_limite_rank_lag1	0.00100528775242904	0.00128015429831717	0.00217191218066718
rf_014_023	0.00100293719020445	0.00160095538833843	0.00270506891752346
mcaja_ahorro_dolares_rank_lag2	0.00100091626599596	0.00236745058428039	0.0018183450814888
ctarjeta_debito_transacciones_lag2	0.000998000391451805	0.000410955135712765	0.000420913213307592
Master_fultimo_cierre_delta1	0.000993006942042638	0.0010569278289027	0.00236833834687739
vm_mconsumospesos_rank_delta2	0.000986294411234644	0.0011638317316973	0.0016555919723432
vmr_msaldototal_tend6	0.000984580773865726	0.0015122918064721	0.00173416243882728
Visa_fultimo_cierre_delta2	0.000982150449965719	0.00128100569498259	0.0015433484487945
mactivos_margen_rank_delta1	0.000980993712797473	0.00147339411371504	0.00214946347595744
Master_mconsumospesos_rank_delta1	0.00097917932716948	0.00218997837747714	0.00274996632694294
rf_006_015	0.000975968497383778	0.000945685080184513	0.00051632020832398
ccajas_transacciones_delta1	0.00097327886269801	0.00143605216956228	0.000561217617743456
Master_cconsumos	0.000967441305380687	0.00145047061071294	0.0028734342028465
mcuenta_debitos_automaticos_rank_lag2	0.000959123923070205	0.00223312358418888	0.00106631347371257
rf_009_015	0.00095417810151374	0.00144254854399202	0.00280047591253985
vmr_mconsumospesos_lag2	0.000951878521217355	0.00130758242541624	0.00195303730974723
mrentabilidad_rank_lag2	0.000944374321655135	0.00131204029288289	0.00216068782831231
ccajas_consultas_tend6	0.000942680886925492	0.00353694204953918	0.000656624612759844
vm_msaldopesos_rank	0.000939672775181652	0.000468389959050334	0.000420913213307592
mcuenta_corriente_rank_delta2	0.000931553078083366	0.00149778511282325	0.00070152202217932
chomebanking_transacciones_tend6	0.000930955784084851	0.00179997249609226	0.0016892650294078
mpagomiscuentas_rank_delta2	0.000927444394314544	0.000635199139237638	0.000331118394468639
Master_mconsumospesos_rank_lag2	0.000922570662485969	0.00186264891219298	0.00246374534189377
vm_status06_tend6	0.000921452523472828	0.000575171452884088	0.00012346787590356
Master_mconsumospesos_rank	0.000920353029992858	0.00155292911789728	0.0022897678803933
rf_011_028	0.000919998418674875	0.000518253339069934	0.000460198446549634
vm_mlimitecompra_rank	0.000918570365203268	0.00132898056392508	0.00218313653302204
rf_001_017	0.00091108360206428	0.000993248352203931	0.00182395725766623
vm_msaldopesos_rank_delta1	0.000908623975032614	0.00172546049357704	0.00181273290531136
ccajas_transacciones_delta2	0.000908315271034085	0.00204509310409844	0.00139181969200377
cpayroll_trx_tend6	0.000904157659551582	0.00130827507536641	0.000460198446549634
vmr_msaldopesos_lag1	0.000891948548424812	0.00139484890274452	0.00189691554797288
chomebanking_transacciones_delta1	0.00088805854820484	0.00126194492606957	0.00117294482108382
vmr_mpagospesos_tend6	0.00088755864209077	0.00169513548271583	0.00191936425268262
vm_mpagominimo_rank_lag2	0.000881886226676047	0.000671116982159094	0.000909172540744399
Master_mpagosdolares_rank_lag2	0.000876600784493454	0.00117620794485776	0.0027275176222332
Master_cconsumos_delta1	0.000875486552258849	0.00113841786072946	0.00243007228482917
Visa_msaldototal_rank_delta2	0.000874897710464231	0.000858018451299316	0.00157702150585911
Master_cconsumos_lag1	0.000873266449171855	0.00156294478844481	0.0027443541507655
ccomisiones_otras	0.000869166678749827	0.000961533422236327	0.000437749741839896
vmr_msaldototal_delta1	0.000866014361214804	0.00104608621864764	0.00170048938176267
rf_010_022	0.000864541278404086	0.000824844211485251	0.000336730570646074
Master_mpagosdolares_rank	0.000859578950344834	0.00127111743753583	0.00260404974632964
mpasivos_margen_rank	0.000856026894021709	0.0015029921641899	0.00121223005432587
vm_fultimo_cierre	0.000855568104913022	0.00164967982611476	0.00191375207650519
vmr_msaldopesos2_lag2	0.000855333488298059	0.00169736915113537	0.00218874870919948
vm_mconsumototal_rank_delta2	0.000851853521836845	0.00132070394747605	0.00184079378619854
Master_Fvencimiento_tend6	0.000850161860236106	0.00118467738749794	0.00187446684326314
Visa_msaldopesos_rank_delta1	0.000846845999567436	0.000820033359688107	0.0010550891213577
mpayroll_sobre_edad_rank	0.000843804178083279	0.00113803682755321	0.000263772280339424
Visa_fultimo_cierre_delta1	0.000842434002680192	0.00115240697233819	0.00148161451084272
mtransferencias_recibidas_rank_lag1	0.000827112236922493	0.000918978704033838	0.000645400260404975
cliente_edad_lag2	0.000826213438512331	0.00152766552510024	0.00122906658285817
matm_rank_lag2	0.000825097659027027	0.00147978298895464	0.00143671710142325
vm_status04_tend6	0.000821765988313769	0.000591084412496367	0.000235711399452252
mttarjeta_visa_debitos_automaticos_rank_delta1	0.000821677894379633	0.00163106627333605	0.00134131010640686
vmr_Master_mlimitecompra_tend6	0.000820512637073581	0.00218849933335586	0.00164997979616576
rf_019_016	0.000815991012784387	0.0012452148545658	0.00226731917568356
Master_mfinanciacion_limite_rank	0.000814219136435001	0.0011500994736083	0.00215507565213487
vm_mlimitecompra_rank_delta2	0.000811885659220353	0.00143196630215778	0.0021270147712477
vm_status06_delta2	0.000803900772965575	0.000710735219738523	0.000274996632694294
Master_mlimitecompra_rank	0.000791281587164031	0.000926992333683963	0.00191936425268262
rf_018_025	0.000791205563037403	0.000993591867161986	0.0019810981906344
Visa_cconsumos_lag2	0.00078912211976642	0.00134463643905733	0.00185201813855341
Master_mpagosdolares_rank_delta1	0.000788802711182478	0.00104790628848815	0.00245813316571634
vmr_msaldototal	0.000783565442469877	0.000380323204270472	0.000555605441566022
mtransferencias_recibidas_rank_lag2	0.000782689526238206	0.00104502346764227	0.00145916580613299
mcaja_ahorro_dolares_rank_delta2	0.000782595179721805	0.00232976858957413	0.00089794818838953
Master_Fvencimiento_lag1	0.00077928544573901	0.0011223668381802	0.00216630000448974
Visa_fechaalta_tend6	0.000776807711876646	0.00117605497215008	0.00117855699726126
mcomisiones_otras_rank_lag2	0.000776643941951322	0.00108866582923839	0.00240201140394199
rf_015_017	0.000776627026749838	0.00108733005749204	0.00102702824047052
mrentabilidad_rank_tend6	0.000764044432930643	0.00165215220483909	0.000796929017195708
Visa_cconsumos_tend6	0.000761437096753247	0.00150380311713995	0.00149283886319759
rf_016_018	0.000760614749511603	0.00152297674865462	0.00130763704934225
Visa_mlimitecompra_rank_delta2	0.000760143277569644	0.00127693802211756	0.00178467202442419
rf_009_023	0.000758380001674889	0.00122364916718791	0.00166120414852063
vmr_mpagospesos_delta2	0.000757790048854761	0.00181536053425922	0.00159947021056885
tcallcenter	0.000757436680863979	0.00149065457272464	0.000970906478696179
Master_mpagominimo_rank_delta1	0.000753870240692482	0.00132654164878251	0.00184079378619854
vm_status02_tend6	0.000750121995574911	0.00158654284950663	0.00117855699726126
mpayroll_rank_delta1	0.000750086376279821	0.00190491067008162	0.000589278498630629
Visa_mpagosdolares_rank_delta2	0.000748872180701567	0.00187282253392583	0.00218874870919948
Visa_mpagospesos_rank_lag2	0.000748810066847286	0.000967716588832285	0.00171171373411754
mpayroll_rank	0.000746013775152342	0.000974659691813487	0.00025816010416199
Master_mpagado_rank	0.000742268085618693	0.00111041405224281	0.00112804741166435
rf_005_015	0.000741739424477691	0.000750706056714611	0.000752031607776231
Visa_status	0.000731580167157951	0.000768688677268702	0.000420913213307592
Master_mfinanciacion_limite_rank_delta2	0.000730364412960376	0.00116795742692302	0.00207650518565079
Visa_fultimo_cierre_lag1	0.000729487817044092	0.00124817289148385	0.0013637588111166
mpasivos_margen_rank_lag2	0.000728687663504646	0.0011729668275944	0.00208211736182822
vm_msaldopesos_rank_tend6	0.000728456347335202	0.00138039917930386	0.00164997979616576
Master_mlimitecompra_rank_lag2	0.000725947743484458	0.000775610377928448	0.00158824585821398
mtransferencias_emitidas_rank_tend6	0.000723571403098675	0.0016778142298219	0.00124029093521304
vmr_mpagominimo_delta1	0.000718769389104204	0.000606356046670372	0.000740807255421362
rf_002_017	0.000715698889421052	0.00104338154518252	0.00141988057289094
Visa_msaldototal_rank	0.000713550805150821	0.00068781446259781	0.00119539352579356
rf_005_021	0.000713127025356315	0.00137963739523619	0.000757643783953666
ccaja_ahorro	0.000708744113161223	0.00146281341161616	0.000117855699726126
mpasivos_margen_rank_tend6	0.000703548175185132	0.00117557321461926	0.00113365958784178
thomebanking_lag1	0.000702667018200781	0.00100275947713736	0.00167804067705293
mtarjeta_visa_consumo_rank_delta1	0.000693261428033039	0.00174426294622175	0.00144794145377812
rf_004_019	0.000692899069962086	0.000843868668306121	0.000561217617743456
vm_fultimo_cierre_tend6	0.000690547645464688	0.000947236004284691	0.000746419431598797
ctarjeta_debito_transacciones_lag1	0.000689255938808564	0.000723512764919672	0.000364791451533247
Visa_mpagado_rank_delta2	0.000688885343117979	0.00174501867399701	0.00112243523548691
Visa_msaldototal_rank_lag2	0.000688098751816005	0.000767392297085224	0.00113927176401922
mttarjeta_visa_debitos_automaticos_rank_tend6	0.000684196715121897	0.00176586858973214	0.000555605441566022
mcomisiones_rank	0.000675431128393472	0.00118466260603852	0.00156579715350424
rf_007_016	0.000674244641039978	0.00104944687069918	0.0013469222825843
vm_mconsumospesos_rank_tend6	0.000673073622930878	0.00131178100144884	0.00156579715350424
mtransferencias_emitidas_rank_lag1	0.000671864143842353	0.00145267943806873	0.00144232927760068
Master_mlimitecompra_rank_tend6	0.000670900570863627	0.00112371328542503	0.00176783549589189
ccomisiones_otras_lag1	0.000670430726894688	0.00145060071835057	0.00108876217842231
ccomisiones_otras_delta1	0.000670192890009065	0.00141687746023286	0.00134131010640686
rf_017_026	0.000662832788301008	0.00049257442832271	0.00077448031248597
chomebanking_transacciones_delta2	0.000661340808029916	0.00154791330166192	0.00154896062497194
Master_mfinanciacion_limite_rank_tend6	0.000660559079838626	0.000978989453298466	0.00179589637677906
rf_006_014	0.000653091870847444	0.000835809051893346	0.000179589637677906
Visa_mpagominimo_rank_delta1	0.000652997982853567	0.00116195838701345	0.0013469222825843
Visa_mconsumospesos_rank_delta2	0.000648968338042781	0.000951937303911214	0.00207089300947335
Visa_mpagominimo_rank_lag1	0.000642429629269121	0.000764943168364781	0.00112804741166435
vm_fultimo_cierre_lag1	0.000637742917492042	0.00158110229727316	0.00131324922551969
vm_mconsumototal_rank_delta1	0.000636720465844064	0.00111770333905669	0.00149283886319759
Master_mlimitecompra_rank_delta1	0.000634824073881	0.00113734307412605	0.00192497642886005
mprestamos_personales_rank_lag2	0.00063198934378618	0.00148378345237135	0.000533156736856283
Visa_mconsumosdolares_rank_delta1	0.000629135043456707	0.00062830838725856	0.000920396893099268
ctarjeta_visa_debitos_automaticos_tend6	0.000626317587220692	0.0021870035574437	0.000583666322453194
mpagomiscuentas_rank_lag2	0.000626083350174096	0.00126617375790192	0.00117294482108382
Master_mpagado_rank_tend6	0.000624272878766734	0.00170725676702574	0.0016555919723432
ctarjeta_visa_transacciones_delta2	0.000623482627066968	0.000988895084092509	0.000437749741839896
rf_015_023	0.000623267377231846	0.000713563533952782	0.00180150855295649
Master_fechaalta_lag1	0.000621593481976645	0.00118620626772027	0.00156018497732681
ctransferencias_emitidas_tend6	0.000619024791940634	0.00167676567004407	0.0010550891213577
rf_008_022	0.000614302987374963	0.000966456597727734	0.000667848965114713
mrentabilidad_rank	0.000612924098964733	0.00101575492053372	0.00104386476900283
mtarjeta_visa_consumo_rank_lag1	0.000608113034302806	0.000989442690972079	0.00122906658285817
rf_017_015	0.000605835500657669	0.000691882854006007	0.0012178422305033
Visa_mconsumototal_rank_delta2	0.000605449144185891	0.00074039696393263	0.00171732591029498
vm_Finiciomora	0.000605130743529156	0.00134403524938735	0.000190813990032775
thomebanking_delta1	0.000601815662423944	0.0011483472547725	0.000695909846001886
thomebanking	0.00059792135243409	0.00133828828981791	0.000875499483679792
mcaja_ahorro_dolares_rank_delta1	0.000594674808991021	0.00122503569887651	0.000314281865936335
vmr_Master_mlimitecompra_delta2	0.000593764844262844	0.00131763841136786	0.00135814663493916
mtarjeta_master_consumo_rank_lag2	0.000593585843899835	0.00124799402555993	0.00140304404435864
ccaja_seguridad	0.000591899279851509	0.000766235596560844	6.17339379517802e-05
cliente_antiguedad_lag1	0.000590831810423017	0.00117607509135874	0.00102141606429309
ctarjeta_debito_transacciones_delta2	0.000580407989537024	0.00205356847471975	0.00113927176401922
Visa_Fvencimiento_lag1	0.00057592063931548	0.000877935646679935	0.0012346787590356
mpayroll_sobre_edad_rank_delta2	0.000575372044210918	0.000749438212959741	0.000218874870919948
rf_018_023	0.000575277485167923	0.00117325113972799	0.0013805953396489
rf_012_018	0.000572459736077932	0.000630685918284922	0.00044336191801733
cproductos_delta2	0.000568021604206495	0.0010253023062348	0.000162753109145602
mpagomiscuentas_rank_tend6	0.000567044302657747	0.00212639395377439	0.000617339379517802
Visa_mpagominimo_rank_tend6	0.00056578422715008	0.000728704572906292	0.00104386476900283
Master_mpagominimo_rank_lag2	0.000564789664387084	0.000993214888622181	0.0012346787590356
vm_Fvencimiento_tend6	0.000564637886121365	0.000278710371068477	0.000359179275355812
rf_005_013	0.000563205967545273	0.000686720506289211	0.000235711399452252
vmr_mconsumospesos_tend6	0.000563025272141368	0.00103498015884509	0.00051632020832398
chomebanking_transacciones_lag2	0.000561924946632541	0.000720192094662889	0.0013469222825843
Master_cconsumos_lag2	0.000561678322541196	0.000615317768366315	0.00115610829255152
Visa_mfinanciacion_limite_rank_delta1	0.000558260195778287	0.000949826147101541	0.00131886140169712
cpagomiscuentas_tend6	0.000556650190338127	0.00212516886333792	0.000555605441566022
mplazo_fijo_dolares_rank_delta2	0.000555009938979304	0.00174990853988021	0.00025816010416199
Master_mpagominimo_rank	0.00054629403313206	0.000806441525463627	0.00112804741166435
vm_mpagominimo_rank	0.000545860614027001	0.000712719425368045	0.000853050778970053
cdescubierto_preacordado_lag2	0.000545219891672498	0.00127011761038203	0.000314281865936335
mcuenta_corriente_rank_lag1	0.000539298550940035	0.00118928956210957	0.000600502850985498
rf_014_022	0.000539141916145299	0.000659188113444239	0.00175099896735958
cplazo_fijo_tend6	0.000536732208228473	0.00136744962002113	0.000218874870919948
Master_mfinanciacion_limite_rank_lag2	0.000535285517613633	0.000727581951857804	0.00146477798231042
Master_cconsumos_tend6	0.000533501728575869	0.00114871278794616	0.00152089974408477
Visa_fechaalta_lag1	0.00053140788753657	0.00069291948083483	0.000886723836034661
mtarjeta_visa_consumo_rank_lag2	0.000528252145993006	0.000907255030717505	0.00135253445876173
rf_013_017	0.000523730620585715	0.00029194732195552	0.000336730570646074
mtransferencias_emitidas_rank_delta1	0.000522902942071303	0.00159625922116309	0.000864275131324923
ccomisiones_otras_tend6	0.000522152823739688	0.000741417936785327	0.000555605441566022
Master_Fvencimiento_delta2	0.000520759648318695	0.00054954874247738	0.000695909846001886
Visa_mpagado_rank_lag2	0.000519543007749604	0.00117889352560446	0.000824989898082881
cmobile_app_trx	0.000516119440558297	0.00130507109138739	0.000477034975081938
ctransferencias_recibidas_lag2	0.00051218843679748	0.00215120637844969	0.000970906478696179
mtransferencias_emitidas_rank	0.000511626452009807	0.00147825875360064	0.000606115027162933
Master_Fvencimiento_delta1	0.000509773589235763	0.000347859141727377	0.000477034975081938
Master_mpagospesos_rank	0.000508495394015666	0.00077521045733183	0.0012346787590356
vm_mpagominimo_rank_tend6	0.000508059249096709	0.000623243145518252	0.000796929017195708
vm_mconsumospesos_rank	0.000502739668539496	0.00120974689665328	0.00100457953576079
catm_trx_tend6	0.000500200854563757	0.00255646764980057	0.000796929017195708
mpagomiscuentas_rank	0.00049788770706653	0.000878128857804931	0.00044336191801733
Visa_cconsumos	0.000495927446591414	0.000853778071451787	0.00147039015848786
Master_msaldototal_rank_lag1	0.000494815780592761	0.000388056037516068	0.000853050778970053
ctarjeta_master_descuentos_delta2	0.000483496171610755	0.000829752220583396	0.000729582903066493
Visa_mconsumospesos_rank_lag2	0.000481772903048409	0.000694066327052928	0.001201005701971
cproductos_tend6	0.000479292261792114	0.000926973523250357	0.000145916580613299
vmr_Master_mlimitecompra_lag1	0.000479176819046051	0.000674634789866032	0.00115049611637409
cmobile_app_trx_tend6	0.000477865330628398	0.00146485612718923	0.000729582903066493
vm_fechaalta	0.0004755467194943	0.000881006597524136	0.000998967359583352
rf_002_016	0.000472064638374151	0.00237202039050746	0.000303057513581466
rf_018_016	0.000471151118093722	0.00114121345556739	0.00112804741166435
vm_fechaalta_lag1	0.00046668129780602	0.000741013345658128	0.000931621245454137
Master_mpagospesos_rank_tend6	0.000464688503335511	0.000795555904439628	0.00104386476900283
Visa_mlimitecompra_rank_lag2	0.000462367031394602	0.000828595981979623	0.00101580388811566
cproductos_lag1	0.000461114022748412	0.00100525549079941	0.00019642616621021
mpayroll_sobre_edad_rank_delta1	0.000457324442497135	0.00131426077090288	0.000426525389485027
ctrx_quarter_normalizado_lag1	0.000453035793645309	0.000362067255028331	0.00038162798006555
mcajeros_propios_descuentos_rank_delta2	0.000450973855911607	0.000860040303458307	0.000752031607776231
Visa_cconsumos_delta1	0.000450195973729081	0.000831602725859454	0.00118416917343869
vm_mconsumosdolares_rank_lag2	0.000447583864824224	0.00145095460086003	0.000926009069276703
ccomisiones_otras_lag2	0.000443427553793264	0.000973971096499765	0.00106070129753513
vmr_mpagominimo_delta2	0.000443360522777021	0.000668228310318857	0.000740807255421362
mtarjeta_master_consumo_rank_delta2	0.000441427341152273	0.0011806206724162	0.00100457953576079
mplazo_fijo_dolares_rank_tend6	0.000441018449728825	0.000999796718364216	0.000140304404435864
vm_mlimitecompra_rank_delta1	0.000440977236149323	0.000799545538384336	0.00129641269698738
ccaja_ahorro_lag1	0.000438386631382145	0.000613163139695075	0.000117855699726126
Visa_mconsumosdolares_rank	0.000435923922381351	0.000647641381382634	0.00117294482108382
rf_007_023	0.000432485977134726	0.000356808725176259	0.00104947694518026
mtarjeta_visa_consumo_rank_delta2	0.000431075885806324	0.00102828944415109	0.000808153369550577
rf_019_022	0.000429913211860092	0.000325905569350904	0.00051632020832398
vm_status06	0.000428147353822535	0.000278668336293243	0.000274996632694294
Master_msaldodolares_rank_tend6	0.000428051139891277	0.000878006243546035	0.000965294302518745
Master_status_tend6	0.000425577743867074	0.000305085473157182	0.000420913213307592
mcuenta_debitos_automaticos_rank_tend6	0.000425520976935129	0.00169600702425217	0.000667848965114713
Master_mpagado_rank_delta1	0.000424335961148187	0.00122780232102749	0.00120661787814843
Visa_mconsumosdolares_rank_lag1	0.000424240099093213	0.000758489829538253	0.00126273963992278
Visa_fechaalta_delta2	0.000420628464194089	0.000468844232305039	0.00051632020832398
Visa_mconsumosdolares_rank_tend6	0.000419227476911372	0.00081744249832809	0.00118416917343869
Master_cconsumos_delta2	0.000419087282641796	0.000450702813711172	0.00100457953576079
rf_020_019	0.000418136759852015	0.000973607051736956	0.000415301037130158
rf_001_018	0.000417576619213316	0.000585141598589572	0.000909172540744399
vmr_msaldopesos_delta2	0.000414762122534077	0.000557426567469054	0.000965294302518745
vmr_mconsumospesos_delta1	0.000414170441955076	0.00143409311294358	0.00112243523548691
active_quarter_lag1	0.000413909652912817	0.000775901259599563	0.00077448031248597
Visa_fultimo_cierre_tend6	0.000413839132630916	0.000611879924248895	0.000662236788937278
vmr_msaldopesos2_delta1	0.000413408653530477	0.000714363349483761	0.00125151528756791
ccaja_ahorro_lag2	0.000410248608442492	0.000549761918837499	0.00013469222825843
vmr_mconsumosdolares_lag1	0.000408475639170974	0.000889136990438802	0.000824989898082881
Master_mfinanciacion_limite_rank_delta1	0.000402854759601304	0.000956694290633133	0.00116733264490639
Master_msaldopesos_rank_lag2	0.000402536844231337	0.000773687017507767	0.00112804741166435
mcaja_ahorro_rank_tend6	0.000398682552534926	0.000848957031739034	0.000606115027162933
Visa_mpagosdolares_rank	0.000397607008993588	0.000543411459995048	0.00083621425043775
vmr_Visa_mlimitecompra_lag2	0.000396008758422045	0.000612230932585685	0.000875499483679792
Master_mpagospesos_rank_delta1	0.000391231614624139	0.000678838164740491	0.00115610829255152
Master_mpagado_rank_lag2	0.00038982631841304	0.00116832170264613	0.00108315000224487
rf_012_019	0.00038803033527717	0.000544759985882603	0.000909172540744399
Master_mpagominimo_rank_lag1	0.000387658276267093	0.00067643766599506	0.000954069950163876
rf_014_008	0.00038699293494129	0.000624245153963807	0.000387240156242985
Master_mconsumospesos_rank_tend6	0.000384444009690998	0.000763713381735475	0.000869887307502357
vmr_mconsumosdolares_tend6	0.000384269545128768	0.00153313777021981	0.000796929017195708
cprestamos_personales_lag1	0.000378651345182834	0.000684953685629783	8.9794818838953e-05
mautoservicio_rank_tend6	0.000378194701210762	0.000626168565708999	0.000387240156242985
rf_004_025	0.000376786133877519	0.000561785045018433	0.00125151528756791
mpayroll_rank_delta2	0.000373478479282464	0.000982572828069338	0.000241323575629686
Master_msaldopesos_rank	0.000373182971379927	0.000890512590006377	0.00102702824047052
Master_mpagospesos_rank_lag2	0.000372861891195821	0.000666159906827585	0.00100457953576079
vmr_msaldopesos_tend6	0.000372087935521252	0.000739806937343986	0.00077448031248597
mtransferencias_emitidas_rank_delta2	0.000370795074142689	0.00076512680746831	0.000432137565662461
vm_status01	0.00036997072297086	0.000862281336945307	0.000594890674808064
vm_mlimitecompra_rank_lag2	0.000368776625004787	0.000517288438246473	0.000875499483679792
vmr_msaldototal_lag1	0.000365055727637456	0.000491902308177304	0.000622951555695236
rf_019_023	0.000364678033254542	0.00129525984637071	0.00051632020832398
Master_msaldopesos_rank_delta2	0.000363336745320013	0.000570438870967571	0.000723970726889059
vmr_msaldopesos_lag2	0.000362757273213352	0.000543159405317175	0.000673461141292148
matm_other_rank_delta2	0.000361400600381262	0.000981703288188962	0.000791316841018273
ctrx_quarter_normalizado_delta2	0.000361239318827829	0.000524241010600118	0.000606115027162933
rf_018_015	0.000360755462689963	0.00043388138457625	0.000392852332420419
rf_004_022	0.000356912089170812	0.000724574361123527	0.000875499483679792
Master_mpagominimo_rank_delta2	0.000355881981581189	0.000695784748697647	0.000858662955147488
mpagomiscuentas_rank_delta1	0.000354576474641367	0.000969034987231363	0.000499483679791676
vm_msaldopesos_rank_delta2	0.000353477998434502	0.00060718249962302	0.000712746374534189
vmr_msaldopesos2_lag1	0.00035094064457621	0.000584631124994352	0.000847438602792619
vmr_mpagominimo_lag1	0.000350060647647967	0.00051909157099806	0.000712746374534189
rf_020_023	0.000347731728348304	0.000910449417012793	0.000707134198356755
ccallcenter_transacciones_delta2	0.000347185760576942	0.000549486614155742	0.000274996632694294
vm_mconsumosdolares_rank_lag1	0.000343600748645712	0.00137932408475338	0.0007632559601311
Visa_msaldototal_rank_lag1	0.000342268633508799	0.000519483613282103	0.000791316841018273
mpayroll_rank_tend6	0.000337570731075785	0.000712287683574058	0.000207650518565079
mttarjeta_visa_debitos_automaticos_rank_lag2	0.000336960751086619	0.000602502602317953	0.000426525389485027
mautoservicio_rank	0.000336032007260427	0.000870525182693497	0.000572441970098325
Master_fechaalta_delta1	0.000335405250264891	0.000477221778406693	0.000594890674808064
mcaja_ahorro_dolares_rank_tend6	0.000334628037314854	0.00059740836222843	0.000303057513581466
vmr_Master_mlimitecompra	0.000333973592312987	0.000634612628378058	0.000718358550711624
cmobile_app_trx_lag2	0.00033014348026414	0.000855067522826161	0.000549993265388587
rf_011_025	0.00032864860872841	0.000799450434063811	0.000723970726889059
Master_msaldodolares_rank_delta2	0.000328527336836026	0.000423163107123257	0.000802541193373143
vm_status05_delta1	0.000327998671208461	0.000469367588352743	0.000151528756790733
vm_mfinanciacion_limite_rank_lag2	0.00032670700187136	0.000519539685311339	0.000679073317469582
vm_mpagado_rank_lag2	0.000326181953076393	0.000574952425529614	0.000460198446549634
rf_014_021	0.000322991554931649	0.000494616194392313	0.00103264041664796
mcaja_ahorro_rank	0.0003223170682994	0.00103386449226796	0.000460198446549634
ctarjeta_master_transacciones_tend6	0.000321885471220164	0.00141620947171066	0.00051632020832398
Master_fultimo_cierre_lag2	0.000320972237779873	0.000397377236093262	0.000813765545728012
Visa_mpagado_rank_tend6	0.000320221754502971	0.000661847185080553	0.000651012436582409
vm_fechaalta_delta2	0.000319879130784258	0.000478204899431874	0.000555605441566022
Visa_Fvencimiento_tend6	0.000319541950146864	0.000543898888884432	0.000460198446549634
Visa_fultimo_cierre_lag2	0.000319530164812618	0.000695875259474358	0.000690297669824451
ctarjeta_visa_debitos_automaticos_lag2	0.000318399762205624	0.000708299461053426	0.000499483679791676
mtarjeta_master_descuentos_rank_delta2	0.000318283739125632	0.000559948320373816	0.000735195079243928
vm_cconsumos	0.000316647466872385	0.000999775700976598	0.000359179275355812
vm_mfinanciacion_limite_rank_delta2	0.00031483084904976	0.00106764859559452	0.000752031607776231
matm_rank_delta1	0.000314685102971231	0.00145685622684603	0.000656624612759844
rf_011_016	0.00031167788517087	0.000694795391744272	0.000521932384501414
vm_cconsumos_tend6	0.000309644715852959	0.000816887500718808	0.000432137565662461
Visa_mpagosdolares_rank_tend6	0.000307836271514518	0.000749684621941307	0.000903560364566964
mcaja_ahorro_rank_lag2	0.000303888302980915	0.00100690644637326	0.000611727203340367
ctarjeta_debito_tend6	0.000303232045364378	0.00234143534400678	0.000308669689758901
rf_005_019	0.000301946390854167	0.000833852510175731	0.000858662955147488
rf_002_021	0.000298146519364616	0.000496283111889354	0.000662236788937278
catm_trx_lag2	0.000297482269168006	0.000710374998651849	0.000505095855969111
vm_mfinanciacion_limite_rank	0.000294482946781104	0.000620835769288228	0.000662236788937278
matm_other_rank_tend6	0.000294388140847819	0.00158473673993335	0.000426525389485027
Master_mconsumosdolares_rank_lag1	0.000294054740790647	0.000394466315077123	0.00089794818838953
cextraccion_autoservicio_lag2	0.000293245763321701	0.000820971700076667	0.000600502850985498
vm_mpagominimo_rank_delta1	0.000292902612274767	0.000568448814343694	0.000673461141292148
catm_trx_delta2	0.000292508953734216	0.0012949961666909	0.000561217617743456
vm_mlimitecompra_rank_lag1	0.000291555047335603	0.000401916555560272	0.000634175908050106
rf_004_021	0.000290891860886008	0.000298347154978406	0.000269384456516859
vm_status03_tend6	0.000290233074773765	0.000310648229053459	6.17339379517802e-05
Visa_msaldodolares_rank	0.000288346950344535	0.000464005998880804	0.000336730570646074
rf_010_021	0.000285399146943483	0.000540004949492135	0.00038162798006555
mplazo_fijo_dolares_rank	0.000281852128325993	0.000891831014067711	7.85704664840839e-05
mextraccion_autoservicio_rank_lag1	0.000277965859258836	0.000312912153272761	0.000269384456516859
ctarjeta_visa_debitos_automaticos_delta2	0.000277750967394695	0.000917019929699956	0.000521932384501414
mttarjeta_visa_debitos_automaticos_rank_lag1	0.000277498352006372	0.000465769047188608	0.000617339379517802
Master_msaldopesos_rank_tend6	0.000276628021552132	0.000339134564938604	0.000600502850985498
vm_msaldopesos_rank_lag2	0.00027580021654564	0.00035878882484483	0.000420913213307592
mforex_sell_rank_tend6	0.000274439687022364	0.00208981828458409	0.000409688860952723
ccajas_transacciones	0.000273426697269737	0.0006285611604796	0.000460198446549634
ctransferencias_recibidas_tend6	0.000271503862078309	0.000649047519034781	0.00044336191801733
ctarjeta_debito_transacciones_tend6	0.000271434757746834	0.00153854021400321	0.000477034975081938
mprestamos_prendarios_rank_lag1	0.000266553813110308	0.00170703594331335	0.000173977461500471
rf_013_018	0.00026646432739819	0.000393655002855481	0.000173977461500471
rf_008_016	0.000266130547535476	0.000766577725757077	0.000432137565662461
ccajas_extracciones_tend6	0.000265513186577008	0.00244794684524575	0.000359179275355812
vmr_mpagado_lag2	0.000264501073932795	0.000774935563246167	0.000544381089211153
mcuenta_corriente_rank_delta1	0.000263819681696586	0.000971072339392943	0.000398464508597854
rf_017_016	0.000263093597907596	0.000462622700636446	0.000207650518565079
rf_009_021	0.000261540379462613	0.00039711909946073	0.000673461141292148
vmr_mconsumospesos_delta2	0.00026129811827064	0.000585890243582201	0.000718358550711624
Master_Finiciomora	0.000261130592934926	0.00119976448438946	0.000140304404435864
thomebanking_tend6	0.000260174135510511	0.00191327135608112	0.000314281865936335
rf_010_017	0.000259907672551983	0.000213052950330639	0.00025816010416199
ctransferencias_recibidas_delta2	0.000259255524697	0.000994053993067009	0.000376015803888116
Master_mconsumototal_rank_delta1	0.000257901133584963	0.00037832919565918	0.000645400260404975
vm_cconsumos_lag1	0.000255778253807134	0.000562538232230363	0.00044336191801733
Visa_mpagosdolares_rank_delta1	0.000255014558805588	0.000551241373554876	0.000948457773986441
rf_003_025	0.00025279533432159	0.000424760043648341	0.00057805414627576
mcaja_ahorro_dolares_rank	0.000251090632218541	0.00108698328342748	0.000404076684775288
mcomisiones_mantenimiento_rank_delta2	0.000250171640040127	0.00106978210422912	0.0004545862703722
mcomisiones_mantenimiento_rank	0.000249590688219938	0.00129922504984776	0.000465810622727069
mextraccion_autoservicio_rank_tend6	0.000249024596681866	0.000765641669309296	0.000392852332420419
rf_020_024	0.000248568313225213	0.000516163558919462	0.000370403627710681
numero_de_cliente	0.000246226489973525	0.00179377662667961	0.000308669689758901
vmr_mpagospesos	0.000245194670257812	0.000275196156077371	0.000398464508597854
cliente_antiguedad	0.000244593379455535	0.00055091400015581	0.000482647151259372
mtarjeta_visa_descuentos_rank_delta1	0.000244319893887141	0.000460968178009025	0.000488259327436807
ccajas_otras_tend6	0.000240838420094758	0.00114090227505182	0.000140304404435864
vm_mpagominimo_rank_delta2	0.000240620582177873	0.000549018868216667	0.000482647151259372
vmr_msaldopesos_delta1	0.000240090027900383	0.000408251976320741	0.000448974094194765
vmr_msaldopesos2	0.000239971168415089	0.000322463593610277	0.000505095855969111
rf_017_023	0.000239925374245484	0.000678505273956396	0.000544381089211153
cpagomiscuentas_lag1	0.000239799146802075	0.000188280712748141	3.36730570646074e-05
mpagomiscuentas_rank_lag1	0.000235593518523328	0.000645857674958796	0.000331118394468639
vmr_msaldodolares2_tend6	0.000235297406366766	0.00109524049921102	0.00044336191801733
cdescubierto_preacordado_delta1	0.000234783070014771	0.000655279469579287	6.17339379517802e-05
Master_mpagospesos_rank_delta2	0.000233428047699675	0.000657022552651967	0.000505095855969111
rf_011_015	0.000231768267096816	0.000356696812078091	0.000499483679791676
Master_msaldodolares_rank_lag1	0.000231757704819051	0.000216442780367189	0.000404076684775288
rf_016_027	0.00023155284032367	0.000422324746883851	0.000538768913033718
mtransferencias_recibidas_rank_delta1	0.000230777116085792	0.000493265589862026	0.000566829793920891
Visa_mpagado_rank_delta1	0.000227382311771896	0.000560504164837544	0.000409688860952723
Master_mconsumospesos_rank_delta2	0.000223819900570028	0.00067286186158969	0.000611727203340367
ctarjeta_visa_transacciones_lag1	0.000222852761091222	0.000366185302901779	0.000347954923000943
Master_mpagosdolares_rank_lag1	0.000221890061624828	0.000354719175986091	0.000869887307502357
mautoservicio_rank_delta1	0.000219828909417466	0.000401134934568757	0.000308669689758901
ccajas_transacciones_tend6	0.000219355221308781	0.00114712147145513	0.00025816010416199
ctarjeta_master_transacciones_delta2	0.000217906782687264	0.000970086626479912	0.000437749741839896
ctarjeta_debito_transacciones_delta1	0.00021495589677664	0.00197879333143209	0.000314281865936335
cproductos	0.000214751862015197	0.000321016139726062	3.92852332420419e-05
vmr_mpagospesos_lag2	0.00021468013812765	0.000411847155729348	0.000634175908050106
ccajeros_propios_descuentos_lag2	0.000213511566241003	0.000661965128808868	0.000376015803888116
rf_012_015	0.000213252460496915	0.00106532143957657	0.00031989404211377
ctrx_quarter	0.000212267745029907	0.000264806894407824	0.000252547927984555
matm_rank_delta2	0.000211490931173419	0.000397958024269767	0.000482647151259372
mttarjeta_visa_debitos_automaticos_rank_delta2	0.00021060249072164	0.000559508931227558	0.000398464508597854
cextraccion_autoservicio_tend6	0.000210378697668685	0.000842859474428902	0.000291833161226597
rf_002_020	0.000208562218902989	0.00104926754285465	0.00013469222825843
vm_status04	0.000208108423019403	0.0003277732940007	0.000263772280339424
vm_msaldototal_rank_delta1	0.000206836065361013	0.000408691776063094	0.000505095855969111
vmr_mconsumosdolares_delta2	0.000206580701504584	0.000754271288270532	0.000404076684775288
Master_mpagominimo_rank_tend6	0.000205427767647885	0.00052511778723667	0.000521932384501414
mttarjeta_master_debitos_automaticos_rank_tend6	0.000202257172055645	0.00117636309885719	0.000274996632694294
ccajas_depositos_delta2	0.000202132751953851	0.000887035020716758	0.000370403627710681
rf_005_008	0.000201862338381377	0.00064958393717076	0.000336730570646074
vm_mconsumospesos_rank_delta1	0.000201787651650037	0.000385193592501405	0.000387240156242985
vm_fultimo_cierre_lag2	0.000200158343088989	0.000334255246242604	0.000477034975081938
cpagomiscuentas_delta2	0.000199765087940782	0.00101871033990167	0.000157140932968168
matm_other_rank	0.000199343053479024	0.000578884088438147	0.000241323575629686
vmr_mpagado	0.000199222656739034	0.00122522785784902	0.000342342746823508
mttarjeta_visa_debitos_automaticos_rank	0.000198875752934788	0.000522073319840602	0.000488259327436807
mv_status07_rank	0.000197666193302546	0.000737941624946249	0.0004545862703722
vm_mpagospesos_rank_delta1	0.000194614003981286	0.000757317962620611	0.000488259327436807
cforex_tend6	0.000194070644391837	0.00149003919182712	0.00031989404211377
rf_004_009	0.000191990033143091	0.000746840448452875	0.000342342746823508
vm_mpagado_rank_delta2	0.000189564717353902	0.000960602267279431	0.000291833161226597
rf_017_021	0.000188734922610037	0.000450868694533588	0.000477034975081938
vmr_mconsumospesos_lag1	0.000186618148552168	0.000267952650728099	0.000420913213307592
ctrx_quarter_lag1	0.000185001940235005	0.000438205423378154	0.00044336191801733
active_quarter	0.000183343982413705	0.000244910177507447	0.000263772280339424
rf_008_021	0.000183291347371429	0.000302324522364774	0.00025816010416199
mcaja_ahorro_dolares_rank_lag1	0.000182389908440897	0.0007795293893448	0.000331118394468639
vm_fultimo_cierre_delta2	0.000179728607520816	0.000255155396934386	0.000331118394468639
rf_020_015	0.000179449369101502	0.000522707074913374	0.000482647151259372
Visa_fultimo_cierre	0.000179227262008486	0.000332744252612673	0.000465810622727069
mplazo_fijo_dolares_rank_delta1	0.000178913336882376	0.000797835328661519	8.9794818838953e-05
mprestamos_prendarios_rank_lag2	0.000177642550959029	0.00112144915590768	0.00013469222825843
vm_msaldototal_rank_lag1	0.000177007152906355	0.000237674499146238	0.000448974094194765
rf_002_023	0.000176902713051457	0.000177016419475446	0.00031989404211377
mforex_sell_rank_lag2	0.000176875956497096	0.000918108137663224	0.000359179275355812
vm_mconsumospesos_rank_lag1	0.000175072551802702	0.000334277187471435	0.000477034975081938
vm_mconsumospesos_rank_lag2	0.000172658710762431	0.000391544923860558	0.000353567099178377
rf_004_016	0.000172010736141958	0.00021306224006729	0.000224487047097383
mtransferencias_recibidas_rank_tend6	0.0001715988020256	0.000468476132905791	0.00044336191801733
ctarjeta_debito_lag2	0.000171475426752956	0.000857917495984436	0.000218874870919948
tcallcenter_tend6	0.000167765631641608	0.000861490503203908	0.000202038342387644
mttarjeta_master_debitos_automaticos_rank_lag2	0.000167445507031431	0.000691598541872414	0.000336730570646074
ctarjeta_visa_transacciones_delta1	0.000166881210100889	0.000629973893331524	0.000112243523548691
vmr_mpagado_tend6	0.000165830414107829	0.00034072244268734	0.000274996632694294
ccomisiones_mantenimiento_lag2	0.000165824684850414	0.000716732257992126	0.000140304404435864
vm_mpagospesos_rank_lag2	0.000159100607804181	0.000291928922118009	0.0004545862703722
rf_003_017	0.000156168577734779	0.000542045920031803	0.000415301037130158
ccajas_depositos_tend6	0.000155330259531368	0.00131294537498775	0.000162753109145602
minversion2_rank	0.000154468847932228	0.00116091126432195	0.000106631347371257
vmr_mpagospesos_delta1	0.000154377700915202	0.000757711262355195	0.000370403627710681
rf_019_020	0.000154116875419909	0.000369882335804224	0.000291833161226597
vm_mconsumosdolares_rank_tend6	0.00015266186861271	0.000591957211483249	0.000291833161226597
vm_status01_tend6	0.0001513063975106	0.000293637694754493	0.000280608808871728
mv_status07_rank_lag2	0.000150330955080939	0.000545695067164658	0.000342342746823508
ccallcenter_transacciones_delta1	0.000149911783765092	0.00054486671520507	7.29582903066493e-05
tcuentas_lag1	0.000149283144831763	0.000986413492618297	0.000101019171193822
vmr_Visa_mlimitecompra_tend6	0.000147533485497908	0.000443803593187633	0.000303057513581466
mv_status07_rank_delta2	0.000147187373992263	0.00070113922972469	0.000331118394468639
rf_010_016	0.00014661417214101	0.0004089452678273	0.000314281865936335
Master_msaldodolares_rank_delta1	0.000146154307394172	0.000207545470933663	0.000353567099178377
vm_mpagado_rank_delta1	0.000145379147191509	0.001231891498863	0.00025816010416199
Visa_msaldodolares_rank_tend6	0.000145134288684041	0.000768354272411508	0.000353567099178377
Visa_Fvencimiento_delta1	0.000143986909767761	0.000364146334018074	0.000263772280339424
mpayroll_rank_lag2	0.000140718351862212	0.000432464622750143	0.000252547927984555
mtarjeta_visa_descuentos_rank	0.000140497485087892	0.000557379220606839	0.000297445337404032
vm_mpagado_rank_tend6	0.000140212418382233	0.000596577675003551	0.000280608808871728
cseguro_vida_lag2	0.000139892145412833	0.00135010103682462	0.000230099223274817
mautoservicio_rank_lag1	0.000136820425756197	0.000550984930631237	0.000246935751807121
minversion2_rank_lag1	0.000136076429265198	0.000673498644808662	8.41826426615184e-05
vmr_msaldodolares2_delta2	0.000135930097865411	0.00123366068044997	0.00025816010416199
rf_018_018	0.000134789092314338	0.000611009460527305	0.00025816010416199
rf_001_016	0.000134070166728833	0.000451745650805932	0.000291833161226597
rf_010_015	0.000132562461454161	0.000230198801705193	0.000274996632694294
rf_004_015	0.000130910206008383	0.00038022668852587	0.000230099223274817
vmr_mpagado_delta1	0.000130463381000824	0.000617775776227315	0.000218874870919948
mtarjeta_visa_descuentos_rank_lag1	0.00013004193155525	0.000394982203408347	0.00025816010416199
matm_rank_tend6	0.000129634716691832	0.000462560674963831	0.000269384456516859
vm_msaldototal_rank_tend6	0.000129243728212449	0.000265396510400373	0.000387240156242985
vm_mconsumosdolares_rank_delta1	0.000129086022415798	0.000639271687931298	0.00025816010416199
ctarjeta_visa_descuentos_delta2	0.000128397835528623	0.000171546432634403	0.000190813990032775
Visa_msaldodolares_rank_lag1	0.000127133494502041	0.000416219439572424	0.000246935751807121
internet_delta1	0.000126993263362278	0.00161707592993903	0.000179589637677906
vm_mpagado_rank_lag1	0.000125869974302264	0.00051807719334514	0.000269384456516859
rf_017_018	0.000123995766873273	0.000402351736096556	0.00012346787590356
rf_005_022	0.000123754701306592	0.000298820674925068	0.000117855699726126
mcuenta_debitos_automaticos_rank_delta1	0.000123669091596248	0.000262635225998638	0.000162753109145602
rf_016_022	0.000122873124222516	0.000450308307850558	0.00019642616621021
ctarjeta_debito_delta2	0.00011958322656861	0.000843792785015297	0.000101019171193822
cforex_sell_tend6	0.000117939670366724	0.000996235669756013	0.000185201813855341
mextraccion_autoservicio_rank_delta1	0.000117208955395625	0.00029977633733639	0.000168365285323037
rf_014_017	0.000116377450754725	0.000271697672049158	0.000235711399452252
Visa_mpagado_rank	0.000116116378166709	0.000453379669290854	0.000241323575629686
mttarjeta_master_debitos_automaticos_rank_delta2	0.000114546640599786	0.000663983721861353	0.000202038342387644
rf_015_015	0.00011423858416742	0.000260169673434391	0.000145916580613299
active_quarter_tend6	0.000113806863472199	0.000732249941876113	0.00013469222825843
Visa_mpagado_rank_lag1	0.000113131703116493	0.000274356615374192	0.000280608808871728
ctarjeta_visa_descuentos_lag1	0.000112917855342426	0.000463605308416508	0.000263772280339424
ctransferencias_emitidas_delta2	0.000111218575324436	0.000761482895435667	0.000162753109145602
vm_mconsumosdolares_rank	0.000109939242260714	0.000190767590647077	0.000241323575629686
ctransferencias_emitidas_lag1	0.000108898365759419	0.000636937372143945	0.000145916580613299
rf_017_017	0.000108820966888035	0.000519199326810765	0.000129080052080995
cplazo_fijo_lag1	0.000108654333661239	0.000536582425741513	6.73461141292148e-05
rf_013_026	0.000107554067547387	0.000894468016163913	0.000263772280339424
rf_001_023	0.000107229903935001	0.000378242893492444	0.000106631347371257
rf_020_012	0.00010601492528967	0.000360455665355103	5.61217617743456e-05
mtarjeta_visa_descuentos_rank_delta2	0.000105704314212244	0.000236717399648584	0.000314281865936335
vmr_msaldodolares2_lag1	0.000105622362965282	0.000419735142974375	0.000241323575629686
vm_msaldodolares_rank_lag2	0.000105303147708714	0.00072380685437278	0.000235711399452252
matm_rank	0.000104792559032376	0.000440701411377949	0.000230099223274817
rf_003_026	0.00010384740230574	0.000182950071956869	0.000179589637677906
rf_008_017	0.00010322538661801	0.000251955647227606	0.000263772280339424
cpayroll_trx_delta2	0.000102574032605449	0.000383733179177938	4.48974094194765e-05
mttarjeta_master_debitos_automaticos_rank_lag1	0.00010256730242229	0.000528110134590917	0.00019642616621021
Visa_Fvencimiento_delta2	0.000102520866844087	0.000289819946600092	0.000162753109145602
vm_Fvencimiento_delta1	0.00010225969241648	0.000267043565311314	0.000173977461500471
vmr_mconsumosdolares_lag2	0.00010193247384148	0.00022684466786666	0.000280608808871728
rf_012_020	0.000101908969308355	0.000323789177441019	0.000190813990032775
cextraccion_autoservicio_delta2	0.000100846367019603	0.000318487765959266	0.000207650518565079
vm_cconsumos_delta2	0.000100303558659073	0.000302405794729346	0.000129080052080995
cproductos_lag2	9.99751907050645e-05	0.000194298383455523	7.29582903066493e-05
mcheques_emitidos_rank_tend6	9.89895518317454e-05	0.00175553129413088	0.000190813990032775
rf_018_008	9.85173123256024e-05	0.000349265279379524	0.00013469222825843
ctransferencias_emitidas_delta1	9.8278257115795e-05	0.00093166229969598	0.000145916580613299
ccheques_emitidos_tend6	9.67039893023489e-05	0.000734490975363114	0.000112243523548691
catm_trx_other_tend6	9.6035952883965e-05	0.000374247126268565	0.000162753109145602
mv_status07_rank_tend6	9.56033131706086e-05	0.000450437081050881	0.000162753109145602
ccuenta_debitos_automaticos_tend6	9.22531339997487e-05	0.000472276841322246	7.29582903066493e-05
vm_mconsumosdolares_rank_delta2	9.20218525273828e-05	0.000352156697081147	0.000173977461500471
mtarjeta_master_consumo_rank	9.04782032906398e-05	0.000345414657875259	0.000157140932968168
Master_mpagado_rank_lag1	8.75222940093371e-05	0.000213651240165697	0.000230099223274817
mcaja_ahorro_adicional_rank_tend6	8.74713053856634e-05	0.0012893949174107	0.000157140932968168
vmr_mconsumosdolares	8.48722626678716e-05	0.000171234405264391	0.000162753109145602
mplazo_fijo_dolares_rank_lag2	8.31869376193891e-05	0.00103754171390882	0.000151528756790733
mtarjeta_master_consumo_rank_tend6	8.21186996258717e-05	0.000395845225075714	0.00012346787590356
cseguro_accidentes_personales_lag1	8.18789379723382e-05	0.000529998953615098	0.000106631347371257
vmr_msaldodolares_tend6	8.06615806192216e-05	0.000386440341881889	0.000106631347371257
mttarjeta_master_debitos_automaticos_rank	8.01751796094914e-05	0.000732249762240322	0.000168365285323037
rf_013_022	8.00717246154864e-05	0.000699303942166406	0.000101019171193822
ccajas_consultas_lag2	7.96678491430844e-05	0.000433947336574024	0.000241323575629686
minversion2_rank_lag2	7.83348232776814e-05	0.000557751195006734	0.000101019171193822
rf_014_019	7.7329049550103e-05	0.000262548641547086	0.00013469222825843
cseguro_vivienda_tend6	7.71016194402392e-05	0.000653890884910205	8.41826426615184e-05
vm_cconsumos_lag2	7.68984190796414e-05	0.000235735356438153	0.000185201813855341
vm_status05_delta2	7.68083942314937e-05	0.000202427339283856	0.000106631347371257
ctarjeta_master_transacciones_delta1	7.61950996749925e-05	0.00115127262363874	0.00012346787590356
cprestamos_personales_delta2	7.61670572551991e-05	0.000653815540526756	8.41826426615184e-05
vmr_mpagado_lag1	7.59269719002626e-05	0.000260377768667834	0.000179589637677906
vm_mpagosdolares_rank_lag2	7.57506611072156e-05	0.000217069273021528	0.000145916580613299
vm_cconsumos_delta1	7.5359194355443e-05	0.00019717617449924	5.05095855969111e-05
mcaja_ahorro_adicional_rank	7.33078678997913e-05	0.00119743024558887	0.000101019171193822
vm_status01_lag2	7.3071626444446e-05	0.000858633011004642	0.000190813990032775
vmr_msaldodolares2_lag2	7.18382792461059e-05	0.000604480725992817	0.000140304404435864
rf_008_019	7.14493717985378e-05	0.000288526543238303	0.00012346787590356
mforex_buy_rank_tend6	7.14140352208208e-05	0.00128628005844658	0.00013469222825843
ctarjeta_master_transacciones_lag1	7.09818806756976e-05	0.000332230930507043	0.000106631347371257
mv_status07_rank_lag1	6.91573575658342e-05	0.000366526508256798	0.000168365285323037
ccajas_consultas_delta2	6.90203831884253e-05	0.000204144298179986	6.73461141292148e-05
vmr_mpagado_delta2	6.87614779757223e-05	0.000313287746050745	0.000117855699726126
vmr_mconsumosdolares_delta1	6.74818540090173e-05	0.000299882630400507	0.00012346787590356
mplazo_fijo_dolares_rank_lag1	6.69779107030293e-05	0.000609887096101377	8.9794818838953e-05
rf_012_014	6.63065745565729e-05	0.00035307035037949	0.00013469222825843
cliente_edad_tend6	6.62463111794217e-05	0.000722660162128218	0.000129080052080995
cpayroll_trx_delta1	6.55855247511747e-05	0.0005602679950961	6.17339379517802e-05
vmr_msaldodolares_delta2	6.51105929670367e-05	0.00045993922419473	0.000101019171193822
vmr_Visa_mlimitecompra_delta2	6.47605316222447e-05	0.00029335653907838	0.000129080052080995
ccajas_otras_delta2	6.43856067189428e-05	0.000240818536095365	7.29582903066493e-05
cliente_edad_delta2	6.21117459132233e-05	0.000518820577575301	0.00013469222825843
catm_trx_other_lag2	6.18411894521632e-05	0.000165063453902261	0.000140304404435864
vm_mpagado_rank	6.13228583617138e-05	0.00014405833284319	7.29582903066493e-05
ccallcenter_transacciones_lag2	6.12011492685796e-05	0.000166849906187485	9.54069950163876e-05
rf_009_020	5.88308280716367e-05	0.000279587378665333	0.000117855699726126
ctarjeta_visa_descuentos_lag2	5.76974495175348e-05	0.000133081405512545	0.00013469222825843
mpayroll_rank_lag1	5.647216333354e-05	0.000326167965917922	0.000162753109145602
ccomisiones_mantenimiento_delta1	5.54685453541123e-05	0.000494731392259241	5.61217617743456e-05
mtarjeta_master_consumo_rank_delta1	5.44246658798838e-05	0.000598768230833111	0.000112243523548691
mtarjeta_master_descuentos_rank_tend6	5.31600005820893e-05	0.000476714871865049	6.17339379517802e-05
ccomisiones_mantenimiento	5.28622600827501e-05	0.000343417338832951	2.80608808871728e-05
rf_016_017	5.02069761730626e-05	0.000172153755583553	8.9794818838953e-05
matm_other_rank_lag1	5.01139064460253e-05	0.000170912395276816	0.000101019171193822
cpagomiscuentas	4.85643626726683e-05	0.000585493479443064	5.05095855969111e-05
vm_msaldodolares_rank_tend6	4.53839130951806e-05	0.000509771450235615	7.85704664840839e-05
vmr_mpagosdolares_delta1	4.35658729628496e-05	0.000803804831314495	0.000117855699726126
mforex_sell_rank_delta2	4.212113815046e-05	0.000211838355756851	6.73461141292148e-05
rf_016_023	4.14491286936444e-05	0.000598529931124423	0.000106631347371257
catm_trx_other_delta2	4.09660476292115e-05	0.000146126787658973	0.000106631347371257
ctransferencias_recibidas_lag1	4.0471753050198e-05	0.000267298288863806	5.05095855969111e-05
vmr_mpagosdolares_tend6	4.00264462594989e-05	0.000564364563661323	8.9794818838953e-05
rf_011_023	3.9509461443531e-05	0.000269319679102189	8.9794818838953e-05
vmr_msaldodolares_delta1	3.90146569855066e-05	0.000428810676775426	7.29582903066493e-05
cseguro_accidentes_personales	3.79986663825289e-05	0.000711115483047088	0.000112243523548691
cseguro_vivienda_delta2	3.76500107520636e-05	0.000254132602061517	3.36730570646074e-05
rf_020_020	3.70496066860346e-05	0.000240839168549143	8.9794818838953e-05
ctransferencias_emitidas_lag2	3.66273796083564e-05	0.000452985471377312	7.29582903066493e-05
minversion2_rank_tend6	3.62034398829762e-05	0.000810740286943426	8.41826426615184e-05
ccajeros_propios_descuentos_lag1	3.54261137877973e-05	0.000129483069646457	7.29582903066493e-05
cforex_buy_tend6	3.54257132481444e-05	0.000620998801600234	6.17339379517802e-05
mcajeros_propios_descuentos_rank_lag2	3.47491657469487e-05	0.000192627000725947	0.000101019171193822
ccallcenter_transacciones_lag1	3.47486361474877e-05	0.000501730567269679	7.29582903066493e-05
mforex_sell_rank_delta1	3.40300344327404e-05	0.000612696420246238	0.000101019171193822
rf_005_016	3.39918542564451e-05	0.000419831915341537	8.9794818838953e-05
ctarjeta_visa_descuentos_tend6	3.38032814117343e-05	0.000569101636472631	6.73461141292148e-05
ctarjeta_master_descuentos	3.35989066468223e-05	0.000129487124282896	0.000101019171193822
mforex_sell_rank	3.32474190080121e-05	0.000100964835577175	2.24487047097383e-05
cpagomiscuentas_delta1	3.28492922650871e-05	0.00026895904741942	4.48974094194765e-05
cplazo_fijo	3.21300424098986e-05	0.000208973344516594	1.68365285323037e-05
mttarjeta_master_debitos_automaticos_rank_delta1	3.20526320411909e-05	0.000299778082369794	6.17339379517802e-05
rf_006_023	3.18521831952072e-05	0.000223428559680024	6.73461141292148e-05
ccheques_depositados_delta1	3.17459159822255e-05	0.000361493010727092	3.36730570646074e-05
mcajeros_propios_descuentos_rank_tend6	3.15257132818307e-05	0.000334528241321326	5.05095855969111e-05
vm_mpagosdolares_rank_tend6	3.12979174554675e-05	0.000175414453148197	4.48974094194765e-05
ccajas_otras_lag2	3.03142161238953e-05	0.000329006519372302	7.85704664840839e-05
rf_003_019	2.92219259855928e-05	0.000360461952607809	6.73461141292148e-05
cextraccion_autoservicio_lag1	2.84679933684031e-05	0.000273375701303022	5.61217617743456e-05
ccomisiones_mantenimiento_delta2	2.84536288119221e-05	0.000315735873943206	3.92852332420419e-05
ccuenta_debitos_automaticos_delta1	2.73331393332372e-05	0.000211549450079443	3.36730570646074e-05
cextraccion_autoservicio_delta1	2.6778737928844e-05	0.000424979815208238	6.17339379517802e-05
cseguro_accidentes_personales_lag2	2.43391671144676e-05	0.000152272769646069	3.92852332420419e-05
mv_status07_rank_delta1	2.19674143408063e-05	0.000203946904107271	6.17339379517802e-05
ctarjeta_master_debitos_automaticos_tend6	2.17896075521583e-05	0.000563930537926557	5.61217617743456e-05
ctransferencias_recibidas_delta1	2.14861699201686e-05	0.000524139003132744	4.48974094194765e-05
catm_trx_delta1	2.13380377271603e-05	0.000212087305301755	5.05095855969111e-05
cextraccion_autoservicio	2.12993461438955e-05	0.000286500764754153	3.92852332420419e-05
ccomisiones_mantenimiento_lag1	1.97850614965642e-05	9.02380382552087e-05	3.36730570646074e-05
ctarjeta_debito	1.96105181112208e-05	0.000463107768598283	4.48974094194765e-05
rf_006_020	1.95155783849781e-05	0.000361378095144979	3.92852332420419e-05
ctarjeta_visa_debitos_automaticos_lag1	1.9246210765982e-05	0.000221190862286296	3.36730570646074e-05
rf_009_027	1.71541166905546e-05	0.000117855219193816	3.92852332420419e-05
ccuenta_debitos_automaticos_lag2	1.69455259933158e-05	5.2385646169481e-05	2.24487047097383e-05
cpagomiscuentas_lag2	1.67466549790373e-05	5.98990927890185e-05	3.36730570646074e-05
rf_007_022	1.56915646547471e-05	0.000167403672008482	5.05095855969111e-05
cplazo_fijo_lag2	1.4606793698252e-05	0.000239428180730623	2.80608808871728e-05
cseguro_vida_tend6	1.4197247309355e-05	0.000175926774425845	4.48974094194765e-05
ccheques_emitidos_delta1	1.3288782144289e-05	0.000365763928659193	3.36730570646074e-05
cliente_edad_delta1	1.31597664437562e-05	2.60689000507912e-05	1.68365285323037e-05
mpagodeservicios_rank_lag2	1.1913812872436e-05	0.000130054722059846	1.68365285323037e-05
cprestamos_prendarios	1.17143110446155e-05	6.39545247579652e-05	5.61217617743456e-06
cseguro_accidentes_personales_tend6	1.14061084099513e-05	0.000267809250041889	2.80608808871728e-05
ctransferencias_emitidas	1.12297908464673e-05	0.000476815365259322	3.92852332420419e-05
ctarjeta_master_debitos_automaticos_delta2	1.06053701625709e-05	0.000193306845210392	2.24487047097383e-05
catm_trx_other_delta1	8.9230432547587e-06	7.11127287684822e-05	1.12243523548691e-05
mcaja_ahorro_adicional_rank_delta2	8.7524029529374e-06	0.000175407832286164	2.80608808871728e-05
vm_mpagosdolares_rank_delta2	8.56131450137822e-06	0.000158763652353042	2.80608808871728e-05
ccajas_consultas_lag1	8.42616510861302e-06	0.000169486754310152	2.24487047097383e-05
ctarjeta_debito_lag1	7.6673672305828e-06	0.000122507837520815	1.12243523548691e-05
ctarjeta_master_transacciones	7.44485226978202e-06	3.03204686419111e-06	5.61217617743456e-06
active_quarter_delta1	7.02377393372397e-06	0.000109986786587817	1.68365285323037e-05
mpagodeservicios_rank_tend6	6.87187871755047e-06	7.89230107025138e-05	1.68365285323037e-05
cpayroll_trx_lag1	6.38143055210928e-06	2.86163152114965e-05	1.68365285323037e-05
ctarjeta_master_tend6	5.78053805117711e-06	5.50910638400281e-05	1.68365285323037e-05
catm_trx	4.63784701882829e-06	0.000187302441889334	1.68365285323037e-05
rf_011_019	3.66762276326851e-06	0.000130979076518917	1.68365285323037e-05
ccajas_extracciones_delta1	2.76558146707285e-06	4.72524251131794e-05	1.12243523548691e-05
cseguro_vida_lag1	2.75831398444503e-06	2.09935987061532e-05	5.61217617743456e-06
ctransferencias_recibidas	2.25071742744597e-06	6.96577815055313e-05	5.61217617743456e-06
ctarjeta_visa_debitos_automaticos	1.81317561665262e-06	0.000139315563011063	1.12243523548691e-05
ctarjeta_visa_debitos_automaticos_delta1	4.72426865472526e-07	6.96577815055313e-05	5.61217617743456e-06
