Feature	Gain	Cover	Frequency
rf_002_015	0.0819267629560335	0.00364668515343712	0.00106956086082762
mcaja_ahorro_rank_lag1	0.0349900053408907	0.00235521661433117	0.00146360959902726
vm_status02_tend6	0.0252175441917535	0.0025669280873025	0.00162685836199569
rf_001_025	0.0229314358298884	0.00209513787756815	0.00318616551172858
rf_012_022	0.0216236647408785	0.00148477674009543	0.003349414274697
vm_status01_tend6	0.0168647741742174	0.000647489108622125	0.000264575581362621
foto_mes	0.0158811025338985	0.00436860112949452	0.00144672179596156
Visa_Fvencimiento_lag1	0.0155246613416699	0.00128818405170373	0.00191958028180114
vm_msaldopesos_rank_lag1	0.0138321418011463	0.00153876796998516	0.00179573639265268
Visa_mpagospesos_rank_lag1	0.011490289342124	0.00301851449603799	0.00524647748574388
rf_004_026	0.010559729836387	0.00125852622727603	0.000709287728759366
rf_013_015	0.0101319173898316	0.0015025876658664	0.00104704379007335
ctrx_quarter_normalizado_lag2	0.00987568868605775	0.00261067761184252	0.00336067281007414
mcuentas_saldo_rank	0.00904741111232246	0.00332003663550227	0.00126095596223887
rf_020_027	0.00863512262168654	0.000725909801497854	0.000619219445742303
rf_016_015	0.00856742455926107	0.00144440809277214	0.00203779490326103
ctrx_quarter_normalizado	0.00852554420961508	0.0015512259509265	0.000844390153284959
rf_019_024	0.00710705161519823	0.00109239819027959	0.00112022427002471
mcuenta_corriente_rank	0.00685940627954618	0.0036667025905703	0.00252191192447775
rf_006_022	0.00653272155329948	0.00135893517241815	0.000804985279464994
mextraccion_autoservicio_rank_lag1	0.00620076760651836	0.000777688385430981	0.000354643864379683
vm_status01	0.00596813493301021	0.000511935813429616	0.000270204849051187
vm_mpagospesos_rank_lag1	0.00593062356145274	0.00037155211304625	0.000315238990559718
Visa_mpagospesos_rank_tend6	0.0059133291133573	0.00379611842855274	0.00731241872744775
mcomisiones_otras_rank_delta2	0.00569990375292439	0.00407521617164964	0.00900682830170623
cdescubierto_preacordado_delta2	0.00568233437460737	0.00201417687471246	0.000298351187494019
vm_status02	0.00534232522700646	0.00301395846058164	0.00181825346340695
mprestamos_personales_rank	0.00517540685095438	0.00542147814110628	0.00120466328535321
rf_008_021	0.00478961883333016	0.00064828974987367	0.000129473156837027
vm_mpagospesos_rank	0.004751903817382	0.00121287819913427	0.00135102424525593
mcuenta_corriente_rank_lag2	0.00425818285674392	0.00259330597415216	0.00197024369099824
mcuentas_saldo_rank_tend6	0.00391696651335303	0.00377000596515409	0.00287092652116886
mprestamos_personales_rank_delta1	0.00388688906808409	0.00511755387340088	0.000940087703990588
mrentabilidad_rank_delta2	0.00358276223586795	0.00487218553615615	0.00944591118141441
mprestamos_personales_rank_tend6	0.00351458938827084	0.00377422863652645	0.000810614547153561
mrentabilidad_annual_rank	0.00342319633141206	0.00345433729764005	0.00422758003411336
rf_020_015	0.00335496114897567	0.00107948481794734	0.000630477981119436
mrentabilidad_annual_rank_lag2	0.00326508213335417	0.00427543693585155	0.00627100420506296
mtarjeta_visa_consumo_rank_tend6	0.00315362792581443	0.00177836352609605	0.00183514126647264
rf_003_015	0.00306944318573016	0.00124973939210974	0.00158182422048716
mpasivos_margen_rank_lag1	0.00302774217522328	0.00221927159972546	0.0026964192228233
ccomisiones_mantenimiento_tend6	0.00300432332112478	0.00396270469419	0.000585443839610905
ctarjeta_visa_transacciones_tend6	0.00298442235530574	0.00235574257911849	0.0014579803313387
mautoservicio_rank_delta2	0.00291399791159185	0.00231026690751854	0.00266827288438047
rf_012_013	0.00290362935007557	0.00135988986867155	0.00104141452238478
ctarjeta_debito_transacciones_lag1	0.00289113520007129	0.000957753863051397	0.000506634091970976
mpasivos_margen_rank_delta2	0.00285055117464887	0.00365940587394442	0.00788660403168152
rf_004_016	0.00280658730281003	0.000435905465261593	0.000427824344331046
mactivos_margen_rank	0.00277389773809016	0.00459845034875345	0.0034507410930912
mcaja_ahorro_rank_delta2	0.00277388283731343	0.00362287364859362	0.00249376558603491
mactivos_margen_rank_lag2	0.00269560000448337	0.00415172898010636	0.00587695546686332
rf_009_023	0.00262802977016162	0.00133475313807293	0.00167189250350422
cdescubierto_preacordado_delta1	0.00262578210870297	0.000772195060632844	9.56975507056287e-05
mpasivos_margen_rank_delta1	0.00259447535492769	0.00293110490979294	0.00513389213197255
rf_014_023	0.00255268187577772	0.00168318905142922	0.00300602894569445
vm_Finiciomora	0.00254166578601988	0.0010343075432433	0.000163248762968425
mrentabilidad_rank_lag1	0.00250762464419545	0.0029511251074936	0.00457096536311591
mcuenta_debitos_automaticos_rank	0.00250537174777878	0.00184689402588115	0.00088942429479349
mprestamos_personales_rank_delta2	0.00246334824672597	0.00162764454223757	0.000337756061313984
Master_mlimitecompra_rank_delta2	0.00243939813055178	0.00373281306954729	0.00689022365080527
Visa_mpagospesos_rank_delta1	0.00238856825479441	0.00272518411052245	0.00622597006355443
mautoservicio_rank_lag2	0.00237888322663937	0.00206579733947494	0.00253879972754344
vm_fechaalta_lag2	0.00236041144782294	0.00261052762100946	0.00372657520983095
Visa_msaldopesos_rank_delta2	0.00233196515992102	0.0020241182405447	0.00358021424992823
tcallcenter_delta2	0.00232058455397998	0.0022504329109972	0.00152553154360149
mv_status07_rank_tend6	0.0023087647720464	0.000619300468431445	0.000118214621459894
Visa_msaldopesos_rank	0.00230191522424601	0.00244872733587528	0.00340570695158267
Visa_mpagominimo_rank	0.00227814981682153	0.00286370892655957	0.00404181420039067
mcuentas_saldo_rank_delta1	0.00227763728018889	0.00259243979498378	0.00233051682306649
Master_fechaalta_lag2	0.00227087031837234	0.00321989582325701	0.00529151162725241
Visa_mconsumototal_rank_delta1	0.00222726021184441	0.00220725881141184	0.00443586293859032
Visa_mconsumospesos_rank_tend6	0.00218481231325637	0.00274758455641086	0.00578688718384625
mcomisiones_rank_delta1	0.00218446564640379	0.00283093682416342	0.00484679947985567
rf_007_025	0.0021818503021342	0.00137766631290984	0.000743063334890764
mcomisiones_otras_rank_lag1	0.00218044235393614	0.0032668921074437	0.00504382384895549
Visa_mconsumospesos_rank_lag1	0.00217855135363054	0.00282956650913947	0.00588821400224045
vmr_mconsumospesos_lag1	0.00217593631859131	0.000589508168582346	0.000636107248808003
mcuentas_saldo_rank_delta2	0.00216542009829179	0.00183822932026503	0.00199839002944107
mrentabilidad_rank_delta1	0.00212712278291477	0.0024786541622674	0.00404181420039067
Visa_fechaalta_lag2	0.00212562021852306	0.00256903565276921	0.00426135564024476
Master_mpagosdolares_rank_lag2	0.00210715084270432	0.00168529360072035	0.00416565808953913
rf_010_023	0.00208823368282748	0.00218899533149987	0.00686207731236244
chomebanking_transacciones_lag1	0.00206913705081542	0.00260117916372591	0.0042050629633591
Visa_mfinanciacion_limite_rank_delta2	0.00205900579383325	0.0034056400693521	0.00539846771333517
cdescubierto_preacordado_tend6	0.00205675139089975	0.00125176777018707	0.000163248762968425
Visa_mfinanciacion_limite_rank	0.00204401745492021	0.00236534263145484	0.00340570695158267
vm_Fvencimiento_lag1	0.0020414259457491	0.00277169903353527	0.00433453612019612
Visa_mconsumospesos_rank	0.00203033757688282	0.00266959003892022	0.00465540437844441
ccaja_ahorro_tend6	0.00202626686742605	0.00292425862576084	0.000298351187494019
Visa_mlimitecompra_rank_delta1	0.00202136452719393	0.00307843115621886	0.00570807743620633
Visa_mconsumototal_rank_tend6	0.00201878478868463	0.0021101122691321	0.00453156048929595
Master_Fvencimiento	0.00201020739432379	0.00291222004658994	0.00551668233479507
mactivos_margen_rank_tend6	0.00198174927771223	0.00254809122730067	0.00309046796102295
vmr_msaldopesos_lag1	0.0019741020406837	0.001630459094148	0.00193083881717827
thomebanking_lag2	0.00196840523429294	0.00219136622443117	0.00510011652584115
mcaja_ahorro_rank_delta1	0.0019679105437702	0.00287795555074128	0.00208845831245813
Visa_mpagospesos_rank	0.00196484872943838	0.0024057978532416	0.00467229218151011
mcomisiones_rank_delta2	0.00195444759295307	0.00289849793022937	0.00620345299280017
mtarjeta_visa_consumo_rank_delta1	0.00194480281923058	0.00141356347993626	0.0014748681344044
Visa_mfinanciacion_limite_rank_tend6	0.00189868988575549	0.00256837912336443	0.00414877028647343
Master_mlimitecompra_rank_lag1	0.00189286384922712	0.00271036001652128	0.00496501410131556
Master_mfinanciacion_limite_rank_lag1	0.0018925881617475	0.00212350293846943	0.00453156048929595
mcomisiones_mantenimiento_rank_tend6	0.00188709432578467	0.0013332034117236	0.000681141390316534
Master_Fvencimiento_tend6	0.00188385391388738	0.00182440273687401	0.00257257533367484
mttarjeta_visa_debitos_automaticos_rank_delta1	0.00188246720939795	0.00141839569994463	0.0013397657098788
Visa_mfinanciacion_limite_rank_lag1	0.0018718206761493	0.00238754089133617	0.00384478983129085
ctrx_quarter_delta1	0.00186148646427158	0.00198898020401439	0.00126658522992744
Visa_mconsumospesos_rank_delta1	0.00185281289166391	0.00251549546893269	0.00540972624871231
vm_msaldototal_rank	0.00184847381880513	0.00130283080480514	0.00180699492802981
mcuentas_saldo_rank_lag1	0.00184611728679219	0.00265332109457315	0.00164937543274995
mrentabilidad_annual_rank_tend6	0.00184227488514157	0.00297662487827661	0.00345637036077977
vm_Finiciomora_tend6	0.00184137512054393	0.00241089309398484	0.000759951137956463
vm_mpagominimo_rank_lag1	0.00183986986009485	0.00227284179195291	0.00300039967800589
Visa_msaldopesos_rank_lag1	0.00182899775411374	0.00198344380925141	0.00321431185017141
Master_Fvencimiento_lag2	0.00182022567187654	0.00245695868351871	0.00445275074165602
mcomisiones_otras_rank	0.00180975830433846	0.00257526065575352	0.00385041909897941
mcomisiones_otras_rank_tend6	0.00180406074556641	0.00274344797384657	0.00394048738199648
Visa_fechaalta	0.00179707569602545	0.00274248044606656	0.00379975568978232
vm_status04_delta2	0.00178605055037913	0.000804072560239902	0.000219541439854089
Visa_mpagominimo_rank_lag2	0.00178059912647298	0.00194109739425457	0.00323682892092568
vm_mconsumospesos_rank	0.00176645606165307	0.000905674351702172	0.00105267305776192
mcomisiones_rank_lag1	0.00176323575422038	0.00238663376375018	0.00398552152350501
ctrx_quarter_normalizado_tend6	0.00172567464403298	0.00186420321851269	0.00170003884194705
ctrx_quarter_normalizado_delta1	0.00172434247111166	0.00175384268321432	0.0013059901037474
Visa_mlimitecompra_rank_lag1	0.00172043911920922	0.00178349945964881	0.00309046796102295
Visa_Fvencimiento_lag2	0.00170963472951422	0.00274740450606524	0.00397426298812787
Master_fechaalta_tend6	0.00170672283169131	0.00147671964049376	0.00217289732778663
cproductos	0.0016989048800999	0.000417943423981918	5.06634091970976e-05
Visa_mlimitecompra_rank_tend6	0.00166693846098712	0.00247346938200674	0.00401929712963641
vm_Fvencimiento_lag2	0.00165801384702855	0.00210022570567649	0.00372094594214239
vm_mconsumospesos_rank_delta2	0.00165128685093404	0.00150442645941599	0.00198150222637537
Visa_mpagominimo_rank_delta2	0.00165005355023506	0.00240473651728889	0.00354080937610826
Visa_msaldopesos_rank_tend6	0.00163993548329919	0.00200634031377944	0.00298914114262876
vm_Fvencimiento	0.00162084684652595	0.0024689905913182	0.00357458498223966
vmr_mpagominimo_tend6	0.00161990226646896	0.00195694453411507	0.00248813631834635
Master_msaldototal_rank	0.00160542328029869	0.00188612220098399	0.00306232162258012
Visa_mlimitecompra_rank	0.00160047488645039	0.00210773260884297	0.00364213619450246
mtarjeta_visa_consumo_rank_lag1	0.00159630751449149	0.00123246452764603	0.00160997055892999
Visa_mfinanciacion_limite_rank_lag2	0.00158901991906493	0.00228815987416809	0.00347888743153403
Visa_Finiciomora_tend6	0.0015842647395257	0.0028263698486804	0.000607960910365171
Visa_fechaalta_tend6	0.00157913977663026	0.00112670567941066	0.00111459500233615
mtransferencias_recibidas_rank_delta2	0.00153930064466575	0.00208123578754439	0.00277522897046323
Visa_mconsumosdolares_rank_delta2	0.00151939295715923	0.00197149584315194	0.00404744346807924
ccomisiones_otras_delta2	0.00151323197687845	0.00193016570039979	0.00378849715440518
Master_mconsumototal_rank_tend6	0.00150981975583024	0.00297051405543056	0.00385604836666798
rf_002_017	0.00150940614913715	0.00154506786614277	0.00136228278063307
vm_fechaalta_tend6	0.00150355513477007	0.00162390632489709	0.00120466328535321
mcomisiones_rank_lag2	0.00149042727395718	0.00157439864000655	0.00310735576408865
vmr_mpagominimo	0.00148942063214481	0.00186013127923688	0.00331563866856561
rf_005_020	0.00148585758460019	0.00195813807057708	0.00406433127114494
rf_019_021	0.00147419912767616	0.00190018588644855	0.00444149220627889
chomebanking_transacciones	0.00147338908275829	0.00270561777056411	0.00282026311197176
vmr_mconsumospesos_lag2	0.0014677216144172	0.00181950433992856	0.0020434241709496
rf_018_025	0.00146507142220325	0.000490920891247106	0.00120466328535321
Visa_Fvencimiento	0.00146460320339826	0.00202271203814351	0.00356332644686253
Visa_cconsumos_lag1	0.00146200839945206	0.00196093526669751	0.00360836058837106
vm_mpagospesos_rank_tend6	0.00144473583918804	0.00177922114239308	0.00243747290914925
ctrx_quarter_lag2	0.00143868608832198	0.00262291707341919	0.00318616551172858
ctrx_quarter	0.00140939332585201	0.000458545415939681	0.000264575581362621
rf_003_021	0.001400993948567	0.00128302074252347	0.00170566810963562
Visa_msaldototal_rank_delta1	0.0014004614000483	0.00183421471388605	0.00282026311197176
Master_msaldototal_rank_lag2	0.00139400374163908	0.00229733382780178	0.00347325816384547
cprestamos_personales_delta2	0.00138883429396979	0.000870836347959608	0.000112585353771328
Master_fechaalta	0.00138037948293077	0.00176157521165065	0.00270767775820044
rf_005_021	0.00137911015341271	0.00162879935407244	0.00101326818394195
rf_011_028	0.0013710082408377	0.000700170551485975	0.000427824344331046
vmr_Visa_mlimitecompra_lag1	0.00135742686197438	0.00162488305456871	0.0027977460412175
Visa_cconsumos_delta2	0.00135511779593303	0.00172489542374373	0.0026795314197576
rf_020_026	0.00133683402209468	0.00132638348088661	0.00284278018272603
internet_tend6	0.00132862386671637	0.00287133673235735	0.000388419470511081
Visa_msaldopesos_rank_lag2	0.00132237464612457	0.00189847676288808	0.00272456556126614
vmr_Master_mlimitecompra_lag2	0.00132028610553021	0.00228806995123852	0.00319179477941715
mextraccion_autoservicio_rank	0.00130438183406009	0.000794277734531371	0.000731804799513631
mrentabilidad_annual_rank_delta2	0.00128852299128612	0.00150118608997182	0.00249939485372348
cliente_edad_lag1	0.00128109889642998	0.00295700345477273	0.00203216563557247
tcallcenter	0.00126784339857713	0.00188974012915263	0.00159308275586429
rf_001_018	0.00126112776002844	0.000663916581112802	0.000529151162725241
vmr_mpagominimo_lag2	0.00126109833756185	0.00184855090314599	0.00275834116739753
vmr_msaldototal_lag2	0.00125570867063262	0.00142110491575705	0.00235866316150932
ctarjeta_visa_transacciones_delta2	0.00125416957364649	0.000852391335175035	0.000467229218151011
matm_rank	0.00125025438228119	0.000314558561535857	0.000208282904476957
Visa_mconsumosdolares_rank_lag2	0.00124972190348766	0.00176612293984374	0.00322557038554854
rf_020_025	0.00124245741699619	0.00196341279932812	0.00149738520515866
vmr_msaldototal_delta2	0.00123960410407114	0.00160129564134645	0.00236429242919789
rf_016_021	0.00122901892294574	0.00209244821577537	0.00306795089026869
Master_msaldopesos_rank_lag1	0.00122662447185304	0.00140577052574509	0.00261198020749481
cpayroll_trx_lag1	0.00121689336535384	0.000266007489959468	4.50341415085312e-05
internet_lag2	0.00121444484711955	0.00155770239559876	0.000467229218151011
rf_005_022	0.00120959665959977	0.000551757229371681	0.000123843889148461
vm_msaldototal_rank_delta2	0.00120854718001971	0.0017611353356714	0.00245436071221495
vmr_msaldopesos2_tend6	0.00120563401589201	0.00232737005446069	0.0027301948289547
mtransferencias_recibidas_rank	0.00120098550412526	0.00306036076266561	0.00185765833722691
vm_msaldototal_rank_lag2	0.00119806081977872	0.00142001242117695	0.00207157050939243
ctrx_quarter_tend6	0.00119435071636787	0.00207690302576337	0.00191395101411257
Master_msaldototal_rank_delta2	0.0011929761444312	0.00197204910688434	0.00248250705065778
cliente_antiguedad_lag2	0.00119008209176661	0.00230061361201497	0.00256694606598628
cliente_edad	0.00117783477151018	0.0023945797505108	0.00164374616506139
vm_mlimitecompra_rank_tend6	0.00117676580703734	0.00203062402902683	0.00238118023226359
rf_014_008	0.00117357256875744	0.000632278867464328	0.000360273132068249
vmr_msaldototal_tend6	0.00117063649821482	0.00212929126057574	0.00226859487849226
Visa_delinquency_delta2	0.00116649803575608	0.00104237228552717	0.000804985279464994
Master_fultimo_cierre_lag1	0.00116036265390936	0.00204248644309523	0.0027639704350861
mpayroll_rank_delta1	0.00115855010812839	0.00153294940944062	0.000450341415085312
thomebanking_delta2	0.00115833052557289	0.00197969424291128	0.00154241934666719
rf_007_021	0.00115690659859616	0.00166176507960432	0.00364776546219102
ccaja_seguridad_lag1	0.00115557473253634	0.000936660673668675	9.56975507056287e-05
Master_mpagospesos_rank_lag1	0.00114893141926616	0.00176399070819539	0.0026626436166919
vm_mlimitecompra_rank_delta2	0.00114700193001555	0.0023009356015385	0.00305106308720299
rf_013_017	0.00114381880175464	0.000420908120090264	0.000287092652116886
mcuenta_corriente_rank_tend6	0.00112963976356634	0.00341566739618836	0.00186891687260404
vmr_Master_mlimitecompra_tend6	0.00112884309361038	0.00218606693174172	0.00198150222637537
Master_mconsumospesos_rank_lag2	0.00110817934472164	0.00228011596394437	0.00296099480418592
mpayroll_sobre_edad_rank_tend6	0.0010981898225606	0.00181733645095026	0.000613590178053737
vmr_mpagospesos_delta2	0.00108962872671361	0.00166072945782647	0.00172818518038988
mprestamos_personales_rank_lag1	0.00108789076444254	0.00132429697752734	0.000326497525936851
vmr_msaldopesos	0.00108294938764399	0.0017328374741396	0.00245998997990351
Master_mconsumosdolares_rank_tend6	0.00108042287034369	0.00212805414293268	0.00361961912374819
Master_mconsumospesos_rank_delta1	0.00106857400245311	0.00217446089259759	0.00293847773343166
Master_fultimo_cierre	0.00106580834364861	0.00136911900809403	0.00249376558603491
rf_015_014	0.00105957132792892	0.00168521142271621	0.00148612666978153
Master_mconsumototal_rank_delta2	0.00105813883360654	0.00216721770030785	0.00275271189970897
rf_015_023	0.0010536586098857	0.000769203832403721	0.00194772662024397
cprestamos_personales_lag1	0.00105261267382588	0.000363737917821979	6.19219445742303e-05
mrentabilidad_rank	0.00104831216299377	0.00143564940005765	0.00164374616506139
vm_mconsumospesos_rank_tend6	0.00104809189046007	0.00157657268914006	0.00168315103888135
vmr_Visa_mlimitecompra	0.00104017129856918	0.00145094989643555	0.00221230220160659
vm_mlimitecompra_rank	0.00103811346488606	0.00163227907494142	0.00231925828768935
chomebanking_transacciones_tend6	0.00103475160294537	0.00201676559686655	0.0019927607617525
vm_msaldopesos_rank_tend6	0.00102971379344279	0.0021573924061138	0.00235866316150932
mtransferencias_emitidas_rank_tend6	0.00102571214100833	0.00191234212202787	0.00145235106365013
Visa_mconsumospesos_rank_delta2	0.00101711584706552	0.00130390195610888	0.0027301948289547
mactivos_margen_rank_lag1	0.00100986552159484	0.00170901564272886	0.00126658522992744
cproductos_delta1	0.00100977584426317	0.00169866246668675	0.000219541439854089
vmr_msaldopesos2_delta2	0.00100916908690253	0.0019086318170919	0.0021616387924095
rf_009_015	0.00100576349522345	0.00149027561158934	0.00276959970277467
rf_012_019	0.0010030038173116	0.000672257277901397	0.00128347303299314
rf_004_022	0.00100293089732833	0.000872746583973136	0.000844390153284959
Master_mfinanciacion_limite_rank_tend6	0.00100166339709579	0.00141858336741163	0.00266827288438047
cmobile_app_trx_lag1	0.00100095519386884	0.00222323580018713	0.00157056568511002
Master_mfinanciacion_limite_rank	0.00100070014837315	0.00148666660414339	0.00269078995513474
ccallcenter_transacciones_tend6	0.000998939991720657	0.0032439115589724	0.00113711207309041
rf_003_026	0.000995998260683249	0.000431210941336681	0.000219541439854089
matm_rank_lag2	0.000990074397417487	0.00191982103610741	0.0020434241709496
rf_018_020	0.000988548138906632	0.000785819636942458	0.000197024369099824
ctarjeta_visa_transacciones_lag2	0.000985091866544016	0.00136774506343506	0.00197024369099824
ccajas_consultas_tend6	0.000982745786631368	0.0032522591827405	0.000658624319562268
mcomisiones_mantenimiento_rank	0.00098112239751604	0.00123242196889739	0.00076558040564503
ccomisiones_otras_lag1	0.000981020833365929	0.00167037337251278	0.00107519012851618
mpayroll_rank_delta2	0.000975162774586064	0.00092153429752848	0.000394048738199648
ccajas_transacciones_delta1	0.000974258678578186	0.00186610731993182	0.00082750235021926
Visa_mpagosdolares_rank_delta2	0.00097301939376903	0.00174226161698155	0.00249939485372348
Master_msaldototal_rank_tend6	0.000970467729530633	0.00165229656319622	0.00237555096457502
vm_mfinanciacion_limite_rank_lag1	0.000970016711702745	0.00138246238993287	0.00206594124170387
mcaja_ahorro_dolares_rank_delta2	0.000965987183394479	0.00291301726269294	0.00121029255304178
chomebanking_transacciones_delta1	0.000963511333325281	0.00206321942954347	0.00175070225114415
rf_016_018	0.000958985383051699	0.000898000204155876	0.000928829168613455
Master_delinquency_tend6	0.000956498597090429	0.00166730057973896	0.00110333646695901
mcuenta_corriente_rank_delta2	0.0009548276868516	0.00118255472009262	0.000467229218151011
mpasivos_margen_rank_lag2	0.000946035547871895	0.00120440711665388	0.00229111194924652
vm_msaldopesos_rank_delta1	0.000940166267809774	0.00176832124618594	0.00191395101411257
ccomisiones_otras_delta1	0.000939209578497968	0.00158598750228636	0.00170566810963562
Master_cconsumos_lag1	0.000929226855459769	0.00173120181234707	0.0027977460412175
vm_mconsumototal_rank_tend6	0.000928130974359783	0.00143215283461489	0.00182388273109551
internet_lag1	0.000926384707812916	0.000998920978957389	0.000123843889148461
ctrx_quarter_lag1	0.000916663708400252	0.000578114693134155	0.000377160935133948
vm_fultimo_cierre	0.000916392020714271	0.00171459689671339	0.00173944371576702
rf_017_025	0.000915198851402966	0.00138282709156991	0.00244310217683782
rf_013_023	0.000904839538851323	0.00141514042854823	0.00252754119216631
mtransferencias_emitidas_rank_lag2	0.000900780345038529	0.00220262668142413	0.00169440957425848
vmr_msaldototal_delta1	0.000894763199032372	0.00120443024918693	0.00149175593747009
mcomisiones_otras_rank_lag2	0.000894591930280302	0.00126196512753144	0.00235866316150932
vmr_mconsumospesos	0.000894387265382977	0.00136732039613776	0.00177884858958698
rf_006_021	0.000893838969011438	0.000751065165926966	0.00221230220160659
vm_msaldototal_rank_tend6	0.000892145066218327	0.000730829516158843	0.000900682830170623
Master_mfinanciacion_limite_rank_delta2	0.000891926431915036	0.0011417690225934	0.00247124851528065
vm_fultimo_cierre_lag1	0.000890182469515398	0.00154347172136249	0.00188017540798118
mactivos_margen_rank_delta2	0.000888648655575056	0.00175525139057489	0.00235866316150932
vm_mfinanciacion_limite_rank_delta1	0.000888085073752274	0.00182159337380802	0.00231362902000079
Master_cconsumos_delta1	0.000886675618145158	0.00134778866551616	0.00265138508131477
Visa_mlimitecompra_rank_delta2	0.00088496613327799	0.00159005744781899	0.00198713149406394
rf_001_017	0.000877606720362732	0.0012591249636894	0.00172255591270132
vm_mpagospesos_rank_delta2	0.000876974720888627	0.0012695167109938	0.00186328760491548
mactivos_margen_rank_delta1	0.000876504725470899	0.00144904927128658	0.00192520954948971
mcomisiones_otras_rank_delta1	0.000875193892451758	0.00124182745234804	0.00199839002944107
Master_mconsumospesos_rank_lag1	0.000874880448422443	0.00142513874386515	0.00231362902000079
vm_status06_delta2	0.000874193361739707	0.00103265334986352	0.000213912172165523
ccajas_transacciones_delta2	0.000868162277231778	0.00161632869496935	0.00113711207309041
mcomisiones_mantenimiento_rank_lag2	0.000868076445998682	0.00163329120633489	0.00144672179596156
vm_mfinanciacion_limite_rank_tend6	0.00086220886449006	0.00173811856753233	0.00194209735255541
Master_mconsumospesos_rank	0.000855438717174486	0.00189019086847612	0.00242621437377212
mcomisiones_rank	0.00085543127769442	0.000825304800429009	0.0014073169221416
Master_mpagosdolares_rank_delta1	0.000854324419580291	0.000981628017440204	0.00254442899523201
mcaja_ahorro_dolares_rank_lag2	0.000854261478789779	0.00241031795019909	0.00172818518038988
vm_status05_delta1	0.000845978689532297	0.00121403669172578	0.000258946313674054
Master_fultimo_cierre_delta2	0.000845763049292158	0.00087411579988226	0.00175070225114415
Visa_mconsumototal_rank_delta2	0.000845016706187153	0.00116240661609873	0.00215600952472093
mextraccion_autoservicio_rank_lag2	0.000844542973012957	0.000370792650259611	0.000602331642676604
mextraccion_autoservicio_rank_delta2	0.000843888471913318	0.00204902175431291	0.00151427300822436
vmr_msaldopesos2_lag2	0.000841090280220175	0.00147468280178831	0.00184077053416121
ctrx_quarter_delta2	0.00083301133297258	0.00183163782638698	0.00191395101411257
rf_007_020	0.000832796277665267	0.00014044450955035	9.56975507056287e-05
mcuenta_debitos_automaticos_rank_tend6	0.000828767359604176	0.00192191939968251	0.000743063334890764
tcallcenter_delta1	0.00080181582275025	0.00114434363518038	0.000714916996447932
mrentabilidad_annual_rank_lag1	0.000799741150913642	0.00149834669295408	0.00149175593747009
vmr_msaldototal_lag1	0.000792402462073194	0.000551540882675864	0.000895053562482057
Master_cconsumos	0.000791499446915357	0.00128097419071022	0.00243747290914925
mtransferencias_emitidas_rank_lag1	0.000789599398856861	0.00179768900654179	0.00166063396812709
mcomisiones_mantenimiento_rank_delta1	0.000788248415551166	0.00285564906639042	0.0012891023006817
rf_018_015	0.000787034423888093	0.000301907468674989	0.000433453612019612
Master_msaldopesos_rank_delta1	0.000786558909652712	0.00175186491554078	0.00216726806009806
rf_003_027	0.000782708688542523	0.00119923879755486	0.00156493641742146
rf_003_019	0.000781696590858966	0.000405321317079587	0.000106956086082762
Visa_fechaalta_lag1	0.000781581438617124	0.000787633687627966	0.00127221449761601
rf_017_026	0.000773054507370514	0.000701579361089786	0.000838760885596393
vmr_mpagospesos_tend6	0.00077244497687599	0.00154293527664307	0.00134539497756737
Visa_fultimo_cierre_lag1	0.000767331717069868	0.0015491674877758	0.00172255591270132
mtarjeta_master_consumo_rank_lag2	0.000765159563607102	0.00162815010949851	0.00188580467566974
rf_011_018	0.000760769931425814	0.000385913684190516	0.000151990227591293
mcuenta_debitos_automaticos_rank_delta2	0.000753997295392163	0.00183430325653188	0.000782468208710729
Visa_msaldototal_rank	0.00075008368464138	0.000958958595148189	0.00132850717450167
Visa_mconsumospesos_rank_lag2	0.000748172645096724	0.00096093089280839	0.00219541439854089
vm_mpagominimo_rank_delta2	0.000746099327807267	0.000748560027621561	0.00076558040564503
thomebanking	0.000744871635397861	0.00148872580855758	0.00131724863912454
mprestamos_personales_rank_lag2	0.0007435821812648	0.000868664394812519	0.000275834116739753
Master_mpagosdolares_rank	0.00074224944314751	0.00120600673770432	0.00252191192447775
cdescubierto_preacordado	0.000737249014824735	0.00139212527074019	0.00014073169221416
Visa_cconsumos_delta1	0.00073701232580711	0.00102796056407369	0.00164374616506139
mpayroll_rank_lag1	0.000729924365788624	0.000567493946532992	0.000185765833722691
cproductos_tend6	0.000722124739501521	0.0012204739516763	0.000208282904476957
ctarjeta_visa_debitos_automaticos_tend6	0.000719578785283954	0.00246499415867513	0.000630477981119436
mtarjeta_visa_consumo_rank	0.00071468737311167	0.00134515275810681	0.00144672179596156
Master_mpagominimo_rank_delta1	0.000700390171413258	0.00139577566113753	0.00177321932189841
mtransferencias_recibidas_rank_lag2	0.00069933367213546	0.00079806119450555	0.00119903401766464
Visa_fultimo_cierre_delta1	0.000698568584599086	0.0012007499526419	0.00132850717450167
mcuenta_debitos_automaticos_rank_lag1	0.000696995282209036	0.0016483051404719	0.000996380380876252
vmr_Master_mlimitecompra_delta2	0.000695050947776818	0.00115866004037338	0.0013735413160102
mcomisiones_mantenimiento_rank_delta2	0.000693958075024188	0.00128299543732157	0.000731804799513631
ctarjeta_visa_transacciones	0.000688027459123811	0.00133221668777528	0.000647365784185135
Visa_mlimitecompra_rank_lag2	0.000688012277185211	0.000950662808702759	0.00142983399289586
mtarjeta_master_consumo_rank_delta2	0.000683666903178535	0.00148391549416338	0.00113148280540185
mpagomiscuentas_rank_tend6	0.000683298974875108	0.00188509084786141	0.000838760885596393
rf_013_026	0.000668917558370488	0.000726041132939621	0.000416565808953913
Master_mconsumototal_rank_lag1	0.00066761576129454	0.00155748699465291	0.00194772662024397
rf_004_025	0.000667358078177895	0.000813201194557473	0.00160434129124142
Visa_msaldototal_rank_lag1	0.000667280586944711	0.000819946181099558	0.00121029255304178
vm_fechaalta	0.000664873229595877	0.000838281563570052	0.00114837060846754
Visa_mconsumosdolares_rank_delta1	0.000658006183439626	0.00046024505643964	0.000928829168613455
ccaja_ahorro	0.000655782890198835	0.00166517798451597	0.000135102424525593
Visa_mconsumosdolares_rank_lag1	0.000655096721523305	0.000833825649806465	0.00155367788204432
vm_fultimo_cierre_delta1	0.000650608182041727	0.0011118670157478	0.00113711207309041
vm_mconsumototal_rank_delta1	0.000644495887656258	0.00102254785807028	0.00129473156837027
rf_016_022	0.000644324343600066	0.000252690410194121	0.000208282904476957
vmr_mpagospesos_lag1	0.000643022126880029	0.00118435915991357	0.00152553154360149
Visa_mpagado_rank_lag2	0.000642093342437053	0.00134850879021621	0.00103015598700765
rf_015_017	0.000631982884985288	0.00106888538906172	0.000940087703990588
vmr_msaldopesos_lag2	0.0006312567431479	0.000659085179050354	0.000923199900924889
mrentabilidad_rank_lag2	0.000630621452272584	0.000983426271545133	0.00180136566034125
rf_009_018	0.000630066427559374	0.0011826300989213	0.000900682830170623
vm_mconsumosdolares_rank_lag2	0.000629470655180919	0.00177500769847313	0.0013059901037474
Master_fultimo_cierre_tend6	0.00062815808649143	0.00106910896946676	0.00117651694691038
rf_019_016	0.00062813988301053	0.00110357682711976	0.00185202906953834
rf_006_015	0.000627708670918535	0.00086846231104868	0.000951346239367721
chomebanking_transacciones_delta2	0.000622782332510875	0.00155882791474537	0.00156493641742146
vmr_msaldopesos2_delta1	0.000620963973153193	0.00121115573283098	0.00169440957425848
Master_mlimitecompra_rank	0.00061933763297866	0.000697407300121218	0.00140168765445303
mpayroll_sobre_edad_rank_delta1	0.000618969916145161	0.00108907101632467	0.000382790202822515
vmr_mconsumospesos_delta1	0.000615129865655015	0.0019242099805488	0.0013397657098788
thomebanking_lag1	0.000614239326368317	0.000922243482201854	0.00150301447284723
ctransferencias_emitidas_tend6	0.000612986129303771	0.0016512045031499	0.000883795027104924
vm_status04_tend6	0.000612145253378213	0.000785939670506206	0.000219541439854089
ctrx_quarter_normalizado_delta2	0.000606746418824058	0.000826060224607669	0.00103015598700765
Master_fechaalta_lag1	0.00060589184255786	0.00137371801127199	0.00163811689737282
Master_Fvencimiento_lag1	0.000601552882408398	0.000665972973837894	0.00154241934666719
Master_mfinanciacion_limite_rank_lag2	0.000599113944011543	0.000943370897509163	0.00172818518038988
mcuenta_debitos_automaticos_rank_lag2	0.000595270542693099	0.00225156788764351	0.00102452671931908
matm_other_rank_delta2	0.000593531305183534	0.00138845231014763	0.000917570633236322
Master_fultimo_cierre_delta1	0.000592805307288645	0.000842859121228417	0.00150864374053579
cpagomiscuentas	0.000589896844816922	0.000222476408101686	2.8146338442832e-05
mpayroll_rank	0.000587340950801626	0.000986326273243376	0.000157619495279859
rf_007_023	0.000582167903706121	0.000701462190336758	0.00179573639265268
rf_017_027	0.000581087682760037	0.000709448103082591	0.000726175531825065
rf_004_021	0.00057743947771652	0.000254525906399216	0.000230799975231222
cpayroll_trx_lag2	0.000574389515474879	0.00017766815481158	4.50341415085312e-05
Visa_mpagominimo_rank_tend6	0.00057320182681499	0.000940174492658192	0.00133413644219024
Master_mpagado_rank_lag2	0.000566947843829244	0.00136607141827887	0.00126658522992744
Visa_mpagado_rank_delta2	0.000565394130556169	0.00154326138145702	0.00111459500233615
ccomisiones_otras	0.000563099277807739	0.000732705347322114	0.000410936541265347
chomebanking_transacciones_lag2	0.000561920213869053	0.000670869786013124	0.00125532669455031
mcomisiones_rank_tend6	0.000560679420774449	0.000846748300712744	0.000850019420973526
Visa_fultimo_cierre_delta2	0.000560466006418795	0.0009174787938535	0.00125532669455031
rf_007_016	0.000558960095642478	0.00110202076168955	0.00151427300822436
cpayroll_trx_tend6	0.000558494979352674	0.00119788376789528	0.000320868258248285
vm_mpagominimo_rank_lag2	0.000556507177925614	0.000725771773123869	0.000962604774744853
cpagomiscuentas_tend6	0.000555201962967209	0.00210140293434172	0.000602331642676604
ccaja_seguridad	0.000551842120446297	0.000693824160214989	5.6292676885664e-05
Master_mlimitecompra_rank_delta1	0.000551616768007227	0.00102274470186807	0.00173944371576702
rf_020_019	0.000549264534276791	0.000957708160323122	0.000439082879708179
mcuentas_saldo_rank_lag2	0.000535941331375919	0.00101920486197398	0.000883795027104924
mrentabilidad_annual_rank_delta1	0.000533564814803514	0.00057259659991113	0.000816243814842127
Visa_mconsumosdolares_rank	0.000532395846971392	0.000762638563916728	0.00149175593747009
cplazo_fijo_tend6	0.000531699731379567	0.00161074296784307	0.000213912172165523
Visa_fultimo_cierre	0.000531184675662565	0.000694489482538408	0.000996380380876252
Visa_mpagosdolares_rank_tend6	0.000529802385018598	0.00065789678031115	0.00104704379007335
Master_mpagado_rank_tend6	0.000528416596545531	0.00172423214628511	0.00123843889148461
Master_mconsumosdolares_rank_lag1	0.000527236431831035	0.000549551944928355	0.00129473156837027
Visa_cconsumos_tend6	0.000526498120546128	0.000918012529127053	0.00109207793158188
cprestamos_personales_tend6	0.000524330767343941	0.00135006237624785	0.000163248762968425
Visa_mpagospesos_rank_lag2	0.000523761353756682	0.000724474434212457	0.0013228779068131
vm_mconsumototal_rank_delta2	0.000521383005164258	0.000881617872055655	0.0013059901037474
vm_status01_delta1	0.000520629725057781	0.000561646834563682	0.000309609722871152
Master_mpagado_rank	0.000519427559819989	0.000854382138861674	0.00108081939620475
rf_018_023	0.000516948148895768	0.000881917265823153	0.00126658522992744
mcuenta_corriente_rank_lag1	0.000512744100063427	0.00108817608124505	0.000585443839610905
ctarjeta_debito_transacciones_delta2	0.000511216044091535	0.00156664185436154	0.000844390153284959
mpagomiscuentas_rank_lag2	0.000508754753808988	0.00120495976692683	0.000872536491727791
Visa_mpagominimo_rank_lag1	0.000508703094221569	0.000786288805609959	0.00103578525469622
vm_mconsumospesos_rank_lag2	0.000505874104434092	0.000284140456375594	0.000388419470511081
mtransferencias_emitidas_rank_delta1	0.000501695848689533	0.00165714946189987	0.000737434067202198
vmr_msaldopesos_tend6	0.000499806072440983	0.000794050192200775	0.000962604774744853
Master_mconsumototal_rank_delta1	0.000498313024294315	0.00046279638312871	0.000568556036545206
Visa_status_tend6	0.000498261777822003	0.00131450872094698	0.0006867706580051
cextraccion_autoservicio_lag2	0.00049797744539647	0.00114533485783127	0.000743063334890764
Visa_msaldopesos_rank_delta1	0.000494586992533677	0.0007838275040937	0.00129473156837027
rf_008_024	0.000494363112678567	0.000606310797081353	0.0014073169221416
Master_mpagospesos_rank_tend6	0.000492633237443613	0.00102556853235252	0.00126658522992744
rf_010_022	0.000491468043650716	0.000601871472283454	0.000298351187494019
thomebanking_delta1	0.000488177704684701	0.00135599774969408	0.000692399925693667
vm_status05	0.000486637230560584	0.000608435641655618	0.000771209673333596
mtransferencias_recibidas_rank_lag1	0.000485053070702173	0.00115021423753408	0.00090631209785919
vm_mpagominimo_rank	0.000484123106931622	0.000630772466687948	0.00100200964856482
Visa_mpagominimo_rank_delta1	0.000483947369024252	0.000821984604575221	0.000951346239367721
Master_msaldopesos_rank	0.000483345188996082	0.000878663272467258	0.00115399987615611
rf_012_014	0.000482979615816508	0.000534564185060775	0.000197024369099824
mpagomiscuentas_rank	0.000481952791986791	0.00123389907698551	0.000365902399756816
mrentabilidad_rank_tend6	0.000480770650063142	0.00154063319341229	0.000698029193382233
Visa_cconsumos_lag2	0.000480187673070418	0.000901044292140073	0.00121592182073034
Master_mconsumospesos_rank_tend6	0.000472970377187726	0.000897919943212485	0.00116525841153324
Visa_cconsumos	0.000472276952518538	0.000673870369498706	0.00131724863912454
vmr_msaldopesos_delta1	0.000470271710745768	0.000617644945889541	0.00076558040564503
cdescubierto_preacordado_lag2	0.000467338146173628	0.0011578715660674	0.00020265363678839
mtarjeta_visa_consumo_rank_delta2	0.000466720218869005	0.000935660581416721	0.00100763891625338
vm_Fvencimiento_tend6	0.00046516523827679	0.000724655558112098	0.000501004824282409
cliente_antiguedad	0.000463062394752493	0.000757690195587733	0.000714916996447932
Master_status	0.000460011454723349	0.000699377706281479	0.00056292676885664
Master_mlimitecompra_rank_tend6	0.000459407880961734	0.00083189271579366	0.00119340474997608
rf_012_020	0.000458193534265024	0.000500536356751886	0.000309609722871152
mextraccion_autoservicio_rank_tend6	0.000455943166206594	0.000989253701690745	0.00048411702121671
active_quarter_lag1	0.000455869047662511	0.00102975038311132	0.00115399987615611
catm_trx_tend6	0.000450004608081454	0.00179338487286797	0.000652995051873702
rf_008_022	0.000449653995364429	0.000651419543253788	0.000540409698102374
mttarjeta_visa_debitos_automaticos_rank_delta2	0.000448940482337461	0.000825318015367778	0.000579814571922339
vm_status06_tend6	0.000448192013370685	0.000378483897987795	0.00014073169221416
rf_014_015	0.000447573170671698	0.000778431054765452	0.000985121845499119
cmobile_app_trx_lag2	0.00044712209701196	0.000896508347480385	0.000692399925693667
mtarjeta_visa_consumo_rank_lag2	0.000445847781452399	0.00074018638294888	0.000900682830170623
Master_mpagominimo_rank_delta2	0.000445286678469181	0.000739171746596037	0.00096823404243342
ctarjeta_master_transacciones_tend6	0.000445059256901532	0.00162433446846455	0.000585443839610905
cmobile_app_trx_tend6	0.000444497385190714	0.00141826257924616	0.00074869260257933
ctarjeta_debito_transacciones_tend6	0.000441267347986773	0.00122044568142045	0.000349014596691116
mtarjeta_master_consumo_rank	0.000440436943874379	0.000392684078177738	0.000236429242919789
vm_fechaalta_lag1	0.000438307719149407	0.000985131663227342	0.00102452671931908
rf_017_015	0.000438248018390701	0.00044544716226872	0.00113711207309041
Master_mpagominimo_rank_lag2	0.000436736202258155	0.000451275308117012	0.00088942429479349
Visa_msaldototal_rank_delta2	0.000434461967152849	0.000609327074904273	0.00117088767922181
cliente_edad_lag2	0.000433857992729516	0.000935351679027904	0.000861277956350658
Master_mpagominimo_rank_lag1	0.000433723542102877	0.000711948103665186	0.000979492577810553
mtarjeta_master_descuentos_rank_delta2	0.000431064228807528	0.000742563691643488	0.00100200964856482
Master_msaldopesos_rank_lag2	0.000430794777849369	0.000638852494336191	0.00108081939620475
Master_mpagado_rank_delta1	0.000427695397184394	0.000980006030681016	0.00109770719927045
cprestamos_personales	0.000426618255651484	0.000674815403765925	6.19219445742303e-05
vm_status06	0.000420983913760198	0.000265109947677223	0.000275834116739753
vm_fultimo_cierre_tend6	0.000420802541955245	0.000845698569367776	0.000928829168613455
vm_status04	0.000420461750810946	0.000445373189284588	0.00034338532900255
Master_mlimitecompra_rank_lag2	0.000420442636024725	0.000509599913247204	0.000979492577810553
ccajas_transacciones	0.000418911387502411	0.000860302968207016	0.00054603896579094
vm_cconsumos_delta2	0.00041795760749903	0.000357349453457737	0.000151990227591293
Visa_msaldototal_rank_tend6	0.000416008151508933	0.000602188784178761	0.00100763891625338
rf_002_016	0.000412932549157505	0.00177245729197322	0.000298351187494019
Visa_mfinanciacion_limite_rank_delta1	0.000411517426967046	0.000751332148587387	0.00122155108841891
vmr_mconsumosdolares_lag1	0.000411473359768477	0.000860321116382114	0.00088942429479349
Master_mpagominimo_rank	0.000410174799565526	0.000713717371811578	0.00088942429479349
rf_018_016	0.000408945153904338	0.00104091963913421	0.00106956086082762
cplazo_fijo	0.000407663004719809	0.000138764832042998	1.12585353771328e-05
mtransferencias_emitidas_rank_delta2	0.000407566832296983	0.00111516042387271	0.000619219445742303
Master_mfinanciacion_limite_rank_delta1	0.000406992938983315	0.00110163893430981	0.00118214621459894
vm_fultimo_cierre_lag2	0.000406096867393774	0.000596494372488375	0.000602331642676604
rf_011_015	0.000405958006193349	0.000503244933544058	0.000973863310121986
rf_007_015	0.000403147012701993	0.000602512639641426	0.000641736516496569
mpasivos_margen_rank_tend6	0.000400356839187586	0.00139333810561375	0.00090631209785919
Visa_msaldototal_rank_lag2	0.00039621747249849	0.000623821383334856	0.000821873082530694
vmr_mpagominimo_lag1	0.00039426283269325	0.000579473812523331	0.000793726744087862
Master_mpagospesos_rank_lag2	0.000393812346804399	0.000777306276882332	0.000928829168613455
vm_Finiciomora_lag1	0.000390837358472087	0.00160418782143683	0.000225170707542656
mpagomiscuentas_rank_delta1	0.00038903574641586	0.00134411969240996	0.000703658461070799
Visa_fultimo_cierre_lag2	0.000388289966041724	0.000692385878997251	0.000675512122627967
ctarjeta_visa_debitos_automaticos_lag2	0.000386456062876051	0.00116700623273613	0.000720546264136499
Master_fultimo_cierre_lag2	0.000383332549210965	0.000550887625054764	0.000917570633236322
catm_trx_delta2	0.000381821045880837	0.00149328417004764	0.000720546264136499
vmr_msaldopesos_delta2	0.000380401700313777	0.000571693817662836	0.000754321870267897
Master_cconsumos_lag2	0.000380276481575998	0.00047052400388952	0.00103578525469622
vm_mconsumosdolares_rank_lag1	0.0003780847390213	0.000985740547282288	0.000799356011776428
rf_009_027	0.000377451618591477	0.000306602478255291	8.44390153284959e-05
rf_004_019	0.000377411135564423	0.00097600962359875	0.000731804799513631
vm_msaldopesos_rank_lag2	0.000375261991263488	0.000565066666454839	0.000714916996447932
Master_msaldodolares_rank_tend6	0.000374586355167107	0.000836142634989479	0.000861277956350658
mcuenta_corriente_rank_delta1	0.000373137950461788	0.000942427320208113	0.000472858485839577
vm_mlimitecompra_rank_lag2	0.000372644704501403	0.000694525190989974	0.000934458436302022
rf_005_019	0.000371570963932574	0.000391337483585461	0.000866907224039225
vmr_Master_mlimitecompra_lag1	0.000368302961640251	0.000671317662525896	0.00102452671931908
rf_016_023	0.000365943232517094	0.000846776187556451	0.000101326818394195
matm_rank_lag1	0.000364535042593997	0.00103977303231936	0.000737434067202198
mplazo_fijo_dolares_rank	0.000364096093241533	0.00131564052805285	0.00014073169221416
Master_mpagospesos_rank_delta1	0.000363869210860167	0.000826822678009078	0.00105830232545048
Master_mpagominimo_rank_tend6	0.000360922159056193	0.000778752430829548	0.000782468208710729
matm_other_rank_tend6	0.000358120927725296	0.00153285739052463	0.000517892627348108
mpasivos_margen_rank	0.000357020966810424	0.000995180665630486	0.000804985279464994
rf_020_023	0.00035635940687193	0.000728717784280107	0.000607960910365171
vmr_mconsumosdolares_tend6	0.000355859050759009	0.00148401553917371	0.00074869260257933
vm_mfinanciacion_limite_rank_delta2	0.00035477781985443	0.00146114942644877	0.000804985279464994
cmobile_app_trx	0.000354155730482684	0.00195410835775939	0.000607960910365171
ctransferencias_recibidas_lag2	0.000353446831289321	0.0014632197242545	0.000630477981119436
catm_trx_lag2	0.000352382999694093	0.000695580213422612	0.000495375556593843
mttarjeta_visa_debitos_automaticos_rank_lag2	0.000349873292764231	0.000607361116324952	0.000731804799513631
rf_014_021	0.000347627739599326	0.000477325735429798	0.000900682830170623
ccajas_extracciones_tend6	0.000347034227823038	0.00265466040433457	0.000495375556593843
cproductos_delta2	0.000345526796866424	0.000718590310190271	0.000101326818394195
mplazo_fijo_dolares_rank_delta2	0.000344364007228072	0.0015012062318901	0.000213912172165523
ctarjeta_master_descuentos_delta2	0.000344122860038034	0.000694872587958647	0.000709287728759366
vmr_mpagominimo_delta2	0.000344089287570234	0.000484205069589228	0.000591073107299471
vmr_msaldopesos2_lag1	0.000335631423812114	0.000512280909925389	0.000934458436302022
rf_014_022	0.000335194337703341	0.000507015178579468	0.00120466328535321
numero_de_cliente	0.000334618549099171	0.00175453371971259	0.000529151162725241
vmr_Master_mlimitecompra	0.000333074340347246	0.000704001298958649	0.000866907224039225
Master_mpagospesos_rank	0.000331039457500246	0.000648168719438333	0.000743063334890764
rf_011_025	0.000330469945532612	0.000712657083852081	0.000703658461070799
vm_msaldopesos_rank	0.000326264297676947	0.000316178861281585	0.000467229218151011
rf_012_015	0.000324961248494034	0.000550109630680876	0.000270204849051187
mcajeros_propios_descuentos_rank_delta2	0.00032416514825589	0.000925902358788106	0.000698029193382233
vm_msaldototal_rank_lag1	0.000324073516387909	0.000576640320052701	0.000585443839610905
ccomisiones_otras_lag2	0.000324018732878868	0.000638286782489331	0.000799356011776428
mtransferencias_recibidas_rank_tend6	0.000323149538679037	0.000464179018463083	0.000534780430413808
Master_msaldopesos_rank_tend6	0.000321159730151841	0.000500672749234031	0.000652995051873702
mautoservicio_rank_tend6	0.000319612735296424	0.000820472069204442	0.000410936541265347
Master_Fvencimiento_delta2	0.000318782198783917	0.000333238605968355	0.000574185304233772
vm_msaldopesos_rank_delta2	0.000317929370957908	0.000436696981303969	0.000714916996447932
Master_cconsumos_tend6	0.00031627265204005	0.000539468997769535	0.000776838941022162
vm_mpagospesos_rank_lag2	0.000315023205911114	0.000510834474809263	0.000681141390316534
mcaja_ahorro_rank	0.000313865676109496	0.000652118171312633	0.00034338532900255
mcaja_ahorro_rank_tend6	0.000312938789286641	0.00136270513628465	0.000529151162725241
Master_msaldototal_rank_lag1	0.000312194943811494	0.000499291289696918	0.000883795027104924
Master_cconsumos_delta2	0.00031089675757376	0.000344451085320955	0.000872536491727791
rf_019_018	0.000309802105775524	0.000573592372386195	0.000743063334890764
Visa_mpagado_rank_tend6	0.000308659619156502	0.000839041205282362	0.000675512122627967
ctarjeta_debito_tend6	0.000303112507911324	0.00233190883637029	0.000303980455182585
vm_cconsumos_lag1	0.000302504447652934	0.000829189762379687	0.000455970682773878
Master_msaldopesos_rank_delta2	0.000300352664567142	0.000313217615882589	0.000720546264136499
rf_004_015	0.000300281228223039	0.000189483562550397	0.000230799975231222
mpayroll_sobre_edad_rank_lag1	0.000299395678629981	0.00145260685038282	0.000489746288905276
Master_mconsumospesos_rank_delta2	0.000298864272763146	0.000614550349744789	0.000776838941022162
rf_011_027	0.000297618546045366	0.000385640004597875	0.000900682830170623
Visa_mpagado_rank	0.000296925107219617	0.000668913029325402	0.000461599950462444
vm_mpagospesos_rank_delta1	0.000295478798693635	0.00102991177406564	0.000804985279464994
rf_002_021	0.00029495383266932	0.000780376692500826	0.000731804799513631
ctarjeta_visa_debitos_automaticos_delta2	0.000294157535426465	0.0010017820259812	0.000517892627348108
vmr_Visa_mlimitecompra_tend6	0.000293293828754214	0.000705600689961799	0.000472858485839577
vmr_mpagospesos_delta1	0.000291780104969353	0.000610378416580272	0.000551668233479507
mplazo_fijo_dolares_rank_tend6	0.000291183560900876	0.000930257409595444	0.000129473156837027
mttarjeta_visa_debitos_automaticos_rank_tend6	0.000291142024754603	0.00157418899024296	0.000455970682773878
mv_status07_rank	0.000290557978968741	0.000791169131062741	0.000382790202822515
rf_014_019	0.000290107921735825	0.000401777745307233	0.000185765833722691
rf_008_016	0.000289743597034012	0.000734085784426827	0.00048411702121671
rf_008_019	0.000289492045429009	0.000487638320905634	0.000191395101411257
mpayroll_sobre_edad_rank	0.000289043711884672	0.000884337209948836	0.000191395101411257
ccomisiones_otras_tend6	0.000288657070908939	0.000845886236834776	0.00056292676885664
vm_mfinanciacion_limite_rank_lag2	0.000288471629029558	0.000536275404607664	0.000652995051873702
mcaja_ahorro_dolares_rank_tend6	0.000288428587565504	0.00104082084660357	0.00042219507664248
mforex_sell_rank_tend6	0.000285113101537016	0.00201777496769253	0.000439082879708179
Master_fechaalta_delta1	0.000283723349825191	0.000366849741952669	0.000523521895036675
mpayroll_sobre_edad_rank_delta2	0.000281020849392557	0.000610854256619181	0.000264575581362621
mcomisiones_mantenimiento_rank_lag1	0.000278824717143343	0.000713579880214603	0.000467229218151011
Visa_fechaalta_delta2	0.000277999784852532	0.000440475354676958	0.000371531667445382
Master_msaldodolares_rank_delta2	0.000277920523699786	0.000607550700852702	0.000788097476399295
vmr_mpagospesos	0.000273745353612979	0.000384442352845453	0.000506634091970976
rf_020_024	0.000272786281319183	0.00057401031719046	0.000433453612019612
Visa_mpagospesos_rank_delta2	0.000272309279830997	0.000521460205768376	0.000956975507056287
Visa_fultimo_cierre_tend6	0.000269882204076704	0.000631595422526621	0.000557297501168073
rf_017_023	0.000267529753487003	0.00084000510342736	0.000523521895036675
vmr_msaldototal	0.000264286747097444	0.000379894522409115	0.00074869260257933
Master_mpagosdolares_rank_lag1	0.000262395878748675	0.000404265425579409	0.000799356011776428
vm_mlimitecompra_rank_delta1	0.000258857726470895	0.0005127498485456	0.000793726744087862
vmr_msaldodolares2_tend6	0.000258840932587094	0.00138982326419184	0.000427824344331046
vm_fultimo_cierre_delta2	0.00025852653589998	0.000371695151338995	0.00048411702121671
rf_017_021	0.000257598773211656	0.00052490516393576	0.000517892627348108
vmr_mconsumosdolares	0.000255132777973616	0.000562712950387859	0.00020265363678839
rf_011_016	0.000254555151881008	0.000612672831568058	0.00054603896579094
vm_mpagominimo_rank_tend6	0.000254238686592678	0.000556776196657889	0.000675512122627967
ccaja_ahorro_lag2	0.000253830164129104	0.000728922960901955	0.000174507298345558
vm_fechaalta_delta2	0.00025367232356675	0.000638249795997265	0.000613590178053737
Visa_mpagosdolares_rank	0.000252026158963477	0.000528860085823401	0.000816243814842127
vmr_mpagominimo_delta1	0.000251875607777386	0.000678864951772176	0.000613590178053737
matm_rank_delta1	0.000251450413859426	0.000889739717189053	0.000501004824282409
vmr_Visa_mlimitecompra_lag2	0.000249618435210104	0.000331770418602921	0.000574185304233772
vmr_msaldopesos2	0.000248266441067501	0.000365663004666115	0.000619219445742303
rf_012_018	0.000246383146647908	0.000808855933540364	0.000444712147396745
mplazo_fijo_dolares_rank_delta1	0.000245770360796778	0.00126038245329803	0.000163248762968425
cliente_antiguedad_lag1	0.000245058178565759	0.00069249497253432	0.000512263359659542
mtarjeta_visa_descuentos_rank_delta1	0.00024390707132211	0.000399764857080757	0.000427824344331046
vm_mconsumosdolares_rank	0.000243559977163651	0.000347394335909713	0.000242058510608355
Visa_mconsumosdolares_rank_tend6	0.000243273073463539	0.000483125687704663	0.000669882854939401
ccomisiones_mantenimiento_lag2	0.000241716386038976	0.000496115026764225	0.000157619495279859
ctransferencias_recibidas_tend6	0.000241599684823932	0.000660464210310518	0.000349014596691116
Master_Fvencimiento_delta1	0.000239672359251515	0.000387738700463513	0.000529151162725241
ctarjeta_master_transacciones_delta2	0.000239492378545875	0.000814392686154687	0.00034338532900255
ctarjeta_debito_transacciones_delta1	0.000236027712824126	0.00151830250297436	0.000332126793625417
rf_003_025	0.000235559505877969	0.000466910778909923	0.000669882854939401
mtransferencias_emitidas_rank	0.000234485643084352	0.00134529817355488	0.000320868258248285
Visa_Fvencimiento_delta1	0.000233069948701425	0.000635629455121203	0.000394048738199648
thomebanking_tend6	0.000232947972688839	0.00186823295689119	0.000230799975231222
Visa_status	0.000232200991921566	0.000279051324665944	0.000253317045985488
mtransferencias_recibidas_rank_delta1	0.000230701774220304	0.000550014007690676	0.000523521895036675
vm_mconsumospesos_rank_delta1	0.000228834475629002	0.000511347505826719	0.000596702374988038
mprestamos_prendarios_rank_lag1	0.00022808871009225	0.00186064395240299	0.000185765833722691
mttarjeta_visa_debitos_automaticos_rank	0.000226491202722021	0.000331987966656808	0.00048411702121671
vm_mlimitecompra_rank_lag1	0.000224960289650576	0.000309316959594573	0.000495375556593843
mautoservicio_rank_lag1	0.000221425226275855	0.000414448417748559	0.000410936541265347
mcaja_ahorro_rank_lag2	0.000220765040917722	0.000886366968309911	0.000365902399756816
vmr_mconsumosdolares_delta2	0.000220101677802202	0.000661137507606656	0.000410936541265347
ccaja_ahorro_lag1	0.000217909836107459	0.00046910330850906	0.000101326818394195
matm_other_rank	0.000215657664493732	0.000791690827194785	0.000275834116739753
rf_010_021	0.000212656571620598	0.000495738541593775	0.000354643864379683
vmr_mconsumospesos_tend6	0.000210166185777979	0.000617727200576112	0.000461599950462444
rf_019_022	0.000208866727360289	0.00049474476286189	0.000489746288905276
rf_005_015	0.00020580724766535	0.000754894098582129	0.000388419470511081
mttarjeta_visa_debitos_automaticos_rank_lag1	0.000204858035145847	0.000312111650755626	0.000489746288905276
vm_mfinanciacion_limite_rank	0.000204534339811717	0.000392726509122334	0.00054603896579094
cextraccion_autoservicio_tend6	0.000202090169811384	0.000852124275832184	0.000365902399756816
vmr_mpagado_lag2	0.000201590261097308	0.00056968218191605	0.000416565808953913
vm_mpagado_rank_lag1	0.000201370700361219	0.000774611349562697	0.000337756061313984
vm_cconsumos_tend6	0.000197233982482454	0.000671791457700006	0.000309609722871152
Visa_msaldodolares_rank_lag1	0.000197149953141351	0.000351320169595577	0.000258946313674054
rf_018_018	0.000196442867824211	0.000361885704847146	0.000326497525936851
vm_mpagominimo_rank_delta1	0.000194934422548882	0.000660308749464114	0.000529151162725241
rf_017_016	0.000193356404987147	0.000567797353347659	0.000236429242919789
mttarjeta_master_debitos_automaticos_rank_delta2	0.000192357560757038	0.000764443642757926	0.000298351187494019
vm_mconsumosdolares_rank_delta1	0.000192082543510149	0.000910616968848918	0.000433453612019612
mttarjeta_master_debitos_automaticos_rank_tend6	0.000191480844539976	0.00153322996489115	0.000298351187494019
Visa_mpagosdolares_rank_delta1	0.000189834713535401	0.000326052797697057	0.000731804799513631
Visa_Fvencimiento_tend6	0.000189325917838287	0.000550488211837746	0.000399678005888214
vmr_mpagado	0.000186580004784933	0.000788512161545953	0.000332126793625417
ctarjeta_debito_lag2	0.000185916250233581	0.00114220940978885	0.000213912172165523
vm_mpagado_rank_tend6	0.00018544501909288	0.000491266447837459	0.000270204849051187
vmr_mconsumospesos_delta2	0.000185234046215905	0.00052500393090559	0.000433453612019612
Master_mpagospesos_rank_delta2	0.000184041616967809	0.00075102544442823	0.000551668233479507
vm_status05_delta2	0.000182799075575821	0.000169053190531714	5.06634091970976e-05
vm_mpagado_rank_lag2	0.000182325422101914	0.000503047348482779	0.00034338532900255
vmr_msaldodolares2_delta2	0.000181592649831811	0.00136513691506537	0.000410936541265347
mplazo_fijo_dolares_rank_lag1	0.000178602648076526	0.000920421303178768	0.000129473156837027
Master_msaldodolares_rank_delta1	0.000178057173836832	0.000337255793989149	0.000433453612019612
mtarjeta_visa_descuentos_rank_lag1	0.000177017810585175	0.000611642245269778	0.000394048738199648
matm_rank_delta2	0.000176778259377434	0.000990653871740776	0.000489746288905276
cforex_tend6	0.000176637868977823	0.00125196903600499	0.000242058510608355
minversion2_rank	0.000176420513007055	0.00108481805539247	9.00682830170623e-05
rf_004_009	0.000176414202419068	0.000712418984906956	0.000292721919805453
rf_019_023	0.000176227994758812	0.000823356427686966	0.000303980455182585
rf_005_008	0.000175877869997596	0.000461588992707678	0.000303980455182585
vm_cconsumos	0.000173192199706236	0.000542880624640683	0.000287092652116886
mpayroll_rank_lag2	0.000172332585009406	0.000569313927326418	0.000247687778296921
ctarjeta_debito_transacciones_lag2	0.000172138046273985	0.000394598199434385	0.000529151162725241
mv_status07_rank_lag2	0.000171798187969509	0.000758612761902965	0.000377160935133948
vm_mconsumospesos_rank_lag1	0.000171297239143123	0.000372474602679052	0.000360273132068249
mprestamos_prendarios_rank_lag2	0.000169216674771859	0.000969648713787685	0.000135102424525593
mcaja_ahorro_dolares_rank	0.000166887027475063	0.000942493343780336	0.000236429242919789
ccajeros_propios_descuentos_lag2	0.000166249164680641	0.000527016410159106	0.000382790202822515
cseguro_vida_lag2	0.00016494572486318	0.00149514203196148	0.000236429242919789
vmr_mpagospesos_lag2	0.00016432390174927	0.000474593540449188	0.000410936541265347
ccallcenter_transacciones_delta2	0.00016371581647197	0.000633966059849819	0.000354643864379683
rf_010_026	0.000163015001547924	0.000406281432224706	0.00020265363678839
ctrx_quarter_normalizado_lag1	0.000162251627023828	0.000416077535973736	0.000298351187494019
mpayroll_rank_tend6	0.000160561142483241	0.000463710233207733	0.000180136566034125
vmr_mpagado_delta1	0.000159703707321212	0.00145846278083157	0.000365902399756816
rf_005_013	0.000158916218491427	0.000645485575652107	0.000157619495279859
mautoservicio_rank	0.000158745202034702	0.000678584447443266	0.000298351187494019
mtarjeta_visa_descuentos_rank	0.000158743522412154	0.000913692215460502	0.000382790202822515
vmr_mpagado_tend6	0.000158178480818348	0.00054544966497108	0.000225170707542656
rf_014_017	0.000157989032125192	0.000260624460056469	0.000253317045985488
Visa_mpagado_rank_delta1	0.000157584347570422	0.000363625705866091	0.000326497525936851
rf_010_016	0.000157120847193562	0.000479502468448357	0.000388419470511081
vm_status03_tend6	0.000154007794532366	0.000617984342324685	0.000106956086082762
rf_001_023	0.000153555124633334	0.000667762537267424	0.000213912172165523
vmr_mconsumosdolares_lag2	0.000153527580600373	0.000475549208013366	0.000320868258248285
vmr_Visa_mlimitecompra_delta2	0.000151853594617616	0.000491608374792793	0.000219541439854089
ctarjeta_debito_delta2	0.000151049237267118	0.000751941467176103	9.56975507056287e-05
cproductos_lag1	0.000150410676273734	0.000760139560205723	0.000151990227591293
rf_003_017	0.000150319751429995	0.000353255838615051	0.000388419470511081
Visa_mpagado_rank_lag1	0.00014892940722453	0.000235248531397891	0.000292721919805453
cpagomiscuentas_delta2	0.00014859777613086	0.000939136033630432	0.000146360959902726
vm_msaldototal_rank_delta1	0.000148386643926286	0.000340205051368256	0.000399678005888214
rf_009_021	0.000146912673653497	0.000207439775965392	0.00040530727357678
ccajas_depositos_tend6	0.00014622888396402	0.00128972099764806	0.000168878030656992
mcaja_ahorro_dolares_rank_delta1	0.000144662521957329	0.000626619371840399	0.000208282904476957
vm_msaldodolares_rank_lag2	0.000144181311335426	0.00117379707537135	0.00028146338442832
Visa_msaldodolares_rank_tend6	0.000143866463372652	0.000675304484304414	0.000275834116739753
Master_mpagado_rank_lag1	0.000143092049609872	0.000286053913051181	0.000354643864379683
vm_cconsumos_delta1	0.000142192381860406	0.000336141828328657	0.000118214621459894
rf_015_015	0.000141600599977572	0.000406396481430503	0.000242058510608355
vm_mpagado_rank_delta2	0.000141583303187526	0.000376727384685591	0.000151990227591293
cliente_edad_delta2	0.00014152063858108	0.000230916970974941	0.000129473156837027
mtarjeta_visa_descuentos_rank_delta2	0.000141261166875905	0.000400424198174637	0.000394048738199648
mautoservicio_rank_delta1	0.000140635944576381	0.000521057750814968	0.000270204849051187
rf_013_018	0.000140524582216001	0.000428348514029134	0.000258946313674054
vm_mpagado_rank_delta1	0.000140322480303756	0.000722447998756682	0.000208282904476957
rf_009_020	0.000140271826633051	0.000235856980919067	0.000146360959902726
mpagomiscuentas_rank_delta2	0.000139087484972955	0.000506793438552742	0.000185765833722691
rf_001_016	0.000138351930755388	0.000705147752408647	0.000320868258248285
Master_status_tend6	0.000136586444681753	0.000321850447168643	0.000354643864379683
ccajas_otras_delta2	0.00013645828506273	0.000394530463287892	0.000106956086082762
mpayroll_sobre_edad_rank_lag2	0.000136317041151542	0.000622546282328141	0.00028146338442832
ccajas_consultas_lag2	0.000135335546854554	0.000484432151825244	0.000275834116739753
rf_016_027	0.000134728275538202	0.000286334519623331	0.000354643864379683
mv_status07_rank_delta2	0.000133266544429532	0.00100145318616058	0.000371531667445382
ccajas_depositos_delta2	0.000131957224299428	0.000959157662736448	0.000275834116739753
vm_cconsumos_lag2	0.000131802831347083	0.000223714573737955	0.000242058510608355
rf_010_017	0.000130075663392253	0.000283464909728176	0.000298351187494019
mcheques_emitidos_rank_tend6	0.000128898795721453	0.00194255338911363	0.000213912172165523
rf_019_020	0.000128487306349512	0.000383284601517435	0.000315238990559718
tcallcenter_tend6	0.000128273500591505	0.000487691461829618	0.000185765833722691
rf_020_012	0.000128063029664703	0.000627576496370747	7.88097476399295e-05
mcaja_ahorro_dolares_rank_lag1	0.000127077843518332	0.000760125629564274	0.000258946313674054
active_quarter	0.000125450835264141	0.000282740593055283	0.000287092652116886
matm_rank_tend6	0.000123689689035179	0.000467019642399702	0.000258946313674054
rf_002_020	0.000123208398635404	0.000978283947789879	0.000129473156837027
mttarjeta_master_debitos_automaticos_rank_lag2	0.000121089973351942	0.000621621952317019	0.000264575581362621
rf_013_022	0.000117033832672204	0.000472465858625014	7.88097476399295e-05
ccuenta_debitos_automaticos_tend6	0.000115068189463355	0.000557196416374244	0.000101326818394195
ctransferencias_recibidas_delta2	0.000114257901060313	0.000945597141816687	0.000219541439854089
rf_017_017	0.000113949528031305	0.00052839298758151	0.000146360959902726
rf_006_014	0.00011372059409626	0.000603036380638271	0.000123843889148461
mpagomiscuentas_rank_lag1	0.000111561742123153	0.00047900587303173	0.00020265363678839
vmr_msaldodolares2_lag1	0.000111162065115882	0.000520813696201114	0.000247687778296921
cforex_sell_tend6	0.000110799572652072	0.00141805727482026	0.000208282904476957
vm_mpagosdolares_rank_lag2	0.000110371212220568	0.000403445076943356	0.00014073169221416
mcajeros_propios_descuentos_rank_lag2	0.000110187482738609	0.000222709292641572	0.000157619495279859
catm_trx_lag1	0.000109944101053174	0.000559575412082312	0.000151990227591293
ctransferencias_emitidas_delta2	0.000109199550851075	0.00035600454587892	0.000106956086082762
mforex_sell_rank_lag2	0.000108642622825461	0.00052113318076527	0.000213912172165523
ctarjeta_visa_transacciones_delta1	0.000106304612343313	0.000836567992428644	0.000174507298345558
mcaja_ahorro_adicional_rank_tend6	0.000105676446931501	0.00147373809981162	0.000185765833722691
tcuentas_lag1	0.000103039581348737	0.000684718453943985	7.31804799513631e-05
ctarjeta_master_transacciones_delta1	0.000102213608264897	0.00107024251470771	0.000146360959902726
vm_mconsumosdolares_rank_delta2	0.000100604532461403	0.000434819258640758	0.000197024369099824
cextraccion_autoservicio_delta2	9.99427713722384e-05	0.000371592166835516	0.000185765833722691
mttarjeta_master_debitos_automaticos_rank_lag1	9.95192327273943e-05	0.000557956364816274	0.000236429242919789
ccomisiones_mantenimiento	9.95003918204856e-05	0.000305795958017447	2.8146338442832e-05
vmr_mpagado_delta2	9.93924297305279e-05	0.000529692320236102	0.000151990227591293
ccajas_transacciones_tend6	9.74895311638477e-05	0.000791389184076007	0.000174507298345558
vm_status01_lag2	9.69084353730525e-05	0.000928237287659738	0.000236429242919789
minversion2_rank_lag1	9.63437559924896e-05	0.000611481135484365	6.75512122627967e-05
ctarjeta_visa_transacciones_lag1	9.43862203962398e-05	0.000301546550037827	0.000208282904476957
cseguro_accidentes_personales_lag1	9.39713131021136e-05	0.000420214271902887	0.000123843889148461
Master_msaldodolares_rank_lag1	9.35946764170242e-05	0.000173910869106839	0.000275834116739753
ctarjeta_visa_descuentos_delta2	9.3560982098968e-05	0.000204129957800463	0.000208282904476957
mtarjeta_master_consumo_rank_tend6	9.27773559932673e-05	0.000502154253781474	0.000197024369099824
ctarjeta_master_transacciones_lag1	8.97025666743084e-05	0.000387980684651757	0.000118214621459894
rf_008_017	8.73491730846943e-05	0.000350382880253786	0.000242058510608355
vmr_msaldodolares2_lag2	8.45039105160016e-05	0.00062689233573036	0.000174507298345558
ctransferencias_recibidas_delta1	8.43783362928806e-05	0.000543602640840676	9.00682830170623e-05
ctarjeta_visa_descuentos_lag1	8.38589218283264e-05	0.000333397338598438	0.000242058510608355
vm_msaldodolares_rank_tend6	8.36909847310894e-05	0.000703431139530849	0.000163248762968425
ctarjeta_visa_descuentos_lag2	8.32695999894636e-05	0.00022121781937823	0.000163248762968425
cpayroll_trx_delta2	8.29753139685434e-05	0.000426481194615592	6.19219445742303e-05
minversion2_rank_lag2	8.18880158288892e-05	0.00052293031019456	9.00682830170623e-05
ccallcenter_transacciones_delta1	8.15135339870237e-05	0.000547120575120603	7.31804799513631e-05
ccheques_emitidos_tend6	8.07299841444516e-05	0.000606321455939122	9.56975507056287e-05
rf_018_008	8.03608815985669e-05	0.000280922887173945	0.000135102424525593
rf_016_017	7.90487385585798e-05	0.000358129773865334	0.000151990227591293
mv_status07_rank_lag1	7.89765098399688e-05	0.000535879390978376	0.00020265363678839
mextraccion_autoservicio_rank_delta1	7.78857856076165e-05	0.000301939828660446	0.00014073169221416
vm_mconsumosdolares_rank_tend6	7.53276747111296e-05	0.000248405907222375	0.000174507298345558
ccajas_otras_tend6	7.5152830195378e-05	0.00100084665370016	0.000112585353771328
rf_017_018	7.42153354421168e-05	0.000419596876098213	0.000157619495279859
vm_Fvencimiento_delta1	7.36803926350509e-05	0.000273467949134186	0.000230799975231222
internet_delta1	7.34326976849303e-05	0.000671989809585585	0.000106956086082762
catm_trx_other_tend6	7.24300398552182e-05	0.000448108426001588	0.000129473156837027
vm_status05_tend6	7.18678939608764e-05	0.000205597531706457	6.19219445742303e-05
vmr_msaldodolares_tend6	7.14527512881746e-05	0.000353150758125152	0.000151990227591293
vmr_mpagosdolares_delta1	7.00553784611913e-05	0.000673506230199484	0.000123843889148461
rf_002_023	7.0036649354495e-05	0.000223609084275096	0.000163248762968425
ccomisiones_mantenimiento_delta2	6.8456218426788e-05	0.000455706530138142	6.19219445742303e-05
matm_other_rank_lag1	6.84494598746066e-05	0.000449266867471475	0.000151990227591293
cplazo_fijo_lag1	6.81154234803183e-05	0.000704235538221464	7.88097476399295e-05
Visa_msaldodolares_rank	6.79982577534908e-05	0.000532834024953679	0.000185765833722691
mttarjeta_master_debitos_automaticos_rank	6.7285532335993e-05	0.000717623600356174	0.000157619495279859
mtarjeta_master_consumo_rank_delta1	6.69538724399037e-05	0.000520114914777408	0.00014073169221416
Master_Finiciomora	6.61766643726042e-05	0.00082350956249966	7.88097476399295e-05
Visa_Fvencimiento_delta2	6.57015055260764e-05	9.44083149479737e-05	0.000157619495279859
rf_010_015	6.4978086756169e-05	0.000150625891388469	0.000191395101411257
ccallcenter_transacciones_lag2	6.48109902047937e-05	0.000174781879268306	0.000123843889148461
ctransferencias_emitidas_lag2	6.47858059008567e-05	0.000503313359832421	8.44390153284959e-05
cproductos_lag2	6.46320478960505e-05	0.000192869628611547	8.44390153284959e-05
rf_014_020	6.31520841646936e-05	0.000195514124453057	2.8146338442832e-05
ctransferencias_emitidas_delta1	6.20144666317835e-05	0.000790093634421295	0.000129473156837027
ccallcenter_transacciones_lag1	6.20049356410864e-05	0.000467770976848762	7.31804799513631e-05
active_quarter_tend6	6.13632547774176e-05	0.000981875190472878	0.000129473156837027
ccomisiones_mantenimiento_delta1	5.79122124161346e-05	0.000482261553401084	5.06634091970976e-05
ctarjeta_master_debitos_automaticos_tend6	5.52856561842015e-05	0.000667080958268846	9.56975507056287e-05
vmr_mconsumosdolares_delta1	5.49703254460543e-05	0.000251459682753561	0.000135102424525593
cforex_buy_tend6	5.46332363783638e-05	0.000561880281441387	5.06634091970976e-05
ctransferencias_emitidas_lag1	5.43147790547504e-05	0.00087204836488725	0.000129473156837027
mforex_buy_rank_tend6	5.4210422356215e-05	0.000998092450862137	0.000101326818394195
cpayroll_trx_delta1	5.39857450650077e-05	0.000618085793179564	6.19219445742303e-05
cextraccion_autoservicio_delta1	5.35464579667108e-05	0.000454991747647378	7.88097476399295e-05
ccajas_consultas_delta2	5.10570240343609e-05	0.000390529761989547	0.000118214621459894
mv_status07_rank_delta1	5.03544543372629e-05	0.000428320422698947	0.000118214621459894
vmr_mpagosdolares_tend6	5.03108056955669e-05	0.000426073831986666	0.000106956086082762
cliente_edad_tend6	5.02582372122858e-05	0.00070427150228113	7.31804799513631e-05
mplazo_fijo_dolares_rank_lag2	4.97726176456287e-05	0.000518652734202323	9.56975507056287e-05
mforex_sell_rank_delta1	4.93934790733218e-05	0.000927109314675368	0.00014073169221416
vm_mpagosdolares_rank_tend6	4.92240332930248e-05	0.000252908776193928	6.75512122627967e-05
cseguro_vivienda_tend6	4.89153480306147e-05	0.000502340949937694	5.06634091970976e-05
cseguro_vivienda_delta2	4.88342823304243e-05	0.000404971747442064	5.06634091970976e-05
ccajas_otras_lag2	4.86374523106921e-05	0.000401065978992049	0.000106956086082762
cseguro_accidentes_personales_lag2	4.85414288818933e-05	0.000169876810951447	6.75512122627967e-05
rf_005_016	4.73947703411884e-05	0.00027446714675779	7.88097476399295e-05
cseguro_accidentes_personales	4.70853978045594e-05	0.000819837419853019	0.000135102424525593
mcuenta_debitos_automaticos_rank_delta1	4.67902808863886e-05	0.000242846149879055	0.000118214621459894
vmr_mpagado_lag1	4.43103446767957e-05	0.000249151158198656	9.56975507056287e-05
vm_mpagado_rank	4.31255522582692e-05	0.000103703196773768	3.94048738199648e-05
rf_020_020	4.19108215479045e-05	0.000297861141330798	0.000106956086082762
ctransferencias_recibidas_lag1	4.16514106342749e-05	0.000342629366392449	5.6292676885664e-05
mcaja_ahorro_adicional_rank	3.96290322847417e-05	0.000942335505778603	7.88097476399295e-05
cpagomiscuentas_lag1	3.90607541227786e-05	0.00025213060289437	6.75512122627967e-05
cextraccion_autoservicio_lag1	3.86829042643939e-05	0.00044798910814052	7.88097476399295e-05
active_quarter_delta1	3.80678022390273e-05	0.00011347862182751	3.37756061313984e-05
rf_011_023	3.77506696088875e-05	0.000139848278096353	7.88097476399295e-05
ctarjeta_visa_descuentos_tend6	3.69254206229097e-05	0.00039747031428892	5.06634091970976e-05
catm_trx_other_lag2	3.49375757060252e-05	0.000132628601751809	6.75512122627967e-05
mforex_sell_rank_delta2	3.47875519092004e-05	0.00016570293516537	7.88097476399295e-05
cpagomiscuentas_delta1	3.46066774309404e-05	0.000292656244712671	4.50341415085312e-05
rf_006_023	3.29291343136773e-05	0.000315218822818897	8.44390153284959e-05
minversion2_rank_tend6	3.25677886285895e-05	0.00057193938036448	8.44390153284959e-05
ccuenta_debitos_automaticos_delta1	3.25172516454282e-05	0.000288303468817422	5.06634091970976e-05
vmr_msaldodolares_delta2	3.20742887739978e-05	0.000226755492181712	6.19219445742303e-05
ctarjeta_debito_lag1	3.04722240555707e-05	0.000177359252422763	3.94048738199648e-05
ctarjeta_debito_transacciones	2.9724461548039e-05	0.000242500669971132	8.44390153284959e-05
ccajeros_propios_descuentos_lag1	2.96827837519997e-05	0.000100248321012104	7.88097476399295e-05
catm_trx_other_delta2	2.96743183268918e-05	0.000103345319872996	7.88097476399295e-05
ctransferencias_emitidas	2.93665383971289e-05	0.000830301095276749	7.31804799513631e-05
mforex_sell_rank	2.85494911264275e-05	0.000167926648952704	4.50341415085312e-05
mcajeros_propios_descuentos_rank_tend6	2.7169017540035e-05	0.000541620757876727	6.75512122627967e-05
catm_trx_delta1	2.66311310272815e-05	0.000127864373498034	3.94048738199648e-05
ctarjeta_master_descuentos	2.43427301365765e-05	9.6922246172017e-05	8.44390153284959e-05
ccheques_depositados_delta1	2.36854790487708e-05	0.000352272667619316	3.94048738199648e-05
cpagomiscuentas_lag2	2.24024550935566e-05	0.000334368035918895	5.6292676885664e-05
ccheques_emitidos_delta1	2.19761841500929e-05	0.000277335146321916	2.25170707542656e-05
mpagodeservicios_rank_lag2	2.18587257457637e-05	0.000311436845371698	5.06634091970976e-05
mtarjeta_master_descuentos_rank_tend6	2.16668024918214e-05	0.000633072888466084	5.6292676885664e-05
vm_mpagosdolares_rank_delta2	2.14677089677092e-05	0.000163604520468642	5.06634091970976e-05
mttarjeta_master_debitos_automaticos_rank_delta1	1.98374010299789e-05	0.000239960871207371	3.37756061313984e-05
ccuenta_debitos_automaticos_lag2	1.74362492517623e-05	6.61827138260383e-05	3.37756061313984e-05
cseguro_accidentes_personales_tend6	1.64447293691825e-05	0.000336553970829053	3.94048738199648e-05
cseguro_vida_lag1	1.59555969964793e-05	0.000155277166422866	3.37756061313984e-05
ccajas_consultas_lag1	1.4875881934135e-05	0.000128570260826919	2.25170707542656e-05
ctarjeta_visa_debitos_automaticos_lag1	1.41603043297085e-05	1.84404885212036e-05	2.25170707542656e-05
cplazo_fijo_lag2	1.39611117979829e-05	0.000161590430884096	2.25170707542656e-05
catm_trx_other_delta1	1.34711909097482e-05	0.000212725240256631	2.25170707542656e-05
ccajas_extracciones_delta1	1.2928787889156e-05	4.87509059889478e-05	1.68878030656992e-05
vmr_msaldodolares_delta1	1.16283606474275e-05	0.000200489331632549	3.37756061313984e-05
rf_011_019	1.08672801924907e-05	0.000141062007598264	2.8146338442832e-05
cextraccion_autoservicio	1.01558159446531e-05	0.000158995574135601	1.68878030656992e-05
rf_006_020	1.00926889127121e-05	0.000239270908263115	2.25170707542656e-05
mpagodeservicios_rank_tend6	1.00121302312533e-05	0.000175994816385108	2.25170707542656e-05
cseguro_vida	9.80412125220695e-06	0.000107204721013676	1.68878030656992e-05
cseguro_vida_tend6	8.73415816561287e-06	0.000193723104057357	2.8146338442832e-05
ccomisiones_mantenimiento_lag1	8.36792175530548e-06	9.48383244545581e-05	2.25170707542656e-05
ctarjeta_debito	8.29974863258273e-06	0.000211344982077587	2.25170707542656e-05
ctransferencias_recibidas	8.02431887149749e-06	0.000141513079212286	1.68878030656992e-05
mcaja_ahorro_adicional_rank_delta2	5.99402408922765e-06	0.000176315732354624	2.8146338442832e-05
catm_trx	5.75069496849014e-06	0.000255782731426783	2.25170707542656e-05
rf_007_022	5.28500245483156e-06	9.07754592662991e-05	2.25170707542656e-05
cpayroll_trx	5.2293971471782e-06	0.000138764832042998	1.12585353771328e-05
cliente_edad_delta1	4.13225331968937e-06	2.8550300091331e-05	1.12585353771328e-05
ctarjeta_master_tend6	3.76657801011167e-06	7.85432569596669e-07	5.62926768856639e-06
ctarjeta_master_debitos_automaticos_delta2	2.76748063869507e-06	1.11303524700791e-05	5.62926768856639e-06
ctarjeta_master_transacciones	2.31725401410762e-06	6.91163024286171e-05	5.62926768856639e-06
ctarjeta_visa_debitos_automaticos	2.25189339564748e-06	6.93824160214989e-05	5.62926768856639e-06
ctarjeta_visa_debitos_automaticos_delta1	7.42224345681695e-07	6.93824160214989e-05	5.62926768856639e-06
