Feature	Gain	Cover	Frequency
rf_001_017	0.0393719934220215	0.00276696914914016	0.00112205740445681
rf_013_015	0.0380585845928242	0.00343021887503909	0.000561028702228406
rf_003_015	0.021695667725418	0.00177260187695942	0.00200287246695541
cdescubierto_preacordado_delta2	0.0204241223157143	0.0015829767622338	0.000280514351114203
mcuentas_saldo_rank	0.0174625930480433	0.00413954389880192	0.00175040955095263
vm_status05_delta1	0.0168609572805716	0.000946510999044233	0.000235632054935931
mpasivos_margen_rank_lag2	0.0160321761883581	0.00131724952511781	0.00171113754179664
rf_005_020	0.0149945315497112	0.00240208833817558	0.00512219205134535
rf_002_015	0.013327471337703	0.00127008176051002	0.00196360045779942
vm_status05	0.0128467452143959	0.000842343679999557	0.000892035636543166
vm_status01	0.0124758598932111	0.000897495673209232	0.000403940665604452
mcaja_ahorro_rank_delta1	0.0120337179625729	0.0040014938558146	0.00222728394784677
rf_006_022	0.0118719063796927	0.0018995253889563	0.000824712192275757
Master_mpagado_rank_tend6	0.0118634043876359	0.00143148901622108	0.00145867462579386
rf_004_026	0.0103081871496686	0.000899723876011902	0.000555418415206122
rf_001_025	0.00945566908185357	0.00170115499358994	0.00364107627746236
ctrx_quarter_normalizado_lag2	0.00849248188762194	0.00245838466994878	0.00302955499203339
mprestamos_personales_rank	0.00777384411964186	0.00459902093339441	0.000807881331208905
rf_019_024	0.00748368643139036	0.00116663176196516	0.00117816027467965
rf_003_021	0.00717587719460305	0.00126039926907663	0.00167747581966293
rf_009_023	0.00641597078874045	0.00154178440013569	0.00175601983797491
rf_012_022	0.00640197969810317	0.00177809091696224	0.00433114158120329
ctarjeta_visa_transacciones_lag2	0.00617408693958978	0.00162580542345015	0.00205336505015597
rf_018_016	0.0059042259949526	0.00117765929995328	0.00113327797850138
Visa_msaldototal_rank_delta1	0.00560279465337072	0.00208519014161116	0.00324274589888019
Visa_mpagominimo_rank	0.00556227168854164	0.0028691685489286	0.00393842148964341
thomebanking_lag2	0.00544736628260644	0.00270788062408181	0.0061600951504679
Visa_cconsumos_delta2	0.00531326372544488	0.00247838554483019	0.003377392787415
mpayroll_sobre_edad_rank_delta1	0.00472366287640915	0.00156003282924529	0.000577859563295258
rf_015_023	0.00469901371723752	0.000950705220848356	0.00183456385628689
cdescubierto_preacordado	0.0045798923813787	0.0012461499518278	0.000325396647292475
mtransferencias_recibidas_rank_lag1	0.00452640877019476	0.00105575076575019	0.000813491618231189
mprestamos_personales_rank_delta2	0.00440514846228324	0.00174255358468977	0.000381499517515316
Visa_mconsumototal_rank_delta1	0.00435173562825689	0.00248760229408897	0.00440407531249299
mcuentas_saldo_rank_tend6	0.00434392817220536	0.00276752643737267	0.00247413657682727
mcomisiones_rank_delta2	0.00427677849234638	0.00399708457139195	0.00932429703103611
mprestamos_personales_rank_delta1	0.00426123469101089	0.00422870986192955	0.000886425349520881
rf_007_025	0.00425485932860155	0.00122944971678042	0.000645183007562667
mcomisiones_otras_rank_delta2	0.00416413982131189	0.00395201938733849	0.00877448890285227
cdescubierto_preacordado_delta1	0.00407578584608002	0.000416254430017229	5.04925832005565e-05
mrentabilidad_rank_delta2	0.00395533644385843	0.00391952854866297	0.00725971140683557
vmr_mpagospesos_lag1	0.00379759919971457	0.00153797130781028	0.00154282893112812
vm_msaldototal_rank_lag1	0.00369023687594276	0.000344958822335602	0.000527366980094702
vmr_mconsumospesos_delta1	0.00362402663908682	0.00199385056948707	0.00138013060748188
mrentabilidad_rank_lag1	0.00360290072278547	0.00253172487473487	0.00371962029577433
rf_012_013	0.00351191912966086	0.000933367989584231	0.000813491618231189
ctrx_quarter_delta2	0.00342332253506073	0.00244439933403946	0.00274904064091919
mrentabilidad_rank_delta1	0.00324319558767022	0.00415268593245541	0.00753461547092749
mactivos_margen_rank_lag2	0.00320435012483803	0.00414489023994251	0.00612643342833419
Visa_mpagospesos_rank_tend6	0.00311067712628074	0.00312574210470117	0.00576737505890801
Visa_Finiciomora_tend6	0.00310231277826981	0.0027217855586707	0.000645183007562667
mactivos_margen_rank	0.00308773728127512	0.00406747237087176	0.00274904064091919
mpasivos_margen_rank_delta2	0.0030690320441194	0.00312340972171421	0.00739996858239268
vm_status06_delta2	0.0030249209524004	0.000767858700104929	0.00020758061982451
Visa_mpagospesos_rank	0.00294674221293712	0.00199899838536153	0.0041179506743565
mpayroll_rank	0.00286877473024813	0.0010084277965494	0.000196360045779942
vm_mconsumototal_rank_delta2	0.00283149419814971	0.0012226067195687	0.00159893180135096
mrentabilidad_annual_rank_lag1	0.00280063548946442	0.00164622407191256	0.00166064495859608
Visa_delinquency_delta2	0.00278408759810751	0.00115129234045135	0.000886425349520881
mcomisiones_otras_rank_lag1	0.00273109377802153	0.00306833995304239	0.00502681717196652
mcomisiones_rank_delta1	0.00267977203392904	0.00307517997147635	0.00554857386503894
Master_fechaalta_tend6	0.00263982982339164	0.00190879282879526	0.00247974686384955
Visa_msaldopesos_rank	0.00263308477255303	0.001778348889388	0.00256390116918382
mrentabilidad_annual_rank_lag2	0.00262331432108028	0.00356665796419825	0.00617692601153475
mcuenta_corriente_rank	0.00262237020687447	0.00325363849578647	0.00194115930971028
mpayroll_sobre_edad_rank_lag1	0.00261917876756325	0.00170760581930194	0.00059469042436211
Master_msaldopesos_rank_lag1	0.00254646836425563	0.00168666960820354	0.0028500258073203
mprestamos_personales_rank_lag2	0.00251596935597137	0.00172300961836615	0.000460043535827293
Visa_mpagominimo_rank_lag1	0.00251532681195311	0.00129269253261342	0.00196360045779942
Visa_mconsumospesos_rank	0.0025146654272258	0.00333201155103291	0.00525122865285788
mcomisiones_otras_rank_tend6	0.002499827417937	0.00298381014935051	0.00426381813693589
mpayroll_rank_delta1	0.00248573013105372	0.00143685371793149	0.000420771526671305
Master_fechaalta_lag2	0.00246556350382072	0.00367176732170988	0.00570005161464061
mtarjeta_visa_consumo_rank_tend6	0.00244815075190476	0.00210917074061878	0.00238437198447073
rf_002_017	0.00239768149554384	0.00148902000001802	0.00195237988375485
Visa_mconsumospesos_rank_delta1	0.00238692629737515	0.00255223160257417	0.00472386167276318
mpasivos_margen_rank_delta1	0.00237248065331487	0.00316594091602035	0.00433675186822558
rf_009_015	0.00233807479178844	0.00130788756044317	0.0025695114562061
mcuentas_saldo_rank_lag1	0.00232903141116107	0.00337142791960743	0.00177846098606405
rf_016_021	0.00232828620656062	0.00208633281103198	0.00327079733399161
Visa_mconsumospesos_rank_tend6	0.00231853544094447	0.00252054282548995	0.00522317721774646
mrentabilidad_annual_rank	0.00231070505676848	0.00315337165510791	0.00329323848208074
rf_010_023	0.002307117547417	0.00216830358783588	0.00658647696416149
Visa_mpagominimo_rank_delta2	0.00229994007402535	0.00286554640652932	0.00367473799959606
mcuentas_saldo_rank_delta1	0.00227636214423799	0.00270991425620262	0.00244608514171585
Master_mlimitecompra_rank_delta2	0.00224804937014913	0.00351981940589131	0.00652476380691636
vm_status02	0.00224124667915887	0.00243196835518084	0.00140257175557102
mcuenta_corriente_rank_tend6	0.0021908526542265	0.00365004735823177	0.00225533538295819
mpayroll_rank_lag1	0.00218638802745852	0.000401679861051826	0.00015147774960167
Visa_mpagospesos_rank_delta1	0.00215848970997284	0.00286599435307471	0.00585152936424228
mpayroll_sobre_edad_rank_tend6	0.00213279352841703	0.00173950927381792	0.000639572720540383
mprestamos_personales_rank_lag1	0.00211184626018371	0.000875730283370262	0.000241242341958215
ccomisiones_otras_lag1	0.00210901357471044	0.00171239412751558	0.0011949911357465
mtransferencias_recibidas_rank	0.00207329010339971	0.0023264104605041	0.00153721864410583
Visa_Fvencimiento	0.00206435235664229	0.00272568965779253	0.00426942842395817
internet_lag2	0.00206283448105775	0.00153452355230562	0.000521756693072418
ccaja_ahorro_tend6	0.00205914059387137	0.00307047306606877	0.000274904064091919
Master_mlimitecompra_rank_lag1	0.00205621466905258	0.00240241916226089	0.00531294181010301
Visa_mpagominimo_rank_lag2	0.00204266325902754	0.00225071393979249	0.0036971791476852
Visa_fechaalta_lag2	0.00201484749988354	0.00316591503146877	0.00431431072013644
mprestamos_personales_rank_tend6	0.00201048504874507	0.00311234294603283	0.000740557886941496
vm_fechaalta_lag2	0.0019879130079543	0.00273920180458285	0.00381499517515316
mcomisiones_otras_rank	0.00198654425052291	0.00307896404639771	0.00453311191400552
Visa_mfinanciacion_limite_rank	0.00198402022910404	0.00274785692583807	0.00402257579497767
Visa_mconsumototal_rank_tend6	0.00197954789471248	0.00255524907876706	0.00534660353223671
Master_Fvencimiento	0.00194641083706851	0.00245530006853979	0.00444895760867126
mtransferencias_recibidas_rank_delta2	0.00193910431567611	0.00311782366600121	0.00401696550795539
rf_010_022	0.00193386091144502	0.00153059202788508	0.0003871098045376
Visa_fechaalta	0.00191609935383997	0.00284663607245791	0.00410111981328965
vmr_mpagominimo	0.0018984429141798	0.00142542538025979	0.00243486456767128
ccomisiones_otras_delta2	0.0018965262123387	0.00211913978533696	0.00363546599044007
Master_Fvencimiento_lag2	0.00187105549315827	0.00204572452048711	0.00401696550795539
Visa_mfinanciacion_limite_rank_delta2	0.00185269506439164	0.00310839408820721	0.00497071430174368
vm_Fvencimiento_lag1	0.00184670779933238	0.00236377514453742	0.00398891407284397
vm_Fvencimiento_delta1	0.0018347978249578	0.000253764773776783	0.000213190906846794
Visa_mconsumosdolares_rank_lag2	0.00181521277537283	0.00255360481912205	0.00504925832005565
Visa_mfinanciacion_limite_rank_tend6	0.00179875866795956	0.00282674964940823	0.00379816431408631
ctrx_quarter_tend6	0.00179017408894141	0.00199591832915653	0.00230582796615875
Visa_msaldopesos_rank_lag1	0.00178770888628971	0.00201863428292984	0.00305760642714481
rf_020_026	0.00178208344454862	0.0012594476009402	0.00287246695540944
mcuentas_saldo_rank_delta2	0.00177220338806734	0.00194075588454558	0.00225533538295819
chomebanking_transacciones_lag1	0.0017526414687438	0.00221482626730455	0.00304638585310024
Visa_mlimitecompra_rank_delta1	0.00174785745901155	0.00271618684315221	0.00501559659792195
Visa_Fvencimiento_tend6	0.00174333209327953	0.000405241914313509	0.00051053611902785
mcomisiones_rank_lag1	0.00173276065174505	0.00214269888729137	0.0036971791476852
rf_002_016	0.00172337469722262	0.00237405390510539	0.000381499517515316
Master_mfinanciacion_limite_rank_lag1	0.00170300648620394	0.00235660887290126	0.00457238392316151
Visa_fultimo_cierre_delta1	0.00169765298697488	0.00133557822715225	0.00196360045779942
active_quarter_lag1	0.00168882611524068	0.000841488026087677	0.000892035636543166
mpasivos_margen_rank_lag1	0.00167768217805735	0.0025793162677627	0.003377392787415
ctrx_quarter_normalizado	0.00166723698524218	0.00185789586554263	0.00128475572810305
Visa_mpagospesos_rank_lag1	0.00166697601856564	0.0022188828233537	0.00448261933080496
rf_018_020	0.00166350716550247	0.000823007791574199	0.00020758061982451
mactivos_margen_rank_tend6	0.00165507125344231	0.00266177207175929	0.00311931958438994
rf_020_019	0.00165037622604285	0.00121641918186002	0.000516146406050134
Visa_mfinanciacion_limite_rank_lag2	0.00163875319904497	0.00237124720311822	0.00399452435986625
ctrx_quarter_normalizado_lag1	0.00163479537401503	0.000559114094886645	0.000504925832005565
mautoservicio_rank	0.00163468288976106	0.000693611046624681	0.000291734925158771
mcuenta_corriente_rank_lag2	0.00163004958500291	0.0026442503360278	0.00188505643948744
ctrx_quarter_delta1	0.00162906981525145	0.00215967183457861	0.00135207917237046
Visa_status	0.00158417236392681	0.0010432149390502	0.000516146406050134
Master_cconsumos	0.00158411898852688	0.00120083657909278	0.00270415834474092
Visa_mconsumospesos_rank_lag1	0.00158052862147602	0.00195485746982493	0.00364107627746236
Visa_Fvencimiento_lag2	0.00157780080904285	0.00226331583886472	0.00307443728821167
Visa_msaldopesos_rank_tend6	0.00156610409529178	0.00286972558036993	0.00366351742555149
vmr_msaldopesos_lag1	0.00156320263934277	0.00148709552983051	0.00222728394784677
Visa_mlimitecompra_rank	0.00154460860951733	0.00182060719170046	0.00339422364848186
foto_mes	0.00153956102015424	0.0043896694022073	0.0012679248670362
vmr_Master_mlimitecompra_lag2	0.00153252563752586	0.00250433172629424	0.00358497340723951
mrentabilidad_annual_rank_tend6	0.00153095596523942	0.00278337214838939	0.00300150355692197
Master_mconsumototal_rank_tend6	0.00152518839599843	0.002935231753719	0.00352887053701667
mpayroll_sobre_edad_rank_delta2	0.00151079362692395	0.000959172499350798	0.000353448082403896
Master_msaldototal_rank	0.00149433353139243	0.00189666085759397	0.00276587150198604
rf_006_021	0.00147825131066179	0.000931197230969937	0.00205897533717825
mtransferencias_recibidas_rank_lag2	0.00146080144518968	0.00107988947109121	0.00116693970063508
mcomisiones_rank_lag2	0.00143844474321771	0.000733648156533853	0.00146989519983842
Visa_mfinanciacion_limite_rank_lag1	0.00143401588609734	0.00202198807853943	0.00315298130652364
Visa_cconsumos_lag1	0.00143383570712849	0.0021133911551239	0.00378694374004174
chomebanking_transacciones	0.00143286142084939	0.00244043558232505	0.00250218801193869
mcaja_ahorro_rank_delta2	0.00142509319686536	0.00234673756290859	0.00203092390206683
vm_Finiciomora_tend6	0.00141402599882711	0.00247368118165535	0.000762999035030632
vmr_Visa_mlimitecompra	0.00140974710181294	0.00200328040407225	0.00308004757523395
vm_Fvencimiento	0.00140685385996393	0.00221664267976087	0.00316420188056821
internet_lag1	0.00140444068476752	0.00157581739828055	0.000162698323646238
tcallcenter_delta2	0.00139255069119987	0.00174214816276484	0.00146989519983842
Visa_msaldopesos_rank_lag2	0.00139181024612766	0.00188757599628847	0.00293418011265456
vmr_mpagominimo_lag2	0.00138947320150764	0.00204169841987266	0.00270415834474092
Master_msaldototal_rank_lag2	0.00138721686305259	0.00184663449350026	0.00346154709274927
rf_020_025	0.00137777602415806	0.00187042658209801	0.00169991696775207
Master_mpagospesos_rank_lag1	0.00137298618226047	0.00181952471413371	0.00247974686384955
mpagomiscuentas_rank_lag1	0.00136568066302218	0.000599502649213391	0.00035905836942618
Master_fultimo_cierre_lag1	0.0013565447035635	0.0021617346638573	0.0032034738897242
rf_019_021	0.00135128977912244	0.00174021881354479	0.00402818608199996
Visa_mlimitecompra_rank_lag1	0.00134623757963011	0.00184778432739517	0.00302955499203339
mcomisiones_otras_rank_lag2	0.00134081687824219	0.00164270485142075	0.00228338681806961
mautoservicio_rank_delta2	0.0013406580679238	0.00239202327923284	0.00253023944705011
mautoservicio_rank_lag2	0.00132356244441198	0.00232707968401472	0.00268171719665178
ccaja_seguridad_lag1	0.00132289112233976	0.00143058072011601	0.000145867462579386
rf_008_022	0.00129791414122668	0.000988532411487323	0.000662013868629519
Visa_msaldopesos_rank_delta2	0.00129340455047331	0.00160714130076816	0.00271537891878549
Master_Fvencimiento_tend6	0.00129089551839921	0.00175766805712438	0.00224972509593591
Master_fultimo_cierre	0.00128857327311912	0.00188610969293556	0.00313615044545679
Master_mconsumosdolares_rank_tend6	0.0012876322848306	0.00211559200966523	0.00385426718430915
ccomisiones_mantenimiento_tend6	0.00128609939910733	0.0037174448500262	0.000527366980094702
vm_mconsumospesos_rank_tend6	0.00127911719687282	0.00133173098159906	0.00169991696775207
vm_mlimitecompra_rank_delta2	0.00127763763185112	0.00219805662159951	0.00353448082403896
cliente_antiguedad_lag2	0.00127492994342593	0.00201099769823597	0.00245730571576042
vm_mfinanciacion_limite_rank_tend6	0.00127114604264608	0.00170289760425931	0.00238998227149301
internet_tend6	0.00125717422414015	0.00223609992770087	0.000241242341958215
vm_Fvencimiento_lag2	0.00125451904267921	0.00158212254635256	0.0029902829828774
mcomisiones_mantenimiento_rank_delta2	0.00125398919432296	0.000995592654042655	0.000516146406050134
rf_013_023	0.00125208325666328	0.00174573789811641	0.00389914948048742
Master_fultimo_cierre_delta1	0.00124934126456	0.00120238918996341	0.00230021767913647
mactivos_margen_rank_delta2	0.00124654879598416	0.00171930597044434	0.00216557079060165
rf_011_016	0.00124489164940776	0.00107092640584537	0.000667624155651803
mcuenta_debitos_automaticos_rank	0.00124164545961355	0.00197167161744256	0.000847153340364893
rf_003_027	0.00123928924953404	0.00132531171552385	0.00146989519983842
vmr_mpagominimo_tend6	0.0012344755581795	0.00152157524192307	0.00186822557842059
cdescubierto_preacordado_tend6	0.00123414175585689	0.00094624352534458	0.000129036601512533
vm_mfinanciacion_limite_rank_delta1	0.00122918505260585	0.0022691059922126	0.00333812077825902
vmr_msaldototal_lag2	0.00120862547488376	0.00158043599319916	0.0021824016516685
mactivos_margen_rank_delta1	0.00119801563532048	0.00177146413792939	0.00265366576154036
Visa_mconsumosdolares_rank_delta2	0.00119057455688888	0.00180447220541236	0.00332128991719216
Visa_fechaalta_tend6	0.00119029601617769	0.00105616548351607	0.00089764592356545
vmr_msaldopesos2_tend6	0.00118792196043092	0.00239090225730904	0.00259195260429524
cliente_edad_lag1	0.00118265308894065	0.00261575031485773	0.00164942438455151
Master_mconsumototal_rank_delta2	0.00118181999868866	0.00218926776349446	0.00283880523327573
tcallcenter	0.00117264849343482	0.00147442386059297	0.00128475572810305
Master_mfinanciacion_limite_rank	0.00116021585618916	0.00138161531448762	0.00240120284553758
mtarjeta_visa_consumo_rank_delta1	0.00115000713226926	0.00210296920779044	0.00186822557842059
cmobile_app_trx_lag1	0.0011497549070436	0.00235976920203109	0.00174479926393034
mpagomiscuentas_rank	0.00114107323030477	0.00085364937420068	0.000347837795381612
vmr_msaldopesos2_delta2	0.00114101372921535	0.00202334691478087	0.00265927604856264
vm_status02_tend6	0.00113713028944616	0.00168090354186894	0.00158771122730639
vm_mpagospesos_rank_delta2	0.00113367263843329	0.00174111260094784	0.00245169542873813
vm_mpagominimo_rank_lag1	0.00112365006671948	0.00207552246702923	0.00240120284553758
Master_msaldototal_rank_tend6	0.00111745900226757	0.00239993522111578	0.00279392293709746
ccajas_consultas_tend6	0.0011158053210004	0.00276260981060324	0.000516146406050134
vmr_mconsumospesos	0.00111570579393041	0.00116793148487551	0.00132963802428132
Master_mconsumospesos_rank_delta1	0.0011129727020691	0.00209177249576879	0.00273220977985234
chomebanking_transacciones_tend6	0.00110612237324608	0.00212667021255441	0.00208141648526739
vmr_mpagospesos_tend6	0.00109377699766599	0.00188675975982369	0.00202531361504455
cextraccion_autoservicio_lag2	0.00109189681401284	0.000997596678139682	0.000690065303740939
rf_005_021	0.00108837338711279	0.0020639150431842	0.000712506451830076
mtarjeta_visa_consumo_rank	0.00108638395767834	0.00163255438372945	0.00130719687619219
rf_007_021	0.00108409713647319	0.00142190926694134	0.00302394470501111
vm_Finiciomora_lag1	0.0010772413339627	0.00127879494225246	0.000157088036623954
Master_msaldototal_rank_delta2	0.00107557440964811	0.00185699940751124	0.00282758465923117
ctrx_quarter_lag2	0.00107145300370783	0.00186015973664107	0.00237876169744844
Visa_mpagosdolares_rank_delta2	0.00106431039361291	0.00156427021764783	0.00252462916002783
vm_mpagospesos_rank_tend6	0.00106315344300862	0.00170693241009498	0.0019018873005543
mextraccion_autoservicio_rank	0.00105690050854251	0.000951562723656778	0.000869594488454029
mcuenta_corriente_rank_delta2	0.00105678434611919	0.00106088846405191	0.000527366980094702
vm_fechaalta_tend6	0.00105632688094018	0.00175019967065754	0.00131841745023675
mcomisiones_mantenimiento_rank_delta1	0.00104139063076243	0.00279486365669293	0.001441843764727
Master_fechaalta	0.00103570305264891	0.00141848919352656	0.00215996050357936
ctarjeta_visa_transacciones_tend6	0.00102575084747364	0.00253157596152593	0.00148111577388299
mactivos_margen_rank_lag1	0.00102389017466845	0.0011462374316281	0.00089764592356545
vm_mlimitecompra_rank_tend6	0.00102275636436705	0.00183324886772744	0.00209824734633424
vmr_Master_mlimitecompra_tend6	0.00101929286857267	0.00228250979880141	0.00201409304099998
vm_mpagospesos_rank	0.00101522111137347	0.001086597627251	0.00143623347770472
vmr_mpagospesos_delta2	0.00100257995550421	0.00164393197946274	0.00217118107762393
rf_015_014	0.0010004242762903	0.00123754010285872	0.00095374879378829
vmr_Visa_mlimitecompra_lag1	0.000998925643080612	0.00152983991217952	0.00240120284553758
Master_mconsumospesos_rank_lag2	0.000991138833416558	0.00178963129262853	0.00237876169744844
mrentabilidad_annual_rank_delta2	0.000987650812002831	0.0018971270619927	0.00231704854020332
vm_mconsumototal_rank_tend6	0.00098677827272904	0.00133206642792572	0.00175040955095263
vm_msaldopesos_rank_tend6	0.000979857160447134	0.0014194487194733	0.00192432844864343
Visa_mpagospesos_rank_delta2	0.000977110992410815	0.00119216163355798	0.00219362222571307
Master_mpagosdolares_rank_lag2	0.000976688749977192	0.00132723469632248	0.00329884876910303
Master_mconsumototal_rank_lag1	0.000968868037667721	0.0018832200217161	0.00251340858598326
mcomisiones_otras_rank_delta1	0.00096762456172893	0.000810965825683708	0.00171113754179664
rf_004_009	0.000964379725480847	0.000869821749285498	0.000325396647292475
Visa_msaldototal_rank	0.00096275164960044	0.000909137917939124	0.00131280716321447
mrentabilidad_rank_lag2	0.000961984952910153	0.00104751786056348	0.00186261529139831
vmr_msaldototal_tend6	0.000958956669064813	0.00138444114741818	0.00164942438455151
cpagomiscuentas_tend6	0.000958641107123175	0.00230380156297636	0.000583469850317542
mextraccion_autoservicio_rank_delta2	0.000958079679813148	0.0022090357287699	0.00196921074482171
rf_016_015	0.00095611592296053	0.00139796389968448	0.00261439375238437
Master_mpagominimo_rank_delta1	0.000953480466862563	0.00161245120323942	0.00231143825318103
mcuenta_debitos_automaticos_rank_delta2	0.000951250824344774	0.00199154966909956	0.00089764592356545
Master_mpagosdolares_rank	0.000950753107382596	0.00139984212177934	0.00305199614012253
rf_004_022	0.000945627052405568	0.000955462970910821	0.000852763627387177
mpagomiscuentas_rank_tend6	0.000944384571997038	0.00248270785407804	0.00110522654338996
vmr_msaldopesos	0.000940550722609591	0.00118598960603695	0.00199726217993313
matm_other_rank	0.00092306340422573	0.000543007715136707	0.000201970332802226
Master_fultimo_cierre_delta2	0.000920416450240385	0.0010954076449498	0.00205336505015597
rf_013_026	0.000919719925689345	0.000564386377449106	0.0003871098045376
ctrx_quarter_normalizado_tend6	0.000912485309071906	0.00196398087548749	0.00171674782881892
Visa_mlimitecompra_rank_tend6	0.000908215548250219	0.00171376035934318	0.00230582796615875
Master_mconsumospesos_rank_lag1	0.00090293520815681	0.00170394836811455	0.00254707030811696
vm_msaldototal_rank_delta2	0.000899896510321937	0.00168059066748755	0.0021824016516685
rf_014_023	0.000890346595739947	0.00122895678041919	0.00244047485469357
vmr_mconsumospesos_lag2	0.000887706068280698	0.00139217259077627	0.00213751935549023
mrentabilidad_annual_rank_delta1	0.000886737706656069	0.00109226462354593	0.00200848275397769
Master_cconsumos_lag1	0.000884566453457552	0.00140813342128181	0.00277709207603061
mpasivos_margen_rank	0.000883430169323458	0.00122428341194055	0.000908866497610018
mpayroll_rank_delta2	0.000880243613485416	0.00133988867264729	0.000347837795381612
cpayroll_trx_lag2	0.000877190788846429	0.000318702077610837	7.85440183119768e-05
rf_019_016	0.000872928312957493	0.00148585397012385	0.00205336505015597
Visa_mconsumospesos_rank_delta2	0.000872220241121076	0.0012171022720947	0.00259756289131752
vm_fultimo_cierre	0.000870806305112992	0.00167411557500845	0.00158771122730639
vm_msaldopesos_rank_delta1	0.000870235437126692	0.0019610415408526	0.00199726217993313
ccajas_transacciones_delta1	0.00086185793066155	0.00143476631373627	0.000662013868629519
Master_msaldopesos_rank_delta1	0.000860237428761434	0.00185524020813124	0.00203092390206683
mcomisiones_mantenimiento_rank_lag2	0.000858275203018518	0.00203828813020208	0.00173918897690806
vm_mfinanciacion_limite_rank_lag1	0.000852730460738265	0.00118439000237923	0.00211507820740109
vm_msaldototal_rank_lag2	0.000847248891411563	0.00137962898330333	0.00186822557842059
chomebanking_transacciones_delta2	0.000840181212100666	0.00158715793904566	0.00181773299522004
cliente_edad	0.000837273714023259	0.00231037302918768	0.00146989519983842
mrentabilidad_rank	0.000829409209315862	0.00119471180115003	0.00140257175557102
vm_mconsumospesos_rank_delta2	0.000829008213891894	0.00129571339844997	0.00169991696775207
rf_012_014	0.000827205008625034	0.000609965246591644	0.000235632054935931
vmr_msaldototal_delta1	0.000826952483313119	0.00153360382899275	0.00213190906846794
rf_017_015	0.000826277179801007	0.000625126737492462	0.00100985166401113
Visa_status_tend6	0.000819752897293505	0.000988371968354121	0.000712506451830076
vm_fultimo_cierre_lag1	0.000818689198466917	0.0019941371741301	0.00174479926393034
ccomisiones_otras_delta1	0.000817185824440091	0.0016602676223838	0.00147550548686071
vm_mlimitecompra_rank	0.000814542578056708	0.0015079757604503	0.00192993873566572
rf_018_025	0.000808098608547275	0.000709629424035073	0.00164381409752923
rf_017_025	0.000807949755330102	0.00130563478272397	0.00230021767913647
mcaja_ahorro_dolares_rank_delta2	0.000803963388875266	0.00235791504127039	0.00101546195103341
rf_017_027	0.000803735566766406	0.000776925329236202	0.000734947599919212
vm_msaldopesos_rank_lag1	0.000802002773219882	0.00140925821803605	0.00148111577388299
rf_017_026	0.000796355731041648	0.000411477009749893	0.000617131572451247
mcaja_ahorro_rank	0.000792757383520676	0.00106407288019501	0.000488094970938713
ctransferencias_emitidas_tend6	0.000791388994418984	0.0024260781816659	0.00120621170979107
rf_016_018	0.000789259515842326	0.00160510248146539	0.00153160835708355
Visa_fultimo_cierre_delta2	0.000777663088726701	0.00069308837384408	0.00110522654338996
vmr_msaldopesos2_lag2	0.000776995508052628	0.00124014263017367	0.00181212270819775
Visa_mconsumospesos_rank_lag2	0.000776699761199948	0.00124139487239367	0.00224411480891362
Master_mfinanciacion_limite_rank_lag2	0.000776183645517193	0.000856747559863425	0.00195237988375485
Visa_cconsumos_tend6	0.000775182826033769	0.00138330281776841	0.0019018873005543
rf_007_016	0.000770674053563119	0.00110741566304546	0.00184578443033146
mcuenta_debitos_automaticos_rank_lag1	0.000770296253589566	0.00142872766355741	0.000695675590763224
Visa_mpagado_rank_delta2	0.000769979229603713	0.00159409926160261	0.0011276676914791
Master_cconsumos_delta1	0.000769247508784575	0.00123081754071338	0.00233948968829245
Master_fechaalta_lag1	0.000768143641554504	0.00127140200103616	0.00172796840286349
Master_mconsumospesos_rank_tend6	0.000766706876089618	0.0012258707923378	0.00183456385628689
mrentabilidad_rank_tend6	0.000762532653076536	0.00167041020658569	0.000819101905253473
cmobile_app_trx	0.000762279810451746	0.00135785563293759	0.000448822961782725
Master_mlimitecompra_rank_lag2	0.00076093423865809	0.00120549384676405	0.00177285069904176
tcallcenter_delta1	0.000758834600633339	0.00114657472685131	0.000611521285428963
thomebanking_delta1	0.000754673130335957	0.00134499722514936	0.000819101905253473
vm_msaldototal_rank	0.000752823922094988	0.000846607107028389	0.00129036601512533
ccajas_transacciones_delta2	0.000751178287355921	0.00146859141373671	0.00135207917237046
Master_mlimitecompra_rank_delta1	0.000750701324398517	0.0015168876472127	0.0022160633738022
ccallcenter_transacciones_tend6	0.000746477289498313	0.002561939516335	0.000830322479298041
ctrx_quarter_normalizado_delta2	0.000740773994361575	0.00104541515161356	0.00118377056170194
Visa_mpagominimo_rank_tend6	0.000733687673327082	0.000795971300412224	0.00103790309912255
vm_fechaalta_lag1	0.000730063375386197	0.00143379988010662	0.00145306433877157
Master_mconsumospesos_rank	0.000728661888672041	0.00178796327979878	0.00205336505015597
mtransferencias_emitidas_rank_lag1	0.000726504677644718	0.00166783453962883	0.00148111577388299
Master_mpagosdolares_rank_delta1	0.000725869109006865	0.00102686414544914	0.00229460739211418
thomebanking_delta2	0.000718774908569577	0.00173942414753966	0.00134646888534817
Visa_mlimitecompra_rank_delta2	0.000715396827659278	0.00143930386535648	0.00185700500437602
vmr_msaldopesos2_delta1	0.000709527338168396	0.00124142995006972	0.00198604160588856
rf_011_028	0.000709130064229135	0.000931765972089361	0.000723727025874644
rf_018_023	0.000704117390843093	0.00105949426766411	0.00155404950517268
mttarjeta_visa_debitos_automaticos_rank_delta1	0.00069451895380552	0.00260042388697795	0.00139696146854873
ctrx_quarter_normalizado_delta1	0.000689786531043384	0.00173098570668744	0.00104912367316712
Master_mfinanciacion_limite_rank_tend6	0.000689381364979275	0.000949619019809413	0.0018289535692646
mextraccion_autoservicio_rank_lag1	0.000686506042578498	0.000670446350253308	0.000375889230493032
mtransferencias_emitidas_rank_tend6	0.000683716678620069	0.00184352852706457	0.00110522654338996
rf_011_015	0.000682336430141934	0.000574174410060059	0.000841543053342609
cplazo_fijo_tend6	0.000681911770065729	0.00154800069845724	0.000213190906846794
mcaja_ahorro_dolares_rank_lag2	0.000677354331013071	0.00187213634917465	0.0014081820425933
Master_fultimo_cierre_tend6	0.000674324649111376	0.00108745561796268	0.00150916720899441
mcaja_ahorro_rank_lag1	0.000673986655273862	0.00209458017356247	0.0011949911357465
vmr_msaldototal_delta2	0.000672901768047162	0.000966974740038952	0.00175601983797491
rf_007_023	0.000670390828960584	0.00072505340688653	0.0021824016516685
vm_Finiciomora	0.000666120982613175	0.00165611741458901	0.000235632054935931
Visa_mconsumototal_rank_delta2	0.000663951294290569	0.000821025748802719	0.00181773299522004
mcuenta_debitos_automaticos_rank_lag2	0.000663019911098783	0.00187342895896914	0.00113327797850138
vm_fechaalta_delta2	0.000659455177694412	0.0008523137775616	0.000908866497610018
mpagomiscuentas_rank_lag2	0.000658590180450405	0.00132965521004458	0.0011276676914791
rf_003_026	0.00065655288416196	0.00033603091180317	0.000190749758757658
ctarjeta_visa_debitos_automaticos_tend6	0.000654769433663425	0.00160611726887542	0.00041516123964902
vmr_mconsumospesos_delta2	0.000652524826696272	0.00100516315883969	0.000852763627387177
Master_Fvencimiento_lag1	0.000650247421810854	0.000894436596844161	0.00168308610668522
mcaja_ahorro_dolares_rank	0.000648715025190758	0.00119201741962775	0.000431992100715873
mtarjeta_visa_consumo_rank_lag1	0.000644747354390466	0.00111370257894324	0.00148672606090528
rf_014_022	0.000643951131839011	0.000609293968751529	0.00159893180135096
ccaja_seguridad	0.000638578653892573	0.000487924875793503	3.92720091559884e-05
Visa_mpagospesos_rank_lag2	0.00063756907072442	0.00118579803981197	0.00191310787459886
vmr_Master_mlimitecompra	0.000635126552507128	0.000914609085275376	0.00146989519983842
Master_mlimitecompra_rank	0.000634386994517447	0.000781864245480604	0.00160454208837324
ctarjeta_visa_debitos_automaticos_delta2	0.000634035959062798	0.000992839005114573	0.000516146406050134
Visa_mpagado_rank_lag2	0.000626858041465141	0.00129838215221186	0.000998631089966563
mtransferencias_emitidas_rank_delta2	0.000626063605866371	0.000736097199756743	0.000291734925158771
Visa_fultimo_cierre_lag1	0.000625557176726358	0.00134912360272207	0.00150916720899441
rf_011_018	0.000624164879630856	0.000529626300739341	0.000157088036623954
rf_011_027	0.000623067224090968	0.000466591639841962	0.00100985166401113
Master_mfinanciacion_limite_rank_delta1	0.000621047819061638	0.00135931859800507	0.00182334328224232
cprestamos_personales_delta2	0.000620793410198677	0.000645698202389835	8.9764592356545e-05
mcuenta_debitos_automaticos_rank_tend6	0.00062018248624937	0.00281342668068487	0.000858373914409461
mtransferencias_emitidas_rank_lag2	0.000618924581979877	0.00138379508647256	0.00125109400596935
vm_fultimo_cierre_tend6	0.000612841221723374	0.000852592601431688	0.000757388748008348
Master_mpagospesos_rank	0.000612128090947318	0.00073713568899327	0.000908866497610018
mpasivos_margen_rank_tend6	0.000611352999292789	0.00157982105534532	0.00129597630214762
rf_002_020	0.000610272545367183	0.000905899498609539	0.000123426314490249
cprestamos_personales_tend6	0.000605577424833346	0.00172308005618856	0.00020758061982451
rf_005_019	0.0006036525122263	0.000652566134025745	0.000908866497610018
vm_status04	0.000599620510818156	0.000323682337236234	0.000230021767913647
Master_delinquency_tend6	0.000599070741389559	0.000632813216713831	0.000824712192275757
Master_mlimitecompra_rank_tend6	0.000598556015725978	0.00117628395203856	0.00160454208837324
matm_rank_lag2	0.000595325937761536	0.00141269963079841	0.00149233634792756
rf_019_018	0.000594105211941547	0.00061207784200224	0.000768609322052916
vm_fechaalta	0.000593742719388212	0.00119042061499396	0.00126231458001391
Visa_msaldopesos_rank_delta1	0.000593316412004733	0.000775609787988772	0.00111083683041224
ctarjeta_debito_transacciones_tend6	0.00059004863333256	0.00172143448690849	0.000409550952626736
Visa_cconsumos	0.000584595562093836	0.000697828430993809	0.00150916720899441
Visa_mconsumosdolares_rank_lag1	0.000581443719066997	0.00112810761436745	0.00186822557842059
rf_004_025	0.000579082663121076	0.000802483165389206	0.00150916720899441
ccaja_ahorro_lag1	0.000578151417347936	0.000832697729951985	0.000140257175557102
Visa_mconsumosdolares_rank	0.000576308737111443	0.000898150079868407	0.00145867462579386
Visa_msaldototal_rank_tend6	0.000574362455828331	0.000916865766220607	0.00103790309912255
catm_trx_tend6	0.000573145510253356	0.0023926828987531	0.000802271044186621
rf_014_015	0.000569681004227328	0.00110311967489421	0.0013015865891699
chomebanking_transacciones_delta1	0.000569359788981311	0.00118857818959048	0.000858373914409461
Master_cconsumos_tend6	0.000567708388841642	0.000645099827567512	0.000931307645699154
Visa_msaldototal_rank_lag2	0.000565871010257002	0.000759079009445231	0.000903256210587734
mtarjeta_master_consumo_rank_delta2	0.000565306323344561	0.00149714120103868	0.00118377056170194
vm_mpagominimo_rank_lag2	0.000564781480668368	0.000700073633373012	0.000880815062498597
Master_mpagospesos_rank_tend6	0.000554976700159601	0.000987042611740868	0.00115010883956823
mcaja_ahorro_rank_tend6	0.00055024070233463	0.00140251459901343	0.000959359080810574
rf_015_017	0.000549022877564583	0.000873547892115229	0.00104912367316712
thomebanking_lag1	0.000547667914509278	0.00119757284015223	0.00115010883956823
mplazo_fijo_dolares_rank_delta2	0.000545159993845137	0.00165779459486411	0.000269293777069635
chomebanking_transacciones_lag2	0.000544694673695129	0.00076952555737434	0.00149233634792756
mcomisiones_rank_tend6	0.000544539223358813	0.00112456191870433	0.00120060142276879
mtarjeta_master_consumo_rank_lag2	0.000543762332381138	0.00116541603545185	0.0014081820425933
vm_status04_tend6	0.000540152500892664	0.000556501064812182	0.000162698323646238
ctarjeta_debito_transacciones_delta2	0.00053425461243067	0.00179723282532547	0.000998631089966563
vm_mconsumototal_rank_delta1	0.000531478831064451	0.000934875944467558	0.00112205740445681
Visa_mconsumosdolares_rank_tend6	0.00052908840665355	0.00073530628290293	0.00154282893112812
mcuentas_saldo_rank_lag2	0.000527404172271901	0.00144762934376585	0.00106034424721169
ccomisiones_otras_lag2	0.00052323325609478	0.00076380406998968	0.000886425349520881
Master_mfinanciacion_limite_rank_delta2	0.00052192023848455	0.000940461358202596	0.0014081820425933
vmr_Master_mlimitecompra_delta2	0.000519061077387208	0.00108087914432322	0.00118938084872422
vm_fultimo_cierre_delta1	0.000514704489138145	0.000744191771531384	0.000903256210587734
Master_Finiciomora	0.000514155319798798	0.00160687025767102	0.000190749758757658
rf_011_025	0.000510564929000964	0.000758567404364759	0.000751778460986064
Master_mpagado_rank_lag2	0.000504510863737133	0.00106213105092331	0.00123426314490249
vmr_mconsumosdolares_lag1	0.000501339280188373	0.0011591707967636	0.000908866497610018
vm_mconsumosdolares_rank_lag2	0.000501045085636404	0.00156372032500148	0.000998631089966563
Master_msaldodolares_rank_delta2	0.000500978371413947	0.000735697606991737	0.00118377056170194
vm_status04_delta2	0.000499120339327652	0.000833974598446758	0.000280514351114203
Visa_fechaalta_lag1	0.000498835416088776	0.000709086105243094	0.00118377056170194
rf_012_020	0.000495648025468707	0.000408439555202709	0.000235632054935931
rf_014_021	0.000492294763910629	0.000571285226743846	0.00120621170979107
Master_Fvencimiento_delta1	0.000491566652843264	0.00054823739604136	0.000701285877785508
vm_status06_tend6	0.000490585858085766	0.000524749553641143	0.000134646888534817
ctarjeta_master_descuentos_delta2	0.00049049109517838	0.000598764913814261	0.000493705257960997
ctarjeta_visa_transacciones	0.000487321311910117	0.0017599732459247	0.000734947599919212
vm_mconsumospesos_rank	0.000485793192219899	0.00116426371068243	0.00110522654338996
vmr_msaldopesos2_lag1	0.000483441234799007	0.000638238675218921	0.00108278539530082
mtransferencias_emitidas_rank_delta1	0.000483289157846799	0.00178865047869244	0.000819101905253473
rf_009_018	0.00048242334440382	0.00107082579505858	0.00100985166401113
Visa_msaldototal_rank_lag1	0.000480213693991456	0.000733751643381933	0.00101546195103341
mplazo_fijo_dolares_rank	0.000479484853794121	0.000992497421478552	0.000106595453423397
Master_mpagominimo_rank_lag1	0.000476901583899711	0.000613465901080682	0.000993020802944279
ccomisiones_otras_tend6	0.000476348485016206	0.00126232807903519	0.000886425349520881
cliente_antiguedad_lag1	0.000475928498771686	0.000970355704156054	0.000835932766320325
mtarjeta_master_descuentos_rank_delta2	0.000474352536102818	0.000551256233227537	0.000678844729696371
vmr_msaldopesos_delta2	0.000473282989915379	0.000403816954341595	0.000633962433518099
mcomisiones_rank	0.000472521933090891	0.000603508360607649	0.00103229281210027
ctransferencias_recibidas_lag2	0.000471590948203069	0.00160357560107163	0.000779829896097484
Master_mpagominimo_rank	0.000470586269887247	0.000866138670337711	0.000948138506766006
Visa_msaldototal_rank_delta2	0.000469045816028142	0.000691235497039311	0.00109961625636768
rf_010_017	0.000466986202461975	0.00021051392217103	0.000157088036623954
cproductos_tend6	0.000465948910522575	0.00108261382014493	0.000134646888534817
Visa_Fvencimiento_lag1	0.000465615882326356	0.000620854810675363	0.00110522654338996
Master_fechaalta_delta1	0.000463208359178321	0.000480456643401373	0.000572249276272974
vm_status01_delta1	0.000459958954962049	0.000552628011744768	0.000431992100715873
Visa_mpagado_rank_tend6	0.000459369059178209	0.000718567863006144	0.000532977267116986
Master_mpagado_rank_delta1	0.000455988928821541	0.00115043958827988	0.00108839568232311
vm_cconsumos_delta2	0.000454321111670468	0.000622969768564873	0.00017952918471309
cproductos_delta1	0.000451193451467847	0.00197085607431398	0.000213190906846794
matm_other_rank_delta2	0.000449658507609348	0.00122037594885417	0.000869594488454029
ccaja_ahorro	0.000449111740343992	0.00160318173475008	0.000129036601512533
rf_012_019	0.000448287221308428	0.00062446627056129	0.00143062319068244
vmr_mpagominimo_delta1	0.00044804043509452	0.000879783347059274	0.000981800228899711
cprestamos_personales	0.000447803277168141	0.000849216593384481	7.85440183119768e-05
rf_018_015	0.000444269570506284	0.000376764644842544	0.000392720091559884
rf_016_022	0.00044339924946118	0.000283806774662365	0.000252462916002783
Visa_mpagominimo_rank_delta1	0.000442899143761654	0.000940526762917747	0.000998631089966563
mcomisiones_mantenimiento_rank_lag1	0.000442636095689982	0.000942477579880972	0.000667624155651803
Visa_mlimitecompra_rank_lag2	0.000439849994882095	0.000797930771238428	0.00123426314490249
ctarjeta_debito_transacciones_lag1	0.000438501928466857	0.00110738890540385	0.000561028702228406
ctarjeta_master_transacciones_tend6	0.000436140423410467	0.0018431469096826	0.000572249276272974
vmr_mpagominimo_lag1	0.000435660765422688	0.000538533745014225	0.000886425349520881
catm_trx_lag1	0.000435332921007888	0.000445509391595912	7.85440183119768e-05
vmr_mpagospesos	0.000435243884423555	0.000624845602501697	0.000908866497610018
vm_mfinanciacion_limite_rank_delta2	0.00043194549418731	0.00162582221759374	0.000920087071654586
vmr_msaldototal	0.000430217899570292	0.000598064644249213	0.00106034424721169
cliente_antiguedad	0.000428257736302693	0.000899568568702426	0.000791050470142052
vm_mlimitecompra_rank_delta1	0.000427922635533461	0.000828187834742539	0.00115010883956823
Master_msaldopesos_rank	0.000427631455335158	0.000735695526983128	0.000807881331208905
mcuenta_corriente_rank_lag1	0.000425368318210199	0.000916358475232065	0.000476874396894145
vm_mlimitecompra_rank_lag1	0.000422393126623082	0.000736504881444117	0.000993020802944279
vm_mpagominimo_rank_tend6	0.00041839854517079	0.00049194037093196	0.000785440183119768
rf_013_018	0.000417029048811998	0.00059593456135883	0.000269293777069635
vm_mpagominimo_rank	0.000414641059210532	0.000818155388280462	0.000981800228899711
cliente_edad_lag2	0.000414623728686508	0.000779529885201517	0.000572249276272974
Visa_fultimo_cierre_lag2	0.000413952832878936	0.000630674454281351	0.000673234442674087
ccomisiones_otras	0.000413234315753709	0.00103397982922159	0.000409550952626736
Master_msaldopesos_rank_lag2	0.000409632910535324	0.000586582097958083	0.00110522654338996
matm_rank_lag1	0.000409461719841635	0.00109990138799363	0.0007742196090752
Visa_fultimo_cierre_tend6	0.000409423958907869	0.000607103437215891	0.000701285877785508
vm_mfinanciacion_limite_rank	0.000409287625949538	0.000620539650852413	0.000964969367832858
rf_001_018	0.000408126016178263	0.000414450857120231	0.000527366980094702
rf_012_015	0.000407575652956995	0.000563644841540419	0.000319786360270191
cproductos_delta2	0.000406809419071132	0.000664128619413171	0.000112205740445681
cpayroll_trx_tend6	0.000405131883059246	0.00133086328418054	0.000325396647292475
rf_007_015	0.000403447168522877	0.000816672804366342	0.000695675590763224
rf_014_008	0.000401531209553883	0.000623360399317477	0.000398330378582168
ctarjeta_visa_debitos_automaticos_lag2	0.000400361152583336	0.00115091609000518	0.0007742196090752
vmr_msaldopesos_lag2	0.000400185079688692	0.00068972987895578	0.000914476784632302
rf_008_024	0.000397398563572652	0.000504798059704861	0.00135768945939274
vm_msaldopesos_rank_delta2	0.000396169200836679	0.000450703892108042	0.000701285877785508
thomebanking	0.000395827516720655	0.00103177743393315	0.000549808128183838
cmobile_app_trx_lag2	0.000394691051717221	0.00150707426931166	0.000892035636543166
mcaja_ahorro_rank_lag2	0.000392974558868271	0.000968406967201439	0.000723727025874644
mttarjeta_visa_debitos_automaticos_rank_lag2	0.000392183488566654	0.000601525136596713	0.000656403581607235
Visa_mfinanciacion_limite_rank_delta1	0.000391152512790681	0.000840621792378921	0.000959359080810574
Master_mconsumosdolares_rank_lag1	0.000390115247662621	0.000598510587823347	0.00125670429299163
vm_mconsumosdolares_rank_lag1	0.00038742986217613	0.00084186050170341	0.000768609322052916
rf_016_023	0.00038716294125998	0.000708769918255399	0.000162698323646238
mtransferencias_emitidas_rank	0.000385169757717336	0.00151280833946445	0.000454433248805009
rf_020_023	0.000381216611498883	0.000882950198685237	0.000751778460986064
thomebanking_tend6	0.000380475553790645	0.00177014387172413	0.000263683490047351
mtarjeta_visa_consumo_rank_delta2	0.000379897519665588	0.000770696525183881	0.000645183007562667
mcomisiones_mantenimiento_rank	0.000379874537880959	0.000946173318634244	0.000611521285428963
mttarjeta_visa_debitos_automaticos_rank	0.000377792093462175	0.000674688078426898	0.000712506451830076
vmr_mconsumosdolares_tend6	0.000375061115372879	0.00129901082839416	0.000684455016718655
ccallcenter_transacciones_delta2	0.000369776867714136	0.000622801133792827	0.000274904064091919
Master_mpagominimo_rank_tend6	0.000368725076842957	0.000552962662018758	0.000712506451830076
Master_msaldopesos_rank_tend6	0.000367536914932787	0.000492195056430535	0.000706896164807792
vm_msaldototal_rank_tend6	0.000362657665412387	0.00055587305628696	0.000824712192275757
ccajas_extracciones_tend6	0.000360556953967469	0.00242294478993151	0.000448822961782725
Master_msaldodolares_rank_tend6	0.000359857214943554	0.000912558787406578	0.000880815062498597
mtarjeta_visa_consumo_rank_lag2	0.000358928587477765	0.000828868690893903	0.000931307645699154
Master_cconsumos_lag2	0.000356309541059078	0.000394084773813662	0.000970579654855142
Master_mpagado_rank	0.000355900647471331	0.000556883401209469	0.000964969367832858
Master_mpagominimo_rank_delta2	0.000355782580766705	0.00063270562120677	0.000819101905253473
Visa_mconsumosdolares_rank_delta1	0.000355516253126044	0.000588500353798885	0.00092569735867687
mttarjeta_visa_debitos_automaticos_rank_delta2	0.000353717233117299	0.000767930961144754	0.000617131572451247
Visa_mpagosdolares_rank	0.000353306082068144	0.00047278672721152	0.000976189941877426
matm_other_rank_tend6	0.000347426975608583	0.00170867019309005	0.000549808128183838
vm_mlimitecompra_rank_lag2	0.000347224358600364	0.000531032437917299	0.000813491618231189
vmr_msaldototal_lag1	0.000345593772223546	0.000463002957334259	0.000667624155651803
vm_mconsumospesos_rank_lag2	0.00034217439077115	0.000661145065335992	0.000650793294584951
cdescubierto_preacordado_lag2	0.000334132783219666	0.00113112424314942	0.000162698323646238
vm_mpagominimo_rank_delta2	0.000332463072456118	0.00076680672933112	0.000835932766320325
rf_019_023	0.000328392797482958	0.000941199735579691	0.000476874396894145
rf_002_021	0.000327660525222801	0.00053858633584918	0.000740557886941496
mextraccion_autoservicio_rank_lag2	0.000326499982064971	0.000622179442330788	0.0007742196090752
vm_cconsumos_tend6	0.000323936284344716	0.00085092492243048	0.000504925832005565
cmobile_app_trx_tend6	0.000322974446125113	0.00132295545095658	0.000544197841161554
mplazo_fijo_dolares_rank_delta1	0.000322397292209109	0.00088492692587916	0.000112205740445681
vm_msaldototal_rank_delta1	0.000322164101889662	0.000526601480318523	0.000673234442674087
vm_mfinanciacion_limite_rank_lag2	0.000319372919705104	0.000558509017814359	0.000667624155651803
mforex_sell_rank_tend6	0.000319099117856974	0.00186095594339332	0.000448822961782725
vmr_Master_mlimitecompra_lag1	0.000317284427380572	0.000436152768177947	0.000807881331208905
rf_003_025	0.000315535091153873	0.000499626310891838	0.000768609322052916
rf_008_016	0.000315305359574496	0.000604961670326531	0.000465653822849577
mcaja_ahorro_dolares_rank_lag1	0.000315190687723476	0.000744856321442418	0.000476874396894145
ccaja_ahorro_lag2	0.000313792044816961	0.000816052730688776	0.000173918897690806
vm_fultimo_cierre_lag2	0.000309985713501157	0.000838870271055386	0.000751778460986064
vm_mpagospesos_rank_delta1	0.000308497496332696	0.000525971494501166	0.0007742196090752
Master_mpagospesos_rank_lag2	0.000308350896982274	0.000825539598596434	0.000847153340364893
cproductos	0.000308203752255896	0.000643133192267211	6.17131572451247e-05
mpagomiscuentas_rank_delta1	0.000308112741102289	0.00143619751373401	0.000555418415206122
ctrx_quarter_lag1	0.000307500730630476	0.00063416627515358	0.000577859563295258
Master_mpagospesos_rank_delta2	0.000307261807385359	0.000962541830827161	0.000802271044186621
vmr_msaldopesos_delta1	0.00030564094593897	0.000555095235783648	0.000740557886941496
ctarjeta_debito_tend6	0.000305633325643856	0.00214328799195187	0.000297345212181055
vmr_mconsumospesos_lag1	0.000305346891584955	0.000523136442767025	0.000695675590763224
rf_005_015	0.000305291157439795	0.000777182685363114	0.000454433248805009
rf_009_021	0.000305180369751788	0.00035013403782964	0.0003871098045376
Master_msaldopesos_rank_delta2	0.000304742265041089	0.000677945320550439	0.000757388748008348
mprestamos_prendarios_rank_lag2	0.000301883625534227	0.000987778498243456	0.000117816027467965
Visa_mpagado_rank	0.000298393642836147	0.000703707074584487	0.000431992100715873
vmr_mpagado_lag2	0.000297332969435425	0.000763742106276425	0.000589080137339826
Visa_cconsumos_delta1	0.000295847800453046	0.000377872185229069	0.000830322479298041
mplazo_fijo_dolares_rank_tend6	0.000294963810981923	0.000793701882624153	8.9764592356545e-05
ctarjeta_visa_transacciones_delta2	0.000292151999203715	0.00101284622273828	0.000454433248805009
ccajas_transacciones	0.000290935663941607	0.000664254857960358	0.000488094970938713
Master_cconsumos_delta2	0.000289064888500222	0.000338351431037315	0.000706896164807792
vmr_msaldopesos_tend6	0.000288543494431157	0.000588328252345824	0.000639572720540383
rf_017_023	0.000287826614106403	0.000917975181182791	0.00059469042436211
ccajas_consultas_lag2	0.00028499947445701	0.000299140675165667	0.000213190906846794
mtransferencias_recibidas_rank_delta1	0.000281319230740226	0.000509183128718644	0.000583469850317542
mcomisiones_mantenimiento_rank_tend6	0.000280848436365303	0.0012851235610389	0.000499315544983281
rf_003_019	0.000280378458867866	0.000482763963568542	8.41543053342609e-05
rf_006_015	0.000279840609797242	0.000460183955049263	0.000516146406050134
Master_mpagominimo_rank_lag2	0.000279440749544124	0.000522561204830588	0.000639572720540383
catm_trx_delta2	0.000278843604780442	0.00133473197179779	0.000577859563295258
vm_mpagominimo_rank_delta1	0.000278823865621518	0.000616120248857021	0.000622741859473531
ctarjeta_master_transacciones_delta2	0.000276324172454789	0.00109544202928965	0.000437602387738157
ctarjeta_visa_transacciones_lag1	0.000274538008980169	0.000424715776643268	0.000314176073247907
vmr_mpagospesos_delta1	0.000272968028297879	0.000637401587309811	0.000645183007562667
vmr_msaldodolares2_tend6	0.000272122484712349	0.00106172252182502	0.000392720091559884
Master_mpagosdolares_rank_lag1	0.000271827007720603	0.000394204720976784	0.000830322479298041
vm_Fvencimiento_tend6	0.000269485066741571	0.00035404992366693	0.000460043535827293
vm_status06	0.000267655614032211	0.00030758543308107	0.000353448082403896
mttarjeta_visa_debitos_automaticos_rank_tend6	0.000266568321783175	0.00190941005209066	0.000381499517515316
numero_de_cliente	0.000265775782459361	0.00138613332429856	0.000342227508359328
ctarjeta_debito_transacciones_delta1	0.000265647724414521	0.00158409139005707	0.00033100693431476
rf_020_024	0.000263665414075087	0.000897935659227844	0.000488094970938713
vmr_mconsumosdolares	0.000263085402622465	0.000308275225565717	0.000246852628980499
vmr_mpagominimo_delta2	0.000262842971590572	0.000286136589737455	0.000370278943470748
Visa_mpagado_rank_delta1	0.000262376134322123	0.000549364863423942	0.0003871098045376
vmr_mpagospesos_lag2	0.000261232914815973	0.000471663240092326	0.000583469850317542
mprestamos_prendarios_rank_lag1	0.000258600218526612	0.00143191308118614	0.000145867462579386
cproductos_lag2	0.00025154155299294	0.000273496659890539	6.73234442674087e-05
mpayroll_sobre_edad_rank	0.000250788723537263	0.000537710780620361	0.000168308610668522
Master_msaldototal_rank_lag1	0.00024869624093128	0.000478734190840127	0.000690065303740939
ccallcenter_transacciones_delta1	0.000248637500103038	0.00045200690194558	6.73234442674087e-05
catm_trx_lag2	0.000247922363621679	0.000895150296588253	0.000544197841161554
rf_001_016	0.000247832709206136	0.000566471727314835	0.000370278943470748
Master_fultimo_cierre_lag2	0.000247241670905175	0.000343977648891857	0.00053858755413927
mtransferencias_recibidas_rank_tend6	0.000246283100978572	0.0005109920171932	0.000370278943470748
Master_status	0.000246188242706808	0.000667403862598872	0.000448822961782725
Visa_mpagosdolares_rank_delta1	0.000244781461480469	0.000639050058330282	0.000835932766320325
rf_002_023	0.000244217158041047	0.000376775609826199	0.000364668656448464
Visa_mpagosdolares_rank_tend6	0.00024327070604458	0.000677709920069955	0.000757388748008348
vm_mpagado_rank_lag2	0.000242295497113871	0.000599964102975177	0.000403940665604452
ccajas_otras_tend6	0.000241509191901635	0.000700164794244149	0.000112205740445681
Visa_fechaalta_delta2	0.000239829119154769	0.00037804652076545	0.000291734925158771
ctransferencias_recibidas_tend6	0.000237686536456209	0.000976167376605344	0.00035905836942618
mcaja_ahorro_dolares_rank_delta1	0.000236985443731151	0.000767461007594701	0.000218801193869078
vm_msaldopesos_rank	0.000235335181658242	0.000245866159356409	0.000476874396894145
mcuenta_corriente_rank_delta1	0.000234532635864399	0.000785352625350936	0.000353448082403896
vmr_msaldopesos2	0.000233828393127536	0.000470000054936879	0.00051053611902785
mtarjeta_visa_descuentos_rank_lag1	0.000233703144011292	0.000545274359579966	0.000381499517515316
mpagomiscuentas_rank_delta2	0.000230446768455837	0.000651572531888583	0.000230021767913647
vmr_mconsumosdolares_delta2	0.000229389006560925	0.000941599251307341	0.000488094970938713
cprestamos_personales_lag1	0.000228167788387015	0.000537684433844647	7.29337312896928e-05
rf_004_019	0.000227624535265669	0.000782362959643523	0.00053858755413927
Visa_fultimo_cierre	0.00022680925747077	0.000293341380051557	0.000549808128183838
mautoservicio_rank_tend6	0.000226626232125855	0.00057181984031461	0.000319786360270191
mextraccion_autoservicio_rank_tend6	0.000226511455466721	0.000636267391998148	0.00035905836942618
rf_017_021	0.000224181048998218	0.000538048589425943	0.000482484683916429
Master_Fvencimiento_delta2	0.000223579982068525	0.000224358562189367	0.000431992100715873
rf_003_017	0.000222454054539873	0.000541368488598942	0.000499315544983281
rf_016_017	0.000221446550097971	0.000137875270905919	9.5374879378829e-05
vm_cconsumos_lag1	0.000220683797447671	0.000794471819638045	0.000426381813693589
cproductos_lag1	0.000219775072458686	0.000806961141454195	0.000190749758757658
tcuentas_lag1	0.000219477127267198	0.00120555917444184	0.000117816027467965
rf_020_027	0.000218450477277533	0.000407334942235708	0.000392720091559884
rf_019_020	0.000217948575596452	0.000567882692167095	0.000460043535827293
ctarjeta_debito_transacciones	0.000216113723358305	0.000276350688493347	5.04925832005565e-05
rf_010_026	0.00021567281067206	0.000467316972226793	0.000246852628980499
Visa_cconsumos_lag2	0.000215427689452745	0.000415000236184207	0.000684455016718655
Master_mconsumospesos_rank_delta2	0.00021535050868136	0.000383375091955948	0.000656403581607235
Master_mconsumototal_rank_delta1	0.000214826796171354	0.000513772552158488	0.000645183007562667
matm_rank_delta1	0.000214157660942558	0.00111932769259568	0.000476874396894145
vmr_mconsumospesos_tend6	0.000213361813757757	0.000567087153071928	0.000549808128183838
rf_020_015	0.00021327742585375	0.000591137445207504	0.000516146406050134
matm_rank_delta2	0.000212899246056138	0.000550504297275805	0.000437602387738157
rf_004_016	0.000211844032755334	0.000448155547733408	0.000403940665604452
mpayroll_sobre_edad_rank_lag2	0.000211361795649533	0.000571627580753425	0.000241242341958215
ctrx_quarter	0.00021050704185231	0.000339189520432052	0.00020758061982451
mautoservicio_rank_delta1	0.000210448721280759	0.000493824473544983	0.000420771526671305
vm_mconsumospesos_rank_lag1	0.000208342843436719	0.000358008308445553	0.000532977267116986
mautoservicio_rank_lag1	0.000207239257101858	0.000744970747595034	0.000527366980094702
rf_010_016	0.000205624640712971	0.000441487348282205	0.000426381813693589
rf_019_022	0.000201772710954209	0.000425455232543346	0.000561028702228406
mpayroll_rank_tend6	0.000201359991448366	0.000895253732078096	0.000201970332802226
vmr_mpagado	0.000201253039986812	0.00102785535942827	0.00033100693431476
ctransferencias_emitidas_delta2	0.000199248521579945	0.000898556785749273	0.000162698323646238
rf_013_022	0.000198213518067914	0.00056198599615602	0.000106595453423397
ctarjeta_debito_transacciones_lag2	0.000195268666301981	0.000286831646441421	0.000381499517515316
vmr_Visa_mlimitecompra_lag2	0.000194727831908444	0.000279001081685417	0.000454433248805009
ccajeros_propios_descuentos_lag2	0.000193323609289072	0.000800067017117282	0.000443212674760441
ccomisiones_mantenimiento_delta1	0.00019121386476453	0.000627457117508161	7.85440183119768e-05
vmr_mconsumosdolares_lag2	0.000190445680345759	0.000568702318275537	0.00041516123964902
vm_msaldopesos_rank_lag2	0.000190088498866159	0.000729960532382068	0.000488094970938713
rf_012_018	0.000186970397876814	0.000595841140725253	0.000431992100715873
mplazo_fijo_dolares_rank_lag2	0.000186846388082501	0.00097789771265601	0.000145867462579386
Master_mpagospesos_rank_delta1	0.000186416885518054	0.000521862090825878	0.00059469042436211
vm_mpagospesos_rank_lag2	0.000186027989355898	0.000327552873750022	0.00035905836942618
mcajeros_propios_descuentos_rank_delta2	0.0001838909288022	0.000625125171066225	0.000516146406050134
mv_status07_rank_delta2	0.00018284895275448	0.000952327473488706	0.000336617221337044
tcallcenter_tend6	0.000181877821510106	0.000496857074738747	0.000168308610668522
Visa_Fvencimiento_delta1	0.000178780748412693	0.000288034250925115	0.000201970332802226
mtarjeta_master_consumo_rank_tend6	0.000178231426003779	0.0007599449863628	0.000185139471735374
mtarjeta_visa_descuentos_rank_delta1	0.000177148584193256	0.000228307163223792	0.000308565786225623
mv_status07_rank_lag2	0.000175975162245283	0.000565866008264583	0.000403940665604452
vm_mpagado_rank_tend6	0.00017419788605838	0.0007743178972096	0.000314176073247907
rf_014_019	0.000173490041889264	0.000570802998575088	0.000224411480891362
mv_status07_rank	0.000172797019727174	0.000512083585167936	0.000319786360270191
mttarjeta_master_debitos_automaticos_rank_tend6	0.000172165671553127	0.00118408503716638	0.000302955499203339
vm_cconsumos_lag2	0.000171616946274878	0.000515709528076771	0.000314176073247907
Visa_mpagado_rank_lag1	0.000167105489568952	0.000399876390871301	0.000375889230493032
mcuenta_debitos_automaticos_rank_delta1	0.000166230291848587	0.000406461004791363	0.000246852628980499
mttarjeta_master_debitos_automaticos_rank_lag2	0.000164814078821228	0.000782474329981022	0.000370278943470748
mpayroll_rank_lag2	0.000164763753350399	0.000501816046374799	0.000302955499203339
vm_mconsumospesos_rank_delta1	0.000162498180429108	0.000471754811829362	0.000465653822849577
cextraccion_autoservicio_tend6	0.000161316589422639	0.000437547503827233	0.000286124638136487
mttarjeta_visa_debitos_automaticos_rank_lag1	0.000160743283495551	0.000366513437968856	0.000398330378582168
ctransferencias_recibidas_delta2	0.000160623480291649	0.00064959506000022	0.000263683490047351
Visa_msaldodolares_rank_tend6	0.000160247232181887	0.000814946140429641	0.000319786360270191
vmr_msaldodolares2_delta2	0.000159671231530324	0.00117699354312367	0.00033100693431476
minversion2_rank	0.000159281346291285	0.00103874564252731	8.9764592356545e-05
rf_018_018	0.000158170582684841	0.000486036150939126	0.000314176073247907
vm_mpagado_rank_lag1	0.000157773816478104	0.000723560910832619	0.000297345212181055
vm_mconsumosdolares_rank_delta1	0.000157326307480842	0.000515597515761306	0.000302955499203339
Master_status_tend6	0.000157109811771761	0.000419141636041308	0.000319786360270191
ccajas_depositos_tend6	0.000156085488014489	0.00137478307682661	0.00017952918471309
Master_mpagado_rank_lag1	0.000152714267511688	0.000292555290872046	0.000381499517515316
rf_013_017	0.000151655145494954	0.000262872926042881	0.00020758061982451
mtarjeta_visa_descuentos_rank	0.000151616430258026	0.000621414795215334	0.000258073203025067
rf_017_017	0.000151028693060201	0.000530786277886109	0.000117816027467965
mforex_sell_rank_lag2	0.000150326126713651	0.000541638761322526	0.000252462916002783
rf_004_021	0.000150276209589922	0.00041348722251451	0.000263683490047351
rf_005_008	0.000148655153081218	0.000521412218346594	0.000274904064091919
Visa_Fvencimiento_delta2	0.000148212601676214	0.000221609150315859	0.000246852628980499
vm_status01_tend6	0.000148183172241704	0.000215345217229252	0.00020758061982451
cforex_tend6	0.000147880000822426	0.00132232292290647	0.000246852628980499
cforex_sell_tend6	0.000147348658131566	0.00135390276916947	0.000230021767913647
cseguro_vida_lag2	0.000147097885280406	0.00120176775529255	0.000230021767913647
internet_delta1	0.000145964412934558	0.00109420973974482	0.000157088036623954
ctarjeta_visa_descuentos_delta2	0.000145813129623766	0.000155794185565258	0.000224411480891362
rf_010_021	0.000145162242466106	0.000495239547056224	0.000319786360270191
mcaja_ahorro_dolares_rank_tend6	0.000144728531813466	0.000615556001583357	0.000263683490047351
Master_msaldodolares_rank_delta1	0.000144053717500216	0.000253587536499996	0.000347837795381612
vm_status01_lag2	0.000143338276719231	0.00122958825562543	0.000314176073247907
Master_msaldodolares_rank_lag1	0.000142988305411407	0.000311634490827576	0.000347837795381612
mextraccion_autoservicio_rank_delta1	0.000142428518154842	0.000304011567424817	0.000235632054935931
vmr_Visa_mlimitecompra_delta2	0.000141937338891119	0.000474769566035677	0.000246852628980499
vm_cconsumos	0.000140405484571988	0.000644925389314657	0.000325396647292475
mttarjeta_master_debitos_automaticos_rank_delta2	0.000138804179290001	0.00081547127840563	0.000274904064091919
ctarjeta_debito_delta2	0.000137677646860658	0.000560506057191119	0.000100985166401113
vm_msaldodolares_rank_lag2	0.000135527936022227	0.000782619262926572	0.000274904064091919
rf_005_013	0.000131712824945106	0.00072273165505469	0.000173918897690806
vmr_msaldodolares2_lag1	0.000130645371172963	0.000326797650871105	0.000235632054935931
catm_trx_other_tend6	0.00012747617506691	0.000538614480163199	0.00017952918471309
active_quarter	0.000126334618703664	0.000448216612677511	0.000353448082403896
cpagomiscuentas_delta2	0.000124955385995673	0.000788103475255088	0.000129036601512533
rf_020_012	0.000124680065665892	0.000259417338407039	4.48822961782725e-05
ccajas_depositos_delta2	0.000123523495704241	0.000759913657838071	0.000218801193869078
vm_cconsumos_delta1	0.000121178922272144	0.000492284137293064	0.000129036601512533
ccajas_transacciones_tend6	0.000119851575867173	0.000582059234793729	0.000168308610668522
cpayroll_trx_delta2	0.000118223442396043	0.000313214835146322	4.48822961782725e-05
mtarjeta_visa_descuentos_rank_delta2	0.000117990827093469	0.000304330296645257	0.000342227508359328
ccuenta_debitos_automaticos_tend6	0.000117613449837141	0.000488271184387351	0.000112205740445681
Visa_msaldodolares_rank	0.000115432662130387	0.000301639356124869	0.000201970332802226
vm_mconsumosdolares_rank_delta2	0.000115219629514526	0.000363845582976117	0.000201970332802226
rf_017_016	0.000114672238166645	0.000554514065970807	0.000201970332802226
rf_004_015	0.000114608566888281	0.000219165294274932	0.000241242341958215
ccajas_consultas_delta2	0.000113527740833525	0.000582141947234837	0.000173918897690806
vmr_Visa_mlimitecompra_tend6	0.000112926509233295	0.000313352988804553	0.000201970332802226
minversion2_rank_lag2	0.000112523422042452	0.000697567864977068	0.000134646888534817
ccallcenter_transacciones_lag2	0.000112348525942607	0.000232159236451285	0.000157088036623954
rf_008_019	0.000111269422827382	0.000492217756771404	0.000213190906846794
vm_fultimo_cierre_delta2	0.000108626926954746	0.000236733098345239	0.000263683490047351
rf_008_017	0.00010823995481247	0.000203730474835413	0.000241242341958215
cseguro_vivienda_delta2	0.000107690176320573	0.000598057864961894	7.29337312896928e-05
matm_rank_tend6	0.000106973331906646	0.000301316184416907	0.000235632054935931
ctarjeta_debito_lag2	0.000104725594889975	0.000656331591586099	0.00015147774960167
rf_007_020	0.000103747371024135	0.00022489489626108	0.000201970332802226
vm_mpagado_rank_delta1	0.000103027375659409	0.000848251572106355	0.000201970332802226
vmr_mpagado_delta1	0.000102908375210508	0.000984126259917144	0.000246852628980499
vmr_msaldodolares_tend6	0.000102611926993136	0.00040039611055326	0.000140257175557102
ccomisiones_mantenimiento	0.000102388884226442	0.000487924875793503	3.92720091559884e-05
vm_msaldodolares_rank_tend6	0.000101770245777285	0.000447892157013617	0.000168308610668522
rf_001_023	0.000101330138169554	0.000335664034235299	0.00017952918471309
mttarjeta_master_debitos_automaticos_rank_lag1	0.000101120932559174	0.000537541247079164	0.000213190906846794
active_quarter_tend6	0.00010023882325563	0.00109802468096677	0.000168308610668522
ctarjeta_visa_descuentos_tend6	0.000100166944947141	0.00102281855438365	0.000168308610668522
mcheques_emitidos_rank_tend6	9.93675675671025e-05	0.0012955233729721	0.000140257175557102
vm_mconsumosdolares_rank_tend6	9.72460354429246e-05	0.000456144706726073	0.000246852628980499
rf_014_020	9.70324412838885e-05	1.66622042726909e-05	5.61028702228406e-06
vmr_mpagado_tend6	9.54145314511692e-05	0.000372840772799361	0.000196360045779942
mplazo_fijo_dolares_rank_lag1	9.4724701445814e-05	0.000766776094142594	9.5374879378829e-05
ccomisiones_mantenimiento_delta2	9.43074320174734e-05	0.000498857734871233	7.85440183119768e-05
cextraccion_autoservicio_delta2	9.22088920110731e-05	0.000311358465981419	0.00017952918471309
matm_rank	9.19739101520602e-05	0.000103217191655355	0.000145867462579386
vm_mpagado_rank_delta2	9.16912266917612e-05	0.000610339006163308	0.000157088036623954
ctarjeta_visa_transacciones_delta1	9.11734279471495e-05	0.000565119079740984	0.000112205740445681
mcajeros_propios_descuentos_rank_lag2	9.0349709728893e-05	0.000223510098430704	0.000140257175557102
mttarjeta_master_debitos_automaticos_rank	9.03346893573342e-05	0.000706976154781717	0.000173918897690806
ctarjeta_visa_descuentos_lag1	9.02597913934604e-05	0.000327213216047899	0.000252462916002783
cforex_buy_tend6	9.01537148060501e-05	0.000739572611672167	8.9764592356545e-05
ctransferencias_emitidas_delta1	8.8088743955423e-05	0.000770935751853041	0.000106595453423397
vm_status03_tend6	8.6312968472052e-05	0.000335707252191954	6.17131572451247e-05
rf_014_017	8.51162441878623e-05	0.000244191418597578	0.000308565786225623
ccheques_emitidos_tend6	8.28457440995166e-05	0.00111599341311625	0.000129036601512533
ccomisiones_mantenimiento_lag2	8.22917845119379e-05	0.000364496625670751	0.000117816027467965
vm_status05_delta2	8.22621862326509e-05	0.000338102549019551	0.000117816027467965
mtarjeta_master_consumo_rank	8.12095301864927e-05	0.000402173773219561	0.000196360045779942
mv_status07_rank_tend6	8.06257987404102e-05	0.000553953670564938	0.000140257175557102
vmr_mpagado_delta2	8.0546120390694e-05	0.000438757580934449	0.000140257175557102
ctransferencias_emitidas_lag1	7.87818432972444e-05	0.000956385467568496	0.00015147774960167
rf_017_018	7.79787456417662e-05	0.000423711543350993	0.000168308610668522
mttarjeta_master_debitos_automaticos_rank_delta1	7.69183924957893e-05	0.000503816013171082	0.000112205740445681
vm_status05_tend6	7.67986619073132e-05	0.000241588326342025	7.85440183119768e-05
ctarjeta_master_transacciones_lag1	7.65238194448608e-05	0.000490923452155081	0.000145867462579386
mcaja_ahorro_adicional_rank_tend6	7.61834381502574e-05	0.0013379716750833	0.000140257175557102
vm_mpagosdolares_rank_lag2	7.57969213887174e-05	0.000299217404372134	0.000134646888534817
vmr_msaldodolares2_lag2	7.476540898154e-05	0.000765739453802608	0.000157088036623954
ctransferencias_recibidas_delta1	7.41234145328929e-05	0.000807128851777969	0.000100985166401113
vmr_mpagosdolares_delta1	7.08230795964301e-05	0.000890018966707954	0.000173918897690806
rf_015_015	6.96811351303507e-05	0.000258931078616656	0.000157088036623954
rf_010_015	6.82239064371674e-05	0.000224613735591196	0.000235632054935931
mforex_sell_rank	6.81533081814092e-05	0.000338370074077441	5.04925832005565e-05
cseguro_vivienda_tend6	6.79920954686807e-05	0.000532884441632035	6.17131572451247e-05
vmr_mconsumosdolares_delta1	6.78007244423163e-05	0.000225622950632486	0.000145867462579386
rf_018_008	6.75509562662193e-05	0.000356267854822147	0.000157088036623954
minversion2_rank_lag1	6.66388089491212e-05	0.000486370338988981	7.85440183119768e-05
cseguro_accidentes_personales_lag2	6.63611834818521e-05	0.000301943345531215	8.41543053342609e-05
rf_008_021	6.6167524328898e-05	0.000352289106502451	0.000134646888534817
ctarjeta_master_debitos_automaticos_tend6	6.59093482534585e-05	0.000712462267365012	8.41543053342609e-05
cseguro_accidentes_personales_lag1	6.57645481760426e-05	0.000603857083038649	0.000106595453423397
vm_mpagospesos_rank_lag1	6.51682005027407e-05	0.000191272995126366	0.00020758061982451
rf_016_027	6.33829284695137e-05	0.000242660249791009	0.000190749758757658
ctarjeta_master_transacciones_delta1	6.32670009532523e-05	0.000978677073906439	0.000129036601512533
matm_other_rank_lag1	6.29135529386955e-05	0.000243343314346575	0.000123426314490249
vm_mconsumosdolares_rank	6.15251431375909e-05	0.000123680162276515	0.000145867462579386
rf_011_023	6.03237331615884e-05	0.000390643463767779	0.000129036601512533
mforex_buy_rank_tend6	6.02165730951733e-05	0.000918121603517221	0.000100985166401113
cpagomiscuentas_lag1	6.00773870466631e-05	0.000559400545454966	0.000117816027467965
ccuenta_debitos_automaticos_delta1	5.92857316708951e-05	0.000267789681207905	3.36617221337044e-05
ctarjeta_master_tend6	5.85866510753437e-05	3.26289923337547e-05	1.68308610668522e-05
rf_005_022	5.81657896610721e-05	0.000218640336052773	6.17131572451247e-05
mtarjeta_master_consumo_rank_delta1	5.8133636329401e-05	0.000448778266360193	0.000112205740445681
mtarjeta_master_descuentos_rank_tend6	5.73811419483853e-05	0.000589639299747494	9.5374879378829e-05
vmr_mpagosdolares_tend6	5.69859378869241e-05	0.000364078030357958	8.41543053342609e-05
mforex_sell_rank_delta1	5.52234612304409e-05	0.000679853561534975	0.000140257175557102
cpagomiscuentas_delta1	5.4467182237485e-05	0.000348107364749981	7.29337312896928e-05
Visa_msaldodolares_rank_lag1	5.34501432269398e-05	0.000164872498695508	0.000134646888534817
mv_status07_rank_delta1	5.28152743690665e-05	0.000188831912430251	9.5374879378829e-05
cextraccion_autoservicio_lag1	5.26174145449259e-05	0.000360105547743208	7.29337312896928e-05
mcaja_ahorro_adicional_rank	5.25146240066932e-05	0.000813728924527446	7.29337312896928e-05
ctransferencias_recibidas_lag1	5.08625779907539e-05	0.000460868431956353	7.29337312896928e-05
vmr_mpagado_lag1	5.04328324246154e-05	0.000258597070320632	0.000112205740445681
mv_status07_rank_lag1	4.84332735754059e-05	0.000486101478616922	0.000123426314490249
ccajas_otras_delta2	4.73426376010535e-05	0.000101509812736745	7.29337312896928e-05
rf_006_014	4.70425661769517e-05	0.000358811166089529	0.000100985166401113
ccheques_emitidos_delta1	4.6915380585194e-05	0.000409805042335875	3.92720091559884e-05
rf_020_020	4.60624334886471e-05	0.000346919885267161	0.000112205740445681
cplazo_fijo_lag2	4.49556525792809e-05	0.000359305822951704	5.04925832005565e-05
vm_mpagado_rank	4.40707751481713e-05	0.000191232961380421	6.73234442674087e-05
cliente_edad_delta2	4.34899532218217e-05	0.000181304874856458	7.29337312896928e-05
minversion2_rank_tend6	4.30451467786727e-05	0.000555247076412109	6.17131572451247e-05
rf_005_016	4.28078057285327e-05	0.00046650766912404	8.41543053342609e-05
cliente_edad_tend6	4.2161234124371e-05	0.000364975952099104	7.29337312896928e-05
catm_trx_other_delta2	4.04738479919757e-05	0.000166591895441637	0.000134646888534817
rf_009_020	4.01731213597186e-05	0.00028063042176251	0.000100985166401113
rf_006_023	4.01288810674261e-05	0.000252028557207951	6.17131572451247e-05
cpagomiscuentas_lag2	3.79796163472828e-05	0.000271251046645438	5.61028702228406e-05
cseguro_accidentes_personales	3.77634336141095e-05	0.000320485107212931	8.41543053342609e-05
rf_009_027	3.68379995689349e-05	2.3637705736543e-05	5.04925832005565e-05
vm_mpagosdolares_rank_tend6	3.63600022439721e-05	0.000234651908496728	6.73234442674087e-05
ctarjeta_debito_lag1	3.60423519162973e-05	0.000244408355791767	5.04925832005565e-05
vm_mpagosdolares_rank_delta2	3.42818993180042e-05	0.000298156933810059	8.9764592356545e-05
catm_trx_delta1	3.32431748613008e-05	0.000164631320413332	7.29337312896928e-05
ctarjeta_visa_descuentos_lag2	3.30505455284844e-05	0.000112468299574868	8.41543053342609e-05
ccajas_otras_lag2	3.22178520074658e-05	0.000269670548251981	6.73234442674087e-05
ctransferencias_emitidas	3.01873937341531e-05	0.000795782944077071	7.85440183119768e-05
ctarjeta_visa_debitos_automaticos_lag1	2.94830042794644e-05	0.000235705291622061	4.48822961782725e-05
rf_006_020	2.93880416195004e-05	0.000428507555300217	4.48822961782725e-05
ccajeros_propios_descuentos_lag1	2.81182142717895e-05	7.26725990599396e-05	6.17131572451247e-05
mcajeros_propios_descuentos_rank_tend6	2.69991256906093e-05	0.000342300494295875	4.48822961782725e-05
vmr_msaldodolares_delta2	2.68664803692669e-05	0.000184380925118944	5.04925832005565e-05
cplazo_fijo_lag1	2.67721881443649e-05	0.000417479195580301	4.48822961782725e-05
ccallcenter_transacciones_lag1	2.40442023598275e-05	0.000388116895285744	5.61028702228406e-05
cseguro_vida_tend6	2.35862838581404e-05	0.000139031473222248	2.80514351114203e-05
rf_007_022	2.27113341295696e-05	0.000177636073498629	3.92720091559884e-05
cseguro_accidentes_personales_tend6	2.23204550735678e-05	0.000380417319713873	5.61028702228406e-05
mpagodeservicios_rank_lag2	2.05778550721562e-05	0.000299707438992956	2.80514351114203e-05
cpagomiscuentas	1.94545669627473e-05	0.000246832747060772	2.80514351114203e-05
catm_trx_other_lag2	1.90905759771089e-05	4.9152246895537e-05	5.61028702228406e-05
vmr_msaldodolares_delta1	1.89341634170035e-05	0.000218884133605049	4.48822961782725e-05
mpagodeservicios_rank_tend6	1.83595855901599e-05	0.000191864719056964	3.36617221337044e-05
mforex_sell_rank_delta2	1.73180990402581e-05	0.000238358227046876	4.48822961782725e-05
ccheques_depositados_delta1	1.6639983902561e-05	0.000330901507856769	4.48822961782725e-05
mcaja_ahorro_adicional_rank_delta2	1.62151698389745e-05	0.000198453801143667	3.36617221337044e-05
ctarjeta_debito	1.56003783606406e-05	0.000346678116365256	2.80514351114203e-05
ccuenta_debitos_automaticos_lag2	1.51563061777309e-05	0.000100408075831031	2.80514351114203e-05
cextraccion_autoservicio	1.45443342563093e-05	0.000235744991539464	3.36617221337044e-05
cplazo_fijo	1.41231353686687e-05	0.000278814214739145	2.24411480891362e-05
ctransferencias_emitidas_lag2	1.24577474242963e-05	0.000218037338989096	3.36617221337044e-05
cpayroll_trx_delta1	1.16043725005479e-05	0.000255169960827351	2.24411480891362e-05
catm_trx_other_delta1	1.07287411178807e-05	9.33196119243238e-05	1.12205740445681e-05
ccajas_consultas_lag1	1.04476289897581e-05	0.000234761121788263	3.92720091559884e-05
cpayroll_trx	1.0376959118662e-05	0.000209110661054359	1.68308610668522e-05
ctarjeta_master_transacciones	9.91627283906479e-06	9.38583598331874e-05	2.24411480891362e-05
cextraccion_autoservicio_delta1	9.7084915084205e-06	0.00018615905000938	2.80514351114203e-05
ctransferencias_recibidas	9.47564679463801e-06	0.000274455877687855	2.24411480891362e-05
cseguro_vida_lag1	8.2919422897608e-06	0.000122030766807773	1.68308610668522e-05
ctarjeta_master_descuentos	7.95458521579463e-06	6.01408810189318e-05	3.36617221337044e-05
cpayroll_trx_lag1	7.89997605517969e-06	1.75391718530341e-05	1.68308610668522e-05
catm_trx	7.63202487712462e-06	0.000347107548266111	3.36617221337044e-05
cseguro_vida	4.28173409453324e-06	2.09844108040677e-05	5.61028702228406e-06
ctarjeta_visa_debitos_automaticos_delta1	4.18581273348522e-06	3.54574702135259e-06	5.61028702228406e-06
ctarjeta_visa_debitos_automaticos	2.22611342183183e-06	6.97035536847862e-05	5.61028702228406e-06
active_quarter_delta1	1.49158194065775e-06	7.57125701607499e-06	1.12205740445681e-05
ccajas_extracciones_delta1	7.7149720714938e-07	6.64753546444158e-05	5.61028702228406e-06
