Feature	Gain	Cover	Frequency
rf_012_022	0.0376296779231305	0.00237362997957201	0.0051775605313605
rf_016_015	0.0298069532990374	0.00176218797497705	0.00199007212606039
cproductos	0.0266721637354645	0.000993139068663926	0.000106811780777252
rf_019_024	0.0184144982328397	0.00153514486235093	0.0013379580960519
rf_011_015	0.0178464498908172	0.000508038150278667	0.000933197663632837
rf_004_015	0.0177565668468431	0.00120130409270749	0.000163028507502122
rf_010_023	0.0171134273812695	0.00305757467487625	0.00417128112298533
mcuentas_saldo_rank	0.013237234510798	0.00338477805492843	0.00150098660355402
rf_001_025	0.0127747645178743	0.00201906166469493	0.00316500171461017
cdescubierto_preacordado_delta2	0.0126900363926217	0.00147855928884107	0.000224866906899479
rf_018_025	0.0126293545011172	0.000962041593584869	0.00192823372666303
mprestamos_personales_rank	0.0106146173956044	0.004715616688812	0.000961306026995272
rf_006_022	0.01053252016787	0.00173197726935914	0.000815142537510611
mpayroll_sobre_edad_rank_delta2	0.00982612138027907	0.000629729102067065	0.000224866906899479
ctrx_quarter_normalizado_lag1	0.00973273423394563	0.000508391207565942	0.000528437231213775
mcomisiones_mantenimiento_rank_delta2	0.00885351395112256	0.00122416332446913	0.000477842177161393
mpayroll_sobre_edad_rank	0.00809781885456232	0.000652182316662903	0.000179893525519583
rf_005_020	0.0078834517271676	0.00174332523447579	0.00341797698487208
rf_010_017	0.00781103382399004	0.00108723915775729	0.000157406834829635
ctrx_quarter	0.00764164707903084	0.000663656100054064	0.000326057015004244
rf_007_025	0.00747062351118442	0.0013220061087448	0.000815142537510611
mcaja_ahorro_rank_delta2	0.00738454568528333	0.00352753680631565	0.00294013480771069
vm_status03_tend6	0.00690787529035336	0.000394551506351546	6.74600720698437e-05
Visa_mpagominimo_rank	0.00677656409453263	0.00316256220952119	0.00424998454040015
Visa_msaldopesos_rank	0.00664052881543686	0.00260103247382041	0.00351916709297684
mpasivos_margen_rank_delta2	0.00652144617871337	0.0041633164716695	0.00738687789164788
vm_status04_tend6	0.00634149327243435	0.00142356150904849	0.00029794865164181
vm_status02	0.00595386395559632	0.00276694142779702	0.00161342005700376
ctarjeta_visa_transacciones_lag2	0.00591393623995891	0.00159327146549115	0.00206315387080272
rf_007_015	0.00578395635653165	0.00154157192924014	0.000505950540523828
vm_Fvencimiento_lag2	0.00545411288515182	0.00247229382192558	0.0037552773452213
Visa_mpagospesos_rank_lag1	0.00539792161279509	0.00259925204497217	0.00440739137522979
rf_012_013	0.00528034817758454	0.000828006542498652	0.000697087411388385
mcomisiones_mantenimiento_rank_delta1	0.0050626348709879	0.00232372971663087	0.00176520521916091
mprestamos_personales_rank_delta1	0.00493002900548871	0.00410978249263589	0.000876980936907968
rf_004_026	0.00473185233433365	0.000914354025218933	0.000691465738715898
foto_mes	0.00470789447858534	0.00492313426548625	0.0015515816576064
Visa_mconsumospesos_rank_lag1	0.00464398580420393	0.00267708159965732	0.0047053400268716
rf_015_014	0.00429913725362158	0.00109415610352286	0.00160217671165879
mcuentas_saldo_rank_tend6	0.00414525106041181	0.00359184827488121	0.00300759487978053
mactivos_margen_rank	0.00407143739789493	0.00406305192984185	0.00279397131822603
mcuenta_debitos_automaticos_rank_lag1	0.00406529772350658	0.00164577879414174	0.000803899192165637
Master_delinquency_tend6	0.00401762748958422	0.00142167189544098	0.00111309118915242
mcomisiones_rank_delta2	0.00377499142861252	0.0042945592517235	0.00881478275045957
mextraccion_autoservicio_rank	0.00371279724269477	0.000960252526620515	0.000584653957938645
mcomisiones_otras_rank_delta2	0.00367011294501688	0.00432422814693368	0.00921392151020615
mtarjeta_visa_consumo_rank_lag1	0.00360052384834052	0.00118192884969244	0.00145039154950164
rf_013_015	0.00343704637627536	0.00106411605211546	0.00124238966061962
mrentabilidad_rank_delta1	0.00333025841239994	0.00378044940562399	0.00722947105681825
mcomisiones_rank_delta1	0.00318851579378439	0.00341603595216379	0.00643681520999758
mactivos_margen_rank_lag2	0.00311381645972646	0.00395809982175642	0.00624005666646054
vmr_mpagospesos	0.00310601987506967	0.000633852902705334	0.000584653957938645
mrentabilidad_rank_delta2	0.00302174349079883	0.00402847010609469	0.00789282843217171
mrentabilidad_annual_rank_lag2	0.00293259531383869	0.0037281324754493	0.00553734758239967
mrentabilidad_annual_rank	0.00289895044254402	0.0034390221590905	0.00380587239927368
mcuenta_debitos_automaticos_rank	0.00280892439034684	0.00129457643946644	0.000702709084060871
ctrx_quarter_normalizado_delta1	0.0028049216452272	0.00186729477218339	0.0015965550389863
Visa_mpagospesos_rank	0.00279120147188204	0.00355194958783428	0.00602643310490603
mpayroll_rank_lag1	0.00277971745704523	0.000673877459444142	0.000264218615606888
mcomisiones_rank_lag1	0.00274338201820642	0.00301657449948203	0.00567226772653936
Visa_fechaalta	0.00269183335735021	0.00326070228895962	0.00453668984669699
mpayroll_sobre_edad_rank_lag1	0.00269045802074136	0.00152325097343793	0.000595897303283619
Visa_mconsumospesos_rank	0.00265389743310406	0.00322125694875634	0.00498080198782346
rf_003_017	0.00263949269806021	0.000373728042036944	0.000477842177161393
rf_018_016	0.00254342067801842	0.0009984342595474	0.000950062681650298
mcomisiones_otras_rank_tend6	0.00249705748043198	0.00298419336435703	0.00382835908996363
rf_006_015	0.00246876205841698	0.000899032218188017	0.000528437231213775
mpasivos_margen_rank_delta1	0.00244137363880751	0.00330780673307085	0.0058690262700764
Visa_msaldopesos_rank_lag1	0.00239165158524459	0.0022624323849964	0.00391830585272342
mcomisiones_otras_rank	0.0023831453857846	0.00311055339786307	0.00445798642928217
vm_Finiciomora_tend6	0.0023508154307364	0.00218994221441374	0.000657735702680976
mcuenta_corriente_rank_lag2	0.00234216481633588	0.002906996860181	0.00251850935727416
Visa_mconsumototal_rank_delta1	0.00233903220953315	0.00267778180123573	0.00622881332111556
vmr_mpagospesos_delta1	0.00233455951093012	0.00053394218942532	0.000624005666646054
chomebanking_transacciones_lag1	0.00231356164306212	0.00297991158388694	0.00469409668152662
vm_mpagospesos_rank_delta2	0.00230319525128039	0.00159503991409503	0.00260283444736147
Visa_mconsumototal_rank_tend6	0.00230212976051998	0.00294705926009514	0.00640870684663515
Master_mlimitecompra_rank_lag1	0.0022866687368316	0.0029518714620282	0.00582967456136899
mcuenta_corriente_rank_delta2	0.00227795607244159	0.00170459649798804	0.000905089300270403
Visa_mconsumospesos_rank_delta1	0.00224681753891349	0.00285235828204995	0.00554296925507216
mcuenta_corriente_rank	0.00222653481050669	0.002543122697678	0.00162466340234874
mcomisiones_otras_rank_lag1	0.00221674467356509	0.0027258997071777	0.00410944272358798
thomebanking_lag2	0.00219959659302149	0.00257138931299781	0.00489647689773615
Visa_msaldodolares_rank	0.00219764865189371	0.000327413162871967	0.000320435342331757
Visa_msaldopesos_rank_lag2	0.00219321388481368	0.00224798575281246	0.00308629829719535
Visa_mpagominimo_rank_lag2	0.00215921752546305	0.00225507931720204	0.00373841232720384
mrentabilidad_rank_lag1	0.00214421364476692	0.00317606417629912	0.00449733813798958
Visa_mpagospesos_rank_tend6	0.00212574734907134	0.00220956706299219	0.0047053400268716
Master_mfinanciacion_limite_rank_lag1	0.00212286430021069	0.00265933165932207	0.00555421260041713
ctrx_quarter_normalizado_delta2	0.00212085894034264	0.000654997031371801	0.000652114030008489
Visa_msaldopesos_rank_delta2	0.00211897301200869	0.00230847444366094	0.00394641421608585
Visa_mpagosdolares_rank_tend6	0.00210282079953381	0.000907910479066545	0.00102314442639263
vm_fechaalta_lag2	0.00206322909224387	0.00301356473302634	0.0040138742881557
ccaja_ahorro_tend6	0.002054516883301	0.00328928902874905	0.000354165378366679
Visa_fechaalta_lag2	0.00205002092747732	0.00291670846788593	0.00382835908996363
ctrx_quarter_normalizado_tend6	0.00203113375533779	0.00237981283972039	0.0023723458677895
ctrx_quarter_delta1	0.00202929562420781	0.0020989275010007	0.00144476987682915
mprestamos_personales_rank_tend6	0.00200792940585033	0.0032574454106824	0.00079827751949315
Visa_Fvencimiento_lag2	0.00198725504510326	0.00261935432942639	0.00376652069056627
mpasivos_margen_rank_lag1	0.00197785926010445	0.00259011798273863	0.00350792374763187
rf_011_028	0.00197359808215056	0.000838283561178539	0.000730817447423306
Visa_mconsumospesos_rank_tend6	0.00197315802658235	0.00270775447019574	0.00550361754636475
rf_019_021	0.00196805073954394	0.0022995949744745	0.00487399020704621
Master_fechaalta_lag2	0.0019460595855851	0.0030283436755937	0.00433993130315994
mrentabilidad_annual_rank_lag1	0.00192840728098516	0.00124278892811625	0.00140541816812174
internet_tend6	0.00191014487380774	0.00272984205596032	0.000326057015004244
vmr_mpagominimo	0.00188951790607069	0.00145995011303976	0.00239483255847945
vm_mpagominimo_rank_lag1	0.00188450147809336	0.00184133936709631	0.00209126223416515
Master_Fvencimiento	0.00188091292872593	0.00232785634522382	0.00454231151936947
vm_mconsumospesos_rank_tend6	0.00187824411925051	0.00153621416343224	0.00193385539933552
Visa_cconsumos_delta2	0.00187756932255502	0.00232976706565671	0.00354727545633928
Visa_mconsumosdolares_rank_lag2	0.00187183680038367	0.00277399162164531	0.00424998454040015
Visa_mlimitecompra_rank_lag1	0.00186520402239541	0.00270037769899944	0.00425560621307264
vm_fechaalta_delta2	0.00186156438717857	0.000997388816120105	0.000685844066043411
Visa_mfinanciacion_limite_rank_tend6	0.00186034368603912	0.00279776811336127	0.00451420315600704
ctrx_quarter_tend6	0.00183690580264041	0.00219278410319624	0.0023723458677895
vm_msaldototal_rank	0.0018353444976652	0.00126781190512847	0.00141666151346672
mpagomiscuentas_rank	0.00182512004954163	0.000752068375319855	0.000320435342331757
tcallcenter_delta2	0.00181892159922708	0.00179477485665925	0.00134920144139687
Visa_mlimitecompra_rank_delta1	0.00178222625956515	0.00263948206547271	0.00481777348032134
mtarjeta_visa_consumo_rank_delta2	0.00178024111730543	0.000970469901165364	0.00147849991286407
mprestamos_personales_rank_lag2	0.00177811242263067	0.00120004040830505	0.000382273741729114
mttarjeta_visa_debitos_automaticos_rank_delta2	0.00174930250637255	0.00122916160582003	0.000753304138113254
ctrx_quarter_delta2	0.00174680212158179	0.00236289989684394	0.00285580971762338
Visa_mlimitecompra_rank	0.0017433036728261	0.00207946425717779	0.00368781727315145
vmr_mpagominimo_tend6	0.00173987725401176	0.00205550402553376	0.00252413102994665
mcaja_ahorro_rank	0.00173875207964376	0.000778972045028011	0.000494707195178853
rf_017_021	0.00173590595536618	0.000554908825372691	0.000534058903886262
rf_013_023	0.00173457751659025	0.00195889227563833	0.00329430018607737
rf_018_020	0.00173065265850093	0.000760036291878686	0.000264218615606888
Master_mlimitecompra_rank_delta2	0.00172698140004237	0.00234319506856545	0.00459852824609434
Visa_cconsumos_lag1	0.00171279482145057	0.00244803853177387	0.00433993130315994
mactivos_margen_rank_tend6	0.00168966718570765	0.00285369749855099	0.00265905117408634
Visa_mfinanciacion_limite_rank_lag2	0.00168560975253677	0.00198820500281109	0.00355851880168425
cdescubierto_preacordado_tend6	0.00168353629428642	0.00156585796697181	0.000174271852847096
chomebanking_transacciones	0.00168274002798784	0.00293267000968249	0.00313689335124773
vmr_msaldototal_delta2	0.001674136433153	0.00173033818682747	0.00231050746839215
Master_Fvencimiento_tend6	0.00167334048625698	0.00202323462032725	0.00269840288279375
ctrx_quarter_normalizado_lag2	0.00166760708913684	0.0028957096189639	0.00311440666055778
vmr_mconsumospesos_delta1	0.00166752298621102	0.00147238815185026	0.00124238966061962
rf_007_021	0.00166615935985686	0.00136636759106993	0.00290640477167576
Visa_mfinanciacion_limite_rank_delta2	0.00166567300970503	0.00267040176503721	0.00407571268755305
vm_status05	0.0016515769741795	0.00125617618276894	0.00121428129725719
Master_Fvencimiento_lag2	0.0016510904376836	0.00226830810355802	0.0044017697025573
vm_status02_tend6	0.00164537870747641	0.00182303792418138	0.00123114631527465
vm_mpagospesos_rank	0.00164377765095863	0.00116827149965927	0.00101190108104766
Visa_mpagospesos_rank_delta1	0.00162122413536818	0.00241840292930286	0.00468847500885414
Master_fechaalta_tend6	0.00161907164586074	0.00140013352418364	0.0017708268918334
Visa_Fvencimiento	0.00160987360441322	0.00227933537861412	0.00329992185874985
vmr_mpagominimo_lag2	0.00160567405809937	0.00230372196298896	0.00344046367556203
mactivos_margen_rank_delta1	0.00158530764237034	0.00134050800222908	0.0022880207777022
Visa_msaldototal_rank_delta1	0.00157594612744325	0.002284098836892	0.00329992185874985
mcomisiones_rank_lag2	0.00156205022977129	0.00177037071325673	0.00335613858547472
Visa_mfinanciacion_limite_rank_lag1	0.00155557777805044	0.001783401799872	0.00305818993383291
vmr_msaldopesos	0.00154876310478212	0.00168097533810997	0.00247353597589427
ccaja_seguridad_lag1	0.00151271586375801	0.00138797398749162	0.000151785162157148
mcuentas_saldo_rank_lag1	0.00151047679516911	0.00249705793825	0.00135482311406936
mcuentas_saldo_rank_delta1	0.00150282459390549	0.00281672551321822	0.00216996565157997
Master_msaldototal_rank	0.00149382365299202	0.00231374639389869	0.00316500171461017
mrentabilidad_annual_rank_delta1	0.0014865104613776	0.00147153356965509	0.00252975270261914
Visa_mlimitecompra_rank_tend6	0.00147899883528271	0.00242698618309106	0.00341797698487208
Visa_mfinanciacion_limite_rank	0.00147835661472188	0.00207689259231917	0.0032380834593525
ctarjeta_visa_transacciones_tend6	0.00147001962677421	0.00253650572077778	0.00142790485881169
mrentabilidad_annual_rank_tend6	0.00145923470608561	0.00286051749688845	0.00291764811702074
cdescubierto_preacordado	0.00145356608097672	0.00143674013777195	0.00018551519819207
ccomisiones_otras_delta2	0.00144818281683792	0.00162107540171688	0.0028895397536583
Master_msaldopesos_rank_lag1	0.00144798380518566	0.00224328116740925	0.00363160054642658
vm_Fvencimiento_lag1	0.00144485306901463	0.0020182047173013	0.00308067662452286
thomebanking_delta2	0.00144206173767838	0.00160416693215055	0.00152909496691646
ccomisiones_mantenimiento_tend6	0.00143849137873284	0.00325091640888136	0.000477842177161393
vm_mpagospesos_rank_tend6	0.00143257719855903	0.00182771590110192	0.00207439721614769
mttarjeta_visa_debitos_automaticos_rank_delta1	0.00143188925749169	0.00167104368982237	0.00132109307803444
mcuenta_corriente_rank_tend6	0.00142965499137853	0.00351553766607125	0.00165277176571117
Visa_mpagominimo_rank_delta2	0.00141742033394547	0.00290717345309633	0.00367095225513399
ctrx_quarter_lag2	0.00141660335707261	0.00233399570628752	0.00296262149840063
internet_lag2	0.00140622952717601	0.00132779033011823	0.000359787051039166
Visa_mpagado_rank_delta2	0.00140482677187574	0.00148907951162331	0.00101190108104766
Master_Fvencimiento_lag1	0.00138198016191041	0.000815057183773591	0.0016415284203662
rf_016_021	0.0013625468414619	0.00178222827580645	0.00266467284675883
mtransferencias_recibidas_rank_lag1	0.00135767950399918	0.000880718846446078	0.000579032285266158
rf_003_021	0.00135582469230973	0.00148414025739915	0.0016415284203662
vm_mlimitecompra_rank_tend6	0.00135532601035753	0.00227147186500029	0.00286705306296836
mtransferencias_recibidas_rank_delta2	0.00135530533258546	0.00221207263083737	0.00300759487978053
mautoservicio_rank_lag2	0.00134979062050645	0.00180816221414666	0.00231612914106463
Master_fultimo_cierre	0.00134934677400025	0.00208584859624268	0.00350230207495938
mcuenta_corriente_rank_lag1	0.00134690574134809	0.00166805911787201	0.000916332645615377
cliente_antiguedad_lag2	0.00132756409524495	0.00219720640730516	0.00244542761253183
Visa_msaldopesos_rank_tend6	0.00132203195634246	0.00192380607331992	0.00265905117408634
Master_mconsumosdolares_rank_tend6	0.00131857143101699	0.00253625698930946	0.00426122788574512
mactivos_margen_rank_delta2	0.00131169998053791	0.00202693710713577	0.00299072986176307
vm_fechaalta_tend6	0.0012978616550348	0.00156141339914696	0.00125925467863708
Master_mpagospesos_rank_lag1	0.00128802023975561	0.00201205319603249	0.00295699982572815
vm_Fvencimiento	0.00127722480960665	0.00190308271860094	0.00278834964555354
cliente_edad_lag1	0.00127560559494955	0.00294335877856357	0.00194509874468049
Master_mconsumototal_rank_tend6	0.00126362687568466	0.00272461877225172	0.00311440666055778
Visa_mconsumosdolares_rank_delta2	0.00125544858207459	0.00200204529580328	0.00356976214702923
ccajas_consultas_tend6	0.00125214660825404	0.00267915019708731	0.00061276232130108
vmr_Master_mlimitecompra_lag2	0.00125081557607294	0.00182203752235951	0.00258596942934401
rf_009_015	0.00123211463775751	0.00170457603387964	0.00343484200288954
Visa_cconsumos_tend6	0.00122965992937663	0.00129663159125737	0.0016808801290736
Visa_fechaalta_tend6	0.00121412757497236	0.00170889115850625	0.00139979649544926
mtarjeta_visa_consumo_rank_tend6	0.00120881854272749	0.00169243675562658	0.00172023183778101
vmr_mpagospesos_tend6	0.00119994169927446	0.00137380660297784	0.0014222831861392
rf_020_023	0.00118936666680509	0.000443596775758644	0.000500328867851341
internet_lag1	0.00117913538213818	0.00143421647101683	0.000191136870864557
rf_008_022	0.00117843847976123	0.000722447041165633	0.000635249011991028
mcomisiones_mantenimiento_rank_lag2	0.00116800668067033	0.00239117697559606	0.00197320710804293
mpagomiscuentas_rank_lag2	0.00115235092342363	0.00166670614722776	0.00146163489484661
vmr_Visa_mlimitecompra	0.00115020424852394	0.00168710855479941	0.00265342950141385
Master_msaldopesos_rank_delta1	0.00113883293208853	0.00212298403735587	0.00247915764856676
ctarjeta_debito_transacciones_delta2	0.00113877804012225	0.00255212942482497	0.0015515816576064
Master_fultimo_cierre_lag1	0.00113838728895181	0.00169093341491948	0.00287267473564084
Master_msaldototal_rank_tend6	0.00113677089224545	0.00216309451249955	0.00283332302693343
rf_007_016	0.00113405346558088	0.00119241765646907	0.00188326034528314
vm_mfinanciacion_limite_rank_tend6	0.00113168528404052	0.00198325289424748	0.00253537437529162
Master_mconsumospesos_rank_lag2	0.0011284542583781	0.00222801424840778	0.00279959299089851
vm_mlimitecompra_rank_delta2	0.00112735573337466	0.00193323357441438	0.00302445989779799
mrentabilidad_annual_rank_delta2	0.00112679096499622	0.00160249620223516	0.00298510818909058
mcaja_ahorro_rank_delta1	0.00112505000934532	0.00243377222026369	0.00173709685579847
rf_020_026	0.00111537611611436	0.00120637163323934	0.00269840288279375
Visa_Finiciomora_tend6	0.00111289495338529	0.00256323765651091	0.000618383993973567
tcallcenter_delta1	0.00111254106710954	0.00116022182950155	0.000652114030008489
cprestamos_personales_tend6	0.00110605603957979	0.00169333645655322	0.000247353597589427
vm_status01_tend6	0.0011020962596417	0.000503738116646568	0.000348543705694192
cliente_edad	0.00110059812335225	0.00223536050340223	0.00155720333027889
vmr_Visa_mlimitecompra_lag1	0.00110011553639191	0.00156452142417338	0.00218683066959743
cmobile_app_trx_lag1	0.0010991102340301	0.00241761310726982	0.00166963678372863
mcaja_ahorro_dolares_rank_delta2	0.00109219990942714	0.00198485603604606	0.000826385882855585
Master_cconsumos_delta1	0.00108911880514522	0.00117901744464222	0.00258034775667152
rf_002_015	0.00108882798107634	0.000807763580153516	0.0013829314774318
ccallcenter_transacciones_tend6	0.00108652968568534	0.0028777227988613	0.000972549372340246
Master_mlimitecompra_rank	0.00108445436530786	0.00086557658882857	0.00197882878071541
Visa_delinquency_delta2	0.00107590595727231	0.00189241299985092	0.00098379271768522
mtransferencias_emitidas_rank_tend6	0.00107000478672602	0.00204586717866706	0.00133233642337941
rf_009_023	0.00106655030038151	0.00110619735458329	0.00183266529123075
vm_mfinanciacion_limite_rank_delta1	0.00106421987621125	0.00237915204954674	0.00281645800891597
vmr_msaldopesos2_tend6	0.00105249176888857	0.00187102422739608	0.00212499227020008
vmr_msaldopesos2_delta2	0.00104966324878364	0.00160390817429747	0.0018551519819207
vmr_Master_mlimitecompra_tend6	0.00104092303607185	0.00207840308003901	0.00182142194588578
mextraccion_autoservicio_rank_delta2	0.00103972856965633	0.00185567172420256	0.00170898849243604
mtransferencias_recibidas_rank	0.00103954138233528	0.00271923457792191	0.0014672565675191
tcallcenter	0.00103927434842486	0.00167458961077642	0.00144476987682915
mcomisiones_otras_rank_lag2	0.00102662131354055	0.00127069500492323	0.00238358921313448
mprestamos_personales_rank_delta2	0.00102342091898298	0.00209557737734512	0.000303570324314296
rf_017_025	0.00101484615107769	0.00114764007917602	0.00214185728821754
chomebanking_transacciones_delta1	0.00101260782148965	0.00217490402552841	0.00157406834829635
rf_004_025	0.00100822921297026	0.000591536160156182	0.00140541816812174
mtarjeta_visa_consumo_rank	0.000999400378340179	0.00132073859374921	0.00152909496691646
Master_mpagado_rank_tend6	0.000998998177173416	0.00210294165412348	0.00188326034528314
mcuenta_debitos_automaticos_rank_lag2	0.000998964731189126	0.00184361656474685	0.00105687446242755
vm_mconsumototal_rank_tend6	0.000994019856986777	0.0015568997778106	0.00225429074166728
ctarjeta_visa_transacciones	0.000993456076398605	0.00164805974525941	0.000803899192165637
chomebanking_transacciones_tend6	0.000987590533372589	0.00184307439441762	0.00207439721614769
rf_002_017	0.000987057697620923	0.00134676305234781	0.00183266529123075
vm_mlimitecompra_rank	0.000979127869081477	0.00135939385483267	0.00210250557951013
Master_mconsumospesos_rank	0.000978539980520607	0.00179510904377622	0.00257472608399903
vmr_msaldototal_tend6	0.000978339754180418	0.00150106597748901	0.00207439721614769
Visa_mconsumosdolares_rank_lag1	0.000978284821258963	0.000765767707625662	0.00147849991286407
Visa_status_tend6	0.000977789304541941	0.00105260396279275	0.000736439120095793
Master_msaldototal_rank_lag2	0.000964337550270535	0.00145855438886251	0.00240607590382442
Master_fultimo_cierre_delta1	0.000951669379977145	0.001227587643372	0.00236110252244453
chomebanking_transacciones_lag2	0.000944630679719172	0.00136353953355668	0.00214747896089002
rf_020_025	0.000937678028599687	0.00164140250856804	0.00184953030924821
rf_014_015	0.000932791290396325	0.00118083584520919	0.00125363300596459
vm_mfinanciacion_limite_rank_lag1	0.000932203119336798	0.00136553139058016	0.00205753219813023
ctrx_quarter_normalizado	0.000930069306925721	0.00145518837724337	0.00118617293389475
Master_fechaalta	0.000923214762338377	0.00162631454768036	0.00246791430322178
ctarjeta_visa_debitos_automaticos_tend6	0.000920038688260408	0.00211071726976417	0.000629627339318541
Master_mpagosdolares_rank	0.00091018430710398	0.00152604828337122	0.00285018804495089
Master_mfinanciacion_limite_rank_tend6	0.000909921515475893	0.0010555282478911	0.00196196376269795
mrentabilidad_rank_lag2	0.000909167177779666	0.0012882756021906	0.00210812725218261
Master_fultimo_cierre_delta2	0.00090845567873946	0.00109860745843894	0.00236672419511702
rf_001_017	0.000902825454568536	0.00142647067744365	0.00223180405097733
mactivos_margen_rank_lag1	0.000899611874426814	0.00171975580045966	0.00144476987682915
Master_mconsumototal_rank_delta2	0.000899574709132107	0.00204398358089041	0.00224866906899479
rf_007_023	0.00089896003525442	0.000840753599629482	0.00165277176571117
vmr_msaldototal_lag2	0.000893379793767914	0.00121870285248903	0.00211937059752759
Master_mpagominimo_rank_delta1	0.000892750124370859	0.00182594326198338	0.0022430473963223
rf_002_016	0.000885989715447185	0.00234859463668524	0.000269840288279375
vmr_msaldopesos2_lag2	0.000884777148322779	0.00149562010803853	0.00195634209002547
vm_mconsumospesos_rank_delta2	0.000883728124965458	0.00132709863811254	0.00204628885278526
vm_fultimo_cierre	0.00087761667781926	0.00149516660694281	0.00166963678372863
Master_mconsumototal_rank_lag1	0.000871938675904571	0.00142215390746159	0.00226553408701225
Master_msaldototal_rank_delta2	0.000869754762260246	0.00148551767699702	0.00195072041735298
Visa_fultimo_cierre_delta1	0.000868330629190198	0.000928556322118655	0.00155720333027889
Master_mfinanciacion_limite_rank	0.000862502759008343	0.00126687873150191	0.00205753219813023
vm_msaldopesos_rank_tend6	0.000859466595390387	0.00164279280821404	0.00184953030924821
vm_msaldopesos_rank_delta1	0.000854714426414241	0.00194694139058422	0.00187763867261065
ccomisiones_otras_lag1	0.000848263346659364	0.00166909738857789	0.00114119955251486
vmr_mpagospesos_lag1	0.000845559884534949	0.00182759694704467	0.00204066718011277
Master_mconsumospesos_rank_delta1	0.000842995331494946	0.00144737427571037	0.00221493903295987
vm_mconsumototal_rank_delta2	0.000842710258316625	0.00128828130951732	0.00191136870864557
rf_016_018	0.000840649209369952	0.00119379435622394	0.0012086596245847
mtransferencias_recibidas_rank_lag2	0.000838232261044374	0.00127482178776825	0.00181580027321329
Visa_fultimo_cierre_delta2	0.000838194390482772	0.000843634308517106	0.00120303795191221
mcaja_ahorro_rank_lag1	0.000834989655474894	0.00262170497677254	0.00152347329424397
ctarjeta_visa_debitos_automaticos_lag2	0.000826959163841739	0.0010187008995858	0.000736439120095793
mcaja_ahorro_dolares_rank_lag2	0.000823059230491774	0.00268159378130767	0.00163590674769371
mplazo_fijo_dolares_rank_delta2	0.000816165087214195	0.00217597242680595	0.000326057015004244
ccomisiones_otras_delta1	0.00081603354811625	0.00133092627476993	0.00156844667562387
rf_019_016	0.000815798452343571	0.00145868920517464	0.00219807401494241
rf_005_022	0.000815558000079566	0.000554030102728035	0.000106811780777252
mtarjeta_visa_consumo_rank_delta1	0.000815296921046675	0.00175247490187742	0.00136044478674185
vmr_mpagospesos_delta2	0.000812438923642766	0.00152875941781284	0.0017258535104535
Master_mconsumospesos_rank_lag1	0.000812189095143133	0.00135452943857278	0.00220369568761489
vm_mconsumospesos_rank	0.000807563182356222	0.000726433865962745	0.00112433453449739
mautoservicio_rank_delta2	0.000803715597430367	0.00147191503503254	0.0019001253633006
vm_msaldototal_rank_delta2	0.000801389574793965	0.00129503847584356	0.00186077365459319
mpayroll_sobre_edad_rank_delta1	0.000800526521344041	0.00145250901872886	0.000444112141126471
Master_mpagosdolares_rank_lag2	0.000799119750718577	0.00130701478678109	0.00274337626417364
vm_fultimo_cierre_delta1	0.000797606627452636	0.000787013668369236	0.000938819336305324
vm_fultimo_cierre_lag1	0.000793706668302799	0.0020766222398519	0.00173147518312599
Master_mfinanciacion_limite_rank_lag2	0.000789866525382738	0.00103978813494587	0.0021137489248551
cdescubierto_preacordado_delta1	0.000788246792112609	0.000658344044277235	7.30817447423306e-05
vmr_mconsumospesos_lag2	0.000786706886269762	0.00124903767960865	0.00186077365459319
mcomisiones_otras_rank_delta1	0.000785405936026358	0.000797206979590638	0.00163590674769371
mcuenta_debitos_automaticos_rank_tend6	0.000781445310315914	0.00200289052003933	0.000719574102078332
vmr_msaldototal_delta1	0.000778060914056771	0.00129991070754184	0.00161342005700376
mtransferencias_emitidas_rank_lag1	0.000774900404280616	0.00163340281608209	0.00145039154950164
Master_cconsumos_lag1	0.000771257016124403	0.00115001779776105	0.00251288768460168
mpayroll_sobre_edad_rank_tend6	0.000769941968020974	0.00154630525694635	0.000590275630611132
matm_rank_lag2	0.000769246125446611	0.00143939039406195	0.00157969002096884
vmr_msaldopesos_lag1	0.000766376053737714	0.0011346786116632	0.00183828696390324
ctarjeta_visa_transacciones_delta2	0.000762491841966761	0.00103986515814784	0.000567788939921184
mtransferencias_emitidas_rank_lag2	0.000751824147087285	0.00182511194614261	0.00168650180174609
rf_011_016	0.000746384179007659	0.000995985405047866	0.000601518975956106
Visa_mpagospesos_rank_delta2	0.000741390512774734	0.000929820417859958	0.00168650180174609
Master_cconsumos	0.000740934237940757	0.00131477896205967	0.00249040099391173
vmr_msaldopesos2_delta1	0.000736030836867566	0.00143516722937975	0.00195634209002547
mcomisiones_rank	0.000734811401974151	0.00108283484972359	0.0019001253633006
thomebanking_lag1	0.000726017029825116	0.00102632259736594	0.0016808801290736
rf_005_021	0.000725834433854748	0.00116587259712283	0.000809520864838124
Master_mpagominimo_rank_lag1	0.000724824571508378	0.000993536679091727	0.00145039154950164
ccajas_transacciones_delta2	0.000715691542543536	0.00139949466351309	0.00123114631527465
rf_016_022	0.000711934211733378	0.000452091206061259	0.000236110252244453
Master_fechaalta_lag1	0.000711303493084243	0.00130435522394933	0.00148974325820905
ccajas_transacciones_delta1	0.000710754735475991	0.00143289712732458	0.000472220504488906
rf_003_027	0.000710366254819276	0.00112123137866264	0.00123114631527465
mtarjeta_master_consumo_rank_lag2	0.000695121007429711	0.00106274318295375	0.00137730980475931
Visa_msaldototal_rank_delta2	0.000694907737267367	0.000939139094116649	0.00160217671165879
ctrx_quarter_lag1	0.000694326607900805	0.000632739485531039	0.000444112141126471
rf_014_023	0.000692679123003167	0.00112945656197118	0.00192823372666303
vm_msaldototal_rank_lag2	0.000687211837874069	0.00113384559904962	0.00141103984079423
Visa_fultimo_cierre_lag1	0.000679973615542873	0.00134767136568187	0.00153471663958894
vm_msaldopesos_rank_lag1	0.000672214335060645	0.00112038170682514	0.00141666151346672
mcuentas_saldo_rank_lag2	0.000671392030580497	0.00135186311435846	0.000848872573545533
mrentabilidad_rank_tend6	0.000671013609378742	0.00137543026030217	0.000775790828803202
Visa_mconsumosdolares_rank_tend6	0.000669923940033174	0.00102440388153392	0.00181017860054081
thomebanking_delta1	0.00066505761766845	0.00128203309790718	0.000674600720698437
Master_mpagominimo_rank	0.000663773445417545	0.000869180842775035	0.00123676798794713
rf_003_015	0.000656131553934234	0.00125418468566697	0.00143352653148418
vm_mconsumototal_rank_delta1	0.000653638517631479	0.00121324893622206	0.00161904172967625
Visa_mlimitecompra_rank_delta2	0.000649936626630528	0.00153471570737412	0.00174834020114345
Visa_mconsumospesos_rank_delta2	0.000649682222219475	0.000977915751581859	0.00216996565157997
vm_status04	0.000649366530751252	0.000495513730307073	0.000320435342331757
vmr_mconsumospesos	0.000648221296947634	0.00112485977305859	0.0015965550389863
cprestamos_personales	0.000648124574410368	0.000533551880262325	5.05950540523828e-05
mpagomiscuentas_rank_tend6	0.000644794706765352	0.00204562284338283	0.000803899192165637
Visa_mpagominimo_rank_lag1	0.00064463304431051	0.00067954946243419	0.000961306026995272
Master_mlimitecompra_rank_tend6	0.000642833225007467	0.00102274461768931	0.00166401511105614
Visa_mconsumospesos_rank_lag2	0.000636634894087764	0.0010225226746644	0.00160217671165879
mtransferencias_emitidas_rank	0.000631287688367781	0.00123984713540757	0.000618383993973567
Master_msaldodolares_rank_delta2	0.000618389792718604	0.000965658624744745	0.00128736304199952
rf_010_026	0.00061478662543636	0.00042160582891803	0.00024173192491694
chomebanking_transacciones_delta2	0.000614550426833692	0.00157559793134957	0.00171461016510853
mpasivos_margen_rank	0.000611541656946282	0.00134492567877581	0.000905089300270403
rf_004_022	0.000608712154873701	0.000988089292829191	0.00092757599096035
mcomisiones_rank_tend6	0.000608337281966545	0.000990372223515131	0.000893845954925429
Visa_mconsumototal_rank_delta2	0.000606289111567208	0.000848041495922842	0.0018551519819207
mtarjeta_master_consumo_rank_delta2	0.000601585605731727	0.00156165302974295	0.0012086596245847
Visa_fechaalta_lag1	0.00060065071206734	0.00101334503622013	0.00124238966061962
mtransferencias_emitidas_rank_delta1	0.000597785931168058	0.00182874437680114	0.000921954318287863
Visa_mpagosdolares_rank_delta2	0.000595167975360389	0.00146205858463071	0.00181580027321329
mpasivos_margen_rank_lag2	0.000593657213589973	0.00087479633808887	0.00152909496691646
Master_cconsumos_tend6	0.000592837296763615	0.000895694537533021	0.001512229948899
Visa_mpagado_rank_lag2	0.000590279511659416	0.00146171737904441	0.00116930791587729
vm_status01	0.000589305289670286	0.000830141905367731	0.000460977159143932
rf_008_021	0.000588496009118266	0.000574424437774509	0.000522815558541288
cproductos_delta1	0.000586546662317014	0.00148800152100853	0.000179893525519583
rf_011_025	0.000585636777510077	0.000754145533739914	0.000624005666646054
Master_mlimitecompra_rank_lag2	0.000584723299064827	0.00102285634760779	0.00163028507502122
ctransferencias_emitidas_tend6	0.000582586834312865	0.0025711581148485	0.00111871286182491
Visa_mpagospesos_rank_lag2	0.000581287439374527	0.0007871178656448	0.0013829314774318
Visa_msaldototal_rank_lag1	0.000579175320162234	0.000757261502748113	0.00134920144139687
vm_mpagospesos_rank_lag2	0.000578767274818973	0.000530760020568965	0.000663357375353463
ctarjeta_master_transacciones_tend6	0.000576010538715089	0.00120345657755671	0.000416003777764036
Master_msaldototal_rank_lag1	0.000566556723463976	0.000605645777268486	0.0010343877717376
Master_msaldopesos_rank	0.000566103208341682	0.00102505228012434	0.00168650180174609
Master_mpagosdolares_rank_delta1	0.000564917013716871	0.000886453989951494	0.00181017860054081
ctarjeta_debito_transacciones_tend6	0.000561265498805361	0.00151810445584451	0.000505950540523828
matm_rank_lag1	0.000556584224560274	0.00152430986250429	0.000888224282252942
mprestamos_personales_rank_lag1	0.000553303742627837	0.000916536049340207	0.000219245234226992
rf_017_015	0.000552722958364086	0.000435542220951935	0.000832007555528072
mcaja_ahorro_rank_tend6	0.000552150332828292	0.00145001239750394	0.000961306026995272
Visa_msaldopesos_rank_delta1	0.000550407039350152	0.000858368672235255	0.00126487635130957
cmobile_app_trx_lag2	0.000549568143810771	0.00135427978159202	0.00113557787984237
rf_003_025	0.000544335169894655	0.000530507381381457	0.000567788939921184
ctarjeta_debito_transacciones_lag1	0.000541626396411748	0.000891893020893389	0.000550923921903723
vm_fechaalta_lag1	0.00053618478771241	0.000620902309963686	0.00109060449846247
Master_mfinanciacion_limite_rank_delta2	0.000535739557568113	0.000772866773672533	0.00155720333027889
mpayroll_rank_delta2	0.000530554619422037	0.0011786248474068	0.000236110252244453
cproductos_tend6	0.000525940048585096	0.000948844814534115	0.000151785162157148
Master_mconsumospesos_rank_tend6	0.000525938848158906	0.00110867166067493	0.00130984973268946
cplazo_fijo_tend6	0.000525569329013351	0.00144230408718459	0.000191136870864557
vm_mpagospesos_rank_lag1	0.000522935023706111	0.000581231170433657	0.000579032285266158
Visa_mfinanciacion_limite_rank_delta1	0.000518107466607959	0.000805920036498583	0.0014672565675191
vmr_mconsumosdolares_lag1	0.000517204851977825	0.00104910326340487	0.000899467627597915
Master_mpagospesos_rank_tend6	0.000515510355751258	0.00100198223719576	0.00114119955251486
rf_003_026	0.000514802518731463	0.000369799730192999	0.00031481366965927
Visa_cconsumos_lag2	0.000511940311324418	0.00062546390369487	0.00121428129725719
mplazo_fijo_dolares_rank	0.000511913535307575	0.00113143538469447	0.000140541816812174
rf_009_018	0.000509650534070215	0.00106538724345214	0.00104563111708258
mtransferencias_recibidas_rank_tend6	0.000507028946485376	0.000871275200301275	0.000832007555528072
Master_Fvencimiento_delta2	0.000505851919112156	0.000408320020712261	0.000640870684663515
mpayroll_rank_delta1	0.000505743354585253	0.00159749501580353	0.000432868795781497
ccaja_ahorro_lag2	0.00050446651379954	0.00159878834231274	0.000264218615606888
vmr_Master_mlimitecompra_delta2	0.000503278558495678	0.00119751291095677	0.00106249613510004
vmr_Master_mlimitecompra	0.000503114148201667	0.000844829607833684	0.00110746951647993
rf_014_021	0.000502511951719761	0.000595589261927488	0.00143352653148418
ccallcenter_transacciones_delta2	0.0005013599422345	0.000707229148614813	0.000236110252244453
Visa_msaldototal_rank_tend6	0.00049824754893838	0.000626207655775323	0.00130984973268946
Visa_Fvencimiento_lag1	0.000497604110148474	0.000757237902180887	0.000944441008977811
rf_011_018	0.000496066972037949	0.000729153432851051	0.000202380216209531
Visa_msaldototal_rank	0.000495699416381553	0.000729727147729287	0.00127049802398206
rf_018_023	0.000494840843282811	0.000886220503729763	0.00130984973268946
catm_trx_tend6	0.000493551441022756	0.00200281925558143	0.000837629228200559
Visa_mlimitecompra_rank_lag2	0.00049285423666256	0.00063822003598935	0.0010793611531175
Master_fultimo_cierre_lag2	0.000488843325050351	0.000762415835779917	0.00102876609906512
mautoservicio_rank_lag1	0.000487723244169876	0.000549970213865502	0.000511572213196314
vm_mpagominimo_rank_delta2	0.000484666100330453	0.000764469496467465	0.00102314442639263
cmobile_app_trx	0.000483677050927605	0.00149668861215079	0.00066897904802595
cpagomiscuentas_tend6	0.000481989800961565	0.00206213323976514	0.000517193885868801
rf_003_019	0.000467026179464278	0.000395722742344677	0.000106811780777252
rf_015_017	0.000466711035901912	0.00102613800905147	0.00100627940837517
mcomisiones_mantenimiento_rank_tend6	0.000464514109451006	0.00107539648053265	0.000432868795781497
Master_mpagado_rank_lag2	0.000464437426517422	0.000736715023739934	0.00102876609906512
vm_mfinanciacion_limite_rank	0.000464146500980791	0.000525777344386148	0.00098379271768522
Master_cconsumos_lag2	0.000463877443026181	0.000482147788149186	0.00111871286182491
mcuentas_saldo_rank_delta2	0.000463453156163468	0.00167938345671275	0.00104563111708258
ctransferencias_recibidas_lag2	0.000461423388770383	0.0014281620514282	0.00079827751949315
Master_mlimitecompra_rank_delta1	0.000458635760196215	0.000665600061808765	0.00132109307803444
vm_mlimitecompra_rank_delta1	0.000457849053923917	0.000721145487879179	0.00130422806001698
Master_mpagado_rank	0.000457026624252976	0.000688714940673342	0.000837629228200559
rf_017_027	0.000453545620125072	0.0008569079051004	0.000921954318287863
Master_fultimo_cierre_tend6	0.000449210250089014	0.000904306327954795	0.00101190108104766
vm_mfinanciacion_limite_rank_delta2	0.000447400148694959	0.00149204886403577	0.00111309118915242
rf_006_021	0.000443484446961138	0.000469739442862807	0.00154033831226143
Visa_mconsumosdolares_rank	0.000438897108255129	0.000887174244299437	0.00130984973268946
vmr_msaldototal_lag1	0.000433861283823666	0.000314719271289093	0.000640870684663515
mcuenta_debitos_automaticos_rank_delta2	0.0004320021668204	0.00171856314913701	0.000674600720698437
ccaja_ahorro	0.000430989859220754	0.00202372997515221	0.000163028507502122
Visa_msaldototal_rank_lag2	0.000429983507665497	0.000612167426387359	0.00101190108104766
Visa_cconsumos_delta1	0.000429245711688169	0.000746003106668739	0.00112995620716988
mcomisiones_mantenimiento_rank_lag1	0.000428970354736549	0.000843829694476713	0.000640870684663515
rf_009_021	0.000425316797188756	0.00049107831477191	0.00055654559457621
rf_011_027	0.000423208073718816	0.000611565431962337	0.00102876609906512
vmr_Visa_mlimitecompra_lag2	0.000421641063583445	0.00096711496998683	0.0010343877717376
ccomisiones_otras_lag2	0.000420941202973297	0.000902117311072861	0.00100627940837517
rf_005_019	0.000419852471619966	0.000684181600780264	0.000961306026995272
mtarjeta_master_descuentos_rank_delta2	0.000417089485305806	0.000585771477378715	0.000921954318287863
vmr_mpagominimo_delta2	0.000416276662528867	0.000567297940567256	0.000719574102078332
Master_mpagominimo_rank_lag2	0.000415878363351509	0.000630235537332632	0.00092757599096035
ctarjeta_master_transacciones_delta2	0.000415273766068506	0.000864556057111125	0.000477842177161393
Master_mpagado_rank_delta1	0.0004148437257261	0.00140363139561684	0.00104563111708258
rf_020_027	0.000414651484098087	0.000494899035794677	0.000646492357336002
ccaja_seguridad	0.000411897169029071	0.000837405506959534	6.74600720698437e-05
Master_Fvencimiento_delta1	0.000410043982739721	0.000596018545447688	0.000730817447423306
mv_status07_rank_delta2	0.00040881182157878	0.00098213541988373	0.000393517087074088
vmr_msaldopesos_delta2	0.000406943506700482	0.000704005897289583	0.000708330756733358
vm_status06_delta2	0.000403065694716586	0.000941106836399328	0.000258596942934401
Visa_cconsumos	0.00040098766932199	0.000749960957784736	0.0013379580960519
vm_msaldototal_rank_tend6	0.00040044847884383	0.000620978150566428	0.000758925810785741
vm_mconsumosdolares_rank_lag1	0.000398706673368632	0.00111899611186738	0.000905089300270403
vm_mconsumosdolares_rank_lag2	0.000396369911276494	0.00160729572978952	0.000837629228200559
active_quarter_lag1	0.000393193469418236	0.00065225291269515	0.00098379271768522
Visa_mconsumosdolares_rank_delta1	0.000392509996181093	0.000540310332022506	0.00109622617113496
vm_fechaalta	0.00039215126727304	0.000743055298129198	0.000758925810785741
vm_cconsumos_lag1	0.000391865643407297	0.000558869144521862	0.000477842177161393
Visa_mpagosdolares_rank_delta1	0.000390565836647522	0.00057390594513854	0.00098379271768522
Visa_fultimo_cierre	0.000390540412510117	0.00048624354061878	0.000595897303283619
rf_014_022	0.000388268834226065	0.000487390327658281	0.00141666151346672
mrentabilidad_rank	0.000387986877324299	0.000823970691250885	0.000792655846820663
cdescubierto_preacordado_lag2	0.000387316090986946	0.00142115967572266	0.000168650180174609
mtarjeta_visa_consumo_rank_lag2	0.000384484584399905	0.000924611196798712	0.00105687446242755
vm_msaldototal_rank_lag1	0.000380926457018264	0.000584282919161974	0.000674600720698437
rf_013_026	0.000380534906570384	0.00050270624740173	0.000146163489484661
Master_fechaalta_delta1	0.000379993124533143	0.000418228556897535	0.000573410612593671
Master_cconsumos_delta2	0.000372206060940547	0.000455948073486553	0.00101190108104766
rf_020_019	0.000371406287594777	0.000937803811043484	0.000410382105091549
mpayroll_rank	0.000369738545354461	0.000904691932429552	0.000163028507502122
vm_fultimo_cierre_tend6	0.000369427834508402	0.000720773380460842	0.000539680576558749
tcuentas_lag1	0.000369287548986889	0.00091558284865279	9.55684354322785e-05
mttarjeta_visa_debitos_automaticos_rank_tend6	0.000368923136473258	0.00137701203818859	0.000376652069056627
Master_msaldopesos_rank_delta2	0.000366884975761085	0.000609478272866187	0.00091071097294289
rf_008_016	0.000366194468294942	0.000740792060291292	0.000477842177161393
vm_mpagominimo_rank_delta1	0.00036612398025791	0.000810651127549726	0.000635249011991028
rf_002_020	0.000365935324876323	0.000829145436973732	0.000112433453449739
rf_010_022	0.00036561433142168	0.000750001706040786	0.000342922033021705
cpayroll_trx_tend6	0.000364937639812985	0.00153073664659803	0.000331678687676731
Visa_fultimo_cierre_tend6	0.000364544586039139	0.000546228881243165	0.000629627339318541
vmr_mpagominimo_delta1	0.000363215172383386	0.000609093465360476	0.000747682465440767
Visa_mpagominimo_rank_delta1	0.000360510684745298	0.00098823225879253	0.000961306026995272
matm_other_rank_tend6	0.000359073453473442	0.00181050113833523	0.000567788939921184
Master_mfinanciacion_limite_rank_delta1	0.000358133733116487	0.000963698800735166	0.00114682122518734
ctarjeta_master_descuentos_delta2	0.000356762527047203	0.000631889376645994	0.000663357375353463
vmr_Master_mlimitecompra_lag1	0.00035558804265897	0.000515285786780876	0.000860115918890507
ccajas_transacciones	0.00035258248068509	0.000500753056231307	0.000331678687676731
Master_msaldopesos_rank_lag2	0.000352494681785129	0.000557998442985022	0.000730817447423306
Visa_mpagado_rank_tend6	0.000352284339664166	0.000864021959307067	0.000657735702680976
vm_mpagominimo_rank	0.000350023328092705	0.000511220524804453	0.000702709084060871
Master_mpagominimo_rank_tend6	0.000349942272192623	0.000925471152107774	0.000961306026995272
vm_msaldopesos_rank	0.000349536001623531	0.000242490506553445	0.00031481366965927
rf_014_008	0.00034904060235937	0.000633818093154109	0.000387895414401601
rf_005_015	0.000347840673292562	0.000783038463894984	0.000719574102078332
ctarjeta_debito_tend6	0.00034571680254647	0.00264606132774099	0.000342922033021705
cliente_edad_lag2	0.00034486517778088	0.000827709684383443	0.000601518975956106
mcaja_ahorro_rank_lag2	0.000343675097794397	0.00122052058463035	0.000624005666646054
mpagomiscuentas_rank_delta1	0.000342205760246821	0.000949375621627275	0.000590275630611132
mautoservicio_rank_tend6	0.000341200444714824	0.00107934194006542	0.000697087411388385
rf_012_018	0.000340794387212953	0.000925602394913537	0.000505950540523828
Visa_fultimo_cierre_lag2	0.000339755336413956	0.000690668825978096	0.000640870684663515
rf_019_023	0.000335522608618471	0.0009503090780493	0.00055654559457621
vmr_msaldopesos_delta1	0.000335174361213986	0.000481028149474599	0.000787034174148176
mpagomiscuentas_rank_delta2	0.000334951037196216	0.000523730522207186	0.000275461960951862
vm_Finiciomora	0.000334151584914455	0.00183393817265505	0.000230488579571966
Master_msaldopesos_rank_tend6	0.000333710538554736	0.000549136661369665	0.000685844066043411
vmr_mconsumosdolares_tend6	0.000332504421138201	0.00139219244748558	0.00066897904802595
Master_msaldodolares_rank_tend6	0.000331913708575292	0.00063716145542714	0.000876980936907968
vm_mlimitecompra_rank_lag2	0.0003312890146495	0.000378519188561988	0.000719574102078332
Master_mpagospesos_rank_delta2	0.000330077958412476	0.000409767702129558	0.000652114030008489
cliente_antiguedad_lag1	0.000329974020465198	0.000598830792123413	0.000764547483458228
mcajeros_propios_descuentos_rank_delta2	0.000329544440748524	0.000814473468219264	0.000708330756733358
vm_mpagominimo_rank_tend6	0.000329308255489894	0.000762263357605386	0.000809520864838124
rf_012_015	0.000328884325758435	0.000560595533727068	0.000331678687676731
ccajas_extracciones_tend6	0.000326254105662954	0.00245520801389223	0.000387895414401601
ccaja_ahorro_lag1	0.000326130843247379	0.000621773988430324	0.000101190108104766
Master_mpagospesos_rank_lag2	0.000325723737493046	0.000657442518034399	0.000944441008977811
rf_005_013	0.000323216408206261	0.000557546998583613	0.000219245234226992
cmobile_app_trx_tend6	0.000322985698253987	0.0014767432020552	0.000550923921903723
Master_status	0.00032071767662359	0.00053251831424468	0.000444112141126471
matm_other_rank_delta2	0.000320057517202983	0.000919296390193241	0.000730817447423306
Visa_mpagado_rank_delta1	0.000317066562501087	0.000579287003009525	0.000438490468453984
ccomisiones_otras_tend6	0.000316534183373259	0.000893765409686044	0.000663357375353463
catm_trx_delta2	0.000315715004588992	0.00117312501543932	0.000579032285266158
mcaja_ahorro_dolares_rank_delta1	0.000314932712821691	0.00094185061418846	0.000348543705694192
mextraccion_autoservicio_rank_delta1	0.000313828951358658	0.000477410167093603	0.000326057015004244
Visa_mpagosdolares_rank	0.000312763285730719	0.000240675833744911	0.00055654559457621
rf_018_015	0.000309344015312733	0.00031626240903113	0.000477842177161393
numero_de_cliente	0.000307418214288566	0.00178585682445447	0.000449733813798958
ccomisiones_mantenimiento_delta2	0.000306650219589743	0.000651399641642601	8.99467627597915e-05
rf_004_019	0.000304992321498288	0.000963096497805997	0.000624005666646054
rf_012_019	0.000304095639059355	0.000516412880972344	0.000944441008977811
mpayroll_sobre_edad_rank_lag2	0.000303710674038695	0.000543366759730382	0.000202380216209531
vmr_msaldototal	0.000302876229617261	0.000403047067836032	0.000685844066043411
rf_017_026	0.000302823723766579	0.000517834982254139	0.000837629228200559
thomebanking_tend6	0.000302664960027678	0.00168191072268291	0.00024173192491694
rf_004_021	0.000301596673738033	0.000550041426906043	0.000331678687676731
rf_015_023	0.000297013707167409	0.000460242759713442	0.00107373948044501
vmr_msaldopesos2	0.000296650900034852	0.000415391964102897	0.000618383993973567
Master_mpagospesos_rank	0.00029595700778497	0.000536591263116093	0.000787034174148176
ctarjeta_debito_transacciones_delta1	0.000294347209204117	0.00194380886518681	0.000421625450436523
rf_010_021	0.000293976897631071	0.000461671750921182	0.000326057015004244
rf_017_023	0.000291020518646106	0.000691041858908873	0.000562167267248697
cliente_antiguedad	0.000290887956936348	0.000622324745458307	0.000624005666646054
rf_001_018	0.000290692111597617	0.000418028671919121	0.000674600720698437
vm_msaldototal_rank_delta1	0.000289173869324452	0.000446579111053942	0.000601518975956106
Visa_mpagominimo_rank_tend6	0.000288126963863063	0.000607267352189834	0.000708330756733358
vmr_msaldopesos_lag2	0.000287266974058411	0.000427449205961597	0.00061276232130108
vmr_mconsumospesos_tend6	0.000286334085481173	0.000683510681387122	0.000680222393370924
rf_008_024	0.000284876973560183	0.000351140319633124	0.000820764210183098
vm_status04_delta2	0.000284315927121328	0.00131044537860162	0.000309191996986783
ccajas_consultas_delta2	0.000283961686509282	0.000568334720169763	0.000174271852847096
cextraccion_autoservicio_lag2	0.000283545194110843	0.000689055246455884	0.000550923921903723
vm_mpagominimo_rank_lag2	0.000283510964400967	0.000507735764797495	0.000640870684663515
ctransferencias_recibidas_tend6	0.000281516412083181	0.00100605114980459	0.00042724712310901
Visa_status	0.000279554197273955	0.000534189301246866	0.000365408723711653
Master_mpagospesos_rank_delta1	0.000279102161993108	0.000587539257556943	0.000680222393370924
rf_020_015	0.000278678299053142	0.000630331096492087	0.000528437231213775
vm_fultimo_cierre_lag2	0.00027552909705464	0.000512299286679596	0.000590275630611132
mcaja_ahorro_dolares_rank_lag1	0.000274711012159726	0.000904073278780606	0.000505950540523828
cproductos_delta2	0.000273596447135247	0.000991719281163231	0.000118055126122226
mcuenta_corriente_rank_delta1	0.000272490593277378	0.000754470491441156	0.000331678687676731
cprestamos_personales_lag1	0.000270114454213268	0.0004172953575623	6.74600720698437e-05
vm_msaldopesos_rank_delta2	0.000268564866736578	0.000540788462032609	0.000539680576558749
catm_trx_lag2	0.000268106114831062	0.00090957449901675	0.000534058903886262
matm_rank_delta2	0.000266831730831105	0.000800330455533074	0.000517193885868801
mcomisiones_mantenimiento_rank	0.000266208250908981	0.00073078009809082	0.000522815558541288
Master_mpagominimo_rank_delta2	0.000266041638809786	0.000571021559909834	0.000607140648628593
cproductos_lag1	0.000265639549336197	0.00116938334860415	0.000191136870864557
vm_mfinanciacion_limite_rank_lag2	0.00026181583749928	0.000287747062243001	0.00055654559457621
rf_019_018	0.000261648956882562	0.000535697475185604	0.000685844066043411
vmr_msaldopesos2_lag1	0.000261559208566178	0.000525128148826673	0.000624005666646054
rf_006_014	0.000260066853064707	0.000855987997152153	0.000118055126122226
Master_mpagosdolares_rank_lag1	0.00025688597743822	0.000214157485716045	0.000365408723711653
vm_Fvencimiento_tend6	0.000256582395577544	0.000253046284438598	0.000432868795781497
Master_mconsumosdolares_rank_lag1	0.000254679823859736	0.000409480741855724	0.00092757599096035
rf_004_009	0.000253366066652823	0.000976813209178737	0.000342922033021705
mpasivos_margen_rank_tend6	0.000249567142585112	0.000560823209787368	0.00048346384983388
ctarjeta_debito_transacciones_lag2	0.000248484877459274	0.000646189237982126	0.000545302249231236
Master_mconsumototal_rank_delta1	0.00024848196675502	0.000351042189605779	0.000595897303283619
rf_014_020	0.000245387886116745	0.000635721409487475	7.30817447423306e-05
mforex_sell_rank_tend6	0.000244064613186932	0.0016255351119536	0.000376652069056627
vm_msaldopesos_rank_lag2	0.00024320352899616	0.000522257389197782	0.000550923921903723
rf_020_024	0.000243022469309675	0.000605213228746065	0.000348543705694192
vmr_mpagospesos_lag2	0.000242152804859744	0.000430817582779194	0.000477842177161393
mttarjeta_visa_debitos_automaticos_rank_lag1	0.000241760436532287	0.000525394207944565	0.000528437231213775
rf_019_022	0.000239254858260158	0.000491771317920223	0.00061276232130108
mpayroll_rank_tend6	0.000238087526499144	0.000798153033265322	0.00024173192491694
cprestamos_personales_delta2	0.000235688540340129	0.000676351508448993	7.30817447423306e-05
Master_status_tend6	0.000232172270624069	0.000497810080923397	0.000393517087074088
vm_Finiciomora_lag1	0.000231681022745371	0.00136862262783927	0.000179893525519583
thomebanking	0.0002312138837463	0.000893728903362012	0.00031481366965927
Visa_mpagado_rank	0.000230496386740066	0.000501015104795291	0.000331678687676731
vm_status06_tend6	0.000230095504755558	0.000580488986582616	0.000219245234226992
vm_status01_delta1	0.000228064347214265	0.000282393486949756	0.000174271852847096
mplazo_fijo_dolares_rank_delta1	0.000227600072562931	0.00116618788836081	0.000134920144139687
ctarjeta_visa_debitos_automaticos_delta2	0.000227514429113624	0.000836961826579152	0.000444112141126471
rf_007_020	0.000225885037291533	0.00018389690526108	0.0001292984714672
mprestamos_prendarios_rank_lag2	0.000221175632097274	0.00114560821944818	0.000174271852847096
Visa_fechaalta_delta2	0.000220100396544211	0.00029903281235672	0.00029794865164181
vm_mpagospesos_rank_delta1	0.00021989861881918	0.00059712831198958	0.000528437231213775
cextraccion_autoservicio_tend6	0.000219877224833331	0.000604691445399198	0.000376652069056627
mautoservicio_rank_delta1	0.000219371352083153	0.000657370353772739	0.000444112141126471
vm_mconsumospesos_rank_lag1	0.000217790389682959	0.000345380907134831	0.000466598831816419
vmr_msaldopesos_tend6	0.000217582944055174	0.00044743125092462	0.000505950540523828
ccajeros_propios_descuentos_lag2	0.000214951109576528	0.000752515834876035	0.000326057015004244
mv_status07_rank_lag2	0.00021493136705702	0.000487430278945285	0.00042724712310901
vm_mconsumospesos_rank_lag2	0.000214247652589006	0.000388158169249041	0.000438490468453984
vmr_mconsumosdolares_delta2	0.000211560721896813	0.000739119376516299	0.000393517087074088
Master_mconsumospesos_rank_delta2	0.000211525782940847	0.00051992815718115	0.000545302249231236
mcaja_ahorro_dolares_rank_tend6	0.000207676134699839	0.000850140892350146	0.000326057015004244
vm_mpagado_rank_lag2	0.00020649602456323	0.000661517189387298	0.000399138759746575
rf_001_023	0.000205844428496087	0.000336544397150829	0.00018551519819207
Visa_msaldodolares_rank_tend6	0.000203537929662643	0.00131113313717943	0.000432868795781497
cproductos_lag2	0.000203232568113026	0.000462418253830277	0.000101190108104766
mtarjeta_master_consumo_rank	0.000203159491407691	0.000308333312577431	0.000264218615606888
vmr_mpagado_lag2	0.000202868949404592	0.000612760448483447	0.000455355486471445
vmr_Visa_mlimitecompra_delta2	0.000202780635876619	0.000510885489301084	0.000326057015004244
mpagomiscuentas_rank_lag1	0.000202361172482942	0.000728205193938661	0.000421625450436523
vmr_msaldodolares2_delta2	0.000202162244106977	0.00110211787570743	0.000337300360349218
rf_012_020	0.000200760685975361	0.000450618484390718	0.000208001888882018
mtransferencias_recibidas_rank_delta1	0.000200033620795456	0.000482422331131114	0.000460977159143932
mcaja_ahorro_dolares_rank	0.000199151722676717	0.000677531305432197	0.00029794865164181
Visa_Fvencimiento_delta1	0.000197980484082032	0.000359867747692572	0.000326057015004244
mttarjeta_visa_debitos_automaticos_rank_lag2	0.000196585467692043	0.000305069004492005	0.000387895414401601
cpagomiscuentas_delta2	0.000196341525146719	0.000685294349528908	0.000118055126122226
mtransferencias_emitidas_rank_delta2	0.000194081301508419	0.00108116854170096	0.000393517087074088
vm_cconsumos_tend6	0.000192726700780303	0.000736358881411192	0.000354165378366679
rf_010_016	0.000191791533093463	0.000675828773881007	0.000455355486471445
vmr_Visa_mlimitecompra_tend6	0.000191483715443644	0.000724054836235093	0.000342922033021705
vm_mlimitecompra_rank_lag1	0.000191030912414302	0.000341095501741024	0.000404760432419062
mprestamos_prendarios_rank_lag1	0.000190764161474469	0.00154824243160982	0.000157406834829635
mtarjeta_visa_descuentos_rank_lag1	0.00019007073991901	0.000434662032912582	0.000359787051039166
ccajas_otras_tend6	0.000189339849394683	0.00193753417363741	0.000202380216209531
ccuenta_debitos_automaticos_tend6	0.000187243968938214	0.000680811681441934	0.000157406834829635
mextraccion_autoservicio_rank_tend6	0.000186245885702725	0.000618116388975151	0.000387895414401601
matm_rank_delta1	0.000185342396633049	0.00108573782232713	0.000444112141126471
vm_mpagado_rank_lag1	0.000185236952635672	0.000714222526282744	0.000320435342331757
vm_cconsumos	0.000184307598087692	0.00061324274329953	0.000320435342331757
mttarjeta_visa_debitos_automaticos_rank	0.000183891418641601	0.000460864498403856	0.000472220504488906
rf_002_023	0.000180503616654865	0.00034140498281757	0.000348543705694192
vm_Fvencimiento_delta1	0.000178572081449496	0.000330957361344531	0.000213623561554505
vm_msaldodolares_rank_lag2	0.000177977012994729	0.000990393870222762	0.000393517087074088
matm_rank	0.000175941807854657	0.000448952973337137	0.00029794865164181
rf_019_020	0.000175043843585458	0.000401514085022159	0.00037103039638414
Visa_Fvencimiento_delta2	0.000174906001484051	0.000366746927408847	0.000337300360349218
mcuenta_debitos_automaticos_rank_delta1	0.00017413751457008	0.000769530018529978	0.000264218615606888
mttarjeta_master_debitos_automaticos_rank_tend6	0.000173377461825252	0.00116993274307215	0.000275461960951862
vm_cconsumos_lag2	0.000172582229562079	0.000532896925958778	0.00031481366965927
vmr_mconsumospesos_delta2	0.000171505218121654	0.000601310497037621	0.000528437231213775
rf_013_018	0.00017121864156762	0.000433357960175596	0.000208001888882018
vmr_msaldodolares2_tend6	0.00017107364270487	0.00091337511585262	0.00029794865164181
minversion2_rank_lag1	0.000170552538542028	0.00105947977467209	0.000118055126122226
Visa_Fvencimiento_tend6	0.000170390429933065	0.000432234388073137	0.000399138759746575
mforex_sell_rank_lag2	0.000168822327411393	0.000520515394824487	0.000337300360349218
vmr_mpagado_tend6	0.000168717505059536	0.000283527111145663	0.000157406834829635
mautoservicio_rank	0.000168434813603857	0.000790023229155485	0.000354165378366679
vmr_mpagado_delta2	0.000164125299080584	0.000753008953045934	0.000230488579571966
tcallcenter_tend6	0.000163897476033336	0.000747660442362431	0.000196758543537044
ctarjeta_debito_lag2	0.000162818965829077	0.001110603102303	0.000219245234226992
mplazo_fijo_dolares_rank_lag1	0.000156086989952097	0.000731455259415979	0.000118055126122226
rf_002_021	0.000156038605988849	0.000330997955348508	0.000449733813798958
vm_status05_delta2	0.00015512645025192	0.00055064306140956	0.000146163489484661
vmr_mpagominimo_lag1	0.000154809372706464	0.000449275514422563	0.000460977159143932
ccajas_depositos_delta2	0.000154347946159008	0.000920368262142441	0.000269840288279375
vm_mconsumosdolares_rank_tend6	0.000151687152658437	0.000527026889015196	0.000326057015004244
vmr_mconsumospesos_lag1	0.000151662922006785	0.00039134699665323	0.000416003777764036
mextraccion_autoservicio_rank_lag2	0.00015153152098134	0.000473229138936113	0.000421625450436523
rf_017_016	0.000150622246467344	0.000442603983705728	0.000202380216209531
rf_020_012	0.000150498928149967	0.000557768581687015	7.30817447423306e-05
mv_status07_rank	0.000150479376623252	0.000697362389032744	0.000354165378366679
rf_005_008	0.000150133017535553	0.000563574835398257	0.000309191996986783
mttarjeta_master_debitos_automaticos_rank_lag2	0.000148655124310903	0.000704658126473167	0.000337300360349218
cforex_sell_tend6	0.00014822225387987	0.00153895632824929	0.000219245234226992
vm_mpagado_rank_tend6	0.000147943716754956	0.000591153486470819	0.000247353597589427
mv_status07_rank_delta1	0.0001478748043112	0.000349045627894058	8.99467627597915e-05
rf_009_027	0.00014754002276893	0.000165502859684767	8.43250900873046e-05
mcheques_emitidos_rank_tend6	0.000146218084889642	0.00156423024767621	0.000157406834829635
vm_status06	0.00014558548071569	0.000232548934715789	0.000264218615606888
rf_018_008	0.000145512152302098	0.000276407041108134	0.000163028507502122
matm_rank_tend6	0.00014514158972137	0.000525437527068504	0.000281083633624349
ctransferencias_recibidas_delta2	0.000143591446585755	0.000681441081318659	0.000196758543537044
Master_mpagado_rank_lag1	0.000142420017424289	0.000160451309951188	0.000247353597589427
rf_016_027	0.000141843356224674	0.000529846154160259	0.000354165378366679
ccajas_consultas_lag2	0.000141525293588677	0.000619031026644224	0.000281083633624349
vm_cconsumos_delta2	0.000141222234763455	0.000543641251294952	0.000140541816812174
Visa_msaldodolares_rank_lag1	0.000138162692927792	0.000347072332536738	0.000292326978969323
mplazo_fijo_dolares_rank_tend6	0.000137982562139381	0.000802446639727697	0.000101190108104766
ctarjeta_debito_delta2	0.000137803842860135	0.000932108824494503	9.55684354322785e-05
vm_mpagado_rank_delta1	0.00013660253164505	0.000986956028554789	0.000252975270261914
cseguro_vivienda_delta2	0.000136431845637075	0.000670560011519438	0.000101190108104766
vmr_mconsumosdolares	0.000135267794699015	0.000497163096310308	0.000264218615606888
ccajas_transacciones_tend6	0.000133580870314407	0.000882791917186193	0.000208001888882018
rf_001_016	0.000133450443872668	0.000379947151422573	0.000236110252244453
rf_012_014	0.000133272820761462	0.000400386142444288	0.00031481366965927
cforex_tend6	0.000132286287630515	0.00131846967429327	0.000252975270261914
mplazo_fijo_dolares_rank_lag2	0.000131276630469636	0.000992635949817937	0.000134920144139687
Visa_mpagado_rank_lag1	0.000130089886137407	0.000302702777686442	0.000331678687676731
vm_mconsumospesos_rank_delta1	0.000128535325644532	0.000183764479856088	0.000337300360349218
vm_mconsumosdolares_rank_delta1	0.000128054573985424	0.000616440902954158	0.00031481366965927
rf_014_017	0.000126887228705641	0.000215906884188862	0.000213623561554505
ccajas_otras_delta2	0.000126485518945936	0.000177296150537245	7.87034174148176e-05
vm_status01_lag2	0.000125014571723404	0.000661065076560238	0.000219245234226992
rf_008_017	0.000124619222075871	0.000230383852613907	0.000191136870864557
vm_fultimo_cierre_delta2	0.000124603675991613	0.000251172147455779	0.000252975270261914
rf_013_022	0.000123923906608096	0.000462210887626304	0.0001292984714672
ctarjeta_visa_descuentos_lag1	0.000122089532394002	0.000295656568683381	0.000208001888882018
ctarjeta_visa_transacciones_delta1	0.000121503535363651	0.000499703859336893	7.87034174148176e-05
Master_msaldodolares_rank_delta1	0.000121106915655843	0.000191302213090957	0.000303570324314296
rf_010_015	0.000120142182199954	0.000371410687429963	0.000292326978969323
vmr_mpagado_delta1	0.000116109809816412	0.000639389703753069	0.000236110252244453
ctarjeta_debito_transacciones	0.000113911081295852	0.000136212781858116	6.18383993973567e-05
rf_018_018	0.00011360072821861	0.000477822148672907	0.000219245234226992
ccomisiones_otras	0.000113192834055781	0.000527260940827862	0.000213623561554505
vmr_mconsumosdolares_lag2	0.000112566362164876	0.000245913797109163	0.000275461960951862
vmr_mpagado	0.00010827945963641	0.000817038525947406	0.000236110252244453
mttarjeta_master_debitos_automaticos_rank_lag1	0.000107402689320356	0.000545375378812505	0.000236110252244453
ccheques_emitidos_tend6	0.000107315370424461	0.00109214280546118	0.000134920144139687
cseguro_vida_lag2	0.000105700340849216	0.00119052320962992	0.000163028507502122
ccomisiones_mantenimiento_lag2	0.000105360723617255	0.000767462809368652	0.000174271852847096
mpayroll_rank_lag2	0.000104439540006695	0.000318354272815517	0.00018551519819207
mtarjeta_visa_descuentos_rank_delta2	0.000104088847950486	0.000212102282507763	0.00031481366965927
vmr_msaldodolares_tend6	0.000103133438516936	0.000420669210328501	0.000146163489484661
cforex_buy_tend6	0.000102989758914823	0.00067569879080051	7.87034174148176e-05
cseguro_accidentes_personales_lag1	0.000102442345678485	0.000327309891108843	8.99467627597915e-05
active_quarter_tend6	0.000100775239997873	0.00102103797274949	0.000168650180174609
rf_004_016	0.000100030397585311	0.00091400137927052	0.0001292984714672
mtarjeta_visa_descuentos_rank	9.99177349281095e-05	0.000664575982293632	0.000258596942934401
vm_status05_delta1	9.92018516734299e-05	0.000532108466485725	0.000146163489484661
vm_mpagado_rank_delta2	9.76860797835272e-05	0.000529614827467555	0.000146163489484661
minversion2_rank	9.74906540542611e-05	0.000905714340880557	7.87034174148176e-05
rf_017_018	9.72064811169721e-05	0.00059415160689496	0.00018551519819207
vmr_msaldodolares2_lag1	9.68235929205089e-05	0.000530166381464584	0.000247353597589427
vmr_msaldodolares2_lag2	9.44621026720757e-05	0.00064637724555089	0.000196758543537044
cextraccion_autoservicio_delta2	9.4340166817774e-05	0.000341684873204708	0.000168650180174609
rf_008_019	9.36438070121424e-05	0.000431609744302008	0.000208001888882018
active_quarter	9.32726627002343e-05	0.000323822997281537	0.000252975270261914
ctarjeta_visa_transacciones_lag1	9.28080501750953e-05	0.000274747828680883	0.000196758543537044
mttarjeta_master_debitos_automaticos_rank_delta2	9.18486757341616e-05	0.000835568801813187	0.000224866906899479
mtarjeta_master_consumo_rank_tend6	9.06974833187146e-05	0.000255961982838199	0.000163028507502122
rf_013_017	8.80725874258587e-05	0.000247139921131737	0.000208001888882018
mcaja_ahorro_adicional_rank_tend6	8.76326527383722e-05	0.00146131290439934	0.000174271852847096
Master_msaldodolares_rank_lag1	8.60360240940768e-05	0.000120673093773559	0.000230488579571966
Master_Finiciomora	8.56597009153199e-05	0.000553316069880386	8.43250900873046e-05
rf_016_023	8.49143659275148e-05	0.000467693263400817	0.000106811780777252
ccallcenter_transacciones_lag2	8.47905059342034e-05	0.000279755313738834	0.000191136870864557
mtarjeta_master_consumo_rank_delta1	8.42500676803332e-05	0.000368722433712552	0.000123676798794713
vm_mpagosdolares_rank_tend6	8.41960672644214e-05	0.000316614746475396	0.000101190108104766
internet_delta1	8.01635506617346e-05	0.00107896273705171	0.000146163489484661
matm_other_rank	8.00181383375327e-05	0.000648511682907529	0.000236110252244453
catm_trx_other_tend6	7.98372484261894e-05	0.000339593395050504	0.000140541816812174
vm_mpagosdolares_rank_lag2	7.62425108776658e-05	0.000256823892006857	0.000140541816812174
vm_mconsumosdolares_rank_delta2	7.48837052414239e-05	0.000200917233289279	0.000146163489484661
cseguro_accidentes_personales_lag2	7.418473873911e-05	0.00035596889799464	0.000106811780777252
catm_trx_lag1	7.40875938048052e-05	0.000325924167607684	7.30817447423306e-05
ctransferencias_emitidas_delta2	7.37071706334685e-05	0.000591650229564442	0.000106811780777252
ctarjeta_visa_descuentos_delta2	7.24621205220552e-05	0.000157429254746996	0.000191136870864557
mtarjeta_visa_descuentos_rank_delta1	7.12082127970424e-05	0.000211847458082548	0.000191136870864557
cpagomiscuentas_lag1	7.03687195421279e-05	0.000296384252839524	8.99467627597915e-05
rf_014_019	6.98734776907762e-05	0.000163227204554954	8.43250900873046e-05
ctarjeta_master_debitos_automaticos_tend6	6.78931421702533e-05	0.0005242945192048	6.74600720698437e-05
rf_017_017	6.74590518826016e-05	0.000409372868239077	9.55684354322785e-05
ctarjeta_master_transacciones_delta1	6.71572316198763e-05	0.0010133075529663	0.0001292984714672
mv_status07_rank_lag1	6.6919943465678e-05	0.000397300792472654	0.000134920144139687
ctransferencias_emitidas_delta1	6.64370807628782e-05	0.00103406674558366	0.0001292984714672
cplazo_fijo	6.56881235434579e-05	0.000348918961233139	2.81083633624349e-05
vmr_msaldodolares_delta2	6.5025430689837e-05	0.000549003516121664	0.000106811780777252
minversion2_rank_lag2	6.47452568349879e-05	0.00042883878576459	8.99467627597915e-05
vmr_mconsumosdolares_delta1	6.46176998280189e-05	0.00019037742049372	0.000118055126122226
mttarjeta_master_debitos_automaticos_rank	6.45047449987988e-05	0.000514979879210696	0.000134920144139687
vm_msaldodolares_rank_tend6	6.44093114709118e-05	0.000398094959272422	0.000112433453449739
vmr_mpagosdolares_delta1	6.43844993351484e-05	0.000418653701320434	0.000106811780777252
ctransferencias_emitidas_lag1	6.38909699985993e-05	0.000715250693477821	0.0001292984714672
rf_009_020	6.14273746205582e-05	0.000265277522636065	0.000123676798794713
rf_016_017	6.05746456529055e-05	0.000279955404386679	0.0001292984714672
matm_other_rank_lag1	6.01812137539691e-05	0.000197733110573328	9.55684354322785e-05
cliente_edad_delta2	5.97202959100257e-05	0.000387125760121947	0.000106811780777252
ccomisiones_mantenimiento_lag1	5.9422783437521e-05	0.000311385986818189	6.18383993973567e-05
rf_020_020	5.72329037294583e-05	0.000394303828939064	0.000106811780777252
rf_015_015	5.6586790713632e-05	0.000352889743814621	0.000118055126122226
mcaja_ahorro_adicional_rank	5.61119535172832e-05	0.000885973006278034	7.87034174148176e-05
catm_trx_other_lag2	5.46406680905984e-05	0.000181794732296456	0.000118055126122226
cliente_edad_tend6	5.44157674694681e-05	0.000398238516535376	7.87034174148176e-05
mforex_buy_rank_tend6	5.42983906977054e-05	0.000936043486382136	0.000101190108104766
cseguro_vivienda_tend6	5.4086924046928e-05	0.000476606488082644	6.18383993973567e-05
ctarjeta_master_tend6	5.37120052953604e-05	7.59814605940568e-05	3.93517087074088e-05
vm_cconsumos_delta1	5.12016272653828e-05	0.000165147822829217	5.05950540523828e-05
cpayroll_trx_lag1	5.09838647327043e-05	8.54377811175556e-05	1.68650180174609e-05
ccomisiones_mantenimiento	5.09353174191003e-05	0.000488486545726395	3.93517087074088e-05
rf_011_023	5.09061419871672e-05	0.000213816511507851	0.000101190108104766
mv_status07_rank_tend6	4.98373415766361e-05	0.000515975499218291	0.000106811780777252
vmr_mpagosdolares_tend6	4.94701505779923e-05	0.000290349886020441	7.87034174148176e-05
ccallcenter_transacciones_delta1	4.86808056570236e-05	0.000536999259850168	8.43250900873046e-05
ccajas_depositos_tend6	4.74621905800623e-05	0.000819438611083074	8.99467627597915e-05
vmr_mpagado_lag1	4.72765618210843e-05	0.000305956185292017	8.99467627597915e-05
ctarjeta_visa_descuentos_tend6	4.70436374945103e-05	0.000603191421111669	8.43250900873046e-05
cextraccion_autoservicio_delta1	4.57691372347921e-05	0.000465795680102845	5.62167267248697e-05
cpagomiscuentas_lag2	4.24210393052247e-05	0.000374462384740922	7.30817447423306e-05
rf_006_023	4.19377957869569e-05	0.000253717409501171	8.43250900873046e-05
mforex_sell_rank_delta1	3.86296981520679e-05	0.000576320838473252	0.000106811780777252
vm_mconsumosdolares_rank	3.8274915818847e-05	0.000107723709339819	8.43250900873046e-05
vm_status05_tend6	3.66629746522255e-05	0.000277503053506816	6.18383993973567e-05
vmr_msaldodolares_delta1	3.61867253887494e-05	0.000264354169724846	6.74600720698437e-05
ccuenta_debitos_automaticos_delta1	3.61652543921895e-05	0.000131545448330634	2.24866906899479e-05
ctarjeta_visa_debitos_automaticos_lag1	3.58279586987722e-05	0.000127366168363308	2.81083633624349e-05
ctransferencias_recibidas_delta1	3.57313583357751e-05	0.000302141814312937	4.49733813798958e-05
cplazo_fijo_lag1	3.57214322147443e-05	0.000432869778072045	4.49733813798958e-05
minversion2_rank_tend6	3.50641084674693e-05	0.000846510724055354	8.99467627597915e-05
ctransferencias_recibidas_lag1	3.494239237684e-05	0.000224186852692129	3.93517087074088e-05
mextraccion_autoservicio_rank_lag1	3.42735579857835e-05	0.000400230219306786	9.55684354322785e-05
rf_005_016	3.40633252010052e-05	0.000334558401706134	7.30817447423306e-05
mcajeros_propios_descuentos_rank_lag2	3.37486226117851e-05	0.000184345495999132	7.30817447423306e-05
cseguro_accidentes_personales	3.28096986617121e-05	0.000495795188923624	9.55684354322785e-05
ctarjeta_visa_descuentos_lag2	3.26140821319234e-05	0.000154577905170671	8.99467627597915e-05
catm_trx_other_delta2	3.25594155918399e-05	0.000154754086747144	7.30817447423306e-05
catm_trx_delta1	3.20817516976255e-05	0.000292865171746241	6.74600720698437e-05
ctarjeta_master_descuentos	2.92311451249597e-05	0.00014616021527456	9.55684354322785e-05
ccallcenter_transacciones_lag1	2.91701096956679e-05	0.000466816957371978	7.30817447423306e-05
mttarjeta_master_debitos_automaticos_rank_delta1	2.86809526203872e-05	0.000317735876253359	6.18383993973567e-05
ccheques_emitidos_delta1	2.8635919806414e-05	0.000469074642135243	3.93517087074088e-05
cpayroll_trx_delta1	2.82334196008648e-05	0.000310553874008371	3.93517087074088e-05
ctarjeta_master_transacciones_lag1	2.74585731972782e-05	0.000446314131700564	8.99467627597915e-05
ctransferencias_recibidas	2.69668183998389e-05	0.000419215487371663	3.93517087074088e-05
ccomisiones_mantenimiento_delta1	2.66030483855727e-05	0.000204078963745912	2.24866906899479e-05
cextraccion_autoservicio_lag1	2.5812987131356e-05	0.000352908536858893	5.62167267248697e-05
ccajeros_propios_descuentos_lag1	2.46178004735529e-05	7.52453182825567e-05	4.49733813798958e-05
mpagodeservicios_rank_lag2	2.43630223529829e-05	0.000574358829225967	5.05950540523828e-05
mtarjeta_master_descuentos_rank_tend6	2.4341819962541e-05	0.000606347778454413	6.18383993973567e-05
ccuenta_debitos_automaticos_lag2	2.36859194718015e-05	0.000105543227739278	4.49733813798958e-05
cpayroll_trx_lag2	2.28128739468855e-05	0.000100822445868372	3.37300360349218e-05
cpagomiscuentas_delta1	2.2696879526982e-05	0.000235227187757109	3.93517087074088e-05
cseguro_accidentes_personales_tend6	2.07057890624354e-05	0.000213581559891423	2.24866906899479e-05
rf_011_019	1.98860561516662e-05	8.82636533930947e-05	2.24866906899479e-05
mcaja_ahorro_adicional_rank_delta2	1.97115919238836e-05	0.00023180322877574	4.49733813798958e-05
rf_007_022	1.91985634072949e-05	9.75707350356038e-05	5.05950540523828e-05
ccajas_otras_lag2	1.82512974216199e-05	0.000105554745227423	4.49733813798958e-05
mcajeros_propios_descuentos_rank_tend6	1.7539339744902e-05	0.00040155876670608	4.49733813798958e-05
vm_mpagado_rank	1.73091003283565e-05	0.000118317433235022	2.81083633624349e-05
ccheques_depositados_delta1	1.71160390628034e-05	0.000403630012129993	3.37300360349218e-05
ccajas_consultas_lag1	1.56367377672428e-05	0.000214200933383379	2.81083633624349e-05
ccajas_extracciones_delta1	1.44442620828866e-05	0.000192129389834427	2.81083633624349e-05
ctarjeta_debito_lag1	1.3908587892994e-05	0.00018759206509612	3.37300360349218e-05
catm_trx	1.38305107960893e-05	0.000203192502788908	1.68650180174609e-05
ctransferencias_emitidas	1.37067432737364e-05	0.000274866268564555	2.24866906899479e-05
mforex_sell_rank_delta2	1.35182752753446e-05	0.000227673258054536	2.81083633624349e-05
cseguro_vida_lag1	1.34936547167271e-05	4.61335301440474e-05	1.12433453449739e-05
rf_006_020	1.27010463942901e-05	0.000165896253889229	2.81083633624349e-05
catm_trx_other_delta1	1.26040123135432e-05	9.56489855794695e-05	2.24866906899479e-05
active_quarter_delta1	1.2256323499642e-05	0.000129280513719921	2.81083633624349e-05
ctarjeta_debito	1.15093344699864e-05	0.000241656671262141	2.24866906899479e-05
cpayroll_trx	1.08462948955109e-05	0.000279135168986511	2.24866906899479e-05
cpayroll_trx_delta2	1.06491425892816e-05	8.38404751890853e-05	2.24866906899479e-05
ctarjeta_master_debitos_automaticos_delta2	1.02562243776797e-05	0.000130012105595256	2.24866906899479e-05
mpagodeservicios_rank_tend6	9.75280771356693e-06	0.000200466868652384	2.81083633624349e-05
cplazo_fijo_lag2	9.15607259116508e-06	6.83411754390732e-05	1.12433453449739e-05
ctransferencias_emitidas_lag2	8.75148931403091e-06	0.000146365010610643	2.24866906899479e-05
cseguro_vida_tend6	8.47450697586513e-06	5.2499924551069e-05	1.12433453449739e-05
vm_mpagosdolares_rank_delta2	7.83796547334086e-06	0.000118514361715364	2.81083633624349e-05
cpagomiscuentas	7.17679095606546e-06	0.000277572775443982	2.24866906899479e-05
cseguro_vida	5.6780860805374e-06	0.000234491662453902	2.24866906899479e-05
cprestamos_prendarios	5.56406239138955e-06	6.97837922466279e-05	5.62167267248697e-06
cextraccion_autoservicio	3.09271959224993e-06	0.000203131856015393	1.68650180174609e-05
mforex_sell_rank	2.99452378853493e-06	0.00013430015898299	1.12433453449739e-05
ctarjeta_visa_debitos_automaticos	2.36308985878905e-06	0.000136923626829583	1.12433453449739e-05
ctarjeta_visa_debitos_automaticos_delta1	2.27655827423766e-06	3.00853243909326e-06	5.62167267248697e-06
ctarjeta_master_transacciones	4.94207660493392e-07	6.7070266897863e-05	5.62167267248697e-06
