Feature	Gain	Cover	Frequency
Visa_cconsumos	0.0271879369744756	0.00232651425205636	0.00371713763531562
rf_005_013	0.0244822463024398	0.00193069988886998	0.000421762969211303
rf_016_015	0.0244125359178124	0.00088464340338182	0.00047237452551666
mpasivos_margen_rank	0.0195889726319073	0.00375569815460314	0.00345283284127654
mextraccion_autoservicio_rank_lag2	0.0191594540150229	0.00166206182512116	0.00193448615211584
rf_018_025	0.0186435392752587	0.0018353168320234	0.00378461971038943
ctrx_quarter_normalizado_lag1	0.0162056277103923	0.00150886005688499	0.0011978068325601
Master_status	0.0153474776060339	0.00187545875118604	0.00147335863911149
rf_018_015	0.0149424088612598	0.00071423944078354	0.000539856600590468
vm_mfinanciacion_limite_rank_tend6	0.0148310061338266	0.00108216082727239	0.000798537888373401
rf_017_021	0.0123784005799917	0.00189300980686109	0.0011528187825109
ctarjeta_visa_transacciones	0.0123436149694162	0.000968902565407801	0.000337410375369043
cdescubierto_preacordado	0.011912140620925	0.00219166720348876	0.000905384507240264
mcuentas_saldo_rank_lag2	0.0102877361365057	0.00413647388840912	0.0035934204976803
rf_006_022	0.0102290462459481	0.00124699112668185	0.000348657387881344
Visa_mpagospesos_rank_lag1	0.00933990562196622	0.00128610753750289	0.00167580486433291
rf_015_023	0.00902950288075755	0.00166208822723623	0.00445381695487136
mprestamos_personales_rank_lag1	0.00766721414127246	0.00356074770259897	0.00111907774497399
cdescubierto_preacordado_delta1	0.00732843427159778	0.00149395238814133	0.000191199212709124
rf_010_026	0.00730559516551577	0.000825372806137573	0.000579221144383523
mprestamos_personales_rank_delta2	0.00721704942650624	0.00518391498685544	0.00100098411359483
ctrx_quarter_lag1	0.00696507113768896	0.00134013484370823	0.000995360607338676
rf_008_021	0.00670350649637482	0.00105732332561074	0.000747926332068044
thomebanking_lag1	0.00670078664745875	0.0027490219986537	0.00421200618585688
mpayroll_rank_lag1	0.00619239418226379	0.00125191362305974	0.000612962181920427
vm_msaldopesos_rank	0.00595263958037383	0.00157573804842641	0.00188387459581049
mautoservicio_rank_lag1	0.00588241546300752	0.00129229316125804	0.000967243076057922
mprestamos_personales_rank_lag2	0.00579854546760659	0.00329043583182263	0.00123154787009701
ctrx_quarter	0.00541282584137608	0.00207539308256502	0.00111345423871784
mpayroll_sobre_edad_rank	0.0053898636147336	0.00139852321082021	0.00047237452551666
mpayroll_rank_lag2	0.00524062480075794	0.00118346681835287	0.000753549838324195
mcuenta_corriente_rank_delta2	0.00514266813271712	0.00261246055396799	0.00199072121467735
rf_011_015	0.00510015037675703	0.000907902668038686	0.00168142837058906
vm_status01	0.00507752718977873	0.00210412478096271	0.00104597216364403
mcomisiones_mantenimiento_rank_tend6	0.00502679406055428	0.00334348070277806	0.00179389849571208
vm_mpagominimo_rank	0.00499424033336587	0.00216775784756785	0.00227189652748489
mautoservicio_rank	0.00486142669176448	0.00142993471109363	0.00120343033881625
mpayroll_rank	0.00479158851624878	0.0016255671110361	0.000331786869112892
Master_Finiciomora	0.00471060200076304	0.000902206879062498	0.000168705187684521
mpagomiscuentas_rank	0.00437596620915781	0.00133345377696539	0.00087164346970336
mactivos_margen_rank_delta2	0.00436930710887361	0.00560127805981943	0.0101166877548151
rf_006_021	0.00426123475478802	0.00210989493632315	0.005111767186841
Visa_msaldototal_rank_lag2	0.00421233328152849	0.00209925567780492	0.00321664557851821
mrentabilidad_annual_rank_delta2	0.00406858018304684	0.00517158916839668	0.0101616758048643
mcuentas_saldo_rank_delta2	0.00399666929801065	0.00399230210447644	0.00429073527344299
vm_status05_tend6	0.00397150491400306	0.000916332343533712	0.000208069731477576
rf_010_017	0.00394540389965084	0.000865163456810935	0.000798537888373401
ctrx_quarter_lag2	0.00382170104432134	0.00100748281610927	0.00095037255728947
rf_002_020	0.0036550331372796	0.00096428175992969	0.000258681287782933
mcomisiones_rank_lag2	0.00351063180744389	0.00315101571157176	0.00620835090679038
mcaja_ahorro_rank_lag2	0.00338796068280485	0.00320158728565238	0.00183888654576128
rf_015_017	0.00334705751319105	0.00063104235569308	0.000230563756502179
vmr_mpagominimo_lag1	0.00320171295024373	0.00143635608448153	0.00203008575847041
mrentabilidad_annual_rank_delta1	0.00319410837769147	0.00332374428949287	0.00596091663151975
mcomisiones_otras_rank_lag2	0.00319229736423748	0.00357284358449979	0.00728244060171517
mrentabilidad_rank_lag2	0.00312927889374766	0.00425139502257461	0.00674820750738085
mrentabilidad_annual_rank_lag1	0.00311857035309768	0.00349266896539931	0.00384085477295094
Visa_fechaalta_delta2	0.00305015791932055	0.000723209783451725	0.000882890482215661
Visa_mconsumospesos_rank_delta2	0.0030296468246556	0.00273076330995654	0.00643329115703641
rf_009_021	0.00292239406956968	0.00153040326088691	0.00153521720792914
vmr_msaldototal	0.00290339551159633	0.00154617531080629	0.00217629692113032
rf_004_021	0.00288168734113673	0.00150884556261037	0.000601715169408126
Master_mlimitecompra_rank_lag2	0.0028656535797043	0.00323604056054311	0.00697877126388303
Visa_status	0.00285725792616667	0.00166340336498761	0.00112470125123014
rf_012_020	0.0028364379838434	0.00126830608427093	0.000466751019260509
vm_cconsumos	0.0028350719502067	0.000329764363484571	0.000106846618866863
Visa_mconsumosdolares_rank_tend6	0.00268072366336291	0.00219110192677866	0.00406579502319696
internet_lag1	0.00259729154461354	0.00187923059166038	0.000298045831575988
mcomisiones_otras_rank_delta1	0.00256816222137178	0.0036053897099066	0.00579783495009138
thomebanking	0.00256394817039673	0.0025800170152469	0.00423450021088148
mactivos_margen_rank_delta1	0.00256032362755524	0.00297431101609394	0.00517362575565865
vmr_mpagominimo_delta1	0.00252222218734931	0.00171082210143145	0.00177140447068747
mactivos_margen_rank_lag1	0.00246456740130497	0.00368697419170865	0.00304231688457753
ctarjeta_visa_transacciones_delta2	0.00245164014059941	0.00224367007438377	0.00124279488260931
mcomisiones_rank	0.00243581449254623	0.0029462942490722	0.00486995641782652
cprestamos_personales_tend6	0.00242992586245924	0.00338639789140616	0.000455504006748208
Master_fechaalta	0.00236520774983892	0.0032637945100023	0.00492619148038802
vm_status01_delta1	0.0023477683839213	0.00124971146643166	0.00070856178827499
Master_mfinanciacion_limite_rank_tend6	0.00234505362012936	0.00283619507325959	0.0059440461127513
Visa_fechaalta_lag1	0.0022922827169073	0.00266111368532245	0.00368902010403487
rf_019_022	0.00229149297582132	0.000864684479933808	0.000686067763250387
Visa_mpagominimo_rank_lag1	0.00228470058234247	0.00282939938394927	0.00424012371713764
Visa_mconsumototal_rank_delta2	0.00226291019678524	0.00270747667007076	0.00529734289329397
Master_mlimitecompra_rank_tend6	0.0022003511254441	0.00290949722948914	0.00580345845634753
Master_mfinanciacion_limite_rank_delta2	0.00218820931331056	0.00300452189875043	0.00646703219457332
mcomisiones_rank_tend6	0.00216264136111665	0.00265938389864066	0.00349219738506959
Visa_mconsumospesos_rank_lag2	0.00213609472083177	0.0027110127353041	0.00521861380570786
rf_004_025	0.00212355125986358	0.00175546672078151	0.00453254604245747
Master_fechaalta_lag1	0.0021162730676398	0.00307772052078867	0.00496555602418108
chomebanking_transacciones_lag2	0.00209839531208346	0.00260329679211926	0.00510614368058485
rf_014_022	0.00207507010092301	0.00177228489369102	0.0043919583860537
Visa_mpagospesos_rank_delta2	0.00206839844747877	0.00225466080625735	0.00458315759876283
mpasivos_margen_rank_lag2	0.00205909814516817	0.00334080924919477	0.00538731899339238
rf_001_018	0.00204322495191281	0.00163313312238666	0.00200196822718965
Master_mfinanciacion_limite_rank	0.00203674868678635	0.00289682065470628	0.00530858990580627
vm_Finiciomora_lag1	0.00202898064175002	0.0023779830883173	0.00063545620694503
Visa_mpagospesos_rank_lag2	0.00201698242950205	0.00249149387322431	0.00511739069309715
rf_013_015	0.0019878881218651	0.000482350688431179	0.000455504006748208
Master_fultimo_cierre_tend6	0.00197781163722777	0.00295109031747519	0.00388021931674399
Master_mfinanciacion_limite_rank_delta1	0.00195384641454942	0.00281003761949387	0.00615773935048503
rf_019_024	0.00195070663314223	0.000747937015949932	0.000652326725713482
cproductos_tend6	0.00194485691107127	0.00217234566960831	0.000517362575565865
vmr_mpagominimo_delta2	0.0019395151094817	0.00176361964782106	0.00209194432728806
Master_cconsumos_tend6	0.00192039896576735	0.00266409727797521	0.00382960776043863
mcaja_ahorro_rank	0.00190801640053688	0.00244487749475277	0.00139462955152538
Master_mconsumototal_rank_delta1	0.00190791427180853	0.00178252745466842	0.00271053001546464
chomebanking_transacciones_delta2	0.00190461096861793	0.00322304879930796	0.0043357233234922
chomebanking_transacciones_delta1	0.00190165642284483	0.00359936485480172	0.0039701954168424
Master_mlimitecompra_rank	0.00189822988520013	0.00234119792535818	0.00498805004920568
Visa_cconsumos_tend6	0.00189423749254763	0.00308885942204908	0.00496555602418108
Visa_mfinanciacion_limite_rank_delta1	0.00189030851496015	0.00220632880247128	0.00482496836777731
Visa_mlimitecompra_rank_delta2	0.00188583174179741	0.00291423839378475	0.00492056797413187
Visa_msaldototal_rank_lag1	0.00187309086204299	0.00209269850381933	0.00296921130324757
Visa_cconsumos_lag2	0.00186425583321505	0.0022228719938952	0.0043244763109799
mrentabilidad_rank	0.00184734647451957	0.00322651006281663	0.00380149022915788
mprestamos_personales_rank_tend6	0.00184087263003721	0.00228262615189494	0.000343033881625193
Master_mconsumospesos_rank_tend6	0.00182149631804078	0.0031294660286803	0.00417826514831998
rf_003_017	0.00181801134197888	0.00121898419323158	0.00156895824546605
vm_Fvencimiento_tend6	0.00181111801789274	0.00206819890313575	0.00161394629551525
tcallcenter	0.00180693721604899	0.000805476520491178	0.000522986081822016
Master_mfinanciacion_limite_rank_lag2	0.00179808167155338	0.0024449269955175	0.00445944046112751
ctarjeta_master_tend6	0.00179318502292249	0.00033159601982083	5.06115563053564e-05
mtransferencias_recibidas_rank_lag2	0.00178334841290632	0.00237322512500376	0.00375087867285252
vm_fultimo_cierre_delta1	0.00178182226997723	0.000784343944922998	0.000596091663151975
vm_fechaalta	0.00177738813407736	0.00244541032579867	0.0035596794601434
ctrx_quarter_normalizado_delta2	0.00177111068675925	0.00201430342824796	0.00236749613383945
internet_tend6	0.00176146499004921	0.00381394877488973	0.00062983270068888
vm_fechaalta_lag1	0.0017500135388603	0.0025979179821735	0.00381273724167018
Master_mpagominimo_rank_lag1	0.00174522737239471	0.00223221383557731	0.0035709264726557
rf_003_026	0.00174094473640954	0.00114654324275362	0.000584844650639674
mcaja_ahorro_rank_tend6	0.00173980588374013	0.00256342578272902	0.00212006185856882
Master_Fvencimiento_lag1	0.00173243769860791	0.00236777161576637	0.00420638267960073
Master_mpagospesos_rank	0.00172749308340086	0.00261780579148615	0.00372276114157177
Master_mlimitecompra_rank_delta1	0.00172560866115293	0.00274022889074635	0.00566287079994377
ctarjeta_debito_transacciones_lag2	0.00172157376413308	0.00153469720254661	0.00138900604526923
Visa_msaldototal_rank_delta2	0.00169843360185958	0.00223769638458045	0.00408266554196542
Visa_Fvencimiento_lag1	0.00167991267338891	0.00256869337600576	0.00377337269787713
mautoservicio_rank_tend6	0.0016793035573878	0.00203631964240266	0.00147335863911149
vm_status03_tend6	0.00167824296834873	0.000763698054317917	0.000129340643891466
Visa_mconsumosdolares_rank	0.00167810605597389	0.00208901188763108	0.00379586672290173
mttarjeta_visa_debitos_automaticos_rank_tend6	0.00166534109170117	0.00341192164319362	0.00186138057078589
mpayroll_rank_tend6	0.00166519277839806	0.0019780311731092	0.000702938282018839
Visa_mlimitecompra_rank_lag2	0.00162918023911229	0.00228426715474263	0.00374525516659637
rf_013_026	0.00161195258405183	0.00138460860475395	0.0015633347392099
Master_mpagospesos_rank_tend6	0.00159740051451912	0.00219313086914258	0.00325038661605511
Visa_msaldototal_rank	0.00159683069852722	0.00220609469176712	0.00302544636580908
mcuentas_saldo_rank_delta1	0.00155287179479398	0.00156972292445997	0.000433009981723605
mrentabilidad_annual_rank_lag2	0.00154708022654113	0.0017939522977493	0.00258118937157318
rf_008_024	0.0015380350570219	0.00168285504004051	0.00373963166034022
vmr_Master_mlimitecompra	0.00152719366886754	0.00252436903915155	0.00369464361029102
rf_005_019	0.0015170339529146	0.00147747114309604	0.00303106987206523
vmr_msaldopesos_delta2	0.00151520480204164	0.00195358368523277	0.00264304794039083
Visa_mpagominimo_rank_tend6	0.00151481893179799	0.0019226628392026	0.00291297624068607
vm_fultimo_cierre_tend6	0.00149701584409565	0.00178968434847253	0.0019738506959089
ccomisiones_otras_tend6	0.00147553453338359	0.00164885766898551	0.00191761563334739
Master_mconsumosdolares_rank_lag1	0.00147396025609429	0.00146411141678671	0.00380149022915788
mpayroll_sobre_edad_rank_lag2	0.00146868697916454	0.00165327637408326	0.000742302825811894
vm_mpagominimo_rank_lag2	0.00146035079109931	0.00172227142600797	0.00243497820891326
vm_mfinanciacion_limite_rank_delta2	0.00145514775774683	0.00305478555912432	0.00333473920989737
mrentabilidad_rank_tend6	0.00144193980589875	0.00313769547319788	0.0023956136651202
rf_005_022	0.00142704905201082	0.00121710708223552	0.000303669337832138
mcuenta_corriente_rank_lag1	0.00142603979934287	0.00338039797874558	0.00173766343315057
rf_011_027	0.00142407685803344	0.00169867794796234	0.00361029101644876
vm_mconsumospesos_rank_lag2	0.00142335230202016	0.00133893455899866	0.00185575706452973
mcaja_ahorro_rank_delta2	0.00142172290586909	0.00138690136340252	0.00123154787009701
rf_017_015	0.00141873213299238	0.00118798147759725	0.00203570926472656
Visa_mpagospesos_rank_tend6	0.00140228506517957	0.000987200639607366	0.00191761563334739
Master_msaldopesos_rank	0.00140179855270549	0.00179924360427391	0.00250246028398707
cliente_edad_lag2	0.00140107544945288	0.00308685521726339	0.00229439055250949
Visa_fultimo_cierre_tend6	0.00139465114574927	0.00227306717778441	0.00241248418388865
Visa_mpagominimo_rank_delta1	0.00139203060406823	0.00258161276830086	0.00321102207226206
ccaja_seguridad_lag1	0.00138798910417462	0.00102946840278615	0.000123717137635316
mprestamos_personales_rank_delta1	0.00138050522083042	0.00247046442211529	0.000286798819063686
Visa_msaldopesos_rank_delta1	0.00137121747731201	0.00224474695289301	0.00350344439758189
vmr_Master_mlimitecompra_lag1	0.00136999374725019	0.00205292529237038	0.00304794039083368
Master_msaldopesos_rank_tend6	0.00136350052178889	0.00241056680664839	0.00300295234078448
Master_msaldopesos_rank_lag2	0.0013621852149386	0.00239827023282146	0.00365527906649796
vm_msaldopesos_rank_delta2	0.00136112818556055	0.00159168464423942	0.00231688457753409
Visa_mconsumosdolares_rank_lag1	0.00135291843680427	0.00196747818881568	0.00375087867285252
Master_fultimo_cierre_lag2	0.00135185340468945	0.00190175123730169	0.00298608182201603
rf_014_021	0.00135156032494577	0.0019025617899169	0.00380711373541403
mtarjeta_visa_consumo_rank_lag2	0.00133602472055008	0.00218648598686977	0.00286236468438071
mrentabilidad_rank_delta2	0.00132242807523603	0.00202834392451567	0.00291859974694222
mcuenta_corriente_rank_lag2	0.00131011991492602	0.0013649190545828	0.000911008013496415
mtransferencias_recibidas_rank_tend6	0.00129717645089845	0.002275169539027	0.00212568536482497
ccomisiones_otras_lag2	0.00129189570607894	0.00247583849453313	0.0031829045409813
Visa_status_tend6	0.00125972191448238	0.000414292309797459	0.000241810769014481
vmr_Visa_mlimitecompra_delta2	0.00125295114969788	0.00105564618950955	0.000674820750738085
ccomisiones_mantenimiento_tend6	0.00125195554290276	0.00198372207090791	0.000281175312807536
mpasivos_margen_rank_tend6	0.00124150279652675	0.00230653981000337	0.00245184872768171
mcaja_ahorro_dolares_rank	0.00123972490239634	0.00189487145046868	0.00110783073246169
Visa_msaldototal_rank_tend6	0.00123783983878123	0.00216013990266794	0.0031941515534936
vm_Finiciomora_tend6	0.00123464299792178	0.00120955384940622	0.000281175312807536
mpayroll_sobre_edad_rank_delta2	0.00123299147792665	0.00132047781602606	0.000562350625615071
vm_cconsumos_tend6	0.00123011574255355	0.00163811164963533	0.00142837058906228
cmobile_app_trx_lag2	0.00122878338602801	0.00314894881776794	0.00274427105300155
vm_msaldototal_rank_tend6	0.00121964852270567	0.0017102054033372	0.00205257978349501
mtarjeta_visa_consumo_rank_delta2	0.00121430649782813	0.00210538652549398	0.00264304794039083
ccaja_ahorro_tend6	0.00121068144485331	0.00124357785305062	0.000112470125123014
mextraccion_autoservicio_rank_delta1	0.00119798961170716	0.0014562769540566	0.00100098411359483
Visa_Fvencimiento_tend6	0.0011892813706883	0.00152611843576744	0.00133839448896387
vm_status01_tend6	0.0011883605070909	0.000974691594055161	0.000731055813299592
Master_mpagominimo_rank_lag2	0.00118612570542903	0.00191741614226523	0.00291297624068607
mtransferencias_recibidas_rank_lag1	0.00118580261982756	0.00211153020292082	0.0012090538450724
rf_003_025	0.00118572003714719	0.00137235279927541	0.00213693237733727
cdescubierto_preacordado_tend6	0.00117345149893052	0.00217679333764704	0.000303669337832138
mcomisiones_mantenimiento_rank_delta2	0.00116693395914432	0.00267125972877153	0.00170392239561367
vmr_msaldopesos_lag2	0.00116571635259651	0.00160407430408797	0.00192886264585969
rf_019_021	0.00115948743230556	0.00148734000274924	0.0031379164909321
Master_mpagominimo_rank_tend6	0.00115726147779209	0.00200808663924156	0.00253620132152397
Master_msaldototal_rank_lag1	0.00115717431642725	0.00148034633598827	0.00263180092787853
rf_002_015	0.00114419190222038	0.000458745174503802	0.000731055813299592
cmobile_app_trx_tend6	0.00114057453761774	0.00321862548472358	0.0019513566708843
vmr_mconsumospesos_lag1	0.0011390348821805	0.001707893899443	0.00225502600871643
vmr_mpagospesos	0.0011377098700633	0.00171521209967082	0.00208632082103191
mtransferencias_emitidas_rank	0.00113754095567175	0.0034415256101108	0.00201321523970195
mcaja_ahorro_dolares_rank_tend6	0.0011283601403028	0.0021929612912512	0.00133839448896387
vm_mlimitecompra_rank_lag2	0.00112777074050224	0.00146786768743955	0.0024068606776325
mcomisiones_otras_rank	0.00111932451931772	0.0012598251410413	0.00175453395191902
Visa_mpagado_rank_tend6	0.00110950203901919	0.00155396818572371	0.00142837058906228
mttarjeta_visa_debitos_automaticos_rank_delta2	0.00110118426757873	0.00170631266627192	0.00180514550822438
vm_mlimitecompra_rank_delta1	0.00108666144690997	0.00169379716743844	0.00302544636580908
rf_006_015	0.0010860304080218	0.00148699331813833	0.00250808379024322
Master_Fvencimiento_delta2	0.00108515955746259	0.00147993962561816	0.00221566146492338
Master_Fvencimiento_delta1	0.00106995999539642	0.00123866944121521	0.00206382679600731
ccomisiones_otras	0.00106940982551061	0.00200334229952183	0.00105159566990018
mcomisiones_mantenimiento_rank	0.00106398436403755	0.00244658379866102	0.00187825108955434
vm_mpagospesos_rank_delta1	0.00106371950034947	0.00218200344038223	0.00217629692113032
matm_rank_delta2	0.0010629355040073	0.00154879767335699	0.00141712357654998
vmr_Visa_mlimitecompra_lag2	0.0010480835479832	0.00174000419788918	0.00234500210881485
Master_mpagominimo_rank	0.00104443889565855	0.0022579473958311	0.00293547026571067
vm_status05	0.0010440539055197	0.000410260468669062	0.000337410375369043
rf_007_023	0.00104297734338025	0.00164036522764757	0.00364403205398566
vmr_msaldopesos_tend6	0.00103902296250116	0.00155681641311917	0.00186700407704204
cliente_antiguedad_lag1	0.00103865657704459	0.00265333107931691	0.00228876704625334
Visa_mconsumosdolares_rank_delta1	0.0010368956001311	0.00156777664555624	0.00285674117812456
mcuenta_corriente_rank_delta1	0.0010336946108468	0.00230785930115879	0.00148460565162379
Master_msaldopesos_rank_delta2	0.00103365108669858	0.00151656796359891	0.00233375509630254
vmr_mpagospesos_tend6	0.00102998654035561	0.000856345483284051	0.000764796850836497
matm_rank_lag1	0.00102680724636072	0.000640877361227828	0.000343033881625193
vmr_msaldototal_lag1	0.00102500242629044	0.00125801338232232	0.00181076901448053
rf_010_022	0.00102394940037299	0.000177305823750584	6.74820750738085e-05
cliente_antiguedad	0.00101413037190384	0.0018280789649042	0.00169267538310136
vm_mlimitecompra_rank_lag1	0.00101061972142934	0.00155250154951184	0.00240123717137635
vm_mconsumosdolares_rank	0.00100709685347113	0.00098078256968489	0.00095037255728947
Master_mpagospesos_rank_lag2	0.000994135474099236	0.00207327376865494	0.00242373119640096
Master_mfinanciacion_limite_rank_lag1	0.000993570705915494	0.000959455960337946	0.00189512160832279
Visa_mpagospesos_rank_delta1	0.00098095344557341	0.00115900652634692	0.00247996625896246
mprestamos_personales_rank	0.000979874368689017	0.00177466387534779	0.000275551806551385
Master_mpagosdolares_rank_lag1	0.000978909697061563	0.00165443245893773	0.00339097427245888
vm_Finiciomora	0.000971329494212569	0.00290871999321895	0.000545480106846619
Visa_cconsumos_delta1	0.000968848206063792	0.00159580129992176	0.00268241248418389
vmr_msaldopesos_delta1	0.000964781896319354	0.00133992869722294	0.00194573316462815
mttarjeta_visa_debitos_automaticos_rank_lag2	0.000962507945147483	0.00165955728617031	0.00196822718965275
vmr_mconsumospesos_tend6	0.000960916155248431	0.00176092960264171	0.00152959370167299
Visa_mpagosdolares_rank_delta1	0.00095665691873891	0.00161894875891965	0.00294671727822297
vm_msaldototal_rank_lag1	0.000953177394649706	0.00164417010277608	0.00191761563334739
Master_mpagominimo_rank_delta2	0.000949969338558495	0.00159925457365362	0.00224940250246028
Master_cconsumos_lag2	0.000949856139846625	0.00149156498136733	0.00293547026571067
cproductos_delta2	0.000949093270687645	0.00122811476677659	0.000264304794039083
Visa_fechaalta_lag2	0.000944430023660681	0.000888246280562999	0.00132714747645157
mcomisiones_rank_delta2	0.000943406130721394	0.00160446713478168	0.00247434275270631
mpasivos_margen_rank_delta2	0.000939584796667375	0.00109626216876358	0.00222128497117953
Visa_mpagospesos_rank	0.000939574283541471	0.00105018143824644	0.00172641642063827
rf_012_019	0.000937576166204845	0.0014513977356365	0.00303669337832138
rf_005_020	0.000937052834796	0.000801790698158962	0.00187825108955434
ccaja_seguridad	0.000915480159891876	0.00152924666386727	0.000123717137635316
Visa_mpagosdolares_rank_tend6	0.000915392875786722	0.00170762949416839	0.00251370729649937
vmr_mpagospesos_lag2	0.000912897159042374	0.00115107482905723	0.00204695627723886
vm_mfinanciacion_limite_rank	0.000911841400393596	0.00135838843636183	0.00218192042738648
Master_mpagospesos_rank_delta2	0.000909504406988431	0.00199069770945451	0.00242935470265711
vmr_msaldopesos2	0.000907665298025391	0.0010759756644659	0.00169829888935751
mtransferencias_emitidas_rank_delta2	0.000903384722910685	0.00174874352845254	0.00114157176999859
ccomisiones_mantenimiento_delta1	0.000895002000753172	0.00146143304897347	0.000179952200196823
Master_mconsumospesos_rank_delta2	0.000886293306997311	0.00185537859823972	0.00219316743989878
Master_fechaalta_delta1	0.000874719648669449	0.00123272883728258	0.00176578096443132
mcuentas_saldo_rank_lag1	0.000872443478004163	0.00130547613936346	0.000669197244481935
rf_017_026	0.000852384520510261	0.00106430365046875	0.00188949810206664
vm_mpagominimo_rank_delta2	0.0008514047941251	0.00170237813652788	0.00182763953324898
mpayroll_rank_delta2	0.000851047874109279	0.00173936176349458	0.00070856178827499
vm_mpagado_rank_tend6	0.000849819856964587	0.0015057489351022	0.000832278925910305
vm_mpagominimo_rank_tend6	0.000848918690127038	0.00155612399140292	0.00194010965837199
ctrx_quarter_normalizado_delta1	0.000847922351576242	0.00115514925672041	0.000444256994235906
Master_fechaalta_tend6	0.000847771622508291	0.00075708456777069	0.000725432307043442
rf_020_026	0.000847242465444997	0.00110677569072992	0.00240123717137635
vm_mconsumospesos_rank_delta1	0.000847159886697525	0.00103940043801441	0.00140025305778153
cprestamos_personales_delta2	0.000843854645751238	0.000734365944678725	0.000101223112610713
ccallcenter_transacciones_delta2	0.000841214806729826	0.00126941499871224	0.00063545620694503
mcomisiones_mantenimiento_rank_lag1	0.000840462747637832	0.00163599645865496	0.00140025305778153
Master_cconsumos_delta2	0.000830821661875798	0.00134104619043102	0.00235624912132715
ctransferencias_recibidas_tend6	0.000830435190855991	0.00165350346812445	0.00130465345142696
mcomisiones_otras_rank_delta2	0.000822770179097458	0.00121479980370407	0.00221003795866723
Visa_msaldopesos_rank_tend6	0.000816937440918318	0.000856460208284561	0.00095037255728947
mcomisiones_rank_delta1	0.000811525526511545	0.000938005202151166	0.00191761563334739
Master_Fvencimiento_lag2	0.000808864804260894	0.000998481589880679	0.00210319133980037
mtransferencias_recibidas_rank_delta1	0.000806012861048002	0.00188255216211598	0.00171516940812597
Visa_mfinanciacion_limite_rank_tend6	0.000805018196797415	0.00136973865697586	0.00184451005201743
vm_msaldototal_rank_delta1	0.00079316732574703	0.00142902943352823	0.00181639252073668
Visa_fultimo_cierre_lag2	0.000791687091894519	0.00158401458653237	0.0015520877266976
mrentabilidad_rank_delta1	0.000784023680176957	0.000964580249797087	0.00146211162659918
thomebanking_tend6	0.00078277827960856	0.00271934681516812	0.00063545620694503
ctrx_quarter_delta2	0.00078146771903893	0.000708273074942311	0.000837902432166456
Visa_mpagosdolares_rank	0.000778520716272368	0.00110977201068742	0.00248558976521861
mrentabilidad_rank_lag1	0.000776705450257864	0.00104563471746174	0.00162519330802756
Visa_mconsumospesos_rank_tend6	0.000773407229508475	0.000979131861307023	0.00185013355827358
rf_014_019	0.000768102076711081	0.00105147619182362	0.000489245044285112
Master_Fvencimiento	0.000766065941218608	0.00124223994955696	0.0019738506959089
Visa_mconsumospesos_rank	0.00076581310060779	0.00114304620450706	0.00201883874595811
vm_fultimo_cierre_lag2	0.000764460560504239	0.00171712193802193	0.00153521720792914
mplazo_fijo_dolares_rank_tend6	0.000763201170340111	0.00134908953973014	0.000219316743989878
rf_016_027	0.000760450939536395	0.000898369968001932	0.000967243076057922
numero_de_cliente	0.000759851297295188	0.00286711950444603	0.0012090538450724
mrentabilidad_annual_rank	0.000758379146747069	0.00134972477820394	0.00115844228876705
vm_status04	0.000756601160480572	0.000787740342711519	0.000776043863348798
vmr_msaldopesos2_lag1	0.000753289810649154	0.00132931205079744	0.00200196822718965
vm_status05_delta2	0.000751068991671989	0.00117113536607712	0.000320539856600591
rf_020_023	0.000748217909924105	0.000633809712206486	0.000601715169408126
ccaja_ahorro	0.000746232644239815	0.000695112119939667	5.62350625615071e-05
Visa_mfinanciacion_limite_rank_lag2	0.000743963099379724	0.00097848404917803	0.00162519330802756
Visa_fechaalta	0.000743422996572072	0.00122100883340798	0.00180514550822438
mactivos_margen_rank	0.000738028250050062	0.00194162339906358	0.00109658371994939
Master_mpagospesos_rank_delta1	0.000735009352351278	0.00143944654039927	0.00203008575847041
mcuenta_corriente_rank_tend6	0.000733640460816374	0.00228812350247181	0.000584844650639674
mttarjeta_visa_debitos_automaticos_rank_lag1	0.0007328519606739	0.00125808605856148	0.0015970757767468
ccajas_consultas_delta2	0.000731155753743485	0.00128133725661675	0.00039364543793055
mpagomiscuentas_rank_delta2	0.000729256921757915	0.00128090194182129	0.00063545620694503
mpasivos_margen_rank_delta1	0.000724248406614904	0.00122004486171285	0.00144524110783073
Visa_mpagominimo_rank_lag2	0.000721946223282635	0.000773093058745801	0.00110220722620554
tcallcenter_delta2	0.000719943661760315	0.000618369622149077	0.000494868550541263
ctarjeta_visa_descuentos_delta2	0.000719059004727485	0.000825823229805868	0.000899761000984114
rf_008_017	0.000716494084938448	0.000648970953931183	0.00070856178827499
vmr_mconsumospesos_delta2	0.000714584262503047	0.00164764440088861	0.00160269928300295
vmr_mpagospesos_delta1	0.00070698224788491	0.00102568800915329	0.00148460565162379
vm_fultimo_cierre_delta2	0.00070393354823069	0.000817611429378775	0.00106284268241248
vmr_msaldototal_lag2	0.00070180959676571	0.00040442949369339	0.000809784900885702
mpayroll_sobre_edad_rank_tend6	0.000701739176794739	0.00045517151634619	0.000179952200196823
vm_status06	0.000699064400807103	0.000681854544975656	0.000866019963447209
vm_mconsumospesos_rank_lag1	0.000696580188113327	0.00108064714868866	0.00133839448896387
vm_cconsumos_lag2	0.000695087986831621	0.00114771579371865	0.000916631519752566
rf_002_021	0.000688991207113331	0.00127907717410671	0.00199072121467735
ccajas_transacciones	0.000673973563923996	0.00151688522432018	0.00111907774497399
rf_013_017	0.000670086411496386	0.00101648463132782	0.00102910164487558
vm_mfinanciacion_limite_rank_lag2	0.000670038175958862	0.00105216869036464	0.00159145227049065
thomebanking_lag2	0.000667399368662365	0.000777292736403961	0.00187825108955434
vm_Fvencimiento	0.000659093168878922	0.00124927643332705	0.00149585266413609
vm_msaldopesos_rank_lag2	0.000657643552670504	0.00121579809046632	0.00149585266413609
vm_mpagominimo_rank_delta1	0.000656814228325386	0.00100492058175079	0.00144524110783073
mcaja_ahorro_dolares_rank_lag1	0.000654996546775769	0.00192958206275453	0.00126528890763391
mextraccion_autoservicio_rank_tend6	0.000654888247893017	0.00183852613587136	0.00107971320118094
cdescubierto_preacordado_lag2	0.000650121935734589	0.00167682616443896	0.00101785463236328
vm_mpagospesos_rank	0.000648426969025562	0.000698969235916618	0.000837902432166456
mcaja_ahorro_dolares_rank_delta1	0.0006348027339091	0.00182068475936355	0.000832278925910305
rf_016_021	0.000634281322080292	0.000804740462301526	0.00107408969492479
mcaja_ahorro_rank_delta1	0.000633585954761707	0.00167304172470117	0.000944749051033319
mcomisiones_otras_rank_tend6	0.000633303124666163	0.000976444581819643	0.00152959370167299
mttarjeta_visa_debitos_automaticos_rank	0.000632991285021446	0.00139351292933032	0.00130465345142696
mcomisiones_otras_rank_lag1	0.000631876255319938	0.000662541308171136	0.00107971320118094
Visa_mpagominimo_rank	0.000628950665472427	0.000956869551782933	0.00126528890763391
Visa_Fvencimiento	0.000628026960500948	0.000894982558712335	0.00123717137635316
Master_mlimitecompra_rank_lag1	0.000621459093306546	0.000548695131895457	0.00155771123295375
ccajas_transacciones_tend6	0.000617314981596801	0.00210784502079508	0.000624209194432729
cliente_edad	0.0006072819287367	0.0010435388863252	0.00055110361310277
ctrx_quarter_delta1	0.000604920193577171	0.00157213614435908	0.0003992689441867
rf_019_016	0.000602195834236064	0.00107899290637104	0.00179952200196823
mpasivos_margen_rank_lag1	0.000596300508175759	0.00090630140920903	0.00115844228876705
Visa_mfinanciacion_limite_rank_lag1	0.000595886894448315	0.000862260939906304	0.00138900604526923
vm_Fvencimiento_lag1	0.000594617716791396	0.000789930693932184	0.00109658371994939
mcuenta_corriente_rank	0.000593861567572203	0.0010292231524893	0.00047799803177281
rf_019_018	0.000588328366256264	0.000923089518022425	0.00109658371994939
Visa_mfinanciacion_limite_rank	0.000586246002460438	0.000678257993034461	0.00107408969492479
mautoservicio_rank_delta1	0.000581821607570908	0.00148091967929997	0.00103472515113173
vm_mconsumospesos_rank_tend6	0.00058170882806539	0.00084250393758084	0.000989737101082525
rf_001_025	0.000581443776245487	0.000563401519723045	0.00105721917615633
rf_020_025	0.000577857805703083	0.00135979066780221	0.00154084071418529
mcomisiones_rank_lag1	0.000576585093401818	0.000945618435131405	0.00122592436384085
Master_mlimitecompra_rank_delta2	0.000576128062002949	0.000879928794850838	0.00143961760157458
Visa_mconsumototal_rank_tend6	0.000575427098042926	0.000780529415480835	0.00168142837058906
vmr_mpagado_tend6	0.000571552073268882	0.00104886650536113	0.000798537888373401
mtarjeta_master_consumo_rank_delta2	0.000567997688180013	0.000540445789760607	0.000421762969211303
mactivos_margen_rank_lag2	0.000567012257337331	0.00110717669045826	0.00142274708280613
Visa_mfinanciacion_limite_rank_delta2	0.000562811472423625	0.00139548192275983	0.00133839448896387
Visa_mconsumospesos_rank_delta1	0.000561278061396488	0.000617760171192129	0.00142837058906228
Visa_Fvencimiento_lag2	0.000557723168710907	0.000840851487841359	0.00122592436384085
Visa_mlimitecompra_rank_delta1	0.000557050646568617	0.00119922229972864	0.00147335863911149
ccajas_otras_tend6	0.000556108238313742	0.00196147543363835	0.000343033881625193
Visa_msaldopesos_rank	0.000555818351806856	0.000792491827135522	0.00101785463236328
Visa_mpagominimo_rank_delta2	0.000554868004283788	0.00108166676713068	0.00148460565162379
ctarjeta_debito_transacciones_tend6	0.000552084733350334	0.00210746453328223	0.00109096021369324
vm_fechaalta_lag2	0.000548515659807628	0.00101924374198181	0.0012090538450724
Visa_mlimitecompra_rank	0.000547197671334155	0.000828980241588862	0.00133839448896387
Visa_mpagado_rank_delta2	0.000545527193532067	0.000371586286873427	0.000292422325319837
vm_Fvencimiento_lag2	0.000538825759853658	0.000940659216510051	0.00104034865738788
mcuenta_debitos_automaticos_rank_delta1	0.00053515246659761	0.0015934627024895	0.000528609588078167
rf_007_021	0.000533342161441337	0.000583166742299661	0.00141150007029383
Visa_Finiciomora_tend6	0.000530721461112745	0.00120810841683284	0.000269928300295234
Master_fechaalta_lag2	0.000529821278883961	0.00108438385463159	0.00139462955152538
Visa_fechaalta_tend6	0.000529565623666833	0.000555038758608897	0.000303669337832138
mtarjeta_visa_consumo_rank_tend6	0.000528779383050764	0.000623057111533734	0.000534233094334318
Visa_mpagado_rank_delta1	0.000527097275754166	0.001255637806564	0.000843525938422607
Visa_msaldopesos_rank_delta2	0.000526346494810378	0.000671098743270524	0.0011978068325601
rf_011_025	0.000526310899392924	0.000261385036540273	0.000191199212709124
rf_010_023	0.000525824660565833	0.000717256196131759	0.0015858287642345
vm_mpagospesos_rank_delta2	0.000525771965367338	0.000854730780118398	0.000967243076057922
Visa_cconsumos_lag1	0.000522493601392061	0.000886391320711012	0.00140587656403768
mv_status07_rank_tend6	0.000522312674021399	0.00082980439218962	0.000371151412905947
vm_mconsumosdolares_rank_tend6	0.00051903615386591	0.00146474552849711	0.000725432307043442
Visa_Fvencimiento_delta1	0.000518768456261697	0.000915449601236264	0.000877266975959511
cextraccion_autoservicio_tend6	0.000515812372856381	0.00173354768996988	0.000905384507240264
vmr_Visa_mlimitecompra_lag1	0.000512897785515696	0.000684426279998238	0.00108533670743709
rf_003_019	0.000512481107052021	0.000784059872505442	0.000303669337832138
ctrx_quarter_normalizado_tend6	0.000511189221990349	0.000970693683869996	0.000196822718965275
vm_fechaalta_tend6	0.000511081260000745	0.000812351185672378	0.000433009981723605
rf_004_015	0.000510157998538623	0.000436306091167543	0.000522986081822016
vmr_Visa_mlimitecompra_tend6	0.000504114487327161	0.00211489208077615	0.00100098411359483
Visa_mpagado_rank_lag1	0.000501884306018278	0.00100712002390342	0.000927878532264867
Visa_msaldodolares_rank_lag1	0.000499189831618761	0.00121052460728999	0.00104034865738788
Visa_fultimo_cierre	0.000499142802816727	0.000905735850808081	0.00110220722620554
rf_012_014	0.000497414179537356	0.00061418326078562	0.000601715169408126
vm_mconsumospesos_rank_delta2	0.00049695151441913	0.000612232526044813	0.000984113594826374
mcomisiones_mantenimiento_rank_lag2	0.000496918952257419	0.000579688577340018	0.000444256994235906
mcaja_ahorro_rank_lag1	0.000495530642698802	0.000833674389120869	0.000337410375369043
Visa_mconsumosdolares_rank_lag2	0.00049386831772511	0.000729690337526264	0.00147898214536764
Master_msaldototal_rank_tend6	0.000491433480548447	0.000920861829960077	0.00123154787009701
mcuentas_saldo_rank_tend6	0.000490918411407085	0.00126792157626141	0.000747926332068044
cliente_edad_lag1	0.000490162015653498	0.00116096522525629	0.000798537888373401
Visa_msaldopesos_rank_lag2	0.000488884398671632	0.000740760915951545	0.00137213552650077
chomebanking_transacciones	0.000488711025565219	0.00111446362300178	0.00100660761985098
matm_rank_tend6	0.000484031713015866	0.00142068941254811	0.000944749051033319
Visa_mpagosdolares_rank_delta2	0.000482858927393312	0.00109648910915522	0.00137213552650077
Master_fultimo_cierre_delta1	0.000482769213762761	0.000677041882420801	0.000899761000984114
mcaja_ahorro_dolares_rank_delta2	0.000480411340534001	0.000989260747222541	0.000404892450442851
cproductos_lag2	0.000480234020981898	0.000642938365132071	0.000258681287782933
vmr_mconsumosdolares	0.000478351082477327	0.000751536564057435	0.000511739069309715
cextraccion_autoservicio_delta2	0.000478304750937319	0.00121925290069371	0.000776043863348798
mextraccion_autoservicio_rank_delta2	0.000478268613686379	0.00108218192847784	0.000922255026008716
vmr_mconsumosdolares_lag2	0.000476116826787089	0.000840959324220186	0.00108533670743709
rf_015_015	0.000475890059632361	0.000706136731539966	0.000511739069309715
Master_mconsumosdolares_rank_tend6	0.000473935552550182	0.000887182462265864	0.00128215942640236
rf_020_024	0.000473824512521088	0.000888401901953199	0.000534233094334318
vm_mpagospesos_rank_lag2	0.000473004036879632	0.000706563211486057	0.00102910164487558
vmr_mpagominimo_lag2	0.000471798763418117	0.000496328931021158	0.000899761000984114
cliente_antiguedad_lag2	0.000468727767129364	0.000671556439684387	0.000809784900885702
mrentabilidad_annual_rank_tend6	0.000468600628710727	0.00113361232674195	0.000753549838324195
Visa_msaldodolares_rank_tend6	0.000466227401694669	0.00203413433600902	0.000978490088570224
mtransferencias_recibidas_rank_delta2	0.000466145029811154	0.000915052545179814	0.000922255026008716
Visa_mconsumospesos_rank_lag1	0.000464327760478305	0.000579616182791706	0.00131590046393927
mtarjeta_visa_consumo_rank_lag1	0.000463565243134829	0.000568635643005218	0.00055110361310277
ctarjeta_visa_transacciones_lag1	0.000462875090449814	0.00110513274165454	0.000933502038521018
cpagomiscuentas_tend6	0.000460465506537435	0.00101825564730666	0.000269928300295234
Master_status_tend6	0.000459752009637206	0.00080585992734556	0.000989737101082525
Visa_msaldopesos_rank_lag1	0.000456431235200008	0.000622461642686223	0.00113032475748629
Visa_mpagado_rank	0.000456033504990178	0.00129872429139263	0.000882890482215661
vmr_msaldopesos2_lag2	0.000455425978103668	0.00100552416841642	0.000894137494727963
vm_mpagospesos_rank_lag1	0.000454781705193166	0.000629994158433961	0.00095037255728947
vm_mpagominimo_rank_lag1	0.000452039232622235	0.000839884212680813	0.000961619569801771
mplazo_fijo_dolares_rank	0.000449664168718946	0.00170355708955767	0.000179952200196823
mpagomiscuentas_rank_lag1	0.000448601517741191	0.00154715853991222	0.000899761000984114
rf_010_021	0.000447912170063426	0.000997293648351966	0.000832278925910305
mtarjeta_visa_consumo_rank_delta1	0.000445167696666565	0.000674216471984146	0.00062983270068888
mautoservicio_rank_lag2	0.000443217207884723	0.000512614247276517	0.000657950231969633
Master_mconsumototal_rank_tend6	0.000441784139522307	0.000679488572314479	0.0011528187825109
Visa_cconsumos_delta2	0.000441261888444673	0.000488977209582259	0.000759173344580346
Visa_msaldodolares_rank	0.000440577440075328	0.000992067719712686	0.000866019963447209
cprestamos_personales_lag1	0.000440159402443707	0.00127516628078577	0.000174328693940672
vmr_Master_mlimitecompra_lag2	0.00043608339053039	0.000771629956473679	0.00105159566990018
mpayroll_rank_delta1	0.000433057103132993	0.000487612340591822	0.000134964150147617
chomebanking_transacciones_lag1	0.00043099804143125	0.000902323831981544	0.000955996063545621
thomebanking_delta2	0.000430967744202911	0.000612634268412669	0.000618585688176578
mactivos_margen_rank_tend6	0.000428823191796979	0.000922273459631525	0.000731055813299592
mtarjeta_visa_descuentos_rank_delta1	0.000425553728101868	0.000960539906726689	0.000922255026008716
Master_mconsumototal_rank_lag1	0.00042544030270489	0.000606615559289958	0.00107408969492479
mcuenta_debitos_automaticos_rank_tend6	0.000424862454218772	0.00148930156978362	0.000309292844088289
rf_018_016	0.000424537281115334	0.00103981687952295	0.000911008013496415
ccomisiones_mantenimiento_delta2	0.000423749444489114	0.000671946094953974	0.000129340643891466
vmr_msaldopesos2_tend6	0.000422921706570473	0.00115466966524507	0.000787290875861099
ctarjeta_visa_debitos_automaticos_tend6	0.000422259249191193	0.000633176368743852	0.000224940250246028
ccomisiones_otras_delta2	0.0004220833396236	0.00065640106225101	0.00101785463236328
rf_009_023	0.000421651206890677	0.000646962677432309	0.000939125544777169
Visa_mlimitecompra_rank_tend6	0.000421292982014992	0.000588084808448734	0.00102347813861943
tcallcenter_tend6	0.000418404996001806	0.00167190543503095	0.000539856600590468
Master_msaldopesos_rank_lag1	0.000417108709007651	0.000693370732716532	0.000995360607338676
ctransferencias_recibidas_delta2	0.000415953564793476	0.00155301578896167	0.00071418529453114
Visa_mconsumototal_rank_delta1	0.000415937766581761	0.000727101316928829	0.00126528890763391
catm_trx_lag1	0.000415816018002767	0.000326359847877933	5.62350625615071e-05
Master_mpagado_rank_lag1	0.000415018788926279	0.000971319114380586	0.00125966540137776
vmr_Master_mlimitecompra_delta2	0.000412884675444525	0.000307372168870618	0.000348657387881344
rf_016_022	0.000412021871680706	0.000907852347809668	0.000646703219457332
Master_delinquency_tend6	0.000410342458077727	0.000438281793960915	0.000354280894137495
Visa_mlimitecompra_rank_lag1	0.000410286861619842	0.000577040990654153	0.000955996063545621
Master_msaldototal_rank_delta2	0.000409500621482927	0.000479568351086233	0.000888513988471812
vm_cconsumos_delta2	0.000409203850234166	0.000943669313710918	0.000416139462955153
rf_001_023	0.000408860293783004	0.00111912842346893	0.00055672711935892
vm_msaldopesos_rank_tend6	0.00040591730657113	0.000624562313783722	0.000843525938422607
vm_msaldopesos_rank_delta1	0.000401488386605073	0.00111737541009619	0.000826655419654154
vmr_msaldopesos	0.000399922468780788	0.000410192453133046	0.000882890482215661
vm_mlimitecompra_rank_tend6	0.000399629440703496	0.000894563121037481	0.000843525938422607
rf_002_023	0.000398931596126877	0.00123367547218633	0.000961619569801771
Master_mpagospesos_rank_lag1	0.000398609552751532	0.000860807799246949	0.00108533670743709
Master_mpagosdolares_rank	0.000397060621251145	0.000473080498657867	0.00101785463236328
mplazo_fijo_dolares_rank_delta1	0.000395406145176549	0.00134778856334601	0.000213693237733727
vmr_msaldopesos_lag1	0.000392702563359739	0.000466833287039721	0.000691691269506537
cmobile_app_trx_lag1	0.000392462760604016	0.00074906198676966	0.00055110361310277
vmr_mpagospesos_delta2	0.000390882707170973	0.000745179032059335	0.000798537888373401
Visa_msaldototal_rank_delta1	0.000390390969300989	0.000567444474835865	0.00102347813861943
rf_017_027	0.000389276790759925	0.000222220891924382	0.000292422325319837
Visa_Fvencimiento_delta2	0.000383959023190724	0.000665661187978518	0.00070856178827499
Master_mpagominimo_rank_delta1	0.000381283972963724	0.000636223700353367	0.000922255026008716
vmr_mpagominimo_tend6	0.000380157635905623	0.000673774268567004	0.00079291438211725
ctrx_quarter_tend6	0.000377171660684186	0.00161797951192316	0.000674820750738085
vmr_msaldototal_tend6	0.000377089816801679	0.000750146291674029	0.000815408407141853
chomebanking_transacciones_tend6	0.000376434666349757	0.00103145903519454	0.000764796850836497
ctarjeta_visa_transacciones_lag2	0.000371907739696049	0.000665836630161217	0.000747926332068044
mextraccion_autoservicio_rank_lag1	0.000369670836402514	0.00133474105293092	0.000832278925910305
vm_Fvencimiento_delta1	0.000369012220767612	0.000458987326201306	0.000511739069309715
rf_004_016	0.000368313064437818	0.000662629067674874	0.000815408407141853
active_quarter	0.000367727693818151	0.000746294886338844	0.000804161394629552
ccuenta_debitos_automaticos_tend6	0.000367406276891047	0.00199371856212418	0.000354280894137495
foto_mes	0.000366542523692528	0.00131803875739358	0.000196822718965275
rf_013_023	0.000366090060849411	0.000418711424627352	0.000522986081822016
vmr_mpagominimo	0.000365735500597198	0.000476810162329564	0.000832278925910305
Master_mpagosdolares_rank_lag2	0.000365100152296152	0.000619388600384629	0.00132714747645157
catm_trx_other_tend6	0.000365090672172704	0.000860782856802642	0.000461127513004358
vm_mlimitecompra_rank_delta2	0.000364277133272782	0.000659691774754464	0.000927878532264867
ctarjeta_visa_transacciones_tend6	0.000363092113080592	0.00110923943572412	0.000371151412905947
Master_msaldototal_rank	0.000360847435101966	0.000664762005178766	0.000939125544777169
matm_rank_lag2	0.000357904688559493	0.000471873299718354	0.000522986081822016
vmr_mconsumospesos	0.000357428957163399	0.00052365934548405	0.00055672711935892
rf_009_015	0.000356553140729424	0.000474269336475647	0.000939125544777169
rf_012_015	0.000355882515036107	0.000368244665150997	0.000146211162659918
mtarjeta_visa_descuentos_rank_delta2	0.00035556754909859	0.00062389227368588	0.00087164346970336
Master_fultimo_cierre_lag1	0.000355448355087044	0.00051404897559762	0.000742302825811894
ccaja_ahorro_lag2	0.000350182060001249	0.00122821917164871	0.000185575706452973
Master_mconsumospesos_rank	0.000345489004701239	0.000647433613316097	0.000849149444678757
ctarjeta_visa_transacciones_delta1	0.000343921203801638	0.00143297884167077	0.000292422325319837
vm_mfinanciacion_limite_rank_delta1	0.000343198812222743	0.000918730710642577	0.00106284268241248
vm_mconsumosdolares_rank_delta2	0.000342486170743184	0.00103791595284598	0.000584844650639674
Master_Fvencimiento_tend6	0.000341207252652037	0.000456517947390116	0.000697314775762688
Master_cconsumos	0.000339794920398997	0.000593804746013199	0.00100098411359483
internet_lag2	0.000339220843772731	0.00118068166409943	0.000213693237733727
vm_mlimitecompra_rank	0.000339188316096972	0.000648093563759876	0.000747926332068044
vmr_mconsumospesos_lag2	0.000338547604056022	0.000524743855254491	0.000590468156895825
Master_msaldodolares_rank_delta1	0.000337949640072107	0.000601273650845475	0.000787290875861099
ctrx_quarter_normalizado_lag2	0.000337154312528866	0.000625603084647719	0.000725432307043442
Visa_mconsumosdolares_rank_delta2	0.000335783716469395	0.000480885204590965	0.00107408969492479
rf_002_016	0.000334017456692464	0.000519322100258315	7.87290875861099e-05
Master_mconsumospesos_rank_lag2	0.000333218445539358	0.00067802403597985	0.000894137494727963
rf_014_017	0.000332337298326468	0.00079512248676216	0.000697314775762688
mcuenta_debitos_automaticos_rank	0.000332094042162142	0.00155316395834848	0.000286798819063686
rf_010_015	0.000331262327832469	0.000704563539362221	0.000691691269506537
rf_011_028	0.000329788527218459	0.000238601317253823	0.000174328693940672
cproductos_delta1	0.000329245155657409	0.00116717302576376	0.000146211162659918
Master_msaldopesos_rank_delta1	0.000328863230387032	0.000784160589788255	0.000747926332068044
rf_020_027	0.000327571216997086	0.000591299182731983	0.000809784900885702
mtransferencias_emitidas_rank_lag2	0.000324861307423801	0.00116675863291594	0.000646703219457332
mtransferencias_emitidas_rank_lag1	0.000324579299080292	0.000890057783199393	0.000590468156895825
Visa_fultimo_cierre_lag1	0.000323472402557802	0.000487798026078138	0.000545480106846619
mprestamos_prendarios_rank_lag1	0.000320430571453932	0.00108973582712188	0.000101223112610713
mcomisiones_mantenimiento_rank_delta1	0.000319563863880172	0.00118101119117678	0.000483621538028961
mcuentas_saldo_rank	0.000318506947870211	0.00153345484346743	0.000421762969211303
vm_status02	0.000316648653802629	0.000644343771996571	0.000433009981723605
vm_fultimo_cierre	0.000316415812696208	0.000560446633928672	0.000584844650639674
rf_013_022	0.000313998227113564	0.000629537358309164	0.000174328693940672
rf_002_017	0.000313025178236834	0.000445758714178272	0.000680444256994236
rf_015_014	0.00031139839036658	0.000532275039372758	0.000500492056797413
Master_mconsumototal_rank_delta2	0.000309375590337488	0.00065579381360434	0.000809784900885702
ccallcenter_transacciones_lag2	0.000306980066342998	0.000907913295466189	0.000528609588078167
matm_rank	0.000305272952474235	0.000766497190680795	0.000562350625615071
vm_msaldopesos_rank_lag1	0.000305145067515405	0.000458280973592142	0.000433009981723605
Master_msaldototal_rank_lag2	0.000305132273878849	0.000427100152516169	0.000697314775762688
cpayroll_trx_tend6	0.000299834210811482	0.000463312894060918	0.000129340643891466
mtarjeta_visa_consumo_rank	0.000297744905722573	0.000462447898286987	0.000522986081822016
vm_fultimo_cierre_lag1	0.000296632236575847	0.000870518912024451	0.000652326725713482
mcuenta_debitos_automaticos_rank_lag1	0.000295737833713558	0.00150318598371247	0.000354280894137495
Master_fultimo_cierre_delta2	0.000294641786186165	0.000387010935150633	0.000607338675664277
mautoservicio_rank_delta2	0.000294105941545806	0.00053059016957733	0.000539856600590468
ccajas_transacciones_delta2	0.000289955988643645	0.000440233194516457	0.000309292844088289
Master_mconsumospesos_rank_lag1	0.000289908053219676	0.000559464249895291	0.000680444256994236
mpagomiscuentas_rank_tend6	0.000288818732899131	0.00112116261552595	0.000348657387881344
Master_mpagosdolares_rank_delta1	0.000288522916006722	0.000368368455475208	0.000815408407141853
mpayroll_sobre_edad_rank_delta1	0.000283574708868076	0.000842946653163163	0.000213693237733727
mtarjeta_master_consumo_rank_delta1	0.000282956089469672	0.00115010430164778	0.000359904400393645
Master_mconsumospesos_rank_delta1	0.000281133999711357	0.000547014897194914	0.000798537888373401
cextraccion_autoservicio	0.000280620338777765	0.000292167060198182	2.81175312807536e-05
rf_003_015	0.000280080550655686	0.000444640734413263	0.000719808800787291
Master_fultimo_cierre	0.000279627394787012	0.00048393361174736	0.000618585688176578
mcaja_ahorro_dolares_rank_lag2	0.000278539310672306	0.000763795263269242	0.000562350625615071
vm_status01_lag2	0.000278407494473748	0.00165413299595648	0.00047237452551666
vmr_Master_mlimitecompra_tend6	0.000277478236976423	0.000612882796566674	0.000522986081822016
mcuenta_debitos_automaticos_rank_delta2	0.000275680674348593	0.000990661775074746	0.000337410375369043
Master_cconsumos_delta1	0.000272870035255497	0.000511992043406566	0.000922255026008716
vmr_msaldototal_delta1	0.000272609304574355	0.00057675069542965	0.000663573738225784
tcuentas_lag1	0.000271918596391078	0.00192002311425226	0.000179952200196823
rf_012_022	0.000270112026340787	0.00031868361858045	0.000894137494727963
ccuenta_debitos_automaticos_lag2	0.000269566780917169	0.000186148662896997	7.87290875861099e-05
Master_msaldodolares_rank_lag1	0.000268214760585836	0.000528467500985314	0.000798537888373401
rf_018_023	0.000267301127524009	0.000575651051178114	0.000652326725713482
vm_mfinanciacion_limite_rank_lag1	0.000265829137924148	0.000612280439097482	0.000641079713201181
rf_018_018	0.000263490256043235	0.000659074231587659	0.000416139462955153
mtransferencias_emitidas_rank_tend6	0.000262998592385709	0.000826604640222285	0.0003992689441867
ccomisiones_otras_delta1	0.000262292767976572	0.00095418127357345	0.000652326725713482
vmr_mpagado_delta2	0.000262291866974421	0.00121636421224896	0.000438633487979755
tcallcenter_delta1	0.000260939764520352	0.000800411923883865	0.000292422325319837
rf_016_018	0.000260816888468432	0.000897057237426906	0.00047799803177281
vmr_msaldodolares2_lag2	0.000260052571755445	0.0013063574475984	0.000449880500492057
vm_msaldototal_rank_lag2	0.000259948876948596	0.000337158901932588	0.000579221144383523
ctrx_quarter_normalizado	0.000258948148944226	0.000762797463063918	0.000466751019260509
Master_msaldodolares_rank_delta2	0.000258551741555238	0.000368625562395992	0.000517362575565865
rf_019_020	0.000257560114894722	0.000715071350686788	0.000545480106846619
rf_020_019	0.000257408655161345	0.000830416864921135	0.00039364543793055
vm_msaldototal_rank_delta2	0.00025509415093283	0.000410766564692515	0.000489245044285112
mplazo_fijo_dolares_rank_delta2	0.000254126586603714	0.000619610316691417	7.31055813299592e-05
mtarjeta_master_consumo_rank_tend6	0.000254070273300457	0.00130526955753776	0.000483621538028961
mtarjeta_master_consumo_rank	0.000252241649617931	0.000997629731143637	0.000455504006748208
ctarjeta_master_transacciones_tend6	0.000251739031281829	0.000789069104056706	0.000241810769014481
vm_mconsumototal_rank_delta2	0.000250281597541313	0.000671104966077471	0.000691691269506537
ccajas_depositos_tend6	0.000250225541074384	0.0019925383542897	0.000298045831575988
rf_003_027	0.000248116219497317	0.000477937975666046	0.000607338675664277
Visa_delinquency_delta2	0.000245744157266335	0.000909010532541374	0.000326163362856741
mtransferencias_recibidas_rank	0.000245146509030724	0.00115318525690142	0.000404892450442851
Master_mpagado_rank_delta1	0.000244647184533788	0.000519564840945777	0.000584844650639674
mtarjeta_master_consumo_rank_lag2	0.000244402227317534	0.000523103902345422	0.000612962181920427
ctarjeta_debito_delta2	0.000244115209584503	0.00104157117330865	0.000140587656403768
cproductos	0.000242600707059979	0.000209535226209562	2.81175312807536e-05
Visa_fultimo_cierre_delta1	0.000240833179285986	0.000562479545572745	0.000388021931674399
mcuenta_debitos_automaticos_rank_lag2	0.000240674548792418	0.000812401915633541	0.000376774919162098
ccajas_consultas_tend6	0.000238815116803269	0.00183007279834498	0.00023618726275833
rf_017_025	0.000237015656349519	0.000320931255476593	0.00055672711935892
rf_018_020	0.000234228968605902	0.000552566972621357	0.000134964150147617
vmr_Visa_mlimitecompra	0.000233043445958311	0.000439136443998193	0.000539856600590468
Master_cconsumos_lag1	0.000231718996498169	0.00056826309405267	0.000742302825811894
vm_mpagado_rank_delta2	0.000228903452320563	0.00146536816770747	0.000337410375369043
vmr_msaldopesos2_delta2	0.000223159816616591	0.000402993971516256	0.000528609588078167
cextraccion_autoservicio_lag1	0.000223131858149761	0.000699859199743115	0.000179952200196823
Master_mpagado_rank_tend6	0.00022224309615564	0.000600295773865686	0.000567974131871222
ccallcenter_transacciones_tend6	0.000221814952428733	0.00113096963123357	0.000343033881625193
ctarjeta_visa_descuentos_lag2	0.000221556593866235	0.000714146790102325	0.000506115563053564
ccomisiones_otras_lag1	0.000221385098223024	0.000525698966491992	0.0003992689441867
vm_mconsumospesos_rank	0.000220173943512298	0.000484200961971762	0.000438633487979755
rf_020_015	0.000219088378146042	0.000663893373032051	0.000506115563053564
rf_017_018	0.000216310637713666	0.000677391179074138	0.000298045831575988
rf_011_023	0.000215564976966309	0.000626135352311913	0.000281175312807536
vm_mconsumototal_rank_delta1	0.000212526160449063	0.000392138067126527	0.000427386475467454
vm_msaldodolares_rank_tend6	0.000209474564309778	0.00114080509771698	0.000365527906649796
vm_status05_delta1	0.000208898091558251	0.000151573748775817	3.37410375369043e-05
vm_mconsumototal_rank_tend6	0.000207177852070857	0.000308809637275439	0.000455504006748208
vm_msaldototal_rank	0.000206129293797124	0.000411919986288039	0.00047237452551666
rf_003_021	0.000204195277464748	0.000287429378625802	0.0003992689441867
rf_016_017	0.000204067808408469	0.000411803980874578	0.00023618726275833
vmr_msaldototal_delta2	0.000203661025278974	0.000253640049067262	0.000433009981723605
vmr_msaldodolares_tend6	0.000203051720771137	0.00125358379371448	0.00039364543793055
ctransferencias_recibidas_lag2	0.000201903392747516	0.000690357562524579	0.000354280894137495
rf_007_016	0.000201804519163719	0.000236760185861718	0.000455504006748208
ccallcenter_transacciones_delta1	0.000201549611288045	0.00123061817896405	0.000179952200196823
rf_005_021	0.000201188181101164	0.000417564994086546	0.000247434275270631
rf_005_008	0.000198266415471496	0.000956638283595522	0.000168705187684521
vmr_mconsumospesos_delta1	0.00019609252441328	0.000603574091971763	0.0003992689441867
vm_mpagospesos_rank_tend6	0.000194438470774275	0.000493855634146335	0.000382398425418248
rf_007_020	0.00019418290958268	0.000441191097054193	0.000359904400393645
ccajas_extracciones_tend6	0.000193807450017608	0.00152568363313716	0.000264304794039083
mttarjeta_visa_debitos_automaticos_rank_delta1	0.000193082150400759	0.000963673333303104	0.000320539856600591
catm_trx_other_delta2	0.000192504560862814	0.000554253430128847	0.00039364543793055
Visa_mpagado_rank_lag2	0.000190644993006661	0.000473496888949895	0.0003992689441867
ccajas_transacciones_delta1	0.000188201914781896	0.00103699482376823	0.000146211162659918
rf_017_016	0.000187470979498184	0.000460721568720169	0.000179952200196823
rf_001_017	0.00018723610439543	0.000429543769418762	0.000494868550541263
mcajeros_propios_descuentos_rank_lag2	0.000186792432437753	0.000729023985017725	0.000382398425418248
rf_018_008	0.000184434126095159	0.000539367682054926	0.000275551806551385
rf_008_016	0.000182417537411776	0.000172205785312756	9.55996063545621e-05
vm_status02_tend6	0.000181992124536131	0.000265933601119625	0.000303669337832138
ctarjeta_debito_transacciones_delta2	0.000180754291107642	0.000641244814136826	0.000286798819063686
vmr_mpagado_lag1	0.00017945103019878	0.00119483240392231	0.0003992689441867
ctransferencias_emitidas_tend6	0.000178269552751521	0.000618100351305247	0.000264304794039083
ccajas_otras_delta2	0.000177503938521356	0.000456159611021338	0.000224940250246028
cmobile_app_trx	0.00017411108912867	0.000663589812729364	0.000179952200196823
mpagomiscuentas_rank_delta1	0.000172459757534388	0.000429368276019545	0.000230563756502179
cdescubierto_preacordado_delta2	0.000172377289858503	0.000640242302011839	8.43525938422607e-05
thomebanking_delta1	0.000170842101796288	0.000359859752892778	0.000230563756502179
mplazo_fijo_dolares_rank_lag2	0.000165195099632262	0.000661203020553586	0.000224940250246028
Visa_fultimo_cierre_delta2	0.000163698519018554	0.000217735170012719	0.000416139462955153
vmr_mconsumosdolares_lag1	0.000162013253248635	0.000393192896924738	0.000286798819063686
rf_012_013	0.000161897418080589	0.000659885117110233	0.000359904400393645
vm_status06_delta2	0.000160704206273088	0.000249637375745915	8.99761000984114e-05
ctarjeta_debito_tend6	0.00015843802358819	0.00161382846434892	0.000191199212709124
rf_014_015	0.000158198599533832	0.000424215894300235	0.000416139462955153
vmr_msaldopesos2_delta1	0.000157430209327013	0.000256376035463341	0.000365527906649796
mforex_buy_rank_tend6	0.000156988224893615	0.00210875887712726	0.000264304794039083
Master_msaldodolares_rank_tend6	0.000154863867981253	0.00019184647492565	0.000230563756502179
ctransferencias_recibidas_lag1	0.00015454678839545	0.000713529298152038	0.000151834668916069
mforex_sell_rank	0.000151861304512581	0.000296793089761136	8.43525938422607e-05
rf_016_023	0.000150534877320262	0.000636935558738225	0.000281175312807536
cseguro_accidentes_personales_lag2	0.000150069569817609	0.000686781650840171	0.000213693237733727
cextraccion_autoservicio_lag2	0.00014800782739804	0.00013594909999549	0.000208069731477576
mpayroll_sobre_edad_rank_lag1	0.000147603447944932	0.000575992588528961	0.000219316743989878
mprestamos_prendarios_rank_lag2	0.000144307356089728	0.00092893672863433	0.000101223112610713
vm_cconsumos_lag1	0.000142472536074692	0.000437397003002745	0.000208069731477576
Master_mpagado_rank	0.00014156166572403	0.000305013340913714	0.000359904400393645
Master_mpagado_rank_lag2	0.000140116387388291	0.000366230626793838	0.000348657387881344
ctarjeta_master_descuentos_delta2	0.000138635501413595	0.000378543589906556	0.000309292844088289
rf_007_025	0.000138152540811294	0.000588589931358344	0.000247434275270631
mplazo_fijo_dolares_rank_lag1	0.000138072035825158	0.000789271972684839	0.000151834668916069
ccajas_otras_lag2	0.00013619371231992	0.00068443316861992	0.000331786869112892
vmr_mpagosdolares_tend6	0.00013434815404343	0.000767940292902605	0.000224940250246028
rf_009_018	0.00013356496155476	0.000368804103178035	0.000303669337832138
vm_fechaalta_delta2	0.000131501301600082	0.000142290703656466	0.000224940250246028
cforex_tend6	0.000131114334708629	0.00130780436545081	0.000151834668916069
ctarjeta_debito_lag1	0.000130113651138145	0.000796242438363116	0.000168705187684521
matm_other_rank_lag1	0.000129085089112203	0.000443833408438695	0.000269928300295234
mpagomiscuentas_rank_lag2	0.000127708523540469	0.000207327256506676	0.000258681287782933
vmr_mpagospesos_lag1	0.000127667789818794	0.000183383406260833	0.000247434275270631
rf_008_022	0.000126468299340308	0.000397449015185827	0.000331786869112892
rf_017_023	0.00012500412425633	0.000338895013854361	0.000286798819063686
ctarjeta_visa_descuentos_tend6	0.000124590019986674	0.00181411303988682	0.000247434275270631
vm_mconsumosdolares_rank_lag1	0.000124272173932874	0.000641449500951352	0.000264304794039083
matm_other_rank_tend6	0.000124233966896679	0.000493142341698971	0.00015745817517222
vmr_msaldodolares_delta2	0.000123172945244112	0.00100538247791914	0.000253057781526782
vmr_mconsumosdolares_delta1	0.000122508922196827	0.0005633294580821	0.000281175312807536
rf_005_015	0.000121360843718524	0.000773713239563288	0.000196822718965275
ccajeros_propios_descuentos_lag1	0.00011752261122642	0.000512861853533197	0.000247434275270631
rf_019_023	0.000117013730619844	0.000598062221512017	0.000258681287782933
rf_004_026	0.000116996443307941	0.00038263566166022	0.000224940250246028
rf_009_020	0.000116087550483588	0.000695626128915164	0.00031491635034444
rf_014_023	0.000114518085693834	0.000277161670338016	0.00039364543793055
ctarjeta_debito_transacciones_delta1	0.000113430188277132	0.00132693237771767	0.000179952200196823
rf_009_027	0.000113373873322	0.000533659754763953	0.000219316743989878
catm_trx_lag2	0.000112694784608649	0.000575420243939366	0.00023618726275833
rf_012_018	0.000111998431730228	0.000253122454935499	0.000168705187684521
mtarjeta_master_descuentos_rank_delta2	0.000111736094393747	0.000289612354667863	0.000320539856600591
rf_011_016	0.000109228298438131	0.000235851323140048	0.000202446225221426
cforex_buy_tend6	0.000109208745988035	0.00166729174864885	0.000168705187684521
ctarjeta_master_debitos_automaticos_tend6	0.000108856921136199	0.00158009234875267	0.000185575706452973
active_quarter_lag1	0.000108771459905331	0.000293470008418254	0.00031491635034444
matm_other_rank_delta2	0.000107475288359378	0.000289690715940532	0.000219316743989878
vm_mpagosdolares_rank_tend6	0.000105105206685161	0.000792834900981912	0.00023618726275833
catm_trx_other_lag2	0.000104835392570402	0.000367829657704958	0.00023618726275833
internet_delta1	0.000104513509379271	0.000921782677346979	8.99761000984114e-05
vm_status06_tend6	0.000103534529275272	0.000289786618870646	6.74820750738085e-05
ctarjeta_visa_debitos_automaticos_lag2	0.000103353457066509	0.000397000921869105	0.000230563756502179
mtransferencias_emitidas_rank_delta1	0.000101217177536277	0.000754990990160946	0.000241810769014481
rf_004_022	0.000100594917333171	0.000181578612988309	0.000146211162659918
catm_trx_tend6	0.000100305731198283	0.000677114533051704	0.000191199212709124
rf_005_016	9.94678412878342e-05	0.000663964615208707	0.00023618726275833
rf_007_015	9.93358594810835e-05	0.000232812442256017	0.000230563756502179
mextraccion_autoservicio_rank	9.90345373696822e-05	0.000197958039595648	0.000247434275270631
ctransferencias_emitidas_lag2	9.78719597601301e-05	0.000756945489315831	0.000191199212709124
ctarjeta_visa_debitos_automaticos_delta1	9.75920638137092e-05	0.000297654858894428	4.49880500492057e-05
vm_mconsumosdolares_rank_lag2	9.72532700295837e-05	0.000456392134013442	0.000208069731477576
mcajeros_propios_descuentos_rank_delta2	9.64041303769464e-05	0.000239516710081549	0.000264304794039083
rf_014_008	9.63795882058652e-05	0.000329749382653031	0.00015745817517222
cplazo_fijo	9.55905424186471e-05	0.000278044847975867	2.24940250246028e-05
rf_010_016	9.52320082548413e-05	0.000344377281166654	0.000129340643891466
vmr_mpagado_lag2	9.49750940207202e-05	0.000277966025754535	0.000179952200196823
mforex_sell_rank_tend6	9.3952259105368e-05	0.000913785678996732	0.000134964150147617
mforex_sell_rank_delta2	9.07943141200082e-05	0.00083101781393608	0.000208069731477576
minversion2_rank	9.05669303334286e-05	0.000417847555616819	5.06115563053564e-05
cpagomiscuentas_delta2	8.86967452736085e-05	0.000358026483236199	4.49880500492057e-05
cpagomiscuentas_lag2	8.81688320360695e-05	0.000489932730551904	0.000134964150147617
rf_020_012	8.76185109937496e-05	0.000751903786492101	7.31055813299592e-05
vm_status04_delta2	8.65822208194882e-05	0.000254494878362353	8.43525938422607e-05
ccaja_ahorro_lag1	8.64078456858289e-05	0.000405106038289029	5.06115563053564e-05
minversion2_rank_lag2	8.60161156716707e-05	0.000566102243546422	7.87290875861099e-05
vmr_mconsumosdolares_tend6	8.57570223526592e-05	0.000311863575815788	0.000213693237733727
vm_cconsumos_delta1	8.48895570234292e-05	0.000537923683544049	0.00015745817517222
cseguro_vida_lag1	8.41008052159588e-05	0.000397871602676543	0.000112470125123014
rf_020_020	8.28899231007158e-05	0.000539611319031455	0.000151834668916069
minversion2_rank_lag1	8.25774724310338e-05	0.000592772169792095	5.06115563053564e-05
rf_004_019	8.25034922764653e-05	0.000244332317586194	0.000196822718965275
mttarjeta_master_debitos_automaticos_rank_delta2	8.18186837403797e-05	0.000291942194075531	0.000112470125123014
matm_rank_delta1	7.98794612301925e-05	0.000288028996011278	0.000174328693940672
mttarjeta_master_debitos_automaticos_rank_lag2	7.94928453337376e-05	0.000250079015781358	0.000140587656403768
mttarjeta_master_debitos_automaticos_rank_delta1	7.89163892679873e-05	0.000644796269933848	0.000134964150147617
mv_status07_rank_delta2	7.88941598696086e-05	0.000388296751445405	0.000146211162659918
mttarjeta_master_debitos_automaticos_rank_lag1	7.8326571595439e-05	0.000302670927850856	0.000112470125123014
ccomisiones_mantenimiento	7.80492894678709e-05	0.00020026718753001	2.24940250246028e-05
vm_status04_tend6	7.78308966772423e-05	0.000210035867673839	6.74820750738085e-05
ctarjeta_visa_debitos_automaticos_delta2	7.64367126383589e-05	0.000349438267009442	0.000163081681428371
ccheques_emitidos_tend6	7.57740459809181e-05	0.000655436757648514	7.87290875861099e-05
ctransferencias_emitidas_delta1	7.53149885768683e-05	0.000408596648862566	7.87290875861099e-05
cextraccion_autoservicio_delta1	7.49077025560314e-05	0.000586127057044951	0.000140587656403768
rf_006_020	7.46746108839013e-05	0.000627372410481469	7.31055813299592e-05
vmr_msaldodolares2_tend6	7.41977185723602e-05	0.000522791276719034	0.000151834668916069
mv_status07_rank_lag1	7.40833337381525e-05	0.000772469062297718	0.000224940250246028
vmr_mconsumosdolares_delta2	7.29973585210123e-05	0.000286129938737219	0.000118093631379165
ccomisiones_mantenimiento_lag1	7.21036031541794e-05	0.000455316843216256	9.55996063545621e-05
ctransferencias_emitidas_delta2	7.1648211062185e-05	0.000813008728939808	0.000118093631379165
mv_status07_rank_delta1	7.08818343383568e-05	0.00058481069009714	0.000196822718965275
cprestamos_personales	7.04213314677051e-05	0.000273665477164007	2.24940250246028e-05
ccheques_emitidos_delta1	6.94767802485098e-05	0.000835299719714025	7.87290875861099e-05
mtarjeta_visa_descuentos_rank	6.92932640376665e-05	0.000225464818138565	0.000118093631379165
cpayroll_trx_delta1	6.86803493838819e-05	0.000667078195384365	6.74820750738085e-05
ctransferencias_recibidas_delta1	6.76500545480857e-05	0.00100954056776461	0.000123717137635316
vmr_mpagado_delta1	6.71933310124286e-05	0.000406324991419442	0.000123717137635316
cseguro_vida_lag2	6.68603246459219e-05	0.000745689814394193	0.000118093631379165
rf_004_009	6.68487826944265e-05	0.000278252915080585	8.99761000984114e-05
vmr_msaldodolares_delta1	6.64663561114757e-05	0.000599124298447537	0.000134964150147617
vm_mpagado_rank	6.36872842682888e-05	0.000222209573073885	9.55996063545621e-05
mv_status07_rank_lag2	6.34840829176118e-05	0.000503846030596952	0.000174328693940672
ctarjeta_visa_debitos_automaticos_lag1	6.24357725425218e-05	0.000869664441244986	0.000123717137635316
ccajeros_propios_descuentos_lag2	6.17747564290935e-05	0.000205786023436216	0.000123717137635316
ctarjeta_debito_transacciones	6.1709286032829e-05	0.000753039794471477	0.000163081681428371
vm_mpagado_rank_lag2	6.13312996077979e-05	0.000209457325885556	0.000134964150147617
ctarjeta_debito_lag2	6.13259578601791e-05	0.000616821193157826	8.99761000984114e-05
ctarjeta_visa_descuentos_lag1	6.05551404357889e-05	0.000111676132404435	8.43525938422607e-05
rf_001_016	5.96657786636329e-05	0.000277499853006929	0.000118093631379165
catm_trx_delta2	5.95115089433938e-05	0.00041077739698609	0.000123717137635316
ctarjeta_master_descuentos	5.75341848237035e-05	0.000311162831415354	0.000179952200196823
ctarjeta_debito_transacciones_lag1	5.73207627258939e-05	0.000202591546770243	8.99761000984114e-05
mforex_sell_rank_lag2	5.71364206286722e-05	0.000199943217444866	0.000106846618866863
vm_mpagosdolares_rank_delta2	5.69713830862117e-05	0.000637307749175146	0.000134964150147617
cseguro_vivienda_delta2	5.66457999144241e-05	0.000257642235831687	2.81175312807536e-05
mtarjeta_visa_descuentos_rank_lag1	5.64504835545837e-05	0.000247916116614387	0.000134964150147617
mpagodeservicios_rank_tend6	5.61251241858547e-05	0.000362798659133508	7.31055813299592e-05
rf_013_018	5.29292280343014e-05	0.00025875076614911	6.74820750738085e-05
cpayroll_trx_delta2	5.20523341617375e-05	0.000590548118102531	9.55996063545621e-05
cseguro_vida_tend6	4.98807733256852e-05	0.000587426829840902	0.000106846618866863
rf_008_019	4.88235484898903e-05	0.000327709607995535	0.000112470125123014
vmr_mpagado	4.82958177314063e-05	0.000474970464999966	0.000101223112610713
cforex_sell_tend6	4.78824361175304e-05	0.000828894351488034	9.55996063545621e-05
rf_014_020	4.70558144683559e-05	0.000202379254302783	2.24940250246028e-05
ccomisiones_mantenimiento_lag2	4.67548609472051e-05	8.75257003328975e-05	3.37410375369043e-05
ctarjeta_master_transacciones_delta2	4.42404697644804e-05	0.000323307599482682	7.87290875861099e-05
mcheques_emitidos_rank_tend6	4.32443151504994e-05	0.000660140098545517	6.18585688176578e-05
vmr_msaldodolares2_delta2	4.21300336942964e-05	0.000646767901014033	0.000129340643891466
rf_011_018	4.18699174851902e-05	0.000332641707470563	7.87290875861099e-05
mcaja_ahorro_adicional_rank_delta2	4.18325188989737e-05	0.000711020943570586	0.000101223112610713
vmr_msaldodolares2_lag1	4.1611765013303e-05	0.000168330769162734	7.87290875861099e-05
mcaja_ahorro_adicional_rank_tend6	4.14686373607082e-05	0.000572085792529468	7.31055813299592e-05
ccajas_depositos_delta2	4.14050377377807e-05	0.000271826932206066	9.55996063545621e-05
cplazo_fijo_tend6	4.07410307164043e-05	0.000418484945184382	4.49880500492057e-05
ccajas_consultas_lag2	4.03908311745345e-05	0.000213132725656342	0.000106846618866863
vm_mpagosdolares_rank_lag2	4.00663762751009e-05	0.000179745394548248	7.31055813299592e-05
rf_007_022	3.92674173858179e-05	0.000245905432939163	8.99761000984114e-05
rf_017_017	3.80769922783581e-05	0.000289171303622378	6.74820750738085e-05
mcajeros_propios_descuentos_rank_tend6	3.71150374520511e-05	0.00101010512744346	0.000118093631379165
vm_mpagado_rank_lag1	3.71021877554223e-05	0.00028249336108714	0.000112470125123014
ccuenta_debitos_automaticos_delta1	3.65496815513752e-05	4.97485502432544e-05	5.62350625615071e-06
vm_mpagado_rank_delta1	3.63983914097727e-05	0.000163849733562477	4.49880500492057e-05
mttarjeta_master_debitos_automaticos_rank_tend6	3.60740463849957e-05	0.000534318706485629	8.99761000984114e-05
ctarjeta_master_transacciones_lag1	3.56174673320917e-05	0.000157584186430857	3.37410375369043e-05
minversion2_rank_tend6	3.54932969904866e-05	0.000628903425856572	5.62350625615071e-05
cseguro_accidentes_personales_lag1	3.49707764446527e-05	0.000198382573314051	5.62350625615071e-05
cproductos_lag1	3.39299634701368e-05	0.000240813179412084	5.06115563053564e-05
vm_msaldodolares_rank_lag2	3.36261070814341e-05	0.000419544896634401	0.000101223112610713
catm_trx_other_delta1	3.35661565631426e-05	0.000622626662307492	6.74820750738085e-05
matm_other_rank	3.21647768949342e-05	0.000496221709240548	6.74820750738085e-05
ctarjeta_master_transacciones_delta1	3.17460744677078e-05	0.000450221747172423	5.62350625615071e-05
vm_mconsumosdolares_rank_delta1	3.16236183915829e-05	0.000155542670411746	8.43525938422607e-05
active_quarter_delta1	3.13886750198964e-05	0.000248659447549607	6.74820750738085e-05
mpagodeservicios_rank_lag2	3.0595753367867e-05	0.000809722907613831	8.43525938422607e-05
cseguro_vivienda_tend6	3.02021684323322e-05	0.000155299443167362	1.68705187684521e-05
cplazo_fijo_lag2	2.86852037111407e-05	0.000252484194687129	3.9364543793055e-05
ctransferencias_emitidas_lag1	2.60914311747598e-05	0.000514212253857274	6.18585688176578e-05
mttarjeta_master_debitos_automaticos_rank	2.50076497524637e-05	0.00030018595360991	6.74820750738085e-05
active_quarter_tend6	2.21074735398705e-05	0.000414814641457144	5.06115563053564e-05
mforex_sell_rank_delta1	2.17478028449603e-05	0.00027582806903187	3.9364543793055e-05
cliente_edad_delta2	2.13911648357791e-05	0.000350898987713474	5.06115563053564e-05
ccajas_extracciones_delta1	2.12692936939663e-05	0.000361516965768441	5.06115563053564e-05
cliente_edad_tend6	2.12242449032779e-05	0.000182409857076822	2.24940250246028e-05
cliente_edad_delta1	2.01009417152618e-05	0.000134857163829927	3.37410375369043e-05
cseguro_accidentes_personales_tend6	1.90505805967911e-05	0.000318296908260653	4.49880500492057e-05
cseguro_accidentes_personales	1.82065938813397e-05	0.000198613457377577	3.9364543793055e-05
cpagomiscuentas_lag1	1.71835586080992e-05	0.000181159559437341	3.37410375369043e-05
ctransferencias_recibidas	1.59873501367663e-05	0.00025355881966958	2.81175312807536e-05
ctarjeta_master_transacciones	1.55230072535066e-05	6.68701810224165e-05	2.24940250246028e-05
ctransferencias_emitidas	1.53614313677634e-05	0.000214202408244798	2.24940250246028e-05
mcaja_ahorro_adicional_rank	1.52152163946297e-05	0.00020775017690476	1.68705187684521e-05
ccajas_consultas_lag1	1.3614137057527e-05	0.000178951487301419	2.81175312807536e-05
mtarjeta_master_descuentos_rank_tend6	1.33048460102643e-05	0.00038774233263714	3.37410375369043e-05
cplazo_fijo_lag1	1.29216710328954e-05	0.000292444909808791	3.37410375369043e-05
mv_status07_rank	1.28931398970992e-05	5.15039195758268e-05	3.9364543793055e-05
ccallcenter_transacciones_lag1	1.2753146966711e-05	9.31824367140458e-05	2.24940250246028e-05
vmr_mpagosdolares_delta1	1.26985660655393e-05	0.000155530890612587	2.24940250246028e-05
cpagomiscuentas_delta1	1.24982319552087e-05	0.000211638150833857	2.81175312807536e-05
ctarjeta_master_debitos_automaticos_delta2	1.22628043273095e-05	0.000277734808783642	3.9364543793055e-05
ccheques_depositados_delta1	1.16510854660789e-05	0.000122304097680428	1.12470125123014e-05
rf_011_019	8.27973821393117e-06	0.00011567539982733	2.24940250246028e-05
ctarjeta_visa_debitos_automaticos	8.15874419375701e-06	0.000337369888378838	2.81175312807536e-05
cpayroll_trx_lag2	7.1998822240743e-06	7.6886749113775e-06	1.12470125123014e-05
rf_006_014	7.07169032483142e-06	2.38614940847634e-05	1.68705187684521e-05
cseguro_vida	6.92222424773618e-06	0.000232213157777909	2.24940250246028e-05
rf_006_023	5.85030900095292e-06	2.99266565893773e-05	1.68705187684521e-05
cpayroll_trx_lag1	4.79868801465574e-06	4.54053895096808e-05	5.62350625615071e-06
cpayroll_trx	4.01745645734667e-06	6.95112119939667e-05	5.62350625615071e-06
catm_trx_delta1	3.40166352129662e-06	0.000100358511104174	1.68705187684521e-05
ctarjeta_debito	3.1709067158696e-06	9.7901910814246e-05	1.12470125123014e-05
catm_trx	2.1178260181388e-06	0.000134125023703907	1.12470125123014e-05
cpagomiscuentas	1.90033675899881e-06	6.95112119939667e-05	5.62350625615071e-06
