Feature	Gain	Cover	Frequency
Visa_Finiciomora_tend6	0.0317435510471026	0.00389923987106066	0.00043523234058909
rf_016_015	0.0306168993989319	0.00151679655891398	0.00105134045908533
vm_status06_delta2	0.0289062309312881	0.00091971545849305	0.000231747090443541
mcuentas_saldo_rank_lag2	0.0239290894812863	0.00277656799524427	0.00216485696682625
rf_020_027	0.020602385192364	0.00112166764942981	0.000898726521476172
mautoservicio_rank	0.015680487875542	0.00144783395704167	0.000734807847747814
ctarjeta_master	0.0147448218937504	0.000389626941316574	9.60902570131757e-05
rf_003_015	0.0138219820435193	0.000996084207576336	0.000819593368641793
Visa_mconsumospesos_rank_delta2	0.0126781618100392	0.00199728691188112	0.00304662638412363
mpasivos_margen_rank_lag1	0.0125656583227746	0.001881886317911	0.00223268538354143
cdescubierto_preacordado_delta1	0.00881851948847222	0.00110450483322371	0.000175223409847556
rf_010_026	0.00875425772845972	0.000882052836430001	0.000463494180887083
cdescubierto_preacordado_tend6	0.00856258989260915	0.00165566818429534	0.000220442354324344
rf_014_022	0.00817849945245984	0.00118876327814907	0.00265661298801133
Visa_mconsumototal_rank_delta1	0.00799518910358998	0.00180261387170849	0.00358925371784509
vm_mconsumototal_rank_lag1	0.00768881443656821	0.000796714294784612	0.000876117049237778
rf_005_013	0.00757539710283504	0.000525390058061372	0.000350446819695111
vm_status01	0.00704077873812481	0.00116838839605869	0.0007913315283438
mpayroll_rank_lag2	0.00678236594385742	0.00126660304168733	0.00063306522267504
ctrx_quarter_normalizado_lag2	0.00649843407268367	0.0016481546159512	0.00177484357071395
mprestamos_personales_rank_lag2	0.00638497547813848	0.00238841296398526	0.00083089810476099
mprestamos_personales_rank	0.00602477085203684	0.00295871347437191	0.000729155479688215
mprestamos_personales_rank_delta2	0.00592177332259371	0.00527400440218395	0.00094959783401256
mpayroll_rank	0.00585473970479621	0.00138695191671707	0.000322184979397118
rf_012_022	0.00576724441585425	0.000906982420625929	0.00174658173041596
rf_018_026	0.00570188585357778	0.00116363945054632	0.00241356116144859
rf_011_027	0.00526097157391999	0.00114484410435583	0.00216485696682625
Visa_status	0.00521946128040708	0.00166635251845017	0.000881769417297377
mpayroll_rank_lag1	0.00514632162380718	0.00106994744445062	0.000305227875218323
ctransferencias_recibidas_lag2	0.00511353890685192	0.00122000663028618	0.000627412854615441
vmr_msaldopesos_lag1	0.00506948537484131	0.000850730236258256	0.00131700175788647
mcuentas_saldo_rank_tend6	0.00506158699761437	0.0026652559294388	0.00216485696682625
rf_017_027	0.00500629836355095	0.000694754136782183	0.000582193910138653
rf_020_026	0.00494046195179567	0.00159339151162212	0.00292792665487206
mcuentas_saldo_rank_delta2	0.00474589643569928	0.00255493365802393	0.00262269877965374
rf_006_015	0.00473964067816509	0.00178216578050378	0.000915683625654968
Visa_msaldopesos_rank_lag2	0.00469262012425439	0.00174910161712983	0.00267357009219012
rf_013_021	0.00452974484730029	0.00101944188128869	0.000774374424165004
cpagomiscuentas_lag1	0.00446181928963985	0.000244986125544271	6.21760486555843e-05
mpasivos_margen_rank_delta1	0.00441725545636047	0.00179094867360028	0.0031766308494944
Visa_status_tend6	0.00425890536226035	0.00167329612530788	0.000842202840880187
mtarjeta_visa_consumo_rank	0.00404494355637293	0.00107355035130391	0.000881769417297377
rf_011_018	0.00397473959261506	0.000336151073791591	0.000130004465370767
mextraccion_autoservicio_rank	0.00393597808736805	0.000760830595345978	0.000503060757304273
mtransferencias_recibidas_rank	0.00379831412812362	0.00165455991447679	0.000802636264462997
rf_008_024	0.00353659764014485	0.00105228247666827	0.00214789986264746
mrentabilidad_annual_rank_lag1	0.00335136325822397	0.00258673676177797	0.00301836454382564
rf_010_017	0.00309133052606474	0.000727644809140696	0.000587846278198251
rf_018_015	0.00305939616281782	0.000624003707436879	0.000825245736701391
mcuenta_debitos_automaticos_rank_lag2	0.00302671201853382	0.00157022887456458	0.00075176495192661
rf_004_026	0.00290161154009298	0.000552547057068686	0.000310880243277921
mprestamos_personales_rank_lag1	0.00288633553984116	0.00193687130138387	0.00059349864625785
mcuentas_saldo_rank_lag1	0.00272760604089228	0.0020119071891084	0.00110786413968132
rf_013_026	0.00268262988662441	0.000681874629509105	0.0007913315283438
mactivos_margen_rank_delta2	0.00267266078281863	0.00330572795165845	0.00587846278198251
Visa_mpagospesos_rank	0.00265870596594287	0.0014731359839706	0.0027753127172629
rf_003_021	0.00265821787464752	0.00069690209884977	0.000932640729833764
mcaja_ahorro_rank_lag1	0.00262955740993282	0.00155825139262858	0.000960902570131757
rf_019_023	0.00258111035797387	0.000588681141402025	0.000706546007449821
matm_rank	0.00256707179984734	0.000545936639962016	0.00035609918775471
vmr_msaldototal_delta1	0.00252366392126928	0.00101146403256341	0.00130569702176727
mcomisiones_otras_rank_delta1	0.0025051695774395	0.00245743920481854	0.00414318578768575
mrentabilidad_rank_delta2	0.00246111473302063	0.0031780506677223	0.00575976305273094
mautoservicio_rank_delta2	0.0024552656094706	0.00172636303510296	0.0015657059525088
mrentabilidad_annual_rank_delta2	0.00243603498542417	0.00368123553906903	0.00718415980374978
rf_019_018	0.002383345686152	0.000685755633760003	0.00083089810476099
Master_mlimitecompra_rank	0.00237973810194594	0.00248193646885136	0.00465189891304962
vm_status04_tend6	0.00237719613515686	0.000412402882765648	0.000135656833430366
vm_msaldopesos_rank	0.00237150769891703	0.000851797641010196	0.00107394993132373
mcomisiones_otras_rank_tend6	0.00235826520920595	0.00190919086104737	0.00298445033546804
Visa_delinquency_delta2	0.00235067211270773	0.00130619873237435	0.000915683625654968
ctarjeta_visa_transacciones	0.00233813191709327	0.00101756654064862	0.00035609918775471
mprestamos_personales_rank_delta1	0.00233558678490442	0.00329511782457513	0.000610455750436645
rf_012_020	0.0022957747792067	0.000832547789301079	0.00051436549342347
mrentabilidad_annual_rank	0.00228153890826016	0.00266719892645717	0.00296749323128925
Visa_mpagominimo_rank	0.00227626047739457	0.0019587574232797	0.00284879350203768
mcuenta_corriente_rank_delta2	0.00226242269051912	0.00206164319935021	0.00140743964684004
mcomisiones_otras_rank_delta2	0.00220668237535336	0.00312349155607391	0.00629108565033321
mrentabilidad_annual_rank_lag2	0.00217497174274962	0.00252995215446659	0.00400187658619579
mrentabilidad_rank_delta1	0.00211746156126506	0.00228511799988703	0.00421666657246053
Visa_mpagospesos_rank_tend6	0.00209376285748379	0.00252050065565586	0.00447667550320207
mprestamos_personales_rank_tend6	0.00209150309957688	0.00207413240301584	0.000486103653125477
rf_003_026	0.00204918860377831	0.00045203196663485	0.000254356562681936
Visa_msaldopesos_rank_tend6	0.00203687344634022	0.00175855587951425	0.00256052273099815
vmr_mconsumospesos_delta2	0.00201515160440135	0.000864596441695855	0.000898726521476172
Visa_mfinanciacion_limite_rank_delta1	0.00201061507976368	0.00212078731006025	0.00385491501664622
chomebanking_transacciones_delta1	0.00198029878189535	0.00298388970752032	0.00305227875218323
mcomisiones_mantenimiento_rank_delta2	0.00197968744210136	0.00241015760626098	0.00129439228564807
mrentabilidad_annual_rank_delta1	0.00197088559069837	0.00266604329205608	0.00483842705901638
mcomisiones_rank_delta2	0.00192742734317333	0.00229428167761491	0.00531322597602266
mcomisiones_rank_lag2	0.00191806438472765	0.00238577293226768	0.00436928051006969
Visa_mconsumospesos_rank_tend6	0.00190240790430066	0.00213609909483935	0.00445971839902327
mactivos_margen_rank_delta1	0.00189940750891495	0.00232453213913533	0.00363447266232188
mcomisiones_otras_rank_lag2	0.00189188433228345	0.00221055038437232	0.00378708659993104
Master_fechaalta_tend6	0.00185793917208155	0.000801036114628877	0.00111351650774092
vmr_mpagominimo	0.00185465363866559	0.000994892825837698	0.00169571041787957
foto_mes	0.00183093255757421	0.00413687890798741	0.000926988361774165
rf_006_022	0.00182501359298868	0.000719657492616633	0.000486103653125477
cproductos_delta2	0.00181447146206809	0.00108597635101553	0.000180875777907154
Master_mlimitecompra_rank_lag2	0.0017962298043698	0.00194829417502066	0.00406405263485137
mactivos_margen_rank_lag1	0.00179318020556776	0.00243008356115741	0.00200659066115749
mrentabilidad_rank	0.00178148930464853	0.00237987620806834	0.00267922246024972
vmr_msaldopesos	0.00177821314966079	0.000843996098051341	0.00116438782027731
Visa_fechaalta	0.00177597349693025	0.00237530883958334	0.0035496871414279
mactivos_margen_rank	0.00177118799946517	0.00381979352442439	0.00213659512652826
rf_001_025	0.00175429955663586	0.00104152173481844	0.00219311880712424
Master_mfinanciacion_limite_rank_delta1	0.00175018709493214	0.00217088186840064	0.00496277915632754
mcomisiones_rank_tend6	0.00174417208133161	0.00181338963409314	0.00220442354324344
mcuentas_saldo_rank_delta1	0.00173918572460349	0.00227392414462608	0.00143004911907844
rf_009_015	0.00173813782887854	0.00108554541263927	0.00217616170294545
ctrx_quarter_normalizado_tend6	0.00172385873137485	0.00161566668328178	0.00122656386893289
vmr_mpagospesos_tend6	0.00171305841535624	0.00151456991176195	0.00147526806355523
thomebanking_lag2	0.00169198327479895	0.00160235521408663	0.00390013396112301
internet_lag1	0.00169117480940166	0.00189787348939534	0.000248704194622337
rf_002_015	0.00168784373990822	0.00108625969408544	0.00140178727878045
vm_mconsumosdolares_rank	0.00167397112823479	0.000326832405638849	0.0003956657641719
Visa_mconsumospesos_rank	0.00164395597977806	0.0018296681067161	0.00331794005098436
ccaja_ahorro_tend6	0.00163534480234825	0.00288426064952021	0.000288270771039527
Master_Fvencimiento_lag1	0.00162087463847828	0.00210011396201056	0.00404709553067258
rf_011_028	0.00159647624511238	0.000841965152858918	0.000486103653125477
internet_tend6	0.00159290305089734	0.00288760385721189	0.000384361028052703
Master_fechaalta	0.00158826438732515	0.00211223008322705	0.0035666442456067
Master_Fvencimiento	0.00156990891254037	0.002371506366885	0.00372491055127546
Visa_mpagominimo_rank_lag1	0.00156762702223669	0.00176704079283571	0.00245878010592538
Master_fechaalta_lag1	0.00156068860716586	0.00234328421492654	0.00347055398859352
rf_003_025	0.00155627363613042	0.0010105544841646	0.00162222963310479
Visa_mconsumospesos_rank_lag2	0.00155426140549455	0.00182190359052706	0.00348751109277232
chomebanking_transacciones_lag1	0.0015533779729418	0.00185214698958136	0.0027527032450245
Master_mfinanciacion_limite_rank	0.00154944296277719	0.00193445151113678	0.00377578186381184
mactivos_margen_rank_lag2	0.00154242198928875	0.00260932977000147	0.00362316792620268
mcuenta_corriente_rank	0.00153296041295161	0.00209661241178149	0.00113047361191971
mrentabilidad_rank_lag2	0.00152404800031607	0.00208573145447583	0.00358360134978549
chomebanking_transacciones_delta2	0.00152212555844771	0.00266091609518821	0.00380969607216944
mcuentas_saldo_rank	0.00150342108952795	0.00226753926583949	0.000604803382377047
Visa_cconsumos_tend6	0.00150324102243639	0.00225298746382715	0.0035722966136663
Visa_mconsumospesos_rank_delta1	0.00148465072554958	0.00176985121934264	0.00444276129484448
Visa_mfinanciacion_limite_rank_tend6	0.00145166712957495	0.00269083139663189	0.00320489268979239
Master_mlimitecompra_rank_delta2	0.00145139059897184	0.0027327523531101	0.00392274343336141
Visa_mpagospesos_rank_lag2	0.00144463874292409	0.00175484386267722	0.00358360134978549
Visa_mconsumototal_rank_tend6	0.00142253555306281	0.00199433347043535	0.00373056291933506
thomebanking	0.00141136032013563	0.00216254352683973	0.00341968267605713
rf_010_022	0.00139761486117355	0.00083630530274954	0.000226094722383943
mpasivos_margen_rank_delta2	0.00139726407274341	0.00213648451101554	0.00420536183634134
mtarjeta_visa_consumo_rank_delta1	0.00139588997519893	0.00134235656297057	0.00107394993132373
Visa_fechaalta_tend6	0.00139241473410065	0.000919923315059191	0.000994816778489348
mcuenta_corriente_rank_tend6	0.00139150479300583	0.0020813322289794	0.00124352097311169
vm_fechaalta_lag2	0.00139096198140204	0.00206510554777462	0.00265096061995173
Visa_mfinanciacion_limite_rank	0.00138183580279295	0.00147701583673246	0.00249269431428297
Visa_mconsumototal_rank_lag1	0.00137697917895555	0.00145205329436133	0.00332359241904396
ctrx_quarter_normalizado_delta2	0.00137673846428386	0.0021539916992107	0.00265096061995173
Master_mfinanciacion_limite_rank_tend6	0.00136725334561769	0.00218041453439441	0.00340272557187834
Visa_mpagospesos_rank_lag1	0.00136304195675062	0.00172910002219775	0.00338576846769954
cliente_edad_lag2	0.00136018618353109	0.00300500016080979	0.00176353883459475
Visa_mconsumototal_rank_lag2	0.00134971999775853	0.00184393155028404	0.00358925371784509
Visa_mfinanciacion_limite_rank_lag1	0.00134878711348805	0.00201080337171414	0.00278661745338209
mcomisiones_rank_delta1	0.00134485891485571	0.00190726224484769	0.003154021377256
rf_019_019	0.00133639080796388	0.000914029661497292	0.00131700175788647
Master_mfinanciacion_limite_rank_lag2	0.00133426509666664	0.001965571116585	0.0035440347733683
rf_014_021	0.0013325578561661	0.00118041191196768	0.00220442354324344
Visa_msaldototal_rank	0.00133016355047367	0.00168043246584234	0.00260008930741534
vm_Fvencimiento_tend6	0.00132579227801846	0.0011562398796172	0.000847855208939785
Visa_mfinanciacion_limite_rank_delta2	0.00132044550540732	0.00158508037079121	0.00312575953695801
rf_018_020	0.00131752937424521	0.000693735580754207	0.000203485250145548
mcomisiones_rank_lag1	0.00131313186929397	0.00212520882326678	0.00300705980770644
Visa_msaldopesos_rank	0.00130931314275458	0.00132724035220785	0.00201224302921709
Visa_Fvencimiento	0.00130591947591762	0.0020316926111646	0.00301836454382564
Visa_mlimitecompra_rank	0.00130316307907002	0.00217055384755596	0.00321054505785199
Master_fechaalta_lag2	0.00129237582590465	0.00183407984506011	0.0027470508769649
Visa_fechaalta_lag2	0.00128579925189296	0.00177312948305243	0.00247008484204458
chomebanking_transacciones_lag2	0.00127421765504929	0.00160153415122343	0.00304662638412363
mpasivos_margen_rank_lag2	0.00127202981172697	0.00148409250454597	0.00305793112024283
Visa_mlimitecompra_rank_tend6	0.00126919470125437	0.00196160746100964	0.00293923139099126
rf_015_023	0.00126645139627174	0.00133397507895361	0.00338576846769954
ctrx_quarter_delta1	0.00126167777195037	0.00189500390194037	0.000881769417297377
Visa_msaldototal_rank_delta2	0.00125686200433886	0.00160712299284197	0.00252095615458096
mcuenta_corriente_rank_lag1	0.00125522313010675	0.00261807973051141	0.00127178281340968
Visa_mpagospesos_rank_delta2	0.00125442326533483	0.00190698706455564	0.00365708213456027
Visa_mconsumototal_rank_delta2	0.00125012934616633	0.00187688483805771	0.00335185425934195
cprestamos_personales	0.00124509244944598	0.000577784728554574	7.34807847747814e-05
rf_001_017	0.00123941396982569	0.000999894843052535	0.00234008037667381
mcuenta_debitos_automaticos_rank_tend6	0.00123609024187401	0.0026826468428295	0.000683936535211427
chomebanking_transacciones	0.00122230919035851	0.00187427231413388	0.00223833775160103
Visa_msaldopesos_rank_delta2	0.00122172979647388	0.00145167261208452	0.00281487929368009
rf_007_023	0.00121906925769317	0.00129272403321054	0.00279226982144169
ctarjeta_debito_transacciones_tend6	0.00121641293786595	0.00197299371729493	0.0007913315283438
vmr_mpagospesos	0.00121424835098936	0.00116841521295902	0.0015883154247472
rf_005_020	0.00121205110404758	0.0016840440472464	0.00388882922500382
vmr_mpagominimo_lag1	0.00120909363558336	0.00127230790222387	0.00201789539727669
Master_mlimitecompra_rank_delta1	0.00119618716596937	0.00159004341649919	0.00358925371784509
Master_Fvencimiento_tend6	0.00119416641555487	0.00131182163247985	0.00192180514026351
vm_msaldototal_rank_lag1	0.00119339306766059	0.0009513884951628	0.0011983020286349
Visa_mpagominimo_rank_lag2	0.00119191304872756	0.00162379077111522	0.00263400351577293
rf_003_027	0.00118976490552162	0.00110734279311304	0.000960902570131757
mtarjeta_visa_consumo_rank_delta2	0.00118954761152231	0.00166910490990946	0.00226659959189903
Visa_mlimitecompra_rank_delta2	0.00118858399787066	0.00213321599657963	0.00330663531486516
ccallcenter_transacciones_tend6	0.00118728229069259	0.00214489936262604	0.000813941000582194
Master_Fvencimiento_lag2	0.00118398290440042	0.00158186177980237	0.00287140297427607
mrentabilidad_rank_tend6	0.00118328075400892	0.00242129260763763	0.00167310094564118
Master_mfinanciacion_limite_rank_delta2	0.00118139644075344	0.00151306430145847	0.00348185872471272
vmr_mconsumospesos_lag1	0.00118062070705837	0.000867202568458352	0.00109655940356212
Visa_mlimitecompra_rank_delta1	0.00116812960102991	0.00182948097695269	0.00341403030799754
rf_010_023	0.00116791205872719	0.00108808590452645	0.0031709784814348
Visa_mpagominimo_rank_delta1	0.00116525257258665	0.00177794733878671	0.00232877564055461
rf_019_016	0.00116480906378215	0.000883161259780429	0.00128308754952888
Visa_cconsumos_delta1	0.00116262694334932	0.00106785623799841	0.00175788646653516
mtransferencias_recibidas_rank_delta2	0.00115800087383705	0.00170352056317598	0.00173527699429676
vm_fechaalta	0.00115453766833631	0.00173649862075835	0.00246443247398498
cliente_antiguedad_lag2	0.00114863061116882	0.00139700653989859	0.00179745304295234
vmr_Visa_mlimitecompra	0.00114841143522798	0.00157995232949805	0.00246443247398498
Visa_mpagospesos_rank_delta1	0.0011449738475615	0.00147738574618957	0.00305227875218323
mttarjeta_visa_debitos_automaticos_rank_tend6	0.00114321732660407	0.00266844816412293	0.00101177388266814
vmr_mpagominimo_lag2	0.00114019170223919	0.00131693618855692	0.00201224302921709
Visa_Fvencimiento_lag1	0.00113146132968759	0.00171219109653077	0.00243051826562738
Master_mlimitecompra_rank_tend6	0.00112939095735086	0.0013641715228437	0.00280922692562049
cdescubierto_preacordado	0.00111713351180123	0.00199959869245621	0.000638717590734638
vm_msaldopesos_rank_lag2	0.00111667269214346	0.00079377966099317	0.00136787307042285
mcuenta_corriente_rank_lag2	0.00111407968703148	0.0016103708060638	0.00107960229938333
rf_005_021	0.00110459613700778	0.00100636539262375	0.000638717590734638
Visa_mconsumosdolares_rank_tend6	0.00110211917205385	0.00143997284371645	0.00278661745338209
Visa_Fvencimiento_lag2	0.00110199025591843	0.00164618498115303	0.00246443247398498
Master_mlimitecompra_rank_lag1	0.00109446129117219	0.00173004398732454	0.00309749769666002
Master_msaldototal_rank	0.00109378089708483	0.00172793499676382	0.00256617509905775
mpayroll_sobre_edad_rank	0.00109232438400309	0.00116027062862066	0.000310880243277921
Master_mpagominimo_rank_lag2	0.00109205528241616	0.00162683328663544	0.00254356562681936
rf_019_021	0.0010870883606472	0.00131833588745732	0.00302401691188523
mcaja_ahorro_rank_tend6	0.00108460174036575	0.00209462716790966	0.00194441461250191
ctransferencias_recibidas_tend6	0.00108139356791902	0.00160985557868977	0.00109090703550252
vm_Finiciomora	0.00107229895294035	0.00249429783164484	0.000469146548946681
vm_Fvencimiento	0.00107199148324162	0.00155153810916762	0.00243617063368698
cmobile_app_trx_lag2	0.00107134953350918	0.00216986894187464	0.00172397225817756
Visa_msaldopesos_rank_delta1	0.00106760078366679	0.00180143845728455	0.00243051826562738
rf_004_015	0.00105293537543198	0.000369923428514127	0.000390013396112301
vm_status06	0.00104827391093908	0.00049345727105272	0.00055393206984066
mcaja_ahorro_rank	0.00104426593836019	0.0015170795693315	0.000695241271330624
mcomisiones_otras_rank	0.00104274877458191	0.00156049057821682	0.00244747536980618
vm_Fvencimiento_lag2	0.00103911071715934	0.00147179910519453	0.00225529485577983
Visa_mconsumosdolares_rank	0.00103610166962858	0.00160957041882604	0.0027640079811437
vm_mfinanciacion_limite_rank	0.00103374738233908	0.0011186017202991	0.0019670240847403
thomebanking_lag1	0.00103230438569571	0.00148198167160278	0.00240790879338899
Visa_cconsumos	0.00103180568488869	0.00144696808846047	0.00253226089070016
vmr_msaldototal_lag2	0.00102585497361797	0.00101734123262635	0.00182006251519074
Master_status_tend6	0.00101470282901421	0.000651056842132736	0.000695241271330624
rf_006_021	0.00101268134569319	0.00131165077709488	0.00347620635665312
Visa_fechaalta_lag1	0.00100090808885277	0.00120859657656071	0.0019726764527999
Visa_mlimitecompra_rank_lag2	0.000998972547470723	0.00158210070098396	0.00232312327249501
Master_msaldototal_rank_lag2	0.000998532989935092	0.001309784801899	0.00245312773786578
Master_mfinanciacion_limite_rank_lag1	0.000998287405621866	0.00133563962033333	0.00264530825189213
mcomisiones_otras_rank_lag1	0.000998284600032347	0.00165259268501127	0.00223268538354143
cmobile_app_trx_tend6	0.000997122938920835	0.00242492711646791	0.00146396332743603
Visa_msaldototal_rank_lag2	0.000994294071051406	0.00131015332956927	0.00233442800861421
cprestamos_personales_tend6	0.000993654967546768	0.00226946499052225	0.000339142083575914
tcallcenter	0.000993087418210349	0.00113923230972241	0.000893074153416574
mcuenta_debitos_automaticos_rank	0.000993067833371453	0.00193788005696068	0.000548279701781061
Visa_cconsumos_lag2	0.000991996102805316	0.001141321469083	0.00234573274473341
mpasivos_margen_rank	0.000985163662974819	0.00248601274005489	0.00204615723757468
Visa_mpagominimo_rank_delta2	0.000982825451550644	0.00186232912098264	0.00244182300174658
Master_mconsumosdolares_rank_tend6	0.000976852440636848	0.00209158552240338	0.00301271217576604
Visa_msaldototal_rank_delta1	0.000971324586949374	0.00125892230272315	0.00183136725130994
mcuenta_corriente_rank_delta1	0.000970817086970352	0.00131433113651753	0.000994816778489348
vmr_msaldototal	0.0009691466926132	0.000826632103915537	0.0015713583205684
vm_msaldototal_rank_tend6	0.000966534098218308	0.00141007980439422	0.00184832435548873
tcallcenter_delta2	0.000958204168736933	0.0012506883372466	0.00109090703550252
mtarjeta_visa_consumo_rank_tend6	0.000951425134547574	0.00141323506348583	0.00146396332743603
rf_007_021	0.000949600030196732	0.00100921796362957	0.0019613717166807
cliente_antiguedad_lag1	0.000946459164707124	0.00141045892576366	0.00173527699429676
Master_msaldototal_rank_tend6	0.000938682822372427	0.00145791363150699	0.00194441461250191
ccomisiones_otras_lag2	0.000935451024434343	0.00184027687760122	0.00193310987638271
mpasivos_margen_rank_tend6	0.000929461609397096	0.00193937146556599	0.00165049147340278
Visa_mconsumosdolares_rank_lag2	0.000927011502840148	0.00163300521671547	0.00239095168921019
Master_fultimo_cierre_lag2	0.000924891293958199	0.00161351076314549	0.0023626898489122
mrentabilidad_annual_rank_tend6	0.000923017717272544	0.00184248840186385	0.00183701961936954
mtransferencias_recibidas_rank_lag2	0.000921871895981592	0.00144918603547308	0.00205180960563428
mcomisiones_rank	0.000921239135679316	0.00132350016227229	0.00223268538354143
Visa_mconsumospesos_rank_lag1	0.000920567604689305	0.00134900126886201	0.00264530825189213
vmr_mpagominimo_tend6	0.000917831296480854	0.000972059898475439	0.00156005358444921
Master_mconsumototal_rank_tend6	0.00091760458144888	0.00165157835110978	0.00222138064742224
Master_mconsumospesos_rank_lag2	0.000917438672495042	0.00158567981039707	0.00233442800861421
rf_013_015	0.000915208353233003	0.000805368860824704	0.000859159945058982
Master_msaldototal_rank_lag1	0.000914572595461212	0.00135838160565003	0.00192745750832311
rf_020_025	0.000913159276466219	0.00163551551400115	0.00127178281340968
vmr_Master_mlimitecompra	0.000913057161439981	0.0016732647024514	0.00219877117518384
rf_005_022	0.00091139937296551	0.000571710137681437	0.000220442354324344
Visa_msaldototal_rank_lag1	0.000909637555840084	0.00129902702833203	0.00189354329996552
Visa_cconsumos_lag1	0.000905601510819113	0.00103697117807343	0.00228355669607782
Master_mpagominimo_rank_lag1	0.000894758653938981	0.00125989587391261	0.00172397225817756
Master_mconsumototal_rank_lag1	0.000888639164472899	0.00120493942177929	0.0019726764527999
ctrx_quarter_lag1	0.000888624366313436	0.001098439735738	0.00075176495192661
Master_cconsumos_tend6	0.000885875651108573	0.00140608623569245	0.00209702855011107
ctarjeta_visa_transacciones_tend6	0.00088435985293811	0.00235130272400928	0.00087046468117818
Master_mpagominimo_rank	0.000882065546560495	0.00126650529306211	0.00222138064742224
ccaja_seguridad_lag1	0.000877082583858298	0.000683339784164294	6.78284167151828e-05
Visa_mpagominimo_rank_tend6	0.000874734958445793	0.0015170059252102	0.00183701961936954
Master_mpagospesos_rank_lag2	0.000874109073122822	0.00151308937833091	0.00228355669607782
vm_Fvencimiento_lag1	0.000872371195175917	0.00109938976537374	0.00191050040414432
vmr_Master_mlimitecompra_lag1	0.000867598219255968	0.00139767599003811	0.00218181407100505
Visa_msaldopesos_rank_lag1	0.000865226692383357	0.00115765644143488	0.00186528145966753
Visa_Fvencimiento_tend6	0.00086204087343392	0.000586095818208193	0.000536974965661864
rf_011_015	0.000858427195726186	0.000705634607903584	0.00124917334117128
vmr_Visa_mlimitecompra_lag2	0.000857486333121225	0.00112664361740368	0.00179180067489275
Master_delinquency_delta2	0.000855586104265817	0.00203986104412042	0.000938293097893362
vm_mfinanciacion_limite_rank_lag2	0.000855494077912231	0.00125340001717115	0.00205746197369388
active_quarter	0.000849370356593962	0.000594251149777595	0.000457841812827484
mactivos_margen_rank_tend6	0.000849150482035911	0.00169258013785854	0.0015657059525088
Master_fultimo_cierre_tend6	0.00084424707730097	0.00166598465608468	0.00216485696682625
cliente_antiguedad	0.000842280431986401	0.00166838558750016	0.00137352543848245
Visa_mconsumosdolares_rank_delta2	0.000841781567130526	0.00137569659753	0.00226659959189903
Visa_cconsumos_delta2	0.000841269747811347	0.00141884734430351	0.00220442354324344
ccajas_consultas_tend6	0.000838857149849484	0.00226657925663206	0.0003956657641719
ccomisiones_otras_tend6	0.000838392559220652	0.00153211522703868	0.00161092489698559
vmr_Master_mlimitecompra_lag2	0.00083650999208403	0.00130808917031519	0.00189354329996552
Master_msaldopesos_rank_lag1	0.000836397436946675	0.00111660739245817	0.00182571488325034
Master_cconsumos_lag2	0.000834532631418681	0.00147267592571594	0.00260574167547494
vmr_Master_mlimitecompra_delta2	0.000834307309424658	0.00089356355588626	0.00102873098684694
cdescubierto_preacordado_lag2	0.00083410945918134	0.00116634662686929	0.000717850743569018
mcaja_ahorro_rank_delta1	0.000831742730401444	0.00268246575198639	0.00133395886206526
ctrx_quarter_delta2	0.000831560376950997	0.00156540879261815	0.00179180067489275
rf_002_017	0.000827230740229513	0.00102305394887701	0.00139048254266125
mcaja_ahorro_rank_delta2	0.00082712974144109	0.00151118816757039	0.00145831095937643
mextraccion_autoservicio_rank_delta2	0.000824623420641576	0.00134169113024837	0.00122091150087329
Master_msaldopesos_rank_tend6	0.000823123050739601	0.00142616370095797	0.00188223856384632
Master_mpagospesos_rank_tend6	0.00082101616873016	0.00164128519057635	0.00179180067489275
Master_mpagominimo_rank_tend6	0.000820494547321423	0.00159480748490095	0.00189919566802512
mpayroll_rank_delta2	0.000820030774036898	0.00101279714980862	0.000327837347456717
vmr_msaldototal_tend6	0.000817870741289583	0.00111446884701207	0.00137352543848245
Visa_msaldototal_rank_tend6	0.000817119095355853	0.00132389108000723	0.00185962909160793
ctrx_quarter_lag2	0.000816711082531885	0.00129624805027023	0.00149222516773402
mpayroll_sobre_edad_rank_delta1	0.000815188962992962	0.000902175363299979	0.000305227875218323
mpayroll_rank_delta1	0.000815047746973171	0.00144220307327882	0.000373056291933506
vm_mfinanciacion_limite_rank_tend6	0.000814878418006994	0.00153920253972865	0.00177484357071395
ctarjeta_debito_transacciones_lag2	0.000814592589154303	0.0010765083219399	0.00123221623699249
numero_de_cliente	0.000812864855506938	0.00205424849026371	0.000921335993714567
vmr_msaldopesos_delta2	0.000812033744965073	0.000963657943542197	0.001577010688628
vmr_msaldopesos2_tend6	0.000810205511692242	0.0015314053468395	0.00148092043161483
Master_fultimo_cierre	0.000809789570143953	0.00102920272123301	0.00188789093190592
mpagomiscuentas_rank_tend6	0.000809581392860527	0.00161076533179774	0.000621760486555843
vm_fultimo_cierre_tend6	0.000808619031059506	0.00147422544613483	0.00148657279967442
vm_mlimitecompra_rank_delta2	0.000807855960862325	0.00168933797972733	0.00210268091817067
Master_fultimo_cierre_lag1	0.000805024410368983	0.00129415814883893	0.0019557193486211
vm_mpagominimo_rank_delta2	0.000804228235903416	0.00173404566762689	0.0015996201608664
vm_mpagominimo_rank_lag2	0.000803940376242192	0.00130689515294608	0.00175223409847556
vm_mfinanciacion_limite_rank_lag1	0.00080367907557875	0.00112206171456813	0.00183136725130994
Master_fechaalta_delta1	0.000802269522195062	0.000907257907981718	0.00143004911907844
Master_mconsumospesos_rank_delta2	0.000801809410128187	0.00108911180449564	0.00166744857758158
vmr_mpagominimo_delta1	0.000800847002659212	0.000949023899623718	0.00127178281340968
Master_mconsumospesos_rank_tend6	0.0007999917748828	0.00168487931180776	0.00182571488325034
vm_fechaalta_lag1	0.000798233818562587	0.00123567031011607	0.00180310541101194
rf_016_021	0.000797263717155686	0.0011936290102388	0.00180310541101194
rf_012_019	0.000795429008187482	0.00111572588921466	0.00226659959189903
Visa_mfinanciacion_limite_rank_lag2	0.000789290342450969	0.00120337347345009	0.00167875331370077
vmr_msaldototal_lag1	0.000785503142044616	0.00107175617784687	0.00139048254266125
rf_005_019	0.000782423555066115	0.00110776045098237	0.00212529039040906
ccaja_ahorro	0.000775005711636466	0.00187536525635387	0.000152613937609161
Visa_mconsumosdolares_rank_lag1	0.00077268836454306	0.00153687742746934	0.00229486143219702
thomebanking_delta2	0.00077254196097491	0.00129779895247597	0.00123786860505209
vm_cconsumos_tend6	0.000771967934745955	0.0012196901243319	0.0007913315283438
vm_status02	0.00077167424800325	0.00129061816446455	0.000966554938191355
cdescubierto_preacordado_delta2	0.000771562068549561	0.0011463533738356	0.000192180514026351
Master_mpagospesos_rank	0.000769697101021883	0.00140750609844538	0.00193876224444231
mcaja_ahorro_dolares_rank_delta2	0.000765017555817351	0.00182908256174466	0.000847855208939785
matm_other_rank	0.000761272173119764	0.00041397039200222	0.000152613937609161
vm_mlimitecompra_rank_lag2	0.00075964786126314	0.00134856444509732	0.00186528145966753
mrentabilidad_rank_lag1	0.000759543593901214	0.00126168789792344	0.00175788646653516
mextraccion_autoservicio_rank_lag2	0.000759461996979179	0.00146314648389148	0.00162788200116439
mautoservicio_rank_lag2	0.000758845688706152	0.00106910404270004	0.00165614384146238
vmr_msaldopesos_lag2	0.000755947337005946	0.000942896340254716	0.00166179620952198
ccajas_transacciones_lag2	0.000752074441361179	0.00130931445700891	0.00170136278593917
Master_msaldototal_rank_delta2	0.000751698224753366	0.00168646166245863	0.00195006698056151
ctrx_quarter_tend6	0.000745620906189444	0.00170835052233952	0.00132830649400566
ctarjeta_visa_transacciones_lag2	0.000740000407772284	0.00110757181148888	0.00163918673728359
Visa_mpagosdolares_rank_tend6	0.000739723474674824	0.00136227622306025	0.0019613717166807
Master_msaldopesos_rank	0.000737826407565494	0.00143978144064927	0.00189354329996552
Master_Fvencimiento_delta2	0.000736100653841402	0.000680458656230269	0.00109655940356212
vm_msaldopesos_rank_delta2	0.000734516452948972	0.00105748139850904	0.0015996201608664
mcomisiones_mantenimiento_rank_lag2	0.000734307107795547	0.00149122756564816	0.00106829756326413
vmr_mconsumospesos_lag2	0.000730793492112526	0.00111083313551545	0.00169005804981997
rf_017_025	0.00072970158537306	0.000841371035691287	0.00136222070236326
rf_009_023	0.000727545140899962	0.000624258032982967	0.00113047361191971
tcallcenter_tend6	0.000727208052998098	0.00105553771059724	0.000350446819695111
vm_mpagospesos_rank_tend6	0.000726894643288682	0.00117186842623703	0.00165049147340278
Master_mconsumospesos_rank_lag1	0.000724528852667197	0.00141176714525695	0.00204050486951508
ccajas_transacciones_delta1	0.000723731648422817	0.0011969294593041	0.000350446819695111
vm_mpagominimo_rank	0.000722641846339338	0.00110235871353859	0.00141309201489964
internet_lag2	0.000717769119910891	0.00146901296231203	0.000265661298801133
mcomisiones_mantenimiento_rank	0.000710493546754557	0.00170262360439069	0.0011756925563965
rf_018_018	0.000709945665637026	0.000887871822324782	0.000412622868350696
chomebanking_transacciones_tend6	0.000709393079551379	0.00167628344612009	0.00141309201489964
vmr_msaldopesos2_lag2	0.000706877776021648	0.00127042168640952	0.00172962462623716
vm_mconsumospesos_rank_tend6	0.000704312263675796	0.00100304833652762	0.00143570148713804
cliente_edad	0.000701270506704969	0.00136112012806355	0.00105134045908533
ctrx_quarter_normalizado_delta1	0.000701112260492933	0.00186665610973326	0.000570889174019455
mtarjeta_visa_consumo_rank_lag2	0.000700270634751873	0.00140447993406953	0.00176919120265435
cprestamos_personales_lag1	0.000699280851201671	0.00149088672489216	0.000186528145966753
vmr_mpagospesos_delta2	0.000698746398643308	0.0011571541107381	0.00127743518146928
Master_mpagominimo_rank_delta2	0.000698696673782194	0.0014893089546088	0.0019557193486211
cproductos_tend6	0.000698382192385011	0.0013480067917493	0.000243051826562738
vmr_msaldopesos2_lag1	0.000696662527185094	0.00104837178958877	0.00178049593877355
Visa_mlimitecompra_rank_lag1	0.000695364447499345	0.000887592164019801	0.00150352990385322
rf_013_023	0.000695318384699501	0.000921236984933936	0.00206876670981308
Master_status	0.000691670722298402	0.00115950729374136	0.000802636264462997
Visa_mpagado_rank_tend6	0.000691317822441916	0.00138038001052164	0.00122656386893289
Master_Fvencimiento_delta1	0.000688369538487806	0.000809494159872715	0.00121525913281369
rf_002_024	0.000685824266555834	0.000871418144247143	0.0023739945850314
vm_status04_delta2	0.000685492965685873	0.00109977451624515	0.000226094722383943
mpayroll_sobre_edad_rank_lag2	0.000684819088439578	0.000943509085956158	0.000412622868350696
ccaja_seguridad	0.000682898546252666	0.00145861742160857	0.00011869972925157
vm_mpagospesos_rank_delta2	0.00068132353436921	0.00117509106023183	0.00161657726504519
Master_cconsumos	0.00068062981127098	0.000972875766843633	0.00201224302921709
Master_mconsumospesos_rank	0.000679573584388451	0.00128025179481678	0.00167875331370077
vm_mlimitecompra_rank	0.000679504367674014	0.000888427326226586	0.00154874884833001
vm_msaldopesos_rank_tend6	0.000679473406224341	0.00117246389960286	0.00145831095937643
ccomisiones_mantenimiento_delta2	0.000676803548594646	0.00064683640450133	0.000124352097311169
vm_mlimitecompra_rank_lag1	0.000673761189156394	0.00103775523975546	0.00155440121638961
vm_msaldototal_rank_delta1	0.000673440333043615	0.000975498602991541	0.00138483017460165
vm_mlimitecompra_rank_delta1	0.000670829456402677	0.00146703040524795	0.00192745750832311
vmr_msaldopesos_tend6	0.000670720861434349	0.00112253323653591	0.00126613044535008
Master_cconsumos_lag1	0.00067052606142877	0.000929656519266529	0.0019613717166807
Visa_mpagosdolares_rank_lag1	0.00066699516606323	0.00116135638043131	0.00205746197369388
Master_cconsumos_delta2	0.000666412523628337	0.00112013796021106	0.00202354776533629
mttarjeta_visa_debitos_automaticos_rank_delta1	0.000665733909659408	0.00159085091738035	0.00123786860505209
Master_mpagospesos_rank_delta2	0.000663045346163836	0.00179395687474709	0.00163353436922399
Master_mpagominimo_rank_delta1	0.000662245586754867	0.0013446901450715	0.001577010688628
ccaja_seguridad_lag2	0.000658191434685393	0.000730150705179376	0.000101742625072774
mcomisiones_mantenimiento_rank_lag1	0.000657410716470474	0.000731212992202247	0.000774374424165004
mcaja_ahorro_dolares_rank_lag2	0.000650685090258681	0.00147979338183013	0.0011700401883369
vmr_msaldototal_delta2	0.000646696672120485	0.000973002763290482	0.00143570148713804
Master_mpagospesos_rank_delta1	0.000644665223989007	0.000945805564521331	0.00176919120265435
rf_003_028	0.000644019841474911	0.000174912132038674	5.65236805959857e-05
rf_017_026	0.000638779981456556	0.00107293550733355	0.00141309201489964
vmr_Visa_mlimitecompra_lag1	0.000636753568370829	0.000865430247704436	0.00141874438295924
rf_005_015	0.000631165786584497	0.000522345009265264	0.000440884708648688
mttarjeta_visa_debitos_automaticos_rank_delta2	0.000630452981597306	0.00106759536175911	0.00091003125759537
Visa_fultimo_cierre_lag2	0.00062927286767325	0.00164477624946083	0.00130569702176727
Visa_fultimo_cierre_delta2	0.000628041284443429	0.000870038250958244	0.00094959783401256
vm_msaldopesos_rank_lag1	0.000626501374026228	0.00111275688987252	0.0011756925563965
vm_mconsumototal_rank_tend6	0.000626479726761255	0.00103639604768064	0.00136222070236326
mcaja_ahorro_rank_lag2	0.000626218211099124	0.00192295414895339	0.00106829756326413
vm_mfinanciacion_limite_rank_delta1	0.000623683675967978	0.00138124014724628	0.00183701961936954
rf_009_021	0.000620788630357237	0.0009086310202796	0.000881769417297377
vm_mconsumototal_rank_delta2	0.000620014434304644	0.00103795122319016	0.00128308754952888
vm_mfinanciacion_limite_rank_delta2	0.000619486226578781	0.00127881419913263	0.00169005804981997
Visa_mpagosdolares_rank_delta1	0.00061759556247756	0.000894294649072425	0.00185962909160793
vm_fechaalta_tend6	0.000616609158378996	0.00130596150004336	0.000915683625654968
rf_007_016	0.000614905392978483	0.000877833089692019	0.00144700622325723
vm_fultimo_cierre_lag1	0.000612171880858133	0.00155696369522886	0.00127178281340968
Visa_fultimo_cierre_tend6	0.000611215365078141	0.00121836872668626	0.00148657279967442
Visa_fultimo_cierre_lag1	0.000609492639646166	0.00115889393391243	0.00123786860505209
mpagomiscuentas_rank_delta1	0.000608308549170039	0.000724045024102144	0.000339142083575914
Master_mconsumototal_rank_delta2	0.000608301478087021	0.00153489075063336	0.00148657279967442
vm_mpagominimo_rank_lag1	0.000603604452854636	0.00103913945752542	0.00109090703550252
ccomisiones_otras_delta2	0.000602907204996383	0.000892018257593849	0.00167310094564118
vm_cconsumos_delta2	0.000602229985659467	0.000537139263692251	0.000220442354324344
mcomisiones_mantenimiento_rank_delta1	0.000600136449975161	0.000847155425737561	0.000717850743569018
ctrx_quarter_normalizado_lag1	0.000596873503817727	0.000895650949630315	0.00075176495192661
vmr_msaldopesos2_delta2	0.000594685493350632	0.00112348715564574	0.00137917780654205
mttarjeta_visa_debitos_automaticos_rank_lag2	0.000594483630934778	0.000745677127515632	0.000989164410429749
vm_status01_tend6	0.000593466669569923	0.00105396546746128	0.00051436549342347
vm_fultimo_cierre	0.00059266067630826	0.000816979580706973	0.00102307861878734
Visa_mpagosdolares_rank	0.000592515034268113	0.000955273542419663	0.00188789093190592
mtransferencias_emitidas_rank_tend6	0.000586918383845183	0.00135463396941867	0.000881769417297377
mtarjeta_master_consumo_rank_delta2	0.000586842439979794	0.00094052181632124	0.000926988361774165
ctarjeta_visa_transacciones_delta2	0.000585615057835865	0.00177742763339975	0.000881769417297377
vm_status04	0.000580817047498757	0.000552980119302512	0.00059349864625785
vmr_msaldopesos2	0.000579283610675195	0.0009234095376897	0.00142439675101884
Visa_fultimo_cierre	0.000578642946982624	0.000969863932109183	0.00106264519520453
Master_mconsumospesos_rank_delta1	0.000577341079774091	0.000847953765883694	0.00139048254266125
vm_mpagominimo_rank_tend6	0.00057721968361094	0.000901083521391734	0.00114177834803891
vm_fultimo_cierre_lag2	0.000571316964154736	0.00109359171099085	0.00120960676475409
Visa_mconsumosdolares_rank_delta1	0.000570227197348349	0.00123783444420751	0.00184832435548873
ccajas_transacciones_tend6	0.000569933713138972	0.00121491400367817	0.0003956657641719
mcaja_ahorro_dolares_rank	0.000569752919148634	0.00130317254240987	0.000650022326853835
vm_cconsumos_lag2	0.000569504869041014	0.000801401239009311	0.000655674694913434
Visa_mpagosdolares_rank_lag2	0.000569305418338899	0.000827019669537939	0.00152048700803202
mcomisiones_mantenimiento_rank_tend6	0.000567863278061585	0.00209480347367609	0.000746112583867011
Master_fultimo_cierre_delta2	0.000565675526029654	0.000803299609430199	0.00134526359818446
vmr_msaldopesos_delta1	0.000564642813937789	0.00088938684924975	0.00134526359818446
Master_msaldopesos_rank_delta2	0.000564099958643756	0.000764368174387696	0.0012039543966945
mpayroll_sobre_edad_rank_tend6	0.000560798930156932	0.00108645168569146	0.00031653261133752
ctransferencias_emitidas_tend6	0.000560262937542215	0.00161932910932414	0.00071219837550942
cmobile_app_trx_lag1	0.000556467597465277	0.00161320531148601	0.00102307861878734
vm_msaldototal_rank	0.000555811051213365	0.000676198095602962	0.00111916887580052
rf_017_015	0.00055447762769594	0.000689488812406741	0.00132265412594607
rf_004_021	0.00055223813220121	0.000897867873097108	0.000536974965661864
vm_mconsumospesos_rank_delta1	0.000549850282137137	0.00086105791587426	0.000966554938191355
Master_msaldopesos_rank_lag2	0.000547100032713615	0.000984118368473962	0.00136787307042285
vm_Finiciomora_lag1	0.000545124207170069	0.00198090301403934	0.000412622868350696
vm_fultimo_cierre_delta2	0.000542876088395696	0.000582207009420465	0.000695241271330624
mplazo_fijo_dolares_rank_delta2	0.00054192334984099	0.00187949884612298	0.000265661298801133
Master_msaldototal_rank_delta1	0.000540330616142808	0.00131259740344079	0.00142439675101884
Master_mpagospesos_rank_lag1	0.000539138761876312	0.0010717678206805	0.00142439675101884
rf_002_020	0.000538631396009442	0.00117484095681223	0.000231747090443541
cproductos	0.00053812106685279	0.000325444272806149	5.08713125363871e-05
vm_mconsumototal_rank_delta1	0.000536366175230436	0.000794271244458901	0.00120960676475409
vm_msaldototal_rank_delta2	0.000534542012954651	0.000956524955120282	0.00115308308415811
vm_status02_tend6	0.000533640730281873	0.00079428373171783	0.000876117049237778
vm_fultimo_cierre_delta1	0.000533524641132745	0.000764932020187883	0.000678284167151828
vm_msaldototal_rank_lag2	0.000532896580937727	0.000689406237848211	0.000915683625654968
Master_msaldopesos_rank_delta1	0.000532696181135976	0.000584630330900614	0.0011869972925157
mplazo_fijo_dolares_rank	0.000528861234082337	0.00190971624711361	0.000209137618205147
vm_mconsumospesos_rank_delta2	0.000526689225087093	0.00101863640191051	0.0011926496605753
mpayroll_sobre_edad_rank_delta2	0.000525067815186532	0.00132209291472152	0.000339142083575914
ccomisiones_otras_lag1	0.000524859984753427	0.000978769062164497	0.000508713125363871
ccajas_transacciones	0.000524848340603134	0.0008025167504145	0.00091003125759537
vmr_msaldopesos2_delta1	0.000524082529490501	0.000900893448934108	0.00145265859131683
mextraccion_autoservicio_rank_lag1	0.000521179323703686	0.000882244776858737	0.000599151014317448
vm_mpagospesos_rank_delta1	0.000519779229351104	0.00155597075343488	0.00134526359818446
Master_mconsumototal_rank_delta1	0.000516501474969149	0.00088066575273176	0.00143570148713804
vmr_mconsumospesos_tend6	0.000516187920869744	0.00128928149039764	0.00109090703550252
Visa_fultimo_cierre_delta1	0.000515296641158882	0.000784151779650074	0.000977859674310552
vm_Fvencimiento_delta1	0.000513059966747656	0.000415275515269419	0.000367403923873907
mtransferencias_emitidas_rank_delta2	0.00051053000465367	0.00137662687273153	0.00083089810476099
vmr_mpagospesos_lag2	0.000509820823772497	0.00086317276623477	0.0011813449244561
mcaja_ahorro_dolares_rank_tend6	0.000509714268590471	0.00127703844950024	0.000689588903271025
vm_mlimitecompra_rank_tend6	0.0005093804531432	0.00219539489503899	0.00115308308415811
vmr_Master_mlimitecompra_tend6	0.000506342132454198	0.00159853974235646	0.000960902570131757
cproductos_delta1	0.000506246379253818	0.000918303988815795	0.000124352097311169
mtransferencias_recibidas_rank_lag1	0.000504184963411983	0.00143826034921535	0.00101742625072774
mtarjeta_visa_consumo_rank_lag1	0.000503424352720066	0.000976451089137234	0.00114177834803891
Visa_delinquency_tend6	0.000501791978466487	0.00100009660952108	0.000497408389244674
mtransferencias_emitidas_rank	0.000501229369372111	0.00166581067888498	0.000621760486555843
cextraccion_autoservicio_tend6	0.000498296616714632	0.00122806853771142	0.000599151014317448
Visa_mpagado_rank_delta2	0.000497920990489834	0.000858617859420054	0.000757417319986208
mtransferencias_emitidas_rank_lag2	0.000494227025279257	0.00133050858516866	0.00105699282714493
ccomisiones_mantenimiento_tend6	0.000493803975852179	0.00264751654987578	0.000390013396112301
Master_cconsumos_delta1	0.000493549974828547	0.000739665561475981	0.00170701515399877
mplazo_fijo_dolares_rank_tend6	0.000493109414740866	0.00158867693166045	0.000169571041787957
ccajas_transacciones_delta2	0.000486062232486285	0.00109968388126334	0.000893074153416574
cliente_edad_lag1	0.000483147982441753	0.00146020540176142	0.000915683625654968
vmr_mpagominimo_delta2	0.000482683579452425	0.000666996495502676	0.00102873098684694
vmr_mpagospesos_delta1	0.000478933342121474	0.00121246701270108	0.0012039543966945
mtransferencias_recibidas_rank_tend6	0.000478335065827139	0.00124058791038991	0.0011869972925157
mtransferencias_emitidas_rank_lag1	0.000477978885845714	0.00122865392915099	0.000972207306250954
mttarjeta_visa_debitos_automaticos_rank	0.000476694028058642	0.000801196913676228	0.00107960229938333
Visa_Fvencimiento_delta2	0.000475530203723726	0.00046263531272716	0.000463494180887083
vm_mconsumospesos_rank_lag1	0.000474766627609977	0.000504188253308013	0.000706546007449821
rf_014_008	0.000474248214262913	0.000555598298316968	0.000248704194622337
tcallcenter_lag2	0.000473372306892998	0.000831585144463183	0.00104003572296614
vm_status03	0.000472718977997747	0.000691592429351945	0.000864812313118581
vm_mpagospesos_rank_lag2	0.000470708843627056	0.000671866910314501	0.000859159945058982
rf_001_021	0.000466045621966339	0.000668070758011568	0.00075176495192661
matm_rank_lag2	0.000464980459990025	0.00106267765913069	0.00114177834803891
rf_003_017	0.000464339752049791	0.000918559082021244	0.000825245736701391
ccomisiones_otras_delta1	0.000458838993906279	0.00120348122723564	0.00108525466744293
cpayroll_trx_delta2	0.000454533310435987	0.000422220657445853	3.956657641719e-05
mtarjeta_master_consumo_rank_lag1	0.000454264931344326	0.000764194632194963	0.000486103653125477
ccomisiones_mantenimiento_delta1	0.000450322769894569	0.000882046413680019	0.00011869972925157
vm_msaldopesos_rank_delta1	0.000449557597762445	0.000786597593549482	0.000983512042370151
rf_006_017	0.000448506898173683	0.000646201575798955	0.000480451285065878
Master_delinquency_tend6	0.000444189384040991	0.000781156193705419	0.000706546007449821
mtransferencias_recibidas_rank_delta1	0.000441505471168919	0.00114044124527176	0.00105699282714493
rf_020_019	0.000440081710283608	0.00093610327139757	0.000390013396112301
rf_018_016	0.000439787957285107	0.000854937905155635	0.000785679160284201
rf_015_017	0.000439668517335803	0.000808651858433879	0.000876117049237778
ctarjeta_visa_debitos_automaticos_tend6	0.000438071985789214	0.000969486499590338	0.00035609918775471
mcaja_ahorro_dolares_rank_lag1	0.000434162873161792	0.00184558480707116	0.0007913315283438
mautoservicio_rank_lag1	0.000432537027732909	0.00119571330775676	0.000774374424165004
vm_mconsumospesos_rank_lag2	0.000431402423747948	0.000829979840797437	0.000989164410429749
mautoservicio_rank_tend6	0.000426266293005592	0.000980242354008906	0.000808288632522595
thomebanking_tend6	0.000422907585490853	0.00216248229321142	0.0003956657641719
vm_mconsumospesos_rank	0.000420965496205315	0.000688143873207385	0.000881769417297377
ccomisiones_otras	0.000420451430843233	0.00118973994556461	0.00059349864625785
mpagomiscuentas_rank_lag2	0.000419691212762192	0.000863260612054241	0.00067263179909223
mcaja_ahorro_dolares_rank_delta1	0.000418427654940146	0.00107920887080373	0.000440884708648688
vm_mpagado_rank_tend6	0.000415169589618732	0.00103997597593041	0.000418275236410294
Master_fultimo_cierre_delta1	0.000413193600992558	0.000424980751087394	0.000853507576999384
Visa_mpagado_rank	0.000412712687612186	0.000814948174918934	0.000627412854615441
matm_rank_delta2	0.000406553407350239	0.00115859956213637	0.000955250202072158
Visa_Finiciomora	0.000402567266850457	0.00233551153595964	0.000390013396112301
mpagomiscuentas_rank_lag1	0.00039956202014889	0.000684445469529671	0.000638717590734638
ctrx_quarter	0.000399514757841226	0.000715952563834356	0.000429579972529491
mpayroll_rank_tend6	0.000397876040426216	0.00144431623478874	0.000378708659993104
mttarjeta_visa_debitos_automaticos_rank_lag1	0.000396757530062632	0.000848045117347577	0.000977859674310552
rf_012_013	0.000396046323422684	0.00107275075731415	0.000497408389244674
rf_020_015	0.000391657990584469	0.000739223824691383	0.000531322597602266
mpagomiscuentas_rank	0.0003911939558779	0.000957052541810015	0.000497408389244674
vmr_mconsumospesos	0.000390533060141716	0.000729823938178314	0.000926988361774165
rf_013_025	0.000384531491151946	0.000690607982988215	0.000881769417297377
ctrx_quarter_normalizado	0.000381072488868768	0.00104067856336566	0.000610455750436645
vmr_mconsumospesos_delta1	0.000378984260577429	0.00133326276783313	0.000876117049237778
vmr_Visa_mlimitecompra_tend6	0.000377333466672782	0.00122729366235307	0.000695241271330624
vmr_mpagado_tend6	0.00037721574805523	0.000986980688753659	0.000650022326853835
mtarjeta_master_descuentos_rank_delta1	0.000377000635774156	0.000546799412317128	0.000661327062973033
vm_mpagominimo_rank_delta1	0.000376311065867028	0.000934091005916249	0.000921335993714567
thomebanking_delta1	0.000368616668778379	0.00065653941410716	0.000378708659993104
vmr_mconsumosdolares_lag2	0.000367315298174213	0.000818333271223038	0.000780026792224603
Visa_msaldodolares_rank_delta1	0.000366998402283638	0.000659875610510009	0.000559584437900258
cmobile_app_trx	0.000366182433608505	0.000936071695009214	0.000231747090443541
matm_rank_tend6	0.000366073999271902	0.000931870116209427	0.000621760486555843
rf_007_017	0.000365274926514256	0.000506749395231994	0.000333489715516316
rf_014_023	0.000365173971378278	0.000750460029160376	0.000915683625654968
mpagomiscuentas_rank_delta2	0.000364161556470083	0.000895942916073706	0.00043523234058909
rf_018_008	0.000363997645684946	0.000664519796108335	0.000322184979397118
ctarjeta_master_transacciones_delta2	0.000361452652689585	0.000728655407099969	0.000305227875218323
cpagomiscuentas_tend6	0.00035794172978957	0.00127011631151597	0.000390013396112301
vmr_mpagospesos_lag1	0.000356189488551711	0.000499356272641497	0.000825245736701391
rf_014_015	0.0003537763032942	0.000703201332440395	0.000893074153416574
Master_mpagado_rank_tend6	0.000353088577951834	0.00101891270810295	0.000796983896403398
ctarjeta_visa_descuentos_delta2	0.00034748624995369	0.000565295294591142	0.000565236805959857
catm_trx_tend6	0.000339888140848541	0.00158540644689885	0.000503060757304273
ctarjeta_debito_transacciones_delta2	0.0003366289224083	0.00149504958807154	0.000695241271330624
vm_status01_lag2	0.000335616302410875	0.00214570883383289	0.000446537076708287
Master_mpagosdolares_rank	0.000332844870077779	0.000755846029587267	0.00108525466744293
mtarjeta_master_consumo_rank_lag2	0.000331537644566643	0.000855921251207615	0.000859159945058982
mprestamos_prendarios_rank_lag1	0.000324661844490635	0.00156206676200417	0.00015826630566876
rf_015_024	0.000321768968768859	0.000775323236410279	0.00063306522267504
vmr_mconsumosdolares_lag1	0.000320268991341047	0.000958549886981049	0.000695241271330624
mextraccion_autoservicio_rank_tend6	0.000319209293967808	0.000951532021874543	0.000559584437900258
mautoservicio_rank_delta1	0.000318509781373472	0.00112588312286402	0.00059349864625785
Visa_msaldodolares_rank_tend6	0.00031840654111617	0.00133965360877409	0.000650022326853835
vmr_Visa_mlimitecompra_delta2	0.000318270470168226	0.00097800411520054	0.00051436549342347
mtarjeta_master_descuentos_rank_delta2	0.000317258487527802	0.000529235417329304	0.000734807847747814
Master_mpagado_rank_lag1	0.000316619831860463	0.000865298901187878	0.000881769417297377
vm_mpagospesos_rank_lag1	0.000316461867249484	0.000668263594042891	0.000627412854615441
rf_013_019	0.000312756394574971	0.00067072941826296	0.000683936535211427
ccallcenter_transacciones_delta2	0.000311637259647797	0.00107314013973037	0.000480451285065878
vm_mpagospesos_rank	0.000309312573492288	0.000385105683570487	0.000700893639390223
Visa_mpagado_rank_lag2	0.000307343232412902	0.000909678363533589	0.00059349864625785
rf_013_018	0.00030615889872945	0.000360282931968875	0.000124352097311169
rf_017_023	0.000305352676493598	0.000781625540638345	0.00059349864625785
ccuenta_debitos_automaticos_tend6	0.000304525876514519	0.000882220621177531	0.000180875777907154
cpagomiscuentas_delta2	0.000304429806103186	0.000763775362240978	0.000130004465370767
mcuenta_debitos_automaticos_rank_lag1	0.000303668279302773	0.0010774517241165	0.000491756021185076
mcuenta_debitos_automaticos_rank_delta2	0.000297234582684259	0.00148497344483928	0.000361751555814308
rf_002_021	0.000294370540865383	0.000671945058037386	0.00100046914654895
rf_009_018	0.00029419970683566	0.000724839346830957	0.000655674694913434
mtarjeta_master_consumo_rank_tend6	0.000290046078897374	0.00106520200458266	0.000378708659993104
ctarjeta_visa_transacciones_lag1	0.00028816187802437	0.000600526944169083	0.000559584437900258
mextraccion_autoservicio_rank_delta1	0.000287324245452996	0.000989217315477368	0.000536974965661864
rf_012_014	0.000284804614833357	0.000578819379840472	0.000491756021185076
ctransferencias_recibidas_delta2	0.000284768228817255	0.00123113623245866	0.000429579972529491
rf_004_016	0.000280990772684043	0.000618979504866527	0.000678284167151828
rf_013_022	0.000279874712504927	0.000923944826561681	0.000152613937609161
rf_018_023	0.000276867007444499	0.000678006061339844	0.000599151014317448
Visa_mpagado_rank_delta1	0.000275857391952306	0.000964144972229057	0.000666979431032631
rf_004_022	0.000271789141486801	0.000492469626108322	0.000599151014317448
rf_016_018	0.000269465610604283	0.000626811114483664	0.00047479891700628
cpayroll_trx_lag2	0.000269343287104094	0.000161883059133552	3.956657641719e-05
Master_mpagado_rank_lag2	0.000266896582849176	0.000562645743897493	0.000627412854615441
vmr_mpagado_lag2	0.000266173940535678	0.00054595140461038	0.000401318132231498
ccaja_ahorro_lag2	0.000266097958921497	0.000968199825736433	0.000169571041787957
vm_mpagado_rank_delta2	0.000264034224545166	0.000807413598296968	0.000288270771039527
Master_mpagado_rank	0.000262479493529325	0.000364742597845616	0.000452189444767886
matm_other_rank_lag2	0.000259941438902258	0.00070003872940757	0.000587846278198251
Visa_msaldodolares_rank	0.000258739593353913	0.000789737601808467	0.000570889174019455
mplazo_fijo_dolares_rank_lag1	0.000256185942317934	0.000840033210135337	0.00015826630566876
ccajas_otras_tend6	0.000255508264898947	0.00179415152757223	0.000226094722383943
Master_mpagado_rank_delta1	0.000255389905366395	0.000572580484275572	0.000508713125363871
rf_018_025	0.000254855491652179	0.000846669446185161	0.000666979431032631
ctarjeta_visa_debitos_automaticos_lag2	0.000254673731101228	0.000402847263757008	0.00047479891700628
vmr_mconsumosdolares_tend6	0.000253569609522392	0.001133190856145	0.000565236805959857
rf_008_022	0.000253422028802011	0.000468344702453926	0.000412622868350696
vm_Fvencimiento_delta2	0.00025272179877726	0.000443729577120648	0.000480451285065878
mcuenta_debitos_automaticos_rank_delta1	0.000251056745003515	0.00105203641625462	0.000390013396112301
Visa_mpagado_rank_lag1	0.000249943765544781	0.000404391001142053	0.000440884708648688
vm_mconsumosdolares_rank_tend6	0.000249820190284186	0.000652208075286827	0.000446537076708287
mtarjeta_master_consumo_rank	0.000249326638177448	0.000889033598000756	0.000310880243277921
rf_010_015	0.000248921419613244	0.000682757770425912	0.000401318132231498
Master_msaldodolares_rank_delta2	0.000247026662863171	0.000591411603392256	0.000666979431032631
Visa_status_delta1	0.0002450326984446	0.000485888277702764	0.000384361028052703
rf_017_021	0.00024459194511634	0.000461316704243864	0.000576541542079054
tcallcenter_delta1	0.000241769241093446	0.00058217371859287	0.000384361028052703
rf_007_015	0.000241021856772667	0.000347289043451103	0.000423927604469893
mplazo_fijo_dolares_rank_delta1	0.000239961157471472	0.00123616619247422	0.000169571041787957
rf_008_021	0.000237020764497746	0.000446834810410608	0.000542627333721463
Master_msaldodolares_rank_tend6	0.00023045621723921	0.000391810906608162	0.000587846278198251
cextraccion_autoservicio_delta2	0.000228768226496681	0.000486289379718554	0.000344794451635513
vm_mconsumosdolares_rank_lag2	0.000228189529132501	0.000837131278632646	0.000531322597602266
vmr_Visa_mlimitecompra_delta1	0.000226460659212697	0.0005376310262785	0.000350446819695111
rf_008_017	0.000226326375738404	0.000584057196422167	0.000576541542079054
rf_004_019	0.000225365778496905	0.000577265765238323	0.000423927604469893
Master_msaldodolares_rank_delta1	0.000224028838976373	0.000361422599055271	0.000548279701781061
rf_013_016	0.000222417112603897	0.000541238001726394	0.000107394993132373
ccajas_consultas_delta2	0.000221342713532909	0.000844593413799639	0.000282618402979928
vmr_mconsumosdolares	0.000221135641108355	0.000543582023994618	0.000446537076708287
rf_015_014	0.00022093905246253	0.00134110640411358	0.000440884708648688
mforex_sell_rank_tend6	0.000219959092299764	0.00150523156594094	0.00035609918775471
rf_016_017	0.000213852050619187	0.000508059405930454	0.000310880243277921
mtransferencias_emitidas_rank_delta1	0.00021268878326994	0.00130044671196444	0.000429579972529491
cproductos_lag1	0.000212218633026594	0.000562358741651299	0.000146961569549563
cextraccion_autoservicio_lag2	0.000211175162673595	0.000608631840518509	0.000418275236410294
matm_rank_delta1	0.000210700688897917	0.000649900312129057	0.000373056291933506
catm_trx_lag2	0.000210594287121171	0.000585827163020712	0.00031653261133752
rf_014_017	0.000210563176864359	0.000412520539356947	0.000565236805959857
ctarjeta_debito_tend6	0.000209915410626295	0.00146882002392612	0.000169571041787957
mpayroll_sobre_edad_rank_lag1	0.000208490453003175	0.00123054490445337	0.0003956657641719
ctarjeta_debito_delta2	0.000207783464394246	0.000995155621225395	0.000146961569549563
rf_011_025	0.000204998860382931	0.000423873044219035	0.000423927604469893
mcheques_emitidos_rank_lag1	0.000201069212744464	0.00182088073560666	0.00023739945850314
Master_mpagado_rank_delta2	0.000198601034369074	0.000513185528075216	0.000548279701781061
active_quarter_lag1	0.000196466544391994	0.000467419596158752	0.000520017861483068
ccallcenter_transacciones_delta1	0.000194624260923367	0.00037902515613163	6.78284167151828e-05
matm_other_rank_tend6	0.000194561037616148	0.00104418812284072	0.000333489715516316
matm_rank_lag1	0.000194382457887442	0.000898168386148045	0.00047479891700628
ctarjeta_visa_transacciones_delta1	0.000191970613975185	0.00118155459851422	0.000248704194622337
vm_mconsumosdolares_rank_lag1	0.000191069203623721	0.000530297320522495	0.000491756021185076
rf_010_021	0.000189405359872226	0.000398167919359977	0.000401318132231498
vmr_mpagado_lag1	0.000189375714908605	0.000608175339085546	0.000333489715516316
ccajas_extracciones_tend6	0.000188827988869627	0.00173958545581231	0.000260008930741534
rf_019_020	0.000188237980714787	0.000413532902932749	0.000367403923873907
vmr_mpagado_delta2	0.000185032763388924	0.000886544129872388	0.000350446819695111
tcuentas_lag1	0.000184050410679191	0.00127460317812271	0.000113047361191971
rf_020_022	0.000183061266402126	0.0008323871437856	0.000412622868350696
rf_001_023	0.000182087429217739	0.000653929807288896	0.000384361028052703
vmr_mconsumosdolares_delta2	0.000179900916332651	0.000667344910497699	0.000333489715516316
matm_other_rank_delta2	0.000177995792500516	0.000550389294549931	0.000423927604469893
mtarjeta_visa_descuentos_rank_delta1	0.000177452789976127	0.000543737167951348	0.000480451285065878
vm_cconsumos_lag1	0.000177378090868285	0.000634487196314391	0.000305227875218323
ctarjeta_debito_transacciones_delta1	0.000176333020497835	0.00139462462084661	0.000226094722383943
vmr_msaldodolares2_lag2	0.000171798219871104	0.00119281239979989	0.000333489715516316
vmr_mconsumosdolares_delta1	0.000171695827684943	0.000511112950156817	0.000344794451635513
minversion2_rank	0.000170360583290445	0.00110023874544901	0.000107394993132373
catm_trx_other_tend6	0.000167715001892654	0.000686952261170938	0.000260008930741534
rf_015_015	0.000167370694724	0.000569677375695195	0.000299575507158724
ccajas_depositos_tend6	0.0001670472822926	0.00158736569270701	0.000220442354324344
ccaja_ahorro_lag1	0.000165726784068859	0.000461748231158969	7.913315283438e-05
vmr_msaldodolares2_tend6	0.000165151001195021	0.000864927226114235	0.000310880243277921
ctarjeta_master_transacciones_tend6	0.000160793455472142	0.000843356919279257	0.000282618402979928
vm_mconsumosdolares_rank_delta2	0.000160583084578542	0.000569846593406864	0.000299575507158724
internet_delta2	0.000160326178629695	0.000827406186025882	0.00011869972925157
rf_012_018	0.000159238862703549	0.000451397112343829	0.000310880243277921
vm_status05_delta2	0.000155580419765928	0.000720972237214482	0.000141309201489964
cprestamos_personales_delta2	0.000153415335700686	0.000761128703064253	9.04378889535771e-05
rf_014_019	0.000150541993937482	0.00054207513425887	0.00019783288208595
rf_005_008	0.00014967088366552	0.000366662948912855	0.000220442354324344
rf_017_016	0.000148300358113978	0.00048203094294881	0.000175223409847556
rf_012_015	0.000146595543367071	0.000205824162395851	0.000135656833430366
vm_cconsumos	0.000146568909760886	0.000502255440570491	0.00027696603492033
active_quarter_delta2	0.000145965206434129	0.000508983667800331	0.000293923139099126
mprestamos_prendarios_rank_lag2	0.00014590734554539	0.00112559036317262	0.000124352097311169
rf_020_012	0.000145650650017953	0.000476500648150817	5.08713125363871e-05
rf_017_018	0.0001453871750097	0.000778515061676088	0.000310880243277921
vmr_msaldodolares_tend6	0.000144739984897347	0.00081628932699878	0.000260008930741534
mv_status07_rank_delta2	0.000142813152192672	0.000597671916653311	0.00023739945850314
ctarjeta_debito_lag2	0.000138252403560965	0.000536552925472806	0.000152613937609161
rf_010_016	0.000137613787555133	0.000407810718883309	0.000186528145966753
catm_trx_delta2	0.000135828992091331	0.000807073525200327	0.000293923139099126
mtarjeta_master_consumo_rank_delta1	0.000134861150807125	0.000912894395657896	0.000299575507158724
ctarjeta_debito_transacciones_lag1	0.000131018797535611	0.000533612841299905	0.000305227875218323
cforex_sell_tend6	0.000130707175697541	0.00136165503310585	0.000203485250145548
rf_004_009	0.000129384848479565	0.00050429838683758	0.000220442354324344
mttarjeta_master_debitos_automaticos_rank_delta2	0.000127809193291579	0.000689179394507224	0.000226094722383943
cpayroll_trx_tend6	0.000127718834861745	0.000947912687110947	0.000220442354324344
ctransferencias_emitidas_lag2	0.000127586102624512	0.000538571536938172	0.00011869972925157
matm_other_rank_lag1	0.000126735142073672	0.000425416628072209	0.00023739945850314
mplazo_fijo_dolares_rank_lag2	0.00012648160943172	0.000692226055387989	0.00015826630566876
rf_016_023	0.000126419374764833	0.000616790268313998	0.00015826630566876
vm_status03_delta1	0.000126290292763344	0.000611968062510003	0.000130004465370767
mv_status07_rank	0.00012443995594638	0.000773852094012078	0.000310880243277921
ccallcenter_transacciones_lag2	0.000124297127637055	0.000484220588919666	0.000271313666860731
ccajas_depositos_delta2	0.000123805039342905	0.000772490240718148	0.000231747090443541
cproductos_lag2	0.000123370365531432	0.000358382744754168	0.000135656833430366
vmr_msaldodolares2_delta2	0.000121430643708121	0.00114880238631567	0.000260008930741534
mforex_sell_rank_lag2	0.000121177432817464	0.000577248748789168	0.00027696603492033
vm_status04_delta1	0.000120203863888684	0.000766739602095085	0.000135656833430366
vmr_msaldodolares_lag2	0.000119862976437641	0.00066298716419537	0.000214789986264746
vm_status03_tend6	0.00011806498501517	0.000382637786670145	9.04378889535771e-05
vm_cconsumos_delta1	0.000117789781940919	0.000263173306400838	8.47855208939785e-05
catm_trx_other_lag2	0.000114738196751366	0.000310601092889262	0.000209137618205147
mv_status07_rank_tend6	0.000112495659407658	0.000710119018000373	0.000214789986264746
ctarjeta_visa_tend6	0.000112282860451097	0.000494031608197499	6.21760486555843e-05
ccajas_consultas_delta1	0.000112111928005858	0.00067293943279551	8.47855208939785e-05
ctarjeta_visa_debitos_automaticos_delta2	0.000111385968320152	0.000451317813131904	0.00023739945850314
mtarjeta_visa_descuentos_rank_lag1	0.000110071072611694	0.000356090565081413	0.000243051826562738
minversion2_rank_lag1	0.000108719243630098	0.000796399759156026	9.60902570131757e-05
vm_status05_tend6	0.000104264726044474	0.000418644567492891	0.000113047361191971
ctarjeta_master_debitos_automaticos_tend6	0.000103014954102128	0.00120544840552386	0.000146961569549563
vm_mconsumosdolares_rank_delta1	0.000101936245695868	0.0004864064989483	0.00023739945850314
vm_msaldodolares_rank_tend6	0.000101015028931539	0.000580564116034706	0.000180875777907154
mv_status07_rank_lag1	9.94364275118386e-05	0.000456420624020757	0.000214789986264746
rf_018_024	9.72506847468108e-05	0.000399961248391722	0.000203485250145548
ctarjeta_visa_descuentos_lag2	9.7131578312946e-05	0.000188533607672189	0.00019783288208595
cforex_buy_tend6	9.69453152117939e-05	0.00125008180958598	0.000146961569549563
mv_status07_rank_lag2	9.66486641103679e-05	0.000416365898624879	0.000220442354324344
mtarjeta_visa_descuentos_rank	9.6575367664787e-05	0.000605458183190895	0.000203485250145548
vmr_mpagado	9.64491291251911e-05	0.000506844022042481	0.000169571041787957
cseguro_accidentes_personales_lag2	9.41221587433522e-05	0.000684684313945326	0.000141309201489964
ctransferencias_emitidas_delta1	9.32078846028285e-05	0.000866783144972495	0.000146961569549563
ctarjeta_debito_lag1	9.29406798962293e-05	0.000720002401967244	0.000124352097311169
ctransferencias_recibidas_lag1	9.24300798676628e-05	0.000518467229183679	0.00011869972925157
vm_mpagado_rank_lag2	9.08104144172555e-05	0.000316019258243352	0.000220442354324344
vmr_mpagado_delta1	9.01558773774263e-05	0.000714343293928581	0.000186528145966753
vm_msaldodolares_rank_lag1	8.96032999264126e-05	0.000500754333868591	0.000163918673728359
mttarjeta_master_debitos_automaticos_rank_lag2	8.95700264639163e-05	0.000304613273112491	0.000186528145966753
mttarjeta_master_debitos_automaticos_rank_lag1	8.87763138800448e-05	0.000483322888063657	0.000175223409847556
ctransferencias_emitidas_delta2	8.64931180891022e-05	0.000631792379307126	0.000124352097311169
cpagomiscuentas_lag2	8.54866785264039e-05	0.000641832519315382	0.000141309201489964
ccajas_extracciones_delta2	8.50996891626033e-05	0.000775676845900307	0.000203485250145548
vmr_mpagosdolares_tend6	8.48550249958808e-05	0.000724639832163199	0.000175223409847556
ccajas_otras_delta2	8.27169094168223e-05	0.000289317634768606	0.00011869972925157
rf_002_014	8.26124614560141e-05	0.000240780196674776	3.39142083575914e-05
mforex_buy_rank_tend6	8.10096643811131e-05	0.000986244733724878	0.000113047361191971
vm_mpagado_rank_lag1	8.09143700194488e-05	0.000386063850395447	0.000186528145966753
ctarjeta_visa_delta2	8.04454598758848e-05	0.000214035226034815	7.913315283438e-05
ccajas_depositos_lag2	7.98539767339701e-05	0.000378508802857204	0.00015826630566876
internet_delta1	7.89866434689545e-05	0.000891185628662953	0.000124352097311169
vm_mpagado_rank_delta1	7.70608928409825e-05	0.000791866397980691	0.000163918673728359
mv_status07_rank_delta1	7.52157236981945e-05	0.000578687751848815	0.000209137618205147
rf_003_022	7.42819001502372e-05	0.000615819818939272	0.000135656833430366
vm_mpagosdolares_rank_tend6	7.36233899123588e-05	0.000700560072467838	0.000169571041787957
ccajas_otras_lag2	7.0437809760059e-05	0.000586409509411483	0.000180875777907154
mforex_sell_rank_delta2	6.85481154079075e-05	0.000552344855593166	0.000146961569549563
rf_005_018	6.84974999444219e-05	0.000547147110830082	0.00011869972925157
rf_011_023	6.75754438938409e-05	0.000341908646937543	0.000163918673728359
ccuenta_debitos_automaticos_delta1	6.73576939527146e-05	0.000262399249879138	3.39142083575914e-05
rf_005_016	6.73317287446117e-05	0.000621841211018735	0.00015826630566876
vm_msaldodolares_rank_lag2	6.68462939423613e-05	0.000404791028434738	0.000124352097311169
mforex_sell_rank_lag1	6.58358679836485e-05	0.000698776134468935	0.000152613937609161
ctarjeta_debito_transacciones	6.52289076106929e-05	0.000552400229421694	0.00011869972925157
ccomisiones_mantenimiento_lag2	6.51843766518632e-05	0.000150246929726455	5.08713125363871e-05
matm_other_rank_delta1	6.51199197936513e-05	0.000535684190963328	0.000135656833430366
mtarjeta_master_descuentos_rank_lag2	6.39664841943133e-05	0.00024291823034797	0.000152613937609161
vm_mpagado_rank	6.38526216976291e-05	0.000336372799403509	9.04378889535771e-05
ctarjeta_master_descuentos_tend6	6.11546713095208e-05	0.000841706451654475	0.000101742625072774
vm_msaldodolares_rank_delta2	6.11380601207668e-05	0.000179454244530718	7.913315283438e-05
rf_006_020	5.93102454172818e-05	0.000726910619728445	7.34807847747814e-05
vm_mpagosdolares_rank_delta2	5.67997765508236e-05	0.000613455811939033	0.000130004465370767
ccheques_emitidos_delta1	5.52035019057998e-05	0.000395538788405313	3.956657641719e-05
vm_mpagosdolares_rank_delta1	5.44349366231917e-05	0.000545904833275851	0.000101742625072774
ctarjeta_master_descuentos	5.35636645060194e-05	0.000212730768072395	0.000107394993132373
ccallcenter_transacciones_lag1	5.3428826696556e-05	0.00045659493387285	7.913315283438e-05
ctarjeta_master_transacciones_delta1	5.19408143191374e-05	0.00108383900823576	0.000113047361191971
cliente_edad_tend6	5.01065957666294e-05	0.00059025374277902	7.913315283438e-05
mcajeros_propios_descuentos_rank_tend6	4.84895124301679e-05	0.000704508477210576	0.000101742625072774
ctransferencias_recibidas_delta1	4.56194902065404e-05	0.000517685291359213	0.000101742625072774
cseguro_vivienda_tend6	4.46260943265404e-05	0.000504436923763481	6.21760486555843e-05
active_quarter_tend6	4.4385940420825e-05	0.000535562261068257	7.913315283438e-05
cliente_edad_delta2	4.36905744144235e-05	0.000344624600165863	0.000107394993132373
ctarjeta_visa_debitos_automaticos_lag1	4.30925632289796e-05	0.000282205731390455	5.08713125363871e-05
mcaja_ahorro_adicional_rank_tend6	4.22978672411665e-05	0.000775726206397179	7.34807847747814e-05
mforex_sell_rank	3.95342365205097e-05	0.00031322838146146	6.78284167151828e-05
ccuenta_debitos_automaticos_lag2	3.94054181758088e-05	0.00010125685408511	4.52189444767886e-05
cextraccion_autoservicio_delta1	3.89605398125676e-05	0.000325054634503474	7.913315283438e-05
ccomisiones_mantenimiento_lag1	3.75819675812585e-05	0.000309582204208897	6.78284167151828e-05
mcaja_ahorro_adicional_rank_lag1	3.70750237680315e-05	0.000740170118384903	9.04378889535771e-05
ccajeros_propios_descuentos_tend6	3.68285715258068e-05	0.000478007589063855	5.65236805959857e-05
cplazo_fijo_lag2	3.59020264248069e-05	0.000336802560702086	3.956657641719e-05
mcaja_ahorro_adicional_rank_delta1	3.46395210294898e-05	0.00113827793001696	0.000101742625072774
ctransferencias_emitidas_lag1	3.46284045497557e-05	0.00034353291178949	7.34807847747814e-05
cseguro_vida_tend6	3.44469290019947e-05	0.000364553855997548	6.78284167151828e-05
mpagodeservicios_rank_tend6	3.38154093238738e-05	0.000318247671011905	5.08713125363871e-05
cseguro_vivienda_delta2	3.29600054919873e-05	0.000503919009581689	4.52189444767886e-05
vm_msaldodolares_rank	3.20117025994125e-05	0.000324021467359006	7.913315283438e-05
minversion2_rank_tend6	3.15026010996319e-05	0.000441465186716739	4.52189444767886e-05
rf_008_020	3.12403633282176e-05	0.000204548005475183	6.21760486555843e-05
vmr_mpagosdolares_delta1	3.0623226973512e-05	0.000252847469167299	5.08713125363871e-05
ccomisiones_mantenimiento	3.0108358803807e-05	0.000416747834745305	3.39142083575914e-05
mcaja_ahorro_adicional_rank_delta2	2.91738823066283e-05	0.00058235074084137	8.47855208939785e-05
catm_trx_delta1	2.8912913733652e-05	0.00012069729002476	3.956657641719e-05
cforex_delta2	2.86010451269075e-05	0.00032607615881431	7.34807847747814e-05
cseguro_accidentes_personales	2.55684010718825e-05	0.00037636554910036	9.04378889535771e-05
ctransferencias_emitidas	2.39281812194209e-05	0.000367546959843604	3.956657641719e-05
cinversion2_lag1	2.39102323215291e-05	0.00015591366318143	2.82618402979928e-05
cinversion2	2.15486724266426e-05	6.94579724575508e-05	5.65236805959857e-06
cseguro_accidentes_personales_lag1	2.11466750008819e-05	0.00019349371068595	4.52189444767886e-05
rf_014_020	1.78764904724558e-05	6.42479707333459e-05	1.13047361191971e-05
ctransferencias_recibidas	1.76530484692411e-05	0.00029254945508709	3.956657641719e-05
ccuenta_debitos_automaticos_lag1	1.70727417161965e-05	0.000221169545066288	3.39142083575914e-05
catm_trx_lag1	1.68332991145209e-05	0.000115512493116221	2.82618402979928e-05
active_quarter_delta1	1.4897264638173e-05	0.000188915671735842	5.65236805959857e-05
cpagomiscuentas_delta1	1.46925301303993e-05	0.000183036091928883	2.82618402979928e-05
ctarjeta_master_transacciones_lag1	1.44563652375378e-05	0.000245287687729667	4.52189444767886e-05
cpagodeservicios_tend6	1.3873525037289e-05	0.000533521899254347	4.52189444767886e-05
ctarjeta_visa_debitos_automaticos	1.37847888321719e-05	0.000281781497239273	2.82618402979928e-05
cliente_edad_delta1	1.31152438445043e-05	3.37602768819329e-05	2.26094722383943e-05
cpayroll_trx	1.20814851121373e-05	0.000346639117447974	2.82618402979928e-05
cpayroll_trx_lag1	1.18661646751096e-05	2.95109752585774e-05	1.69571041787957e-05
ctarjeta_visa_debitos_automaticos_delta1	1.08976263783565e-05	7.1165912179778e-05	1.13047361191971e-05
catm_trx_other_lag1	9.19125211137677e-06	0.000272770302249002	2.82618402979928e-05
ctarjeta_debito	8.22246802117061e-06	0.000123243744066312	1.69571041787957e-05
cextraccion_autoservicio	7.35372518623491e-06	0.000274867829096614	2.82618402979928e-05
cplazo_fijo_lag1	6.84582355871812e-06	0.000203218342697097	2.26094722383943e-05
rf_006_023	6.55240527009395e-06	0.000159662527667765	2.82618402979928e-05
cplazo_fijo	6.50388406099239e-06	6.94579724575508e-05	5.65236805959857e-06
catm_trx_other_delta1	6.05189090685954e-06	0.000134964981307829	2.26094722383943e-05
cpagomiscuentas	4.09143182281457e-06	0.000129161118302447	1.13047361191971e-05
catm_trx	1.87127994367292e-06	0.000138915944915102	1.13047361191971e-05
ccajas_otras	1.07927422315027e-06	6.94579724575508e-05	5.65236805959857e-06
