Feature	Gain	Cover	Frequency
ctrx_quarter_lag1	0.0473767948290885	0.00103740077981384	0.00066556115830203
rf_018_026	0.0328745280145194	0.00198732667096829	0.0024986745180322
rf_017_015	0.0308012667635044	0.00126395119161936	0.00163006080296006
rf_012_022	0.0210422031523117	0.000950065441866317	0.00174286777894345
ctarjeta_visa_delta2	0.021037552842372	0.000815955851907273	0.000107166627184225
mcaja_ahorro_rank_lag1	0.018998482849431	0.00159249055916557	0.00113935045743229
mcaja_ahorro_rank	0.0137379124394058	0.00176274969297839	0.000970139993457195
vm_status06	0.0117778528762217	0.000542189307348522	0.000552754182318635
Visa_cconsumos_tend6	0.0117186521496067	0.00255840873166051	0.00449535799293828
mpayroll_rank_lag1	0.0113358837217045	0.00129214327503687	0.000411745462339391
mpasivos_margen_rank_lag1	0.0103895415741122	0.00203733762970151	0.00234074475165544
mcomisiones_mantenimiento_rank_delta2	0.00966752849537758	0.00303645920156231	0.000936297900662177
rf_012_013	0.00936295989681969	0.000926958811512304	0.000744526041490406
rf_002_024	0.00868316992222189	0.00105525787309595	0.00234638510045461
cdescubierto_preacordado	0.00855300900872837	0.00186692942861132	0.000586596275113653
Visa_mconsumototal_rank_delta1	0.00723058213317246	0.00151089493815981	0.0029273410267691
rf_013_015	0.00670517335344407	0.000922040589063564	0.000947578598260517
vm_status03_delta1	0.00656891885829288	0.00113558454195492	0.000146649068778413
mprestamos_personales_rank	0.00643610536244291	0.00268207030947773	0.000592236623912823
rf_001_025	0.00638586598463277	0.00161088070802663	0.00212077114848782
vm_fultimo_cierre_tend6	0.00594760895159394	0.00156563839282148	0.00164698184935756
rf_020_027	0.00592050704503165	0.00072933727506792	0.000784008483084594
mautoservicio_rank_delta2	0.00588241109415694	0.00170805747939387	0.00223921847327039
rf_003_015	0.00586387371259555	0.00133264066138121	0.000851692668674631
mcuentas_saldo_rank_delta2	0.00567574338960247	0.00285802587520857	0.00345189346509188
Visa_mpagospesos_rank	0.00558752096884648	0.00172447767361381	0.00316987602513339
rf_001_017	0.00506748638328208	0.00100480073581724	0.00213205184608616
mcuenta_corriente_rank_tend6	0.00479026157202071	0.00249964821190596	0.000964499644658026
vm_status06_delta2	0.00465679252394336	0.000935376188116844	0.000203052556770111
rf_002_015	0.00462855306847335	0.000642603220334274	0.000721964646293727
mprestamos_personales_rank_lag2	0.0042488712920947	0.00238607854248919	0.000800929529482103
rf_011_028	0.00408212138008831	0.000480021754815527	0.000383543718343542
rf_020_019	0.00403965504095016	0.00132161392949532	0.000507631391925277
mprestamos_personales_rank_delta1	0.0039849384722563	0.00400140673554035	0.000767087436687085
rf_006_015	0.00394406976614827	0.00139514702411182	0.00138752580459576
mcomisiones_mantenimiento_rank_tend6	0.00386950654839912	0.00205920421575555	0.000941938249461347
mautoservicio_rank	0.0037916592626572	0.00113222179190465	0.000631719065507011
mtransferencias_emitidas_rank_delta2	0.00376072892417491	0.00130977002650235	0.000738885692691236
Master_status	0.00374213394636518	0.00169720304339148	0.000964499644658026
mprestamos_personales_rank_lag1	0.00366833855435712	0.00185972935376178	0.000468148950331089
active_quarter_lag1	0.00363990913442274	0.000493620645514368	0.000479429647929428
mcuentas_saldo_rank_delta1	0.00361557314423136	0.00226392329373084	0.0019007975453202
mautoservicio_rank_lag1	0.00356315310296503	0.000888658805258853	0.000592236623912823
rf_020_026	0.00332578214616042	0.00164505574361385	0.00354777939467777
Master_mlimitecompra_rank_delta1	0.00323567434045997	0.00184983082094904	0.00416821776258644
rf_003_026	0.00321976018229436	0.000799763236630104	0.000535833135921125
mrentabilidad_annual_rank_lag2	0.00287236322711504	0.00348846822952145	0.00531884891761707
ctarjeta_debito_transacciones	0.00286370141292258	0.000627090451100711	0.000112806975983395
Master_Fvencimiento_tend6	0.00281199673926463	0.00128464529587207	0.00169210463975092
mrentabilidad_annual_rank_delta2	0.00271590166177165	0.00307209134612231	0.00660484844382777
mcuentas_saldo_rank_lag1	0.00270525377699007	0.00265779178571218	0.00110550836463727
mrentabilidad_rank_delta2	0.00269551306589528	0.00382394496866146	0.00639615553825849
mprestamos_personales_rank_delta2	0.00266410993794441	0.00377388675966888	0.000693762902297878
ctarjeta_visa_transacciones	0.00266084630455542	0.00173231031866543	0.000693762902297878
vmr_msaldototal_lag1	0.00263702140572562	0.000753340406823706	0.00107730662064142
mcuenta_corriente_rank_delta1	0.00257242583662712	0.00104101067916335	0.000767087436687085
Visa_mpagominimo_rank	0.00249928808601665	0.00161657629573321	0.00266224463320812
matm_rank	0.00248126471172863	0.000793472275189836	0.000614798019109502
foto_mes	0.00245483378497509	0.00307879274782311	0.000586596275113653
mactivos_margen_rank_lag2	0.00243045924576925	0.00257553714254539	0.0035421390458786
mpasivos_margen_rank	0.00241779691128134	0.00286269569483197	0.00250995521563053
rf_006_022	0.00241681276609704	0.000994262060481496	0.000518912089523616
rf_015_023	0.00240415308737483	0.00118677345707285	0.00287657788757657
vmr_msaldototal	0.00239900796935203	0.000943586118942735	0.00119011359662482
Visa_status_tend6	0.0023957161119304	0.000957632109145022	0.000569675228716144
Visa_mpagospesos_rank_tend6	0.00231403451690499	0.00241587946270204	0.00472097194490507
mcuentas_saldo_rank	0.00229823622360004	0.00343068031811054	0.00121831534062066
mcomisiones_rank_delta2	0.00229718861335865	0.00320052504664208	0.00601825216871411
vmr_mpagominimo_delta2	0.00225589702959435	0.00132275159396965	0.00186695545252518
mactivos_margen_rank	0.002254879075873	0.00318687650096034	0.00175414847654179
rf_011_027	0.00221331977647465	0.0012510868416336	0.0024986745180322
ccomisiones_otras_tend6	0.00220456933740915	0.00126785833014782	0.00131984161900572
Visa_msaldototal_rank_delta2	0.00217203393311931	0.00156554194805819	0.00275249021399483
rf_014_022	0.00217142309982775	0.00112965799845975	0.00288785858517491
mcomisiones_otras_rank_delta1	0.00215616717746882	0.00261946320418006	0.00503119112885941
vmr_mpagominimo_delta1	0.00211755929467567	0.00111476193848576	0.00147777138538247
mrentabilidad_rank_delta1	0.00208994345724514	0.00233240710846562	0.00403284939140637
mcomisiones_otras_rank_delta2	0.00208617084781127	0.00227444861517629	0.00516655950003948
Master_mfinanciacion_limite_rank_delta2	0.00206185227040099	0.00193004252355703	0.00392568276422214
rf_014_017	0.00202699904224533	0.000654043155354545	0.0004286665087369
cdescubierto_preacordado_delta1	0.00202465480700525	0.00109003099412638	0.000135368371180074
mcomisiones_rank_lag1	0.00202352324079055	0.00173197048518121	0.00288221823637574
mrentabilidad_rank_lag2	0.00202283865797084	0.00271274808398938	0.00476609473529843
Visa_msaldopesos_rank	0.00199933101803394	0.00173346862794718	0.0023858675420488
mrentabilidad_annual_rank_delta1	0.001971098844671	0.00242557651038065	0.00425282299457399
mtransferencias_recibidas_rank_delta2	0.00196861833039198	0.00163333258844122	0.00188951684772186
Visa_mpagospesos_rank_lag2	0.00196465596112896	0.00222910146425762	0.00411181427459474
mcuentas_saldo_rank_tend6	0.00196203627991013	0.00173422841825743	0.0015849380125667
mcomisiones_rank_lag2	0.00195913667700454	0.0021756788679562	0.00445023520254493
mcomisiones_otras_rank_lag2	0.00195108652004974	0.00225012089690681	0.00490710345527767
mrentabilidad_annual_rank	0.00188800451451726	0.00257828279960361	0.00247611312283552
vm_msaldopesos_rank	0.00187122685389928	0.000809303798203393	0.000970139993457195
ctrx_quarter_normalizado_lag1	0.00186942085730491	0.000881513987886415	0.000823490924678782
mactivos_margen_rank_delta2	0.00186527999188141	0.00250754997996831	0.00395952485701716
ccaja_ahorro_tend6	0.00185168255375254	0.00283323772912752	0.000276377091159317
internet_tend6	0.00183351186303909	0.00324943737928526	0.000496350694326937
mactivos_margen_rank_delta1	0.00182398430851551	0.00228340746389217	0.00338420927950184
mcomisiones_otras_rank	0.00182360111388313	0.00170707016130518	0.00265660428440895
mprestamos_personales_rank_tend6	0.0018073281649491	0.00218994990446688	0.000400464764741052
mcomisiones_otras_rank_tend6	0.00180723086913426	0.00229479626016395	0.00318115672273173
rf_005_020	0.00178931786330693	0.00106603758359342	0.00205872731169696
Master_mfinanciacion_limite_rank_tend6	0.00178214416015061	0.00269167285663761	0.0043430685753607
ctrx_quarter_delta2	0.00177805315793244	0.00186002285794459	0.00205308696289779
mcomisiones_rank_delta1	0.00172755693568955	0.00192158383175548	0.00322627951312509
Master_mfinanciacion_limite_rank_delta1	0.00172631895684878	0.00209411407345966	0.0047153315961059
mrentabilidad_rank	0.00172228134742749	0.00214441024775412	0.00256635870362223
cmobile_app_trx_lag2	0.00171871483153666	0.00317596074450765	0.00264532358681061
mcuenta_debitos_automaticos_rank	0.00171336254053676	0.00174810131952911	0.000609157670310332
mtarjeta_visa_consumo_rank_delta2	0.00170841722761157	0.00173056072879645	0.00220537638047537
rf_019_023	0.00169297562627882	0.000889194623711659	0.00100962243505138
Visa_mpagospesos_rank_lag1	0.00167648923642642	0.00168191020403324	0.00373955125384954
Visa_mpagominimo_rank_lag2	0.00167148220557413	0.00157567363672573	0.0024422710300405
mpasivos_margen_rank_lag2	0.00166882338896626	0.00174360806801081	0.00316987602513339
cdescubierto_preacordado_delta2	0.00165023256199479	0.0015308566761835	0.000203052556770111
mpayroll_sobre_edad_rank	0.00163281890717564	0.00110002323441071	0.000287657788757657
ctarjeta_visa_transacciones_tend6	0.00162686478303458	0.00175737541726834	0.000851692668674631
Master_fechaalta_lag1	0.00161408331367298	0.00235285708211459	0.00368878811465701
chomebanking_transacciones_lag2	0.00160297112452066	0.00213101002815122	0.00366058637066116
Master_Fvencimiento_lag2	0.001589123993369	0.00164408740749183	0.00323756021072343
Visa_mfinanciacion_limite_rank_delta1	0.00158564440657649	0.00184975243719448	0.00375083195144788
Master_mlimitecompra_rank	0.00157189795225668	0.00178653092503211	0.0038579985786321
chomebanking_transacciones_delta1	0.00156687544414836	0.00288206359405188	0.003356007535506
mtransferencias_recibidas_rank	0.00156540373735732	0.0020275864245789	0.000947578598260517
mpasivos_margen_rank_delta1	0.00156050353986821	0.00215880924625578	0.00414565636738976
Visa_mconsumototal_rank_lag1	0.00153062189341863	0.00214845315083398	0.00399336694981218
Visa_mpagospesos_rank_delta1	0.00152738468872588	0.00218895243025856	0.00476609473529843
Visa_mconsumospesos_rank	0.00152548036717425	0.00200371383861279	0.00376775299784539
ctrx_quarter_normalizado_delta1	0.00151258733333538	0.00169464623387772	0.00087989441267048
ccomisiones_mantenimiento_tend6	0.00151121369432247	0.00250374304678144	0.000349701625548524
mpasivos_margen_rank_delta2	0.00149547746369001	0.00219646284235571	0.00461944566652002
rf_007_023	0.00148566861579275	0.00146306196823618	0.00382415648583708
mcuenta_corriente_rank_lag2	0.00148254222560077	0.00196071730495533	0.00119011359662482
Master_fechaalta	0.0014727613345378	0.00241513317977508	0.00366622671946033
Visa_msaldototal_rank_lag2	0.00146953210094041	0.00123120571301287	0.00201924487010277
Visa_Finiciomora	0.00146746946029073	0.00239379860043121	0.000473789299130258
Master_mlimitecompra_rank_delta2	0.0014636988909058	0.0027591404966012	0.00429794578496734
cdescubierto_preacordado_tend6	0.00145106131663073	0.00214053524042532	0.000242534998364299
thomebanking	0.00143541725276052	0.0018256720472994	0.00207564835809446
mactivos_margen_rank_lag1	0.00142955485739373	0.00248697247922517	0.00226742021726624
rf_001_021	0.00142772879215636	0.000599524747001274	0.000564034879916974
Master_mconsumospesos_rank_tend6	0.00142671445668723	0.00247137362600527	0.0029273410267691
rf_006_021	0.00142451449176441	0.00140676974370336	0.00400464764741052
ctrx_quarter_delta1	0.0014205754818801	0.00107635668720415	0.000597876972711993
mcomisiones_rank	0.00141332896428662	0.00191492781281597	0.00340677067469852
mcomisiones_otras_rank_lag1	0.00141094145653709	0.00180049377319708	0.00291606032917076
Visa_mconsumospesos_rank_delta1	0.00139999424956496	0.00196280301889457	0.00370006881225535
mpayroll_rank_tend6	0.00139796373575165	0.00101338188944422	0.000383543718343542
Master_mlimitecompra_rank_lag2	0.00138913946543273	0.00183042654389004	0.00341805137229686
Visa_mconsumototal_rank_tend6	0.00137772938516148	0.00159531068590706	0.00319807776912924
mcuenta_corriente_rank	0.00137574176479468	0.00269689617199005	0.00143264859498911
Visa_mpagominimo_rank_delta2	0.00136941450834835	0.00188390056034377	0.00218281498527869
Master_fultimo_cierre	0.00136603150057705	0.00100618826130033	0.00177670987173847
mpayroll_sobre_edad_rank_delta2	0.00134815410257008	0.00149304838472983	0.00043994720633524
rf_017_026	0.001342688256725	0.000763354161709077	0.00112242941103478
Visa_fechaalta	0.00133940467323477	0.00216069685190671	0.00285401649237989
rf_008_024	0.00133506198438142	0.00109242310565976	0.00224485882206956
mcuentas_saldo_rank_lag2	0.00132995793767005	0.00233440799194462	0.00194027998691439
Master_mconsumospesos_rank_delta2	0.0013289220616961	0.00159655771413816	0.00201924487010277
Master_mlimitecompra_rank_lag1	0.0013189584534049	0.00178722832044113	0.00341805137229686
Visa_mconsumospesos_rank_tend6	0.00131844834322523	0.00181832986352145	0.00363238462666531
chomebanking_transacciones_delta2	0.00131183840013857	0.00239216645828325	0.00263968323801144
Visa_mlimitecompra_rank	0.00130615610879296	0.00172352742408268	0.00284837614358072
chomebanking_transacciones_lag1	0.00130383698649176	0.00163797743987126	0.002758130562794
Master_delinquency_delta2	0.0012982823772448	0.00163997108359748	0.000688122553498708
vm_msaldopesos_rank_lag2	0.0012978034051942	0.00107013285336571	0.00135932406059991
Visa_mpagominimo_rank_tend6	0.00129615525377083	0.00193133621365769	0.00260020079641725
vmr_mpagominimo_lag2	0.00129352151483212	0.00119684666491044	0.00192335894051688
Visa_mconsumototal_rank_delta2	0.00129186608614597	0.00159603228204448	0.00338420927950184
thomebanking_lag1	0.00128385573820637	0.0014850876497764	0.00282017439958487
Master_mfinanciacion_limite_rank_lag2	0.00128110482922736	0.00175571702781875	0.00289349893397408
rf_005_022	0.00128071233097957	0.000656582031770409	0.000169210463975092
Visa_fultimo_cierre_tend6	0.00127675926730429	0.00123259976194811	0.00148905208298081
Master_mfinanciacion_limite_rank	0.0012755438655866	0.00202446824002917	0.00315295497873589
cproductos_delta2	0.00127549925658841	0.00139422117996641	0.00020869290556928
chomebanking_transacciones	0.00126818391476741	0.00190185995670502	0.0020869290556928
mcaja_ahorro_rank_delta1	0.00126042162546348	0.00231291308917064	0.00121831534062066
mtransferencias_recibidas_rank_lag2	0.00125903153036873	0.00217436895876272	0.00294426207316661
Visa_mpagospesos_rank_delta2	0.00125826119044109	0.00198640972941642	0.00371698985865286
cextraccion_autoservicio	0.00125099728566035	3.87754763782463e-05	5.64034879916974e-06
Visa_mconsumospesos_rank_lag1	0.00124977481593106	0.00158639292214869	0.00310219183954336
Visa_status	0.00124208209097174	0.00130060501111609	0.000767087436687085
Master_Fvencimiento_lag1	0.00124111919530554	0.00141431998723192	0.00283709544598238
Visa_mconsumototal_rank_lag2	0.00123971443397651	0.00167083258922052	0.00318115672273173
Master_fechaalta_lag2	0.00123528798615638	0.00184558794208281	0.00295554277076494
vm_mconsumototal_rank_tend6	0.00123513837751807	0.00110222736819325	0.00156801696616919
vm_status01	0.00123020285644759	0.00122448069897347	0.000671201507101199
Visa_fechaalta_lag2	0.0012283562962584	0.00176615020230468	0.0024986745180322
vm_mconsumospesos_rank_delta2	0.00122299622843594	0.00119584435567287	0.00164698184935756
Visa_msaldototal_rank_delta1	0.00122247750553637	0.00161326885432438	0.00254379730842555
Master_fechaalta_tend6	0.00121200088893761	0.00092919144382702	0.00114499080623146
Visa_cconsumos	0.00121171500867366	0.00188914825549978	0.00302322695635498
mrentabilidad_rank_tend6	0.00121139677669932	0.00206519898688564	0.0019007975453202
Visa_msaldototal_rank_tend6	0.00120506794201303	0.00170443808906103	0.00285965684117906
vmr_msaldopesos_delta2	0.00120443332486318	0.00104804679791531	0.00170902568614843
vm_fechaalta_lag1	0.00120237373872632	0.00204415466278959	0.00252687626202804
Visa_mconsumospesos_rank_lag2	0.00119701160244081	0.00138221388368348	0.00291606032917076
vm_mpagospesos_rank_delta2	0.00118722251267804	0.00108059104720933	0.00169774498855009
Master_Fvencimiento	0.00118409776412014	0.00175007147882755	0.00290477963157242
Master_mpagominimo_rank	0.00117940297752927	0.00161859877055975	0.00237458684445046
rf_016_021	0.00117758723785884	0.00159166054581149	0.00270736742360148
ctrx_quarter_tend6	0.00117586729206436	0.00089689411359275	0.00106602592304308
rf_010_023	0.00117089530261371	0.00145257722010494	0.00437127031935655
vm_Fvencimiento	0.00117009254588237	0.00171274571817631	0.00266788498200729
Visa_Fvencimiento_lag2	0.00116811896456823	0.00180920959134235	0.00239714823964714
Visa_status_delta1	0.00116387723372973	0.00178534419396469	0.000631719065507011
rf_005_019	0.00116209041919406	0.00127637519579332	0.00256635870362223
Visa_mfinanciacion_limite_rank_lag2	0.00116133202365973	0.00155630878178349	0.00194592033571356
Master_mlimitecompra_rank_tend6	0.00116044068251958	0.00187923355475856	0.00303450765395332
Visa_mpagominimo_rank_lag1	0.00115978098917249	0.00159758199845575	0.00236330614685212
Master_fultimo_cierre_tend6	0.0011562772420464	0.00170201660920186	0.00252687626202804
Visa_fechaalta_lag1	0.00115145433471591	0.00149989596292331	0.00243663068124133
Visa_msaldopesos_rank_delta2	0.00114641325949183	0.0015383564205177	0.00266224463320812
Visa_mconsumospesos_rank_delta2	0.00114467524776973	0.00171595617759638	0.00346881451148939
rf_012_019	0.00114326023341289	0.00121979560679737	0.00223921847327039
Visa_mconsumosdolares_rank_tend6	0.00114240389504823	0.00122826806180386	0.00217153428768035
mcuenta_corriente_rank_delta2	0.00114152667934823	0.00155670932174604	0.00113935045743229
Visa_mlimitecompra_rank_tend6	0.00113950265863745	0.0018816397109007	0.00254379730842555
Visa_mpagominimo_rank_delta1	0.00113945981041716	0.00158372488138009	0.00232382370525793
rf_003_025	0.00113743587900738	0.00117623368170399	0.00135368371180074
vmr_mpagominimo_tend6	0.00113203361804491	0.00127709796871035	0.00172594673254594
Visa_mfinanciacion_limite_rank_tend6	0.00113189554000208	0.00205161715949108	0.00245919207643801
mautoservicio_rank_lag2	0.0011301519474098	0.00173763158812892	0.00192335894051688
vm_mpagominimo_rank_lag1	0.00112924061688468	0.00157324757765896	0.00154545557097251
thomebanking_lag2	0.00112912223875225	0.00121568135505841	0.00280325335318736
vm_status05_tend6	0.00112272066451908	0.000683396976063949	0.000203052556770111
rf_019_019	0.0011209355696535	0.0011720034660096	0.00140444685099327
rf_016_023	0.00111543307494849	0.00120272375808002	0.00020869290556928
vm_Fvencimiento_lag2	0.00111263860717304	0.00157916549996441	0.00239714823964714
Visa_mfinanciacion_limite_rank_delta2	0.00111222403212348	0.00207508355183611	0.00284273579478155
Visa_mlimitecompra_rank_delta2	0.00109823711470203	0.00186822079073494	0.0029273410267691
Master_msaldopesos_rank_lag2	0.0010927078526812	0.00167469275889344	0.00267916567960563
Master_mfinanciacion_limite_rank_lag1	0.0010801566163342	0.00144655093174716	0.00274684986519566
Visa_mconsumosdolares_rank_lag1	0.00108013143802795	0.00152543502230326	0.00282581474838404
Visa_delinquency_delta2	0.0010759099669289	0.000823437791054411	0.00065428046070369
ctrx_quarter_lag2	0.00106868675416882	0.00143597155518638	0.00209820975329114
cliente_antiguedad_lag2	0.00106733309162892	0.00183746683253494	0.00214897289248367
Master_mconsumosdolares_rank_tend6	0.00106390377742391	0.00204615444623549	0.00334472683790766
Visa_mlimitecompra_rank_delta1	0.0010617163152625	0.00153373671635618	0.00310783218834253
vm_status04_tend6	0.00106108706904591	0.000425797541363535	0.000141008719979244
vm_mpagospesos_rank_lag2	0.00105528428687021	0.000545402120327801	0.000767087436687085
vm_fechaalta	0.00104725504928346	0.00161441084218464	0.00209256940449197
Visa_msaldototal_rank	0.00104684991105913	0.00128239854220209	0.00211513079968865
vm_mpagospesos_rank_tend6	0.00104005360029569	0.00117678927517059	0.00138752580459576
vmr_Master_mlimitecompra_lag2	0.00103986910995647	0.00169321938860652	0.00241406928604465
ccaja_seguridad	0.00103907652145039	0.00131936727815401	0.000107166627184225
Visa_mpagado_rank_lag2	0.00103776391769809	0.0010068631188217	0.00086861371507214
mcomisiones_rank_tend6	0.0010375687003999	0.00161392421823576	0.00205308696289779
vm_mlimitecompra_rank_lag2	0.00103723990297708	0.00122212327685628	0.00173722743014428
Visa_cconsumos_lag2	0.00103452751980658	0.00135626806787482	0.00209256940449197
Visa_fechaalta_tend6	0.0010343448538948	0.000803753107881237	0.000958859295858856
vm_mpagospesos_rank	0.00102099228212362	0.000701664458442253	0.000778368134285424
cproductos_tend6	0.00102006198067316	0.00121986406467179	0.00021997360316762
vm_Finiciomora	0.00101914759590353	0.0020876700795064	0.0004286665087369
mrentabilidad_annual_rank_lag1	0.00101640991376584	0.00224487161565656	0.00212077114848782
mpasivos_margen_rank_tend6	0.00100280525901608	0.00167389891872113	0.00174286777894345
vmr_msaldototal_lag2	0.00100070776788453	0.00115657299460189	0.00191771859171771
Visa_msaldototal_rank_lag1	0.00100066358154451	0.00146305595642733	0.00207000800929529
rf_002_017	0.000997111966050711	0.00107039617059343	0.00142700824618994
vmr_Master_mlimitecompra_lag1	0.000996555124954119	0.00139624053376878	0.00208128870689363
vmr_msaldopesos2_tend6	0.000996306735490656	0.00161207953945825	0.00170338533734926
mttarjeta_visa_debitos_automaticos_rank_delta1	0.00099410295606538	0.00145441726851053	0.000998341737453044
cliente_edad_lag1	0.000985322649569397	0.0018615054723362	0.00137060475819825
cmobile_app_trx_tend6	0.000972189030930478	0.00310452602700223	0.00178235022053764
Visa_msaldopesos_rank_lag1	0.000971919989500209	0.00127973697372131	0.00221665707807371
rf_014_015	0.000970905487972131	0.000707148583970225	0.000823490924678782
Visa_mfinanciacion_limite_rank_lag1	0.000970852014831498	0.00135617789074203	0.00216589393888118
matm_rank_delta2	0.000970346236716631	0.00125704180691444	0.000925017203063837
Visa_mlimitecompra_rank_lag2	0.00096998184418966	0.00141150845609799	0.00241406928604465
mcuenta_corriente_rank_lag1	0.000967823806155129	0.00196823237300657	0.00142136789739077
tcallcenter	0.000967514988960336	0.00156395388398109	0.000941938249461347
ctrx_quarter_normalizado_delta2	0.000967041840089516	0.00166252700667847	0.00200796417250443
vm_Fvencimiento_lag1	0.000965824617213156	0.00142329142237315	0.00227306056606541
Visa_msaldopesos_rank_delta1	0.000964726191597876	0.00157905196631468	0.00213769219488533
Master_mpagospesos_rank_tend6	0.000953410344935552	0.00155439341948318	0.00228434126366375
Master_msaldopesos_rank	0.000952647518220355	0.00165997400890734	0.00228434126366375
Master_mpagospesos_rank	0.000951860443756197	0.00124204385317595	0.00156801696616919
Master_fechaalta_delta1	0.000951071860906924	0.000966361511420074	0.00116191185262897
vmr_Master_mlimitecompra	0.000950621071333996	0.00172434666734516	0.00248175347163469
mextraccion_autoservicio_rank	0.000950613475808066	0.000829769888616527	0.00064299976310535
Master_mpagominimo_rank_lag2	0.000945902061860073	0.00149606690116343	0.00206436766049612
mttarjeta_visa_debitos_automaticos_rank_tend6	0.000944758047858636	0.00223299547913527	0.000987061039854705
cdescubierto_preacordado_lag2	0.000942482457161249	0.00102130136036497	0.000682482204699539
vm_fechaalta_tend6	0.000935669584798065	0.00139274687977853	0.000795289180682934
cliente_edad_lag2	0.000934923610542126	0.0017913398348884	0.00141572754859161
rf_006_017	0.000934813958274784	0.000843566913185837	0.000795289180682934
Master_msaldototal_rank_lag2	0.000934622123569404	0.00148560640492493	0.00239150789084797
vmr_msaldopesos_lag2	0.000931856828173083	0.00133742074013717	0.00202488521890194
ctarjeta_visa_transacciones_lag2	0.000927838657433264	0.000871488772190977	0.00145520999018579
rf_019_021	0.00092552605114563	0.00126630265309203	0.00295554277076494
vm_mlimitecompra_rank_delta2	0.00092531958947906	0.00193915801187122	0.00247611312283552
Master_fultimo_cierre_lag1	0.000925062732983611	0.00162396255758201	0.00228998161246291
Visa_mfinanciacion_limite_rank	0.000921337655892424	0.00164806886221057	0.0021997360316762
mrentabilidad_annual_rank_tend6	0.000921245934167665	0.00176087963669287	0.0017710695229393
Master_msaldototal_rank	0.000914392428680537	0.00144162511139532	0.00196848173091024
ctarjeta_debito_transacciones_lag2	0.000908024557330801	0.00119767736898299	0.00120703464302232
Master_cconsumos_lag2	0.000903272746838218	0.00131895596809986	0.00260584114521642
mcaja_ahorro_rank_tend6	0.000899927005873181	0.00198353155674181	0.00135932406059991
rf_017_025	0.00089953186697893	0.00100800945565007	0.00145520999018579
Visa_cconsumos_delta2	0.000894596069360293	0.00145962950678539	0.00215461324128284
matm_rank_lag2	0.000887400151932805	0.000880143883857915	0.00114499080623146
Visa_mconsumosdolares_rank_lag2	0.000886953718006222	0.00118978475933583	0.00195156068451273
rf_020_025	0.000885985489400679	0.00156311138653033	0.00102654348144889
Visa_mconsumosdolares_rank	0.000885299819057697	0.00141448089905184	0.0022561395196679
mextraccion_autoservicio_rank_delta2	0.000883696631515734	0.00196105765008286	0.00128035917741153
Master_cconsumos_delta1	0.000883592290749015	0.00135244542723844	0.00248739382043386
Master_mconsumospesos_rank_lag2	0.000874767359360685	0.00144552229846147	0.00198540277730775
vm_mpagominimo_rank_lag2	0.000873097744950374	0.00105377689596292	0.00181055196453349
ctrx_quarter_normalizado_tend6	0.000872478961063016	0.00253945349834951	0.00173158708134511
tcallcenter_delta2	0.000871990412103933	0.000934157044445948	0.000784008483084594
rf_004_021	0.000870478320669445	0.000845855058799316	0.000541473484720295
mtarjeta_visa_consumo_rank_lag2	0.000869453876312234	0.00161749282797043	0.00212641149728699
Master_msaldopesos_rank_lag1	0.000864039427913188	0.00121488352406831	0.00178235022053764
ccaja_seguridad_lag2	0.000860159183195033	0.000644919173761465	9.58859295858856e-05
vm_mpagominimo_rank	0.000860023642706141	0.00144448417419244	0.00138188545579659
vmr_Visa_mlimitecompra_lag2	0.000855602676533084	0.00134226436499182	0.00185003440612768
vm_msaldopesos_rank_tend6	0.000854685384270374	0.00119946295295859	0.00159621871016504
Visa_Fvencimiento_lag1	0.000853549188178431	0.00133940315329281	0.00163006080296006
cliente_edad	0.000849124378210985	0.00179617550368963	0.00119575394542399
vmr_Visa_mlimitecompra	0.000846770933520292	0.00141911851072909	0.00197976242850858
Visa_mpagado_rank_tend6	0.00084026691001282	0.00125039903953657	0.00122395568941983
mactivos_margen_rank_tend6	0.000840199264280272	0.00156271726769128	0.00139316615339493
ccajas_transacciones_delta2	0.000839158498544954	0.00112103304816574	0.000767087436687085
Visa_mpagosdolares_rank_delta1	0.000837091197399479	0.00107018836666447	0.0019007975453202
Master_cconsumos_tend6	0.00083468434168324	0.00152008297749488	0.00194027998691439
rf_013_023	0.000834189303637531	0.00111524267853662	0.00236330614685212
rf_009_021	0.000832413969518109	0.000636136407089538	0.000891175110268819
Visa_mpagosdolares_rank_lag1	0.000832033114768835	0.00100182742306977	0.00173158708134511
Visa_mconsumosdolares_rank_delta2	0.000831879525008944	0.00125424680185931	0.00218281498527869
vm_mfinanciacion_limite_rank_delta2	0.000830419325933442	0.00127075727554068	0.00157929766376753
vmr_mconsumospesos_delta1	0.000829740827991667	0.00086891541101625	0.000693762902297878
cprestamos_personales_tend6	0.000829188097568462	0.002421513525301	0.000321499881552675
rf_014_023	0.000828364881746002	0.00103554471697276	0.00194592033571356
Master_msaldototal_rank_lag1	0.000828243249607325	0.00108817014742039	0.00155109591977168
Visa_cconsumos_lag1	0.00082482550857751	0.00126573191498355	0.00229562196126208
vm_mlimitecompra_rank_tend6	0.000822966118891069	0.00187242061481693	0.00169774498855009
mrentabilidad_rank_lag1	0.000822688070956408	0.0011108332597741	0.00166390289575507
Master_fultimo_cierre_lag2	0.000821262696020359	0.0013611987232559	0.00199668347490609
ccomisiones_otras_lag2	0.000816326049775374	0.00150613399486352	0.00173722743014428
rf_014_021	0.00081561194483463	0.00118808469653892	0.00262276219161393
Master_mconsumospesos_rank	0.000814201235613245	0.00159225834985089	0.00200232382370526
vm_mfinanciacion_limite_rank_delta1	0.000808172316850405	0.00186217444595955	0.00227306056606541
mcuenta_debitos_automaticos_rank_lag1	0.00080560846021165	0.0010536815768149	0.000772727785486254
rf_017_027	0.00080494902630122	0.000658783018946614	0.000496350694326937
ccallcenter_transacciones_tend6	0.000804830058270881	0.00152165727836703	0.000592236623912823
vm_status04_delta1	0.000804131681907792	0.000825237445220942	0.000112806975983395
mcomisiones_mantenimiento_rank_delta1	0.00079831757547484	0.00123662639477082	0.000834771622277122
mcaja_ahorro_rank_delta2	0.000798088778533834	0.00225514748540789	0.00153417487337417
internet_lag1	0.000794231197662872	0.00203590426097815	0.000236894649565129
ctarjeta_visa_debitos_automaticos_tend6	0.000793170811436718	0.00107896727042943	0.000276377091159317
mplazo_fijo_dolares_rank	0.000792316825569931	0.0018698803825463	0.00021997360316762
mextraccion_autoservicio_rank_lag2	0.00079183886422681	0.00139430017769295	0.00153981522217334
Visa_Fvencimiento	0.000790334119834676	0.00157564357768147	0.00189515719652103
cliente_antiguedad_lag1	0.000784273997589958	0.00159099328619323	0.00157365731496836
vmr_msaldopesos2	0.000783601808403177	0.00100264756170804	0.00147777138538247
ccajas_consultas_tend6	0.000780875864480364	0.00212999203704631	0.000349701625548524
chomebanking_transacciones_tend6	0.000777369287788938	0.0015705136116503	0.00153981522217334
Visa_msaldopesos_rank_tend6	0.000774338220896092	0.00150540221702429	0.00191207824291854
vm_mlimitecompra_rank_lag1	0.000773299423544838	0.000934872526445856	0.00153417487337417
vm_mfinanciacion_limite_rank_lag2	0.000770192504274251	0.00095478228150959	0.00145520999018579
Master_mconsumototal_rank_tend6	0.000769892646433468	0.0016829179878542	0.00217153428768035
rf_003_027	0.000767574505239196	0.00102683030584659	0.00120703464302232
mpayroll_sobre_edad_rank_tend6	0.000764578960174219	0.00108629934925208	0.000411745462339391
vmr_mconsumospesos_lag2	0.000757946566673591	0.0010132037864092	0.0016582625469559
rf_018_018	0.000752326227110418	0.000730527638802822	0.000501991043126107
Visa_Fvencimiento_tend6	0.000750448638954563	0.00104847627130685	0.000846052319875461
rf_004_015	0.00074847462125015	0.000542395039122094	0.000603517321511162
vm_status02_tend6	0.000744527494506568	0.0010806298809363	0.000733245343892066
vmr_mpagominimo	0.000742397721745124	0.00104284550880721	0.00161878010536172
vm_Fvencimiento_delta2	0.000736848788838217	0.000684918296271705	0.000620438367908672
vmr_msaldopesos_delta1	0.000736494793271692	0.00113907192831467	0.00116755220142814
Visa_msaldopesos_rank_lag2	0.000735777221835973	0.00115710771302159	0.00183311335973017
Master_mpagominimo_rank_lag1	0.000733494163537129	0.00115041557206464	0.00181619231333266
Master_mpagospesos_rank_delta2	0.000732965983777105	0.00154060217648323	0.00183311335973017
mcaja_ahorro_dolares_rank_delta2	0.00073248471334303	0.00215088030993386	0.000913736505465498
mcaja_ahorro_dolares_rank_lag1	0.000730128893425866	0.00140737153856055	0.000592236623912823
vm_msaldopesos_rank_delta1	0.000723175741641709	0.00107084319335038	0.00112806975983395
ctrx_quarter_normalizado_lag2	0.000719335077101354	0.00130090473176507	0.0014721310365833
rf_016_018	0.000717733374483637	0.000449329424051804	0.000518912089523616
mtransferencias_recibidas_rank_tend6	0.000716801264323935	0.00190695487516969	0.00157365731496836
vm_fultimo_cierre_lag2	0.000716391893347525	0.00147516593952188	0.00146085033898496
Master_Fvencimiento_delta2	0.000713581349577776	0.00104976154487512	0.00153417487337417
ccomisiones_otras_lag1	0.000712687840248397	0.00136297238594246	0.000806569878281273
Master_msaldopesos_rank_delta1	0.000712578927110957	0.00121256695666915	0.00160749940776338
rf_018_020	0.000710430973145465	0.000689301058417954	0.000124087673581734
vm_mlimitecompra_rank	0.000710362595821122	0.00121375982745625	0.00184439405732851
vmr_Visa_mlimitecompra_lag1	0.000708303500966286	0.00116854823643166	0.00170338533734926
thomebanking_delta1	0.000707297895329956	0.00103553335849136	0.000671201507101199
mpayroll_rank_lag2	0.000705225809852481	0.000707586090161673	0.000389184067142712
vm_fechaalta_lag2	0.000705090238754497	0.00135869855265618	0.001528534524575
Master_mpagospesos_rank_lag2	0.000703104695483875	0.00133955421597908	0.00178235022053764
vmr_msaldopesos_tend6	0.000700516249073967	0.00112553683953616	0.00160185905896421
ccajas_transacciones_lag2	0.000700358344321649	0.00111785541066379	0.00159057836136587
rf_009_015	0.000699284124378845	0.00100523501865586	0.00205872731169696
rf_008_017	0.000696148776857479	0.000731173614059532	0.000693762902297878
vm_Finiciomora_lag1	0.000690730362585971	0.00222344880342447	0.000411745462339391
Master_cconsumos	0.000686431041549453	0.00106284150135027	0.00228434126366375
Master_mconsumospesos_rank_lag1	0.000686189611421979	0.00126879092798487	0.00188951684772186
Master_msaldopesos_rank_tend6	0.000684222994389743	0.00101349296720607	0.00143828894378828
Visa_mpagado_rank	0.00068262046021996	0.00109419085886612	0.00086861371507214
mpayroll_rank	0.000682303996116795	0.0015546261916055	0.000304578835155166
mplazo_fijo_dolares_rank_tend6	0.000678972423045525	0.00147780796322835	0.000191771859171771
rf_018_015	0.000678570716112001	0.000627899947558201	0.000795289180682934
rf_007_021	0.000678268572739725	0.000825780835994685	0.00179363091813598
Visa_mlimitecompra_rank_lag1	0.000677220265831295	0.00075632625483219	0.00147777138538247
Master_msaldototal_rank_tend6	0.000675310794966642	0.00109208099536282	0.00169210463975092
Visa_fultimo_cierre_delta1	0.00067518812523539	0.00102091993027992	0.00106602592304308
vmr_msaldototal_delta2	0.00067508701827861	0.00103967421568226	0.00153417487337417
rf_005_021	0.000672467470870376	0.000665469582991522	0.000507631391925277
mpagomiscuentas_rank_lag1	0.000667469838296236	0.00104770913891514	0.000693762902297878
mextraccion_autoservicio_rank_lag1	0.000659837712255523	0.000563154684882373	0.000558394531117804
Master_mpagospesos_rank_lag1	0.000657752657612115	0.00130425988391224	0.00154545557097251
Master_mconsumototal_rank_delta1	0.000656521470450683	0.00119521025054087	0.00168646429095175
Master_Fvencimiento_delta1	0.000656425252841128	0.000881756737053217	0.00124651708461651
vmr_mconsumospesos_tend6	0.000654802536081401	0.00121946608292577	0.00115063115503063
vmr_mpagominimo_lag1	0.000654386763512823	0.00103835356197934	0.00175978882534096
Master_msaldototal_rank_delta1	0.000653526540881675	0.0013808683385337	0.00178799056933681
mtransferencias_recibidas_rank_delta1	0.000649111004703041	0.00117201981301324	0.00126907847981319
Visa_fultimo_cierre	0.000646978668912266	0.00101402428319778	0.00124087673581734
vmr_Master_mlimitecompra_tend6	0.000646954343198174	0.00167972001253081	0.00122395568941983
ccaja_seguridad_lag1	0.000646082842877855	0.000861178315352126	9.58859295858856e-05
mpayroll_sobre_edad_rank_delta1	0.0006459959962924	0.000859879048339421	0.000276377091159317
mtarjeta_visa_consumo_rank_tend6	0.000644364729865926	0.00132383249161911	0.00121267499182149
vm_mpagominimo_rank_tend6	0.000640251031892978	0.00111301209279513	0.00107730662064142
mtransferencias_emitidas_rank	0.000640118804715704	0.00196137891091506	0.000908096156666328
vmr_msaldopesos_lag1	0.000635528161641726	0.000704862536094303	0.00116755220142814
numero_de_cliente	0.000634295670692729	0.00238860460224023	0.00103782417904723
Master_mconsumototal_rank_lag1	0.000633744331276696	0.00100807555996528	0.00153981522217334
Master_msaldopesos_rank_delta2	0.00063367733020145	0.00104961639166904	0.00138752580459576
Visa_mconsumosdolares_rank_delta1	0.000632057332085057	0.00096456817604838	0.00180491161573432
ccajas_transacciones_delta1	0.000631602794503136	0.00140639944186023	0.00043994720633524
vm_msaldototal_rank_lag2	0.000628337060679363	0.000898968494632744	0.00123523638701817
vmr_msaldototal_tend6	0.000627243156108755	0.00108894912435464	0.00146085033898496
Visa_mpagosdolares_rank_lag2	0.000626414516766028	0.000665621029410267	0.00127471882861236
mtransferencias_recibidas_rank_lag1	0.000614170303182481	0.00164408797029947	0.00131984161900572
vm_fultimo_cierre	0.000613501032803635	0.00108919381776601	0.00137060475819825
vm_msaldototal_rank	0.000612544071241177	0.000709914399774718	0.00124651708461651
mtarjeta_visa_consumo_rank_delta1	0.000612288486085906	0.0011605959435928	0.00100962243505138
ccallcenter_transacciones_delta2	0.000611197388716043	0.000955792521218413	0.000423026159937731
rf_003_017	0.000603002018528558	0.00131329450700183	0.000688122553498708
vm_cconsumos_tend6	0.00060260992062613	0.00104812037222279	0.00065992080950286
Master_mpagospesos_rank_delta1	0.000599120701687418	0.000851705674427784	0.00120139429422315
vm_mfinanciacion_limite_rank_tend6	0.000598402269710872	0.0012553098943217	0.00131420127020655
rf_017_021	0.00059774396833522	0.000557571223806431	0.000676841855900369
Visa_Finiciomora_tend6	0.000595985046582459	0.00266476921897687	0.000524552438322786
mcomisiones_mantenimiento_rank_lag2	0.000594886496898423	0.00134524013362716	0.000806569878281273
vm_msaldototal_rank_tend6	0.000593437000026644	0.000951119248002695	0.00143264859498911
vm_msaldototal_rank_lag1	0.000591696600988446	0.000794516283356893	0.00108294696944059
cliente_antiguedad	0.000589302692973976	0.000895854531140295	0.00101526278385055
Visa_mpagosdolares_rank	0.000588931910176407	0.000988744831631589	0.00166390289575507
Visa_cconsumos_delta1	0.000588662728651607	0.00115823378877502	0.00160749940776338
Master_mconsumospesos_rank_delta1	0.000585373246585923	0.00122144537505724	0.00148341173418164
Master_fultimo_cierre_delta1	0.000579198103873624	0.000856134433307293	0.00149469243177998
vm_mpagospesos_rank_delta1	0.000577373990465569	0.00159493713512893	0.00151725382697666
vmr_mconsumospesos_lag1	0.000572990437046843	0.000809609019017928	0.00136496440939908
rf_019_016	0.000571279993132189	0.000900202578288192	0.00133112231660406
vm_fultimo_cierre_delta2	0.000571137799964911	0.000734630225074392	0.000789648831883764
rf_009_023	0.000568420820121064	0.000815635870183344	0.00119011359662482
ccomisiones_otras_delta2	0.000568063429900068	0.00096754944484927	0.00183311335973017
Master_mpagominimo_rank_delta2	0.00056558547007009	0.00100121869544578	0.00151725382697666
vm_status04	0.000561527079899042	0.000556885468282634	0.000592236623912823
vm_mconsumototal_rank_delta2	0.000561330882351826	0.00110287562026268	0.00143264859498911
vm_mpagominimo_rank_delta1	0.000555821003208418	0.00116490999204297	0.00121831534062066
mcaja_ahorro_rank_lag2	0.000555597212348985	0.00122607029798049	0.00103218383024806
internet_lag2	0.000555243037739029	0.00159772638419687	0.000253815695962638
ctransferencias_emitidas_tend6	0.000548785167920071	0.0017714964655437	0.000772727785486254
Master_mpagominimo_rank_delta1	0.00054463899691298	0.0012101125525632	0.00150597312937832
mtransferencias_emitidas_rank_lag1	0.000543220333033764	0.000924334106931762	0.000970139993457195
rf_007_016	0.000541176484210492	0.000671788377827667	0.00127471882861236
rf_015_024	0.000540479889407238	0.000774621903174521	0.000671201507101199
vm_msaldototal_rank_delta2	0.000536037115269128	0.000798666119887825	0.00117319255022731
rf_015_014	0.000531959056972324	0.00115602328503331	0.000761447087887915
rf_013_016	0.000530723814695539	0.00123890476799715	0.000152289417577583
mtransferencias_emitidas_rank_lag2	0.000530368484364857	0.00181572148036239	0.00107166627184225
mcomisiones_mantenimiento_rank_lag1	0.000530205649137183	0.00152697102667391	0.00110550836463727
vm_msaldopesos_rank_lag1	0.000530168862049484	0.000870168476638372	0.000925017203063837
mtransferencias_emitidas_rank_tend6	0.000529982494660616	0.00125358210045758	0.000710683948695387
Master_mpagominimo_rank_tend6	0.000529974211612434	0.00118343124950134	0.00137624510699742
mextraccion_autoservicio_rank_tend6	0.000529597382497552	0.00124524210990315	0.000738885692691236
vm_mfinanciacion_limite_rank	0.000528814170228579	0.000871595756806381	0.00127471882861236
ctarjeta_visa_transacciones_lag1	0.000523990999005424	0.000696381971541401	0.000535833135921125
vmr_msaldopesos2_lag2	0.000522925813406201	0.000924236741210522	0.00111114871343644
Master_cconsumos_lag1	0.000522702203097249	0.000857289723893529	0.00148905208298081
ccomisiones_otras_delta1	0.000520220588199032	0.000841185239175917	0.000761447087887915
mcaja_ahorro_dolares_rank_delta1	0.000519052553763869	0.00155715332580748	0.000558394531117804
vm_Fvencimiento_tend6	0.000518269642338452	0.000701318843388665	0.000620438367908672
mpagomiscuentas_rank	0.000510229487391655	0.000762212480834796	0.000332780579151015
vmr_mconsumospesos	0.000508865816865852	0.000834753473497681	0.00107730662064142
mttarjeta_visa_debitos_automaticos_rank_delta2	0.00050833610433237	0.000979985267983615	0.0010998680158381
ctransferencias_recibidas_tend6	0.000506575715779216	0.00127808756361175	0.000733245343892066
mcaja_ahorro_dolares_rank_tend6	0.000504743544597174	0.00147623215300844	0.000671201507101199
vm_msaldototal_rank_delta1	0.00050413791164913	0.000819626918214082	0.00133112231660406
ctrx_quarter	0.000503151855081977	0.000997908900477738	0.000744526041490406
vmr_mpagospesos_lag2	0.000503002522015466	0.000988206966605557	0.00106602592304308
ctrx_quarter_normalizado	0.000501559388647267	0.00140378750278019	0.000840411971076291
mcomisiones_mantenimiento_rank	0.000499407957732811	0.00149428026831906	0.000958859295858856
vmr_msaldototal_delta1	0.00049627377785204	0.000835325720953914	0.00102090313264972
ccajas_otras_tend6	0.000496213877165517	0.00167914305795615	0.000231254300765959
matm_rank_tend6	0.000493697557983332	0.00109391408541943	0.000575315577515314
mtarjeta_master_consumo_rank_delta2	0.000493161473606642	0.000991872379253828	0.000947578598260517
Master_mpagosdolares_rank	0.000492356044879889	0.000663987966304355	0.00131420127020655
vm_mconsumototal_rank_lag1	0.000492057825370645	0.00085148653759958	0.00100398208625221
vmr_mpagospesos	0.000491784042374184	0.00105310075933328	0.00119011359662482
vmr_mpagospesos_delta1	0.00049064051708034	0.00108106270559149	0.00126907847981319
Visa_mpagosdolares_rank_tend6	0.000483779603802667	0.00104427926126305	0.00144392929258745
Master_mconsumototal_rank_delta2	0.000482689736985061	0.00109887618128171	0.00129728022380904
ccaja_ahorro_lag1	0.000481849557781159	0.000749336849114123	0.000146649068778413
rf_008_021	0.000480914743873134	0.000660774667263935	0.00066556115830203
rf_013_026	0.000479704255688243	0.000863745204239025	0.000592236623912823
vmr_mconsumospesos_delta2	0.000478311839643718	0.00101337270544686	0.000840411971076291
vmr_Master_mlimitecompra_delta2	0.000476669461860375	0.000922409944366577	0.000795289180682934
rf_002_020	0.000476529992264018	0.00121856067893046	0.00022561395196679
vm_fultimo_cierre_lag1	0.000475636704594476	0.00103421528858714	0.000925017203063837
mcuenta_debitos_automaticos_rank_tend6	0.000475170803578521	0.00221979155148694	0.000592236623912823
ccajas_transacciones	0.000473963127423813	0.001056824576065	0.000987061039854705
rf_010_026	0.000472928543312976	0.000789524793586653	0.00044558755513441
mcaja_ahorro_dolares_rank_lag2	0.000472767133782678	0.000973414693476306	0.000823490924678782
vm_mpagominimo_rank_delta2	0.000472560742524665	0.000894116581156536	0.00107730662064142
ctarjeta_visa_transacciones_delta2	0.000471572126939449	0.0014350987428697	0.000688122553498708
vmr_msaldopesos2_delta1	0.000470252583174277	0.000937810459058679	0.00124651708461651
vmr_msaldopesos	0.000466601781347556	0.000730688959937383	0.00129728022380904
vmr_mpagospesos_tend6	0.000465346517982136	0.000962258490251694	0.00111678906223561
mpagomiscuentas_rank_delta2	0.00046408184365928	0.0011462677309426	0.000456868252732749
ctarjeta_debito_transacciones_delta2	0.000463997308406259	0.00140857515385709	0.000750166390289576
cmobile_app_trx_lag1	0.000462520413188796	0.00134880142686254	0.00086861371507214
mautoservicio_rank_tend6	0.000462039836843213	0.00110010581364039	0.000817850575879612
vm_mfinanciacion_limite_rank_lag1	0.000461126583049511	0.000622865505332374	0.00112806975983395
rf_014_020	0.000458448896831916	0.00108520481630849	0.000107166627184225
vmr_Visa_mlimitecompra_tend6	0.000457143132140041	0.0015509262686162	0.000857333017473801
Visa_fultimo_cierre_delta2	0.000456158246293326	0.000659142780937629	0.000772727785486254
vm_mlimitecompra_rank_delta1	0.000455087400572291	0.00138882766646803	0.00138752580459576
vmr_msaldopesos2_lag1	0.000454755441779115	0.000916083244641345	0.00113935045743229
Visa_mpagado_rank_delta2	0.000450492246835741	0.0010776832248051	0.000834771622277122
Master_fultimo_cierre_delta2	0.000449180162500456	0.000519210843642805	0.00103782417904723
cprestamos_personales_delta2	0.000448071131208558	0.0010287457448934	0.000118447324782565
Master_cconsumos_delta2	0.000445989817362213	0.000695055894419432	0.00134804336300157
vm_msaldopesos_rank_delta2	0.000444646171923037	0.000825521023523608	0.000998341737453044
mpayroll_rank_delta1	0.000444260044990813	0.00129564401528692	0.000293298137556827
mttarjeta_visa_debitos_automaticos_rank_lag2	0.000442903901688749	0.00094155719741053	0.00118447324782565
mtarjeta_visa_descuentos_rank_delta1	0.000442044061362028	0.000730659821851074	0.000840411971076291
vmr_mpagospesos_lag1	0.000439775626200971	0.000784072901586995	0.00103218383024806
mttarjeta_visa_debitos_automaticos_rank	0.000436451614162419	0.00102866447035415	0.00123523638701817
vm_mconsumospesos_rank_delta1	0.000435458983964189	0.000872159690058883	0.00102090313264972
rf_010_022	0.000435118498724141	0.000589188298682449	0.00021997360316762
vmr_msaldopesos2_delta2	0.000432878506185377	0.000855793039310984	0.00112806975983395
mpagomiscuentas_rank_lag2	0.00043185028818555	0.000788864466735193	0.000891175110268819
rf_013_022	0.000429790890328466	0.000596197428249985	0.000129728022380904
vm_fultimo_cierre_delta1	0.000429121547405944	0.000694051487444303	0.000919376854264668
Visa_msaldodolares_rank_delta1	0.000427035499245231	0.000764284457151249	0.000558394531117804
Visa_mpagado_rank_delta1	0.000426248608665358	0.00131959915490055	0.000795289180682934
mplazo_fijo_dolares_rank_delta2	0.000424715013029967	0.0010674164111403	0.00021433325436845
rf_011_015	0.000424485972615877	0.000712748724617962	0.00124651708461651
ctarjeta_debito_transacciones_tend6	0.00042334286052379	0.00171433731259222	0.00066556115830203
Master_mpagado_rank_tend6	0.000422424288775928	0.0013645322328912	0.00103782417904723
mpagomiscuentas_rank_tend6	0.000416961263071337	0.00140692697169147	0.000535833135921125
tcallcenter_tend6	0.000416890119338461	0.00113253425247197	0.000400464764741052
vm_cconsumos_lag2	0.000414768534261039	0.000836905087094802	0.000569675228716144
ccajas_transacciones_tend6	0.000414203652203531	0.00166820604272408	0.000513271740724446
Visa_Fvencimiento_delta2	0.000414170109057413	0.000464953833854861	0.000530192787121956
mv_status07_rank_tend6	0.000413488110117657	0.000544355323704723	0.000248175347163469
thomebanking_delta2	0.000411283830320676	0.000943900856322772	0.000699403251097048
thomebanking_tend6	0.000409004977773166	0.00231234626513345	0.0004286665087369
ccomisiones_otras	0.000408159443669291	0.00145510113095409	0.000671201507101199
rf_004_026	0.000400927790473391	0.00073548469497853	0.000462508601531919
vmr_mpagospesos_delta2	0.000397752134715302	0.00104678191333281	0.00109422766703893
Master_mpagado_rank_delta1	0.000396386231209002	0.00125512140492756	0.000812210227080443
vm_mconsumospesos_rank_tend6	0.000395042888758643	0.000772052967714396	0.000851692668674631
Master_mpagado_rank	0.000394753913493015	0.000778707579634809	0.00086861371507214
cproductos_delta1	0.000393682549825049	0.00108832630095755	0.000146649068778413
cprestamos_personales_lag1	0.000393651902240721	0.00108983416494634	0.000163570115175922
catm_trx_other_lag2	0.000393461678159183	0.000246236425251287	0.000169210463975092
Visa_fultimo_cierre_lag1	0.000390530308936359	0.000811615581737636	0.000913736505465498
vm_mconsumosdolares_rank_lag2	0.000389641105075107	0.00140643814767637	0.000772727785486254
vm_status03	0.000389285843466566	0.000563884799880849	0.000925017203063837
mttarjeta_visa_debitos_automaticos_rank_lag1	0.000388316905259383	0.000644704232408375	0.000846052319875461
tcallcenter_delta1	0.000386886330759915	0.000728021251736925	0.000372263020745203
rf_011_018	0.000386243504955005	0.000444938168626667	8.46052319875461e-05
mtarjeta_master_consumo_rank_lag2	0.000382200348798778	0.00098424948237573	0.000941938249461347
rf_004_022	0.000379269301228084	0.000733990031387045	0.000738885692691236
mtarjeta_visa_consumo_rank_lag1	0.000376849878581591	0.000927080173304622	0.00087425406387131
cextraccion_autoservicio_lag2	0.000376287449020829	0.000802424446960569	0.000513271740724446
Master_mpagado_rank_lag2	0.000374505713537251	0.000721282627985573	0.00086297336627297
rf_002_021	0.000373555974957026	0.00081439042804649	0.00111114871343644
matm_other_rank_lag2	0.000373230027769417	0.00070901398430165	0.00065428046070369
vm_status05_delta2	0.000372854875569415	0.00113874480916661	0.000236894649565129
rf_020_012	0.000372537918681506	0.000840602707689221	0.000107166627184225
vmr_mconsumosdolares_lag2	0.000372372254262688	0.000600649594810769	0.000823490924678782
ctransferencias_recibidas_lag2	0.000372258766037911	0.00125820786759228	0.00065428046070369
mpayroll_sobre_edad_rank_lag2	0.0003695648065247	0.00108826508283592	0.000462508601531919
rf_016_015	0.000369190716309922	0.000521372459866569	0.000987061039854705
catm_trx_tend6	0.000363453783764329	0.00176461829108048	0.000705043599896218
Master_msaldototal_rank_delta2	0.000362439124721578	0.000725896294756076	0.00102654348144889
mpayroll_sobre_edad_rank_lag1	0.000360499821134816	0.00115360032140855	0.000377903369544373
mcaja_ahorro_dolares_rank	0.000357725195748866	0.00179650024369631	0.000524552438322786
vm_mconsumospesos_rank_lag1	0.000355495149458592	0.000555289729555937	0.000750166390289576
tcallcenter_lag2	0.000353240485443242	0.000809891113555005	0.000829131273477952
Master_delinquency_tend6	0.000351596390812592	0.000871092862600353	0.000671201507101199
Visa_fultimo_cierre_lag2	0.00034932334957798	0.00105262291006711	0.000716324297494557
Visa_mpagado_rank_lag1	0.00034830994975496	0.00109445489239448	0.000761447087887915
Visa_msaldodolares_rank_tend6	0.000347095689002909	0.00143949496123491	0.000767087436687085
rf_017_023	0.000347031469570167	0.000600632736163818	0.000394824415941882
cpagomiscuentas_tend6	0.000345149202652766	0.00182084269729301	0.000423026159937731
vm_mpagospesos_rank_lag1	0.000341410923326432	0.000582651415886878	0.000829131273477952
rf_016_017	0.000340600453962665	0.000523187795900447	0.000259456044761808
mcuenta_debitos_automaticos_rank_lag2	0.000340354130008392	0.000888343300413857	0.000614798019109502
ctarjeta_debito_transacciones_lag1	0.000340035060865191	0.000360912574482848	0.000265096393560978
vm_status01_tend6	0.000338368788941607	0.000775648387558328	0.000541473484720295
rf_013_025	0.000338225839333203	0.000631896598083146	0.000676841855900369
rf_013_021	0.000338052077509686	0.000546187671878544	0.000609157670310332
Master_mpagado_rank_delta2	0.000337803821101403	0.000991570816688935	0.000755806739088745
ctarjeta_master_transacciones_tend6	0.000332154110387239	0.00120843267409474	0.000383543718343542
vmr_Visa_mlimitecompra_delta1	0.000330450005520007	0.000619653587728882	0.000338420927950184
mtarjeta_visa_consumo_rank	0.000329479705830369	0.000825409510864941	0.000682482204699539
vm_mconsumospesos_rank_lag2	0.000328334840382447	0.000643757794619881	0.000857333017473801
mautoservicio_rank_delta1	0.00032529910287094	0.000924370331277867	0.000620438367908672
matm_rank_lag1	0.00032445762914109	0.000863702175036942	0.000564034879916974
mcuenta_debitos_automaticos_rank_delta2	0.000323681625191861	0.00137556607661905	0.000406105113540221
internet_delta2	0.000320918159869549	0.000771638766875562	0.000135368371180074
vm_status03_tend6	0.000318457351012455	0.000679586666031257	0.000163570115175922
cextraccion_autoservicio_tend6	0.000318041395015279	0.00133306312525944	0.000575315577515314
cmobile_app_trx	0.000316176557664595	0.00140499579961298	0.000406105113540221
ccaja_ahorro_lag2	0.000311687016203135	0.000660138259737058	0.000124087673581734
rf_015_017	0.000310129701662074	0.000600967069482496	0.000586596275113653
ccomisiones_mantenimiento_delta1	0.000307810001386196	0.00128420251975456	0.000157929766376753
mprestamos_prendarios_rank_lag1	0.000306610040934454	0.00109990591460052	0.000107166627184225
rf_004_016	0.00030427845277253	0.00073203432601201	0.000682482204699539
rf_003_021	0.00030385792746625	0.000879052599849331	0.000688122553498708
mcuenta_debitos_automaticos_rank_delta1	0.000303557447477202	0.00103264523435443	0.000558394531117804
rf_013_019	0.00030149705547769	0.00065689011778746	0.000688122553498708
vm_mpagado_rank_tend6	0.000301303288039961	0.00105528427389057	0.000411745462339391
vm_Fvencimiento_delta1	0.000299146293435528	0.000690025622086553	0.000552754182318635
rf_019_020	0.000296056622617914	0.00074451294810895	0.000620438367908672
rf_008_022	0.000294259138597981	0.000650494729948321	0.000406105113540221
rf_018_016	0.000293557208856178	0.000786443933416139	0.000710683948695387
ctarjeta_visa_transacciones_delta1	0.000292667942228267	0.00123616409946117	0.000248175347163469
ccajas_consultas_delta2	0.000288397632376342	0.000727059822799548	0.000248175347163469
vmr_mconsumosdolares_lag1	0.000286825631362606	0.000520709677127238	0.000547113833519465
mtarjeta_master_descuentos_rank_delta2	0.000284427216772932	0.000487011672176901	0.000671201507101199
mforex_sell_rank_tend6	0.000283652161972083	0.00135795247438654	0.000338420927950184
ctransferencias_recibidas_delta2	0.000282318230559051	0.00117739114677428	0.000473789299130258
Master_msaldodolares_rank_delta2	0.000280318100915689	0.000732826554507904	0.000806569878281273
mextraccion_autoservicio_rank_delta1	0.000280119611469405	0.000878661064808978	0.000451227903933579
ccallcenter_transacciones_delta1	0.000276723874307159	0.000624478921335313	9.02455807867159e-05
rf_002_014	0.000276570657833791	0.000192523215551731	2.82017439958487e-05
rf_018_023	0.000276450305911875	0.000461229582226335	0.000575315577515314
vm_mconsumototal_rank_delta1	0.000275560439481684	0.000600635294380351	0.00066556115830203
Visa_delinquency_tend6	0.000273060308753435	0.0010515563640124	0.00043994720633524
rf_005_015	0.000272184821277391	0.000719023978608718	0.000580955926314483
rf_018_025	0.000271728096795277	0.000873793111315109	0.000631719065507011
Master_status_tend6	0.00027062872722763	0.000901114863885973	0.00065992080950286
mtransferencias_emitidas_rank_delta1	0.000268853292985993	0.0014067242586134	0.000564034879916974
Master_mpagado_rank_lag1	0.000266888393862434	0.000461957497158593	0.000755806739088745
tcuentas_lag1	0.000266301752966232	0.00167374128141837	0.000186131510372601
matm_other_rank_delta2	0.000264487284725725	0.00102099245571863	0.000580955926314483
ctarjeta_visa_debitos_automaticos_lag2	0.000263672512973009	0.000564519442238319	0.00043430685753607
active_quarter	0.00026315918951372	0.00046868174373303	0.000541473484720295
vm_mconsumosdolares_rank	0.000262411335366918	0.000532673560475602	0.000400464764741052
rf_009_018	0.000261915426297978	0.000638302551356565	0.000479429647929428
vm_status02	0.000261079997259327	0.00107483224597223	0.000721964646293727
rf_019_018	0.000260131667219625	0.00059488923306158	0.000778368134285424
ccuenta_debitos_automaticos_tend6	0.000259436212064723	0.000721686007568473	0.000146649068778413
vmr_mpagado_tend6	0.000259090908161135	0.000713423019331691	0.000406105113540221
rf_010_021	0.000257498069865919	0.000683063640449718	0.000456868252732749
vmr_mpagado_lag2	0.000257495348276789	0.000643686420378614	0.000490710345527767
ctarjeta_debito_tend6	0.000252793573595105	0.00165670491516434	0.000248175347163469
vmr_mconsumosdolares_tend6	0.000251374792385261	0.000894458665871309	0.000462508601531919
mv_status07_rank_delta2	0.000249675298563824	0.000527410746259887	0.000186131510372601
ctarjeta_visa_descuentos_delta2	0.000244863704347126	0.000425590709556854	0.000501991043126107
rf_012_020	0.00024402856344786	0.000623541923365826	0.000349701625548524
rf_015_015	0.000241170492820813	0.000839750872748112	0.000400464764741052
rf_004_019	0.000236635327242935	0.000711004046524722	0.000451227903933579
rf_020_022	0.000230328631330154	0.000604111603662513	0.00043994720633524
ccaja_ahorro	0.000229173558694335	0.00124992689509327	0.000101526278385055
vm_mconsumosdolares_rank_tend6	0.000228985521347018	0.000375070230836794	0.000383543718343542
rf_007_015	0.000228327567219875	0.000269629217706665	0.000265096393560978
ctarjeta_debito_transacciones_delta1	0.000221215872690069	0.00154636824305529	0.000276377091159317
rf_014_008	0.000219473638009451	0.000367147255159393	0.000180491161573432
ccajas_extracciones_tend6	0.000218334493833315	0.0016865501692697	0.000253815695962638
Master_msaldodolares_rank_delta1	0.000217021658755707	0.000425476280531339	0.000603517321511162
matm_other_rank_lag1	0.000216630925860088	0.000546876957741156	0.000259456044761808
rf_007_017	0.000216020533771584	0.000366392990596847	0.000344061276749354
vm_cconsumos_lag1	0.000215410675118174	0.000419402588421206	0.000327140230351845
rf_001_023	0.000214326050790943	0.000446447414052388	0.000310219183954336
mtarjeta_master_descuentos_rank_delta1	0.000213104218818262	0.000564870506293122	0.000558394531117804
mplazo_fijo_dolares_rank_delta1	0.000211639404351495	0.00112804123119316	0.000157929766376753
matm_other_rank_tend6	0.000209883849177359	0.000922320637027416	0.000349701625548524
vm_mconsumospesos_rank	0.00020855523083934	0.000662755494325323	0.000631719065507011
vm_mconsumosdolares_rank_delta2	0.000207344508566459	0.000799442180455231	0.000338420927950184
vmr_mconsumosdolares	0.000207308089267726	0.000529862592149304	0.000355341974347694
mtarjeta_master_consumo_rank_lag1	0.000204489210409537	0.000457678931171728	0.000462508601531919
catm_trx_lag2	0.000204124332473066	0.000663372203584898	0.000423026159937731
mpagomiscuentas_rank_delta1	0.000200491154098175	0.000711024512256984	0.000344061276749354
rf_011_025	0.000199599137446091	0.000474407109080049	0.000496350694326937
rf_010_017	0.000198775259111152	0.000411074263334175	0.000501991043126107
Visa_msaldodolares_rank	0.000198105546580658	0.000394412547891376	0.000406105113540221
vmr_mpagado_delta2	0.000197407201236463	0.000974301755059073	0.000293298137556827
vmr_mconsumosdolares_delta2	0.000196004265094823	0.000539707402414845	0.000411745462339391
mtarjeta_master_consumo_rank_delta1	0.000194578677895713	0.000839651383707149	0.000298938486355996
vmr_Visa_mlimitecompra_delta2	0.000193847508074352	0.00063835936934576	0.000349701625548524
mv_status07_rank_delta1	0.000192771282380899	0.000961077950068278	0.000310219183954336
rf_012_014	0.000192183586469586	0.000403382601595674	0.000417385811138561
cextraccion_autoservicio_delta2	0.000189317035395811	0.00043469072066102	0.000332780579151015
mforex_sell_rank	0.00018922414517682	0.000308097068546835	5.64034879916974e-05
minversion2_rank	0.000186394173043179	0.000955843148323599	8.46052319875461e-05
rf_012_018	0.000185726536227652	0.000587561221803225	0.000349701625548524
ccajas_consultas_delta1	0.000184500641509376	0.000560617931786231	7.33245343892066e-05
rf_005_013	0.000181293938877582	0.000672717215086415	0.000298938486355996
ccajas_depositos_tend6	0.000181190448285299	0.0015572574196382	0.00021433325436845
mcheques_emitidos_rank_lag1	0.000181176298468736	0.00171628644335077	0.000180491161573432
matm_rank_delta1	0.000176754783378633	0.000724985416177389	0.000298938486355996
vmr_msaldodolares2_lag2	0.000175921431825263	0.000874029234701092	0.000327140230351845
rf_014_019	0.000174259786055194	0.000525379087435992	0.000265096393560978
rf_005_008	0.000173700732253584	0.000406846094213007	0.000253815695962638
mtarjeta_master_consumo_rank	0.000173024044900295	0.000506322523168129	0.000366622671946033
rf_018_008	0.000172847647231138	0.000484045573600051	0.000276377091159317
rf_003_028	0.000172590396708612	0.000308648185134508	0.000101526278385055
vm_mconsumosdolares_rank_delta1	0.000164785367105982	0.000435171665369196	0.000310219183954336
mtarjeta_master_descuentos_rank_lag2	0.000164265485822769	0.00042001809531901	0.000310219183954336
catm_trx_delta2	0.000162559270161075	0.00105205782561717	0.000338420927950184
cproductos_lag1	0.000160523192741539	0.00027194898287649	0.000107166627184225
catm_trx_other_tend6	0.000160424386542094	0.000468803361347002	0.00021433325436845
ccomisiones_mantenimiento_lag2	0.0001589442446784	0.000232402613528234	7.89648831883764e-05
vm_mconsumosdolares_rank_lag1	0.00015860952171533	0.000601176638580868	0.000389184067142712
mprestamos_prendarios_rank_lag2	0.000157449091623528	0.00101903227346466	0.000107166627184225
rf_017_016	0.000155066293191335	0.00056222899422996	0.000236894649565129
rf_010_015	0.000154792013277536	0.000423350095606555	0.000310219183954336
cpayroll_trx_delta2	0.000153782712836815	0.000564866771296985	8.46052319875461e-05
ctarjeta_debito_delta2	0.000153158600376716	0.00102866999610186	0.000112806975983395
vm_cconsumos_delta2	0.000150750706728277	0.000725373062728612	0.000186131510372601
cpayroll_trx_tend6	0.000148845079472705	0.00101187154398539	0.000253815695962638
Master_msaldodolares_rank_tend6	0.000148273292786545	0.000341705996397498	0.000417385811138561
mpayroll_rank_delta2	0.000147567984202813	0.000798414237888	0.000259456044761808
mtarjeta_master_consumo_rank_tend6	0.000146808523198301	0.00110603645028201	0.000327140230351845
cpagomiscuentas_lag2	0.000146082893841798	0.000283390759812664	9.58859295858856e-05
ctarjeta_visa_descuentos_lag2	0.000144772248113363	0.000422732951450169	0.000259456044761808
ccomisiones_mantenimiento_delta2	0.000144121459214276	0.000702361188714976	0.000101526278385055
vmr_mpagosdolares_tend6	0.000143679626177421	0.000895594897744376	0.000236894649565129
ctarjeta_visa_tend6	0.000141976054783044	0.000471200768388599	9.02455807867159e-05
mtarjeta_visa_descuentos_rank_lag1	0.00014064360308353	0.000317463006259592	0.000236894649565129
ctarjeta_visa_debitos_automaticos_delta2	0.000139734235855395	0.000557017344344903	0.000338420927950184
cproductos_lag2	0.000139319088218223	0.000449618783923835	0.000152289417577583
rf_020_015	0.000139174609250919	0.000467936867825159	0.000287657788757657
ccajas_depositos_delta2	0.000137842469293327	0.000720538493960497	0.00022561395196679
cpagomiscuentas_delta2	0.000137424125556143	0.000631963444281149	0.000107166627184225
ctarjeta_master_transacciones_delta2	0.000136712356728883	0.000692865805245657	0.000315859532753505
rf_010_016	0.00013570456825244	0.000332207696561332	0.00022561395196679
vmr_msaldodolares2_tend6	0.000128729849402404	0.00071980871153017	0.00021997360316762
vm_mpagado_rank_delta2	0.000128403261244284	0.000588721449747369	0.000186131510372601
rf_013_018	0.000126113221369666	0.000380097586802825	0.000118447324782565
rf_017_018	0.000125306018620876	0.000270601519064306	0.000169210463975092
vmr_mpagado	0.000122491415401008	0.000754763107784121	0.000282017439958487
vm_status04_delta2	0.000122398966358397	0.000820847596814898	0.000180491161573432
vmr_mpagado_delta1	0.000120931093437215	0.000608753385232712	0.00022561395196679
vmr_msaldodolares_lag2	0.000120911131068154	0.000766480225565727	0.000242534998364299
vmr_msaldodolares_tend6	0.000120397905100109	0.000733916329168734	0.00021433325436845
vmr_msaldodolares2_delta2	0.000118444843816854	0.00073485903196109	0.00022561395196679
cforex_sell_tend6	0.000117965821699827	0.00138203570390197	0.000169210463975092
mttarjeta_master_debitos_automaticos_rank_lag2	0.000116320827736602	0.000250233868823356	0.00020869290556928
mplazo_fijo_dolares_rank_lag2	0.000115615856324963	0.000727391700230355	0.000197412207970941
vm_status01_lag2	0.00011517475084232	0.00111023647902131	0.000265096393560978
rf_018_024	0.000114494635894262	0.000310450653339225	0.000186131510372601
rf_012_015	0.000114336017893059	0.000406451361401988	0.00021997360316762
vm_msaldodolares_rank_tend6	0.000113577200266796	0.00058155982489231	0.000180491161573432
vmr_mconsumosdolares_delta1	0.000111723530539509	0.000532385172725854	0.000242534998364299
mplazo_fijo_dolares_rank_lag1	0.000111244477156342	0.000865298655646434	0.000118447324782565
ctarjeta_debito_lag2	0.000109472359593975	0.000895934219585294	0.000174850812774262
mv_status07_rank	0.000109442450807209	0.000248674456771425	0.000157929766376753
cseguro_vivienda_delta2	0.000108555684757044	0.000549839705054348	6.76841855900369e-05
mforex_sell_rank_lag2	0.00010723763170046	0.000650440316682667	0.00022561395196679
rf_004_009	0.000106945075482453	0.00046239807320988	0.000203052556770111
ctarjeta_master_debitos_automaticos_tend6	0.000106359294464584	0.00116147919343293	0.000163570115175922
ccallcenter_transacciones_lag2	0.000105724208115515	0.000423573939553179	0.000253815695962638
cprestamos_personales	0.000103879706196909	0.000345476321505782	4.51227903933579e-05
vm_msaldodolares_rank_lag2	0.000103405447257352	0.000718585730534475	0.000231254300765959
mv_status07_rank_lag1	0.000101315854635936	0.000358558145479002	0.000270736742360148
matm_other_rank_delta1	9.9762419640429e-05	0.000730585326585638	0.00021997360316762
ccuenta_debitos_automaticos	9.96407144218744e-05	8.95290086244487e-05	1.69210463975092e-05
cforex_buy_tend6	9.79269487553001e-05	0.00146578086634946	0.000152289417577583
cplazo_fijo	9.72549242429721e-05	0.000138880766121475	1.12806975983395e-05
matm_other_rank	9.61579043109047e-05	0.000273259966520916	0.000141008719979244
minversion2_rank_lag1	9.59619592884546e-05	0.000931170710376322	0.000101526278385055
vm_mpagado_rank_lag2	9.56279430845924e-05	0.000370877313939449	0.000231254300765959
rf_005_018	9.54036586553132e-05	0.000381274443154433	0.000186131510372601
ccheques_emitidos_delta1	9.53288826899761e-05	0.000759100487169077	6.76841855900369e-05
active_quarter_delta2	9.4962409332376e-05	0.000393156872888391	0.000242534998364299
mv_status07_rank_lag2	9.39174891631001e-05	0.00078330231560297	0.000287657788757657
mttarjeta_master_debitos_automaticos_rank_delta2	9.3894318158779e-05	0.000499492468757893	0.000146649068778413
ctransferencias_emitidas_delta1	9.25180392112138e-05	0.000771732627840153	0.000118447324782565
vmr_mpagado_lag1	9.17686736865818e-05	0.000686540896271998	0.000203052556770111
mtarjeta_visa_descuentos_rank	8.89533694207511e-05	0.000451478607343219	0.000203052556770111
vm_msaldodolares_rank_lag1	8.65422466295024e-05	0.000704885892611248	0.000191771859171771
mforex_buy_rank_tend6	8.60663533166516e-05	0.00120903766672259	0.000146649068778413
rf_011_023	8.49649677251255e-05	0.000529147135731561	0.000191771859171771
catm_trx_lag1	8.46124042919835e-05	0.000398194691960041	7.33245343892066e-05
vm_cconsumos_delta1	8.12070324355457e-05	0.000356163680386418	0.000141008719979244
ccajas_otras_lag2	8.05484878589478e-05	0.000420361356813389	0.000157929766376753
vm_mpagado_rank_lag1	7.94749622714269e-05	0.000308293590740889	0.000146649068778413
cseguro_accidentes_personales_lag2	7.87625791230383e-05	0.000310253926487849	9.58859295858856e-05
ccajas_depositos_lag2	7.78666664797602e-05	0.000511920847482127	0.000186131510372601
ctarjeta_visa_debitos_automaticos_lag1	7.66920313902451e-05	0.000245942665246819	8.46052319875461e-05
ctarjeta_master_transacciones_delta1	7.64064382776347e-05	0.000945870708635233	0.000129728022380904
ctransferencias_emitidas_lag2	7.29314065782092e-05	0.000310674855436164	0.000124087673581734
ctarjeta_master_descuentos	7.09754922067809e-05	0.000272628905666591	0.000118447324782565
mforex_sell_rank_delta2	6.97858020326561e-05	0.000500401147270363	0.000135368371180074
vm_msaldodolares_rank_delta2	6.93444662331632e-05	0.000258854418984936	0.000129728022380904
cpayroll_trx_lag1	6.80146683454906e-05	6.13396113343029e-05	1.12806975983395e-05
cpagomiscuentas	6.59551117938639e-05	0.000228825484932512	2.2561395196679e-05
ctarjeta_master_transacciones_lag1	6.47556123232227e-05	0.000209476439768448	9.58859295858856e-05
ccomisiones_mantenimiento_lag1	6.25889372251777e-05	0.000341049455706507	7.33245343892066e-05
vm_mpagosdolares_rank_delta2	5.98966735290788e-05	0.000582117797500291	9.02455807867159e-05
ccomisiones_mantenimiento	5.95620931413078e-05	0.000416642298364424	3.38420927950184e-05
rf_005_016	5.90128736302454e-05	0.000242669196953546	0.000118447324782565
cpayroll_trx_lag2	5.76611028053951e-05	3.85253083834986e-05	3.38420927950184e-05
mforex_sell_rank_lag1	5.74833094200272e-05	0.000402659086795853	0.000118447324782565
vm_mpagado_rank_delta1	5.69722868350452e-05	0.000206762632506068	9.02455807867159e-05
rf_008_020	5.66049336716673e-05	0.000321065026302179	9.02455807867159e-05
cpagomiscuentas_lag1	5.58621783830745e-05	0.000341569643456297	8.46052319875461e-05
mcaja_ahorro_adicional_rank_tend6	5.54258743477697e-05	0.000921291313023257	0.000101526278385055
ctarjeta_debito_lag1	5.44064322652434e-05	0.000626585663814448	9.02455807867159e-05
ctransferencias_recibidas_lag1	5.37583471641729e-05	0.000514419176165946	0.000101526278385055
mttarjeta_master_debitos_automaticos_rank_lag1	5.3409310763125e-05	0.000342811222686187	0.000124087673581734
ctransferencias_emitidas_lag1	5.26024816107269e-05	0.000493055765721749	7.89648831883764e-05
ctarjeta_master_descuentos_tend6	5.22531299163309e-05	0.000629458643309503	7.33245343892066e-05
vmr_mpagosdolares_delta1	5.00695502829444e-05	0.000387574307188235	8.46052319875461e-05
mcaja_ahorro_adicional_rank_delta2	4.87888217176181e-05	0.000583059374677372	9.58859295858856e-05
ctransferencias_emitidas_delta2	4.78647489758049e-05	0.000358552082505819	7.89648831883764e-05
ctransferencias_recibidas_delta1	4.76957766937771e-05	0.000896571445741462	0.000101526278385055
vm_mpagosdolares_rank_tend6	4.71493254293851e-05	0.000278837083219856	0.000101526278385055
ccajeros_propios_descuentos_tend6	4.690440125795e-05	0.000424574560367839	6.20438367908672e-05
rf_003_022	4.67386727095966e-05	0.00038428349418687	0.000107166627184225
vm_mpagado_rank	4.32582750853319e-05	0.000165151731251469	6.76841855900369e-05
ccajas_extracciones_delta2	4.31790245180503e-05	0.00027075718654033	0.000124087673581734
cseguro_accidentes_personales	4.16011681265506e-05	0.000343819850718594	8.46052319875461e-05
vm_msaldodolares_rank	4.12822723338957e-05	0.000590060164459011	0.000118447324782565
minversion2_rank_tend6	4.06771397313017e-05	0.00044490102332261	4.51227903933579e-05
cseguro_vida_tend6	3.99547035370014e-05	0.000550383351649745	7.89648831883764e-05
ccajas_otras_delta2	3.9492167995367e-05	0.000261501456795809	0.000101526278385055
cliente_edad_tend6	3.93715844458216e-05	0.000394071000402075	6.76841855900369e-05
cliente_edad_delta2	3.93375414945909e-05	0.000312348850006601	8.46052319875461e-05
rf_006_020	3.87032711337274e-05	0.000537947707590557	6.76841855900369e-05
active_quarter_tend6	3.70473207597e-05	0.000455777587898016	9.02455807867159e-05
internet_delta1	3.661477869057e-05	0.000248253937137755	5.07631391925277e-05
mcaja_ahorro_adicional_rank_delta1	3.61691426035293e-05	0.000695824791980546	6.76841855900369e-05
mcajeros_propios_descuentos_rank_tend6	3.4291619967974e-05	0.000733429398233871	8.46052319875461e-05
mcaja_ahorro_adicional_rank_lag1	3.35521977103609e-05	0.000882997165085667	9.02455807867159e-05
vm_cconsumos	3.03069769457605e-05	0.000301754738118588	7.33245343892066e-05
ccuenta_debitos_automaticos_lag2	2.96897009556385e-05	0.000132180362125124	4.51227903933579e-05
vm_mpagosdolares_rank_delta1	2.95997470614793e-05	0.000433724098544082	6.20438367908672e-05
cproductos	2.86902710154703e-05	0.00015822257153275	2.82017439958487e-05
ccuenta_debitos_automaticos_delta1	2.68263638928798e-05	0.000240257642974523	2.82017439958487e-05
cextraccion_autoservicio_delta1	2.65429926095999e-05	0.000276237449161337	5.64034879916974e-05
cseguro_vivienda_tend6	2.56160939524574e-05	0.000364702751351426	3.94824415941882e-05
cseguro_accidentes_personales_lag1	2.43975353204655e-05	0.000261000788238164	6.20438367908672e-05
active_quarter_delta1	2.18409954549782e-05	0.00023425793448652	6.20438367908672e-05
catm_trx_other_lag1	2.12083409040813e-05	0.000283357196011753	3.94824415941882e-05
catm_trx	2.10782453034788e-05	0.000221325535940983	2.82017439958487e-05
rf_006_023	2.02821201331123e-05	0.000125566093279434	3.38420927950184e-05
cplazo_fijo_lag1	2.01458014528521e-05	0.000413411245301266	3.94824415941882e-05
cplazo_fijo_lag2	1.93085240604278e-05	0.000314028395906915	4.51227903933579e-05
ctransferencias_emitidas	1.8734726885921e-05	0.0006098643675086	5.07631391925277e-05
mpagodeservicios_rank_tend6	1.83858455770127e-05	0.000217398647980889	3.38420927950184e-05
ccuenta_debitos_automaticos_lag1	1.8306277750921e-05	0.000398821889907401	5.07631391925277e-05
cliente_edad_delta1	1.7653532998046e-05	2.24703507379623e-05	2.82017439958487e-05
ctransferencias_recibidas	1.74855686336733e-05	0.000280202608040762	3.94824415941882e-05
cpagodeservicios_tend6	1.60178094303317e-05	0.000462762695812308	4.51227903933579e-05
ccallcenter_transacciones_lag1	1.46673861006087e-05	0.000187798189615553	4.51227903933579e-05
cinversion2_lag1	1.37356800704768e-05	6.54658866909672e-05	5.64034879916974e-06
cforex_delta2	1.34846788790832e-05	0.000175626246516572	2.82017439958487e-05
cpayroll_trx	1.28476897838237e-05	0.000208321149182212	1.69210463975092e-05
cpagomiscuentas_delta1	1.24104866128652e-05	0.000178565611730654	3.38420927950184e-05
ccajas_consultas	1.19024094153641e-05	0.000177005713617582	1.69210463975092e-05
catm_trx_delta1	1.15447206612836e-05	0.000110875713914686	2.82017439958487e-05
ctarjeta_debito	9.09559071960849e-06	9.42492506957106e-05	1.12806975983395e-05
ctarjeta_visa_debitos_automaticos	6.79405285026178e-06	0.000268502041920125	2.2561395196679e-05
catm_trx_other_delta1	6.27481989388139e-06	0.000164496316175752	2.2561395196679e-05
ctarjeta_master	5.48591386008535e-06	5.94680968653641e-05	2.82017439958487e-05
ccajas_otras	1.85720777049912e-06	5.89034728943982e-05	5.64034879916974e-06
