Feature	Gain	Cover	Frequency
rf_003_015	0.0602044309585412	0.002779500382534	0.000498219431690153
rf_010_017	0.0219881389331634	0.00229395542612139	0.000351018235963517
rf_006_015	0.0217163803930303	0.00228063231686736	0.0005321889383963
active_quarter	0.0178496779330848	0.0021646075195484	0.00058314319845552
rf_015_014	0.0177886561667043	0.00115537777434653	0.00103040837008645
rf_012_022	0.0105798162924901	0.00117054938466504	0.00251374349625486
Visa_mpagominimo_rank	0.0105193218287938	0.00236882000136824	0.00254205141850998
rf_015_023	0.0104536370074323	0.00113907503116492	0.00254771300296101
vm_status05_delta2	0.00926402017205232	0.00094032346315998	0.000186832286883807
mpayroll_rank_lag2	0.00922426268747552	0.00121219644451577	0.000588804782906544
ctrx_quarter	0.00887710652311782	0.00100317696222415	0.000645420627416789
Master_mfinanciacion_limite_rank_lag2	0.00873650938963602	0.00155321980649302	0.00297799342123887
cdescubierto_preacordado	0.00869964984320385	0.00175797611747992	0.000781298654241376
mcuenta_corriente_rank_lag2	0.00831616895667054	0.00265129343227226	0.0013191491770887
vm_status01	0.00803134506269356	0.0010427525825998	0.00063409745851474
mtransferencias_recibidas_rank	0.007593503764537	0.00135675045889487	0.00114930164355797
rf_004_016	0.00756047396148023	0.000972978015466542	0.00100776203228235
Visa_mconsumosdolares_rank_delta1	0.00738928386934302	0.0011316555064608	0.00221934110480159
mcomisiones_mantenimiento_rank_tend6	0.00691398023776265	0.00221425484173475	0.00138142660604997
vm_status02	0.00680694630298554	0.001206091928131	0.000837914498751621
mcuentas_saldo_rank	0.00646190458997213	0.0026724025603571	0.000651082211867813
mautoservicio_rank	0.00631479579152123	0.00117232429963885	0.000758652316437278
rf_006_022	0.00601458104967215	0.00129143743003222	0.000537850522847324
Visa_mconsumosdolares_rank_lag1	0.00572548009270976	0.00214953083503036	0.00353282869743927
mprestamos_personales_rank	0.00570808585240577	0.00311712183055695	0.000577481614004495
rf_005_015	0.0054739725590553	0.000678687181635537	0.000351018235963517
Visa_status	0.0054734938949351	0.00157048150288399	0.000628435874063716
rf_001_021	0.00529182118864433	0.000713906269476076	0.000520865769494251
rf_005_020	0.00502964094067974	0.00120433117123388	0.00230426487156696
vm_mpagospesos_rank_lag1	0.00502084424198726	0.000752640330694982	0.000888868758810841
Visa_msaldodolares_rank_delta1	0.00471185387562495	0.000607971487132235	0.000543512107298349
rf_020_026	0.00464018288184623	0.00130228523554363	0.00270057578313867
Visa_mconsumospesos_rank	0.00439500626448311	0.00170533066866073	0.00286476173221838
mautoservicio_rank_lag1	0.00439377406896524	0.00115584804307162	0.000917176681065963
mpayroll_sobre_edad_rank_lag1	0.00435250912154251	0.00130731255825966	0.000481234678337079
mpasivos_margen_rank_delta2	0.00433728321664153	0.00252306232094486	0.00531056621506095
ctarjeta_debito_transacciones_lag2	0.00430441019755218	0.00111993674839429	0.00112665530575387
Visa_mpagospesos_rank	0.00421687837413533	0.00135173031781194	0.00237786546943028
Master_delinquency_tend6	0.00421293480332007	0.00129564727771111	0.000622774289612691
mpasivos_margen_rank_lag1	0.00407720592780067	0.00189491018829382	0.00211743258468315
mpayroll_rank	0.00395212926713887	0.00144805427964975	0.000283079222551223
mpagomiscuentas_rank	0.00393816646809705	0.000796823481682848	0.000469911509435031
Visa_mpagominimo_rank_lag1	0.00389321370793817	0.00207205606958193	0.0028930696544735
Visa_mconsumototal_rank_tend6	0.00389013912917097	0.00164380318120378	0.00309688669471038
mcaja_ahorro_rank_lag2	0.00387939264044128	0.00188860248298949	0.000854899252104694
rf_003_026	0.00383189702586961	0.000742548212527305	0.000362341404865566
vm_status01_tend6	0.00377061319998802	0.000881673989522143	0.000554835276200398
vmr_msaldopesos2_lag2	0.00374448073551989	0.00127719735447382	0.001851338115485
mprestamos_personales_rank_lag1	0.00366405034712708	0.00234510540244071	0.000594466367357569
Visa_msaldototal_rank	0.00365952686095034	0.00144845639980638	0.00185699969993602
mcuentas_saldo_rank_lag1	0.00358378749126103	0.00181177770663465	0.00112665530575387
Visa_Finiciomora	0.00358016373550163	0.00223180128987843	0.000384987742669664
mprestamos_personales_rank_tend6	0.00352518370632557	0.00257421445175411	0.000571820029553471
mprestamos_personales_rank_delta1	0.00334356744456708	0.00356625813855084	0.000605789536259618
mcuentas_saldo_rank_delta2	0.00321246021335078	0.00258139613615893	0.0028704233166694
mcaja_ahorro_rank	0.00318001862743968	0.00135657391896387	0.000588804782906544
Visa_mpagospesos_rank_lag2	0.00316175924204434	0.00156143887780021	0.00278549954990404
mpayroll_sobre_edad_rank	0.00312025123120818	0.00111049454237414	0.000311387144806346
rf_015_017	0.00310467024151715	0.000969800245411259	0.000764313900888303
mpayroll_sobre_edad_rank_lag2	0.0030501619462	0.00121489589215741	0.000526527353945275
rf_018_026	0.00304483111063314	0.00181120194484895	0.00422354200046425
mcuentas_saldo_rank_tend6	0.00301119592151513	0.00183739156538351	0.00181736860877885
Visa_status_delta1	0.00298805599146827	0.000760476261875889	0.000588804782906544
mcomisiones_otras_rank_delta2	0.00297691213804576	0.00258450370575059	0.00590503258241852
mactivos_margen_rank_delta2	0.00293165522872405	0.00364488601778943	0.00666368489885579
rf_009_015	0.00277318907856211	0.00138392929809259	0.00255903617186306
cprestamos_personales_delta2	0.0027364698277282	0.000779896885422407	0.000113231689020489
rf_001_025	0.0027248792620436	0.00117059691168699	0.00260432884747125
rf_010_026	0.00266428744817005	0.000564608991619033	0.000424618833826835
mrentabilidad_annual_rank_lag2	0.00258615840467911	0.00232761830536492	0.00362341404865566
mextraccion_autoservicio_rank_lag1	0.00236358509743041	0.000904234833442268	0.00058314319845552
Visa_cconsumos_tend6	0.0023036546815267	0.00196710855660084	0.00309122511025936
mprestamos_personales_rank_delta2	0.00228918557416715	0.00371144341848008	0.000769975485339327
mcomisiones_otras_rank	0.00217843287743476	0.00183660140620086	0.00267226786088355
mcomisiones_rank_tend6	0.00217207244012447	0.0020967390860853	0.00237786546943028
mrentabilidad_annual_rank_delta1	0.00213851396103272	0.00198250556760416	0.00408200238918864
cdescubierto_preacordado_delta1	0.00213799007463034	0.00126041267241332	0.000141539611275612
ctrx_quarter_normalizado_delta1	0.00213437497052517	0.000846100077708717	0.000475573093886055
mpasivos_margen_rank_delta1	0.00212003007166611	0.002073247374271	0.00374230732212717
Visa_mpagospesos_rank_lag1	0.00210572500895845	0.00154089815032714	0.0029157159922776
vm_fechaalta	0.00205748922450248	0.00165367661864334	0.00256469775631408
mautoservicio_rank_delta1	0.00205482144075711	0.00102953948057577	0.000594466367357569
mactivos_margen_rank_delta1	0.00204194750284428	0.003043194509728	0.0044669901318583
cdescubierto_preacordado_delta2	0.00203983847698586	0.00119065039100241	0.000152862780177661
mrentabilidad_rank_delta1	0.00203042409950526	0.00259629104841328	0.00479536203001772
Visa_mpagospesos_rank_tend6	0.00203012949843704	0.00197628619638704	0.00408766397363966
mcomisiones_otras_rank_delta1	0.0020200571831119	0.0020843640806449	0.00370833781542102
Visa_msaldopesos_rank	0.00198163292598675	0.00168966478244361	0.00268925261423662
mpasivos_margen_rank_lag2	0.0019535369168186	0.00243051020411245	0.00434243527393576
chomebanking_transacciones_delta1	0.0019317769857362	0.00311023043802181	0.00377061524438229
internet_tend6	0.00191438065102471	0.00301706105982382	0.000424618833826835
mrentabilidad_rank_delta2	0.00191158370090368	0.00275076200040961	0.00498219431690153
mrentabilidad_annual_rank_delta2	0.00189522028083768	0.00257008983467099	0.0047897004455667
mrentabilidad_rank_lag2	0.00187197485669511	0.00242583778231537	0.00366304513981283
ctarjeta_visa_transacciones	0.00185584015506361	0.00112802557565533	0.000594466367357569
ctrx_quarter_normalizado_tend6	0.0018551658098617	0.00240387904138524	0.00146068878836431
Master_mfinanciacion_limite_rank_tend6	0.00184189679176921	0.00315581323800493	0.00447831330076035
mcomisiones_otras_rank_tend6	0.0018133034215502	0.00208787543755803	0.00250242032735281
mcuenta_corriente_rank	0.0018063979226629	0.00311511428196783	0.00187964603774012
mtarjeta_visa_consumo_rank_delta2	0.00180159296815819	0.00112856694254819	0.00138708819050099
Master_fechaalta_lag2	0.00179672005094463	0.00239648565269589	0.00401406337577635
mautoservicio_rank_lag2	0.00178963586701615	0.00173591398668173	0.00211743258468315
mcomisiones_otras_rank_lag2	0.00178366072310602	0.00175950547189884	0.00339128908616365
rf_018_008	0.00178307850834434	0.000555680734042484	0.000283079222551223
Visa_mfinanciacion_limite_rank	0.00176978446946537	0.00156158356205864	0.00275153004319789
mactivos_margen_rank	0.00175593149755836	0.00286336244117081	0.00153995097067865
matm_rank	0.00173010007805811	0.000817185283896786	0.000469911509435031
vm_mfinanciacion_limite_rank	0.00173009001565724	0.00130454770645937	0.00214574050693827
vm_status06	0.00172851412589084	0.000723639536826589	0.000707698056378058
mcomisiones_rank	0.00172725540311793	0.00186575316825665	0.00318181046147575
foto_mes	0.00172524965694864	0.00337124907345032	0.000724682809731131
vm_mpagominimo_rank_lag1	0.00172466276817691	0.00152430352505709	0.00134745709934382
Master_fechaalta	0.00163759954887721	0.00198546096352001	0.00337430433281058
ctarjeta_visa_transacciones_tend6	0.00162446660422133	0.00204543152421665	0.00112099372130284
Master_mlimitecompra_rank_delta1	0.00160744398053712	0.00181112725586463	0.00498219431690153
cprestamos_personales_tend6	0.00160150516926845	0.00239916632549669	0.000328371898159419
mcomisiones_otras_rank_lag1	0.00159874225413411	0.00202805792259265	0.00271756053649174
Master_mlimitecompra_rank	0.00159793916915537	0.00213271663132805	0.00402538654467839
mcuentas_saldo_rank_delta1	0.00159426871914393	0.00259016485888574	0.00185699969993602
mactivos_margen_rank_lag1	0.00159016395530706	0.00308905508502024	0.00250242032735281
Master_fechaalta_lag1	0.00158737521647312	0.00226989780161822	0.00351018235963517
Visa_fechaalta_lag2	0.00158499280356326	0.00189045780660541	0.00297233183678784
mcomisiones_rank_lag2	0.00156704701021198	0.00195215039467777	0.00370267623097
Visa_Fvencimiento	0.00156624992058043	0.00211958714403234	0.00324974947488804
mrentabilidad_annual_rank_lag1	0.00156018654562376	0.0023831882690776	0.00272322212094277
mcuentas_saldo_rank_lag2	0.00155628981191763	0.00245829147973313	0.00203250881791778
Visa_cconsumos_lag2	0.00155457903875664	0.00105160430448638	0.0018739844532891
Master_mlimitecompra_rank_tend6	0.00153713389300792	0.00206924776890133	0.00430280418277859
vm_msaldopesos_rank	0.00153255406296204	0.000821026842040714	0.00112099372130284
Master_mlimitecompra_rank_delta2	0.00153145745761008	0.00311556280060408	0.00429714259832757
Master_mfinanciacion_limite_rank	0.00152682965076113	0.00219897735362529	0.00386686218004971
Visa_mfinanciacion_limite_rank_tend6	0.00152514859405836	0.00202326290005895	0.00298365500568989
Master_mconsumospesos_rank	0.00152324194480955	0.00126034616536101	0.00199287772676061
mcomisiones_rank_delta1	0.00150544541675187	0.00225823647096788	0.00382156950444151
Master_mpagospesos_rank	0.00150465629483178	0.00128959518724803	0.00199287772676061
internet_lag2	0.00150342670070278	0.00155195004246225	0.000356679820414541
mcomisiones_rank_delta2	0.00150249808935056	0.00255592698731719	0.0044669901318583
Master_Fvencimiento_tend6	0.00150054908271507	0.00155928064315929	0.00155693572403173
Visa_mlimitecompra_rank	0.00149574560581589	0.00236951756878118	0.00333467324165341
ccaja_ahorro_tend6	0.00148592156022867	0.00286774339125849	0.00026609446919815
Master_Fvencimiento	0.00147751976674708	0.0019985562354637	0.00378193841328434
ctrx_quarter_normalizado_delta2	0.00147264359715053	0.00205744362634691	0.00246845082064667
Master_msaldototal_rank_lag2	0.00147104981153182	0.00120511948371087	0.00230992645601798
Visa_mlimitecompra_rank_delta2	0.0014683348758146	0.00186460315795794	0.00383855425779459
Visa_mfinanciacion_limite_rank_delta2	0.00146371941380463	0.00199739599133781	0.00348753602183107
Visa_Fvencimiento_lag2	0.00145621399267324	0.00236480072345359	0.00349885919073312
vmr_mpagominimo_lag2	0.00143600095484138	0.00178729816118643	0.00228728011821388
Master_fechaalta_tend6	0.00142555949866162	0.00111431181120895	0.00155693572403173
Visa_mconsumospesos_rank_delta2	0.00142109966275641	0.00207260148896775	0.00419523407820913
Master_fultimo_cierre_tend6	0.00141525427003954	0.00196654502924011	0.00283079222551223
Visa_mconsumosdolares_rank_lag2	0.00141412501961374	0.00210133840911682	0.00412729506479683
Master_Fvencimiento_lag2	0.00141176305243783	0.00171127270059645	0.00285343856331633
mactivos_margen_rank_lag2	0.00140953966165275	0.00187500257307655	0.00266660627643252
Visa_mconsumototal_rank_lag1	0.0014078888412923	0.00192831147655142	0.00370267623097
mcaja_ahorro_rank_tend6	0.00140721762587718	0.00190320479499208	0.00153995097067865
Visa_mpagospesos_rank_delta2	0.00140633596177008	0.00164844626089988	0.00376495365993127
Master_mfinanciacion_limite_rank_lag1	0.00140171525306711	0.00191428851715107	0.00352716711298824
mtarjeta_visa_consumo_rank	0.00139974107385421	0.00110842761706844	0.00090019192771289
rf_010_023	0.00139695543478696	0.0015517170241166	0.00452926756081957
Visa_fechaalta	0.00139088405161772	0.00182750340559608	0.00267792944533457
vm_Fvencimiento	0.00139061212998888	0.00200910574671425	0.00297233183678784
Visa_mlimitecompra_rank_lag1	0.00138894620631826	0.00176819771023305	0.00277417638100199
rf_005_022	0.00138250575330932	0.000406020501577929	0.000192493871334832
vmr_mpagominimo	0.00136607699659128	0.00119966164773873	0.00191361554444627
mrentabilidad_rank_lag1	0.00136409803849669	0.0021604912895868	0.00295534708343477
Visa_mfinanciacion_limite_rank_delta1	0.00135384647818662	0.00241433260088774	0.00404803288248249
chomebanking_transacciones_lag1	0.00135377094070852	0.00194328366830774	0.00315916412367165
Visa_mconsumospesos_rank_tend6	0.00134761004351908	0.0020101444160511	0.0036573835553618
thomebanking_lag1	0.00134718409303907	0.00133926041221977	0.00281946905661018
rf_014_022	0.00134189536329234	0.00134702416798794	0.00374230732212717
Master_mlimitecompra_rank_lag2	0.00133476079934635	0.00185450103680129	0.00354981345079234
mrentabilidad_rank	0.00132280157663903	0.00194899463119822	0.00195324663560344
vm_fechaalta_lag2	0.00131757652888953	0.00183580062846069	0.00245712765174462
vm_mconsumosdolares_rank_lag2	0.00131302255316793	0.00111760815515658	0.000724682809731131
mcuenta_corriente_rank_delta2	0.00131294063716044	0.00193974843246453	0.000956807772223134
Visa_Fvencimiento_lag1	0.00130600419244741	0.00166186260314085	0.00280814588770813
ctrx_quarter_delta2	0.00130463424570037	0.00152465847727342	0.00202118564901573
rf_002_021	0.00130059352567015	0.00073789328313658	0.00113231689020489
mrentabilidad_annual_rank_tend6	0.00129922961150851	0.00262536971170351	0.00232124962492003
Master_mpagospesos_rank_lag1	0.0012912610922426	0.00181131828730529	0.00239485022278335
Master_mfinanciacion_limite_rank_delta1	0.00128845684960108	0.00214114012269191	0.00390083168675586
Visa_mlimitecompra_rank_lag2	0.00128768492386544	0.00155388954507767	0.00275719162764891
ctarjeta_visa_transacciones_delta2	0.00128701036209156	0.00110249602414942	0.00073600597863318
mpasivos_margen_rank_tend6	0.0012791279378168	0.00199003866470614	0.00190795395999524
ctrx_quarter_lag2	0.00127628208437001	0.00156286856141107	0.00191927712889729
chomebanking_transacciones	0.00127537059952267	0.0022525098623767	0.00228728011821388
ctrx_quarter_delta1	0.00126460288322572	0.00177367098671637	0.00095114618777211
mcomisiones_rank_lag1	0.00125783365901889	0.00174988780319267	0.00287608490112043
rf_016_021	0.00125341179698159	0.0010591507132583	0.00171546008866041
chomebanking_transacciones_delta2	0.00125152943050885	0.0024528922253682	0.00284777697886531
chomebanking_transacciones_lag2	0.00123445895451623	0.00153799728352553	0.00275719162764891
thomebanking_lag2	0.00123367429542032	0.00146284172389438	0.0034252585928698
vm_fechaalta_tend6	0.00123231784501207	0.000883038602407316	0.000696374887476009
vm_mpagospesos_rank_delta2	0.00123220034103932	0.00110817018117023	0.00155693572403173
vm_Fvencimiento_tend6	0.00122889822961375	0.00081166991791372	0.000747329147535229
rf_001_017	0.0012104651466892	0.00154309390900105	0.00320445679927985
Visa_mfinanciacion_limite_rank_lag1	0.00120914209031135	0.00182154760031401	0.00255903617186306
rf_004_026	0.00120892739533319	0.000473534572744554	0.000435942002728884
Visa_mconsumototal_rank_delta2	0.0012068126274956	0.0015877642312005	0.00315916412367165
rf_019_021	0.00120660004012801	0.00130730414548945	0.0024288197294895
Visa_msaldototal_rank_delta2	0.00120363369322338	0.000879293765472131	0.00169281375085631
rf_012_020	0.00120357403366643	0.00049468866298238	0.000311387144806346
vmr_mconsumosdolares	0.00119994670536498	0.000759129090099692	0.000577481614004495
ctrx_quarter_normalizado_lag2	0.00119784664537753	0.00154293593872138	0.00176641434871963
Visa_msaldopesos_rank_lag1	0.00119246600803334	0.00163104711318097	0.00231558804046901
mcuenta_corriente_rank_delta1	0.00118901972692493	0.00161727807580835	0.00114930164355797
mpayroll_sobre_edad_rank_delta2	0.00117167382612754	0.000970425098788986	0.00041895724937581
vm_fechaalta_lag1	0.00116888086980776	0.00159208203421421	0.00249109715845076
Visa_msaldopesos_rank_delta2	0.00116084922630236	0.00147032147172185	0.00249675874290179
vm_msaldototal_rank_tend6	0.00116058746713835	0.00142833053988872	0.00191361554444627
rf_017_026	0.00115766002321289	0.000781942701856509	0.00123988699477436
Visa_mpagospesos_rank_delta1	0.0011558758718184	0.0013736338627619	0.00260432884747125
Visa_msaldototal_rank_lag1	0.00115052323934915	0.00130048597996332	0.00221367952035057
mcuenta_corriente_rank_tend6	0.0011501008878611	0.00275146403069455	0.00172678325756246
Visa_mconsumototal_rank_delta1	0.00114890890093697	0.0014867532278125	0.00336298116390853
rf_020_015	0.00114605673559914	0.000476342129613149	0.000435942002728884
Visa_mconsumospesos_rank_delta1	0.00114452254243705	0.00130148184163711	0.00280248430325711
thomebanking	0.00114405600615446	0.00180221369498727	0.00219669476699749
Visa_mconsumospesos_rank_lag1	0.00114134450861628	0.00100478254454877	0.00214007892248725
rf_005_013	0.00113823520662657	0.000691936909988418	0.000362341404865566
cdescubierto_preacordado_tend6	0.00113789401829793	0.00178906166249334	0.000209478624687905
Visa_msaldototal_rank_lag2	0.00113782268456837	0.00134248004093659	0.00202118564901573
Visa_mconsumospesos_rank_lag2	0.00113589021953478	0.00167362737495663	0.00315350253922063
cproductos_delta2	0.00112121892413427	0.00102636796880077	0.000220801793589954
mrentabilidad_rank_tend6	0.0011202241529406	0.00202013183626755	0.0015965668151889
mrentabilidad_annual_rank	0.00111393559398286	0.00150457191114833	0.00141539611275612
Master_mfinanciacion_limite_rank_delta2	0.00111388504672893	0.00167070598920328	0.00322144155263292
mtransferencias_recibidas_rank_lag1	0.00111162092056084	0.00162592912234695	0.00130782600818665
Visa_mpagominimo_rank_tend6	0.00110527735561934	0.0017377940356345	0.00230992645601798
rf_007_023	0.0011041352673224	0.00125826954485062	0.00302894768129809
Visa_mlimitecompra_rank_tend6	0.00108082704381183	0.0017820026814199	0.00267792944533457
mtransferencias_recibidas_rank_delta2	0.00108071380607449	0.00205844654141036	0.0023608807160772
vm_Finiciomora_lag1	0.00107344730487263	0.00264854948415405	0.000464249924984006
Visa_mpagominimo_rank_lag2	0.00107258698778694	0.00167650213139216	0.00257035934076511
Visa_mpagominimo_rank_delta2	0.00107240864240193	0.00154558385814547	0.00227595694931183
mprestamos_personales_rank_lag2	0.00107151256992053	0.0025257185505444	0.000702036471927034
vm_fultimo_cierre_tend6	0.00107037772278317	0.001101485337533	0.00135311868379485
Visa_msaldopesos_rank_delta1	0.00106773143271527	0.00165094667470968	0.00278549954990404
Visa_mlimitecompra_rank_delta1	0.00106555141447378	0.0015423059812544	0.0029383623300817
vmr_msaldototal	0.00106435816914356	0.00079260645237085	0.00147767354171739
Visa_msaldopesos_rank_tend6	0.00106159592027521	0.00142952864148055	0.00222500268925261
Master_cconsumos	0.00105850878097315	0.00142553452493047	0.00290439282337555
mtarjeta_visa_consumo_rank_delta1	0.00105632301538903	0.00108318148358338	0.000877545589908792
vm_Fvencimiento_lag2	0.00104994777672729	0.00142436061005299	0.00216272526029135
Master_Fvencimiento_lag1	0.00104990138208525	0.00128811687372155	0.00276285321209994
ccomisiones_otras_delta2	0.00104775902719533	0.00136518023418769	0.00218537159809544
rf_013_015	0.0010417870258378	0.000639946451757316	0.000707698056378058
mpayroll_rank_delta2	0.0010415232599164	0.000966475687904998	0.000458588340532982
vmr_mpagominimo_delta1	0.00104072422883295	0.00105074448346259	0.00116628639691104
Master_mconsumosdolares_rank_tend6	0.00103762003775867	0.00199644319381397	0.00339128908616365
Master_msaldopesos_rank_delta2	0.0010373537124552	0.000985683016948224	0.00159090523073787
Visa_mconsumosdolares_rank_tend6	0.00103373940762775	0.00159599038154603	0.00254771300296101
Visa_fechaalta_lag1	0.00102940931265877	0.00152471359630752	0.00241749656058745
cprestamos_personales_lag1	0.00102533525284359	0.00112088559601992	0.000181170702432783
vm_Fvencimiento_lag1	0.00102411880456432	0.00117163753032426	0.00214574050693827
Visa_cconsumos_lag1	0.00102119932404376	0.00132548211567018	0.00245146606729359
rf_003_017	0.00101841648064977	0.00104522132027787	0.000803944992045474
rf_006_021	0.00101659670996062	0.00116834777808988	0.00318181046147575
rf_019_019	0.00101622331387511	0.00113223942452981	0.00130216442373563
mv_status07_rank_delta1	0.00101160202589023	0.000687077201459372	0.000237786546943027
matm_rank_lag2	0.00101115098866377	0.000700111891198065	0.000905853512163914
mcomisiones_mantenimiento_rank_lag2	0.00100795895402826	0.0014984439518612	0.000883207174359816
vmr_Master_mlimitecompra_lag2	0.00100772881606889	0.00142011311009767	0.0021514020913893
cproductos_tend6	0.00100729402605237	0.00140738004894949	0.000254771300296101
Visa_mconsumototal_rank_lag2	0.00100702772841577	0.00159587211543797	0.00300063975904297
vmr_Master_mlimitecompra_lag1	0.00100662654231501	0.00148453592423926	0.0021514020913893
cliente_edad_lag2	0.000998677406190118	0.00194911802704422	0.00152862780177661
cliente_edad_lag1	0.00099841185022332	0.00144547456009149	0.00133047234599075
Master_mlimitecompra_rank_lag1	0.000993876103219794	0.00137789349454744	0.00283079222551223
cpayroll_trx	0.000991604173930626	0.000378269645303195	3.39695067061468e-05
Visa_cconsumos_delta1	0.000990056778848495	0.0014180314624441	0.00255903617186306
tcallcenter	0.000987791342430558	0.00135030673858922	0.000996438863380306
mpayroll_rank_lag1	0.000987000689207361	0.000916636026194815	0.000328371898159419
vmr_mpagominimo_lag1	0.000983692479087888	0.00120606992155526	0.00192493871334832
Visa_mpagominimo_rank_delta1	0.000978806287316912	0.00169709961941547	0.00241183497613642
Visa_mfinanciacion_limite_rank_lag2	0.000974383370071852	0.0017153659493321	0.00234955754717515
vm_fultimo_cierre_delta1	0.000971512923233496	0.000729106221596662	0.000990777278929281
rf_002_017	0.000971195907029994	0.000938636574489112	0.00109834738349875
mextraccion_autoservicio_rank_delta1	0.000971121961516793	0.00093886633545117	0.000469911509435031
tcallcenter_delta2	0.00096559798651025	0.00114904978092867	0.00100776203228235
ctarjeta_visa_transacciones_lag2	0.000960834147939392	0.00127212360762949	0.00162487473744402
vm_mconsumototal_rank_lag1	0.000956940296998822	0.000872385521747878	0.0010643778767926
ccomisiones_mantenimiento_tend6	0.000951844172746075	0.00254263414351697	0.000441603587179908
Master_mpagominimo_rank_lag2	0.000942968223177308	0.00144799023487164	0.00192493871334832
mcuenta_corriente_rank_lag1	0.000939717035924494	0.00219370926665933	0.00138142660604997
Master_mconsumospesos_rank_tend6	0.000936326736442385	0.00199481706688893	0.00245146606729359
mactivos_margen_rank_tend6	0.000934118587690752	0.00157192511373335	0.00164185949079709
cmobile_app_trx_tend6	0.00093073489523115	0.00302482676489241	0.00163053632189505
vmr_mpagospesos_tend6	0.000927821417395002	0.00138246180831315	0.001619213152993
vm_mpagospesos_rank_tend6	0.000926064767001515	0.0012183966561617	0.00143238086610919
mcomisiones_mantenimiento_rank_delta1	0.000917854700201851	0.00135201863473251	0.00105305470789055
Master_mpagominimo_rank_delta1	0.00091508463191414	0.000961061711192196	0.00151730463287456
Visa_msaldototal_rank_tend6	0.000914848078820067	0.00139265041685137	0.00186832286883807
rf_018_015	0.000911449203664765	0.000529232626013441	0.000679390134122936
active_quarter_lag1	0.00091023001350288	0.000535544742892397	0.000452926756081957
Visa_mpagosdolares_rank_lag2	0.000909161793721002	0.000981900348195777	0.00190795395999524
rf_007_021	0.000909155435045314	0.00122177989786992	0.00187964603774012
ccomisiones_otras_lag1	0.000908500736295762	0.00155070785077287	0.000928499849968012
Visa_cconsumos	0.000905783897337758	0.00117196811628541	0.00243448131394052
mcaja_ahorro_rank_lag1	0.000897864445672508	0.00174245178638109	0.000883207174359816
vm_Finiciomora	0.000896015980012438	0.00207642945330615	0.000464249924984006
vmr_mconsumospesos_delta2	0.000895065834451754	0.00164609332705567	0.00123988699477436
Visa_mconsumosdolares_rank_delta2	0.00088767380341919	0.00122068795620463	0.00219669476699749
rf_013_023	0.000885281272299325	0.00128146942587385	0.00303460926574911
mcaja_ahorro_rank_delta2	0.000878727248195424	0.00204839043400298	0.0018739844532891
tcallcenter_delta1	0.000877019675969948	0.00064187423292156	0.00036800298931659
ccallcenter_transacciones_tend6	0.000876833472179841	0.00134524776539013	0.000486896262788104
Master_mconsumototal_rank_delta2	0.000876370200385409	0.000980093167170359	0.00143238086610919
vmr_mpagominimo_tend6	0.000875879166166344	0.00113844515064402	0.00151730463287456
Master_cconsumos_delta2	0.000872119380791087	0.00108262785661686	0.00212309416913417
Visa_Fvencimiento_tend6	0.000871880087112607	0.000589557985034278	0.00090019192771289
Master_fultimo_cierre_lag2	0.000870857759707089	0.00116641191758839	0.00193060029779934
Master_msaldototal_rank_lag1	0.000869629776745046	0.00122854951042651	0.00170979850420939
ctarjeta_visa_debitos_automaticos_tend6	0.000865985439895825	0.00126269589311901	0.000413295664924786
ccaja_seguridad_lag2	0.000864902366113584	0.000751523843233672	0.000107570104569465
mcaja_ahorro_dolares_rank_delta2	0.00086463294436275	0.00186363651014168	0.000781298654241376
mautoservicio_rank_delta2	0.000863165398078079	0.00138286149184427	0.00166450582860119
vmr_mpagominimo_delta2	0.000862117301157313	0.00127155507877427	0.00158524364628685
vm_mlimitecompra_rank	0.000857982350804663	0.00117011941003142	0.00191361554444627
mttarjeta_visa_debitos_automaticos_rank_delta2	0.00085466597969961	0.0013963708105853	0.00147201195726636
Visa_msaldopesos_rank_lag2	0.00084935115265979	0.00118253163172052	0.00200986248011368
Master_status	0.00084728540052617	0.00153115000673662	0.0010417315389885
Visa_cconsumos_delta2	0.000844344443213462	0.00169926054716881	0.00198155455785856
vmr_msaldototal_lag2	0.000843508223149079	0.000934536734040212	0.00152862780177661
rf_012_019	0.00083929570443058	0.00082999947185039	0.00167016741305222
vm_mlimitecompra_rank_lag2	0.000836748174324124	0.00100414330225614	0.00197023138895651
Visa_fultimo_cierre_tend6	0.000832565136058044	0.00151614259932938	0.00148899671061943
Master_msaldopesos_rank	0.000831511147884824	0.000964727114135474	0.00153995097067865
Master_cconsumos_lag2	0.000817520114728009	0.00126007300681603	0.00222500268925261
mextraccion_autoservicio_rank_lag2	0.000805352803575795	0.00112562670500793	0.00156825889293378
Master_msaldopesos_rank_lag2	0.000802850512506043	0.00124138411473709	0.00186266128438705
mtransferencias_recibidas_rank_lag2	0.000801157910785175	0.00128959357138058	0.00169281375085631
Master_msaldototal_rank_delta2	0.000800400743975525	0.000922628047426698	0.00177207593317066
Master_mconsumospesos_rank_lag1	0.000793180951140587	0.00130864508463406	0.00203250881791778
mpasivos_margen_rank	0.000791638586214013	0.00199198239935535	0.00165884424415017
vm_status02_tend6	0.000790404554551962	0.00130730755676518	0.00109268579904772
vmr_Visa_mlimitecompra_lag2	0.000788459276897035	0.00120413247083501	0.00184567653103398
Master_mconsumospesos_rank_delta1	0.000788053520746936	0.00126532231894116	0.00203250881791778
ccajas_transacciones_delta2	0.000782713952253963	0.00116448244361063	0.000798283407594449
vm_mpagominimo_rank_tend6	0.000782451694828381	0.0011293904450274	0.00146635037281534
Visa_msaldototal_rank_delta1	0.000780928743753449	0.00100362222347681	0.00164752107524812
rf_005_019	0.000779708148703556	0.00104426901007913	0.00203817040236881
Master_msaldototal_rank	0.000779040885789443	0.00118001875264754	0.00200986248011368
cmobile_app_trx_lag2	0.000778418413589317	0.0016539800939395	0.00154561255512968
vmr_Master_mlimitecompra	0.00077772606408804	0.00133750406689727	0.00198155455785856
thomebanking_delta2	0.000777547045351925	0.0013507894212801	0.00114930164355797
vm_mfinanciacion_limite_rank_delta2	0.000777175512339402	0.00145292424765466	0.00191927712889729
rf_020_025	0.000773750453777439	0.0016881674375894	0.00103040837008645
rf_003_025	0.000770339433952021	0.000948301231594759	0.00125121016367641
Master_mconsumototal_rank_lag1	0.000769032609733717	0.00116096603390564	0.00181170702432783
vm_msaldopesos_rank_lag1	0.000767144566748173	0.00104971571451995	0.00114930164355797
vm_mlimitecompra_rank_tend6	0.000765592258704481	0.0018730102598091	0.00179472227097476
rf_014_021	0.000765555686327158	0.000884401727668487	0.0021287557535852
Visa_mconsumosdolares_rank	0.000762425943797617	0.00111392764513508	0.00219669476699749
Master_Fvencimiento_delta1	0.000760057090849807	0.000789640822627822	0.00130782600818665
mtransferencias_emitidas_rank	0.000754493514465439	0.00218177254602801	0.0010870242145967
vm_msaldototal_rank_delta2	0.000753903520371089	0.0010739975598682	0.00163053632189505
vm_mlimitecompra_rank_delta1	0.000746002750290846	0.00166336553940941	0.00213441733803622
mtransferencias_emitidas_rank_tend6	0.000743022316366353	0.00145530498467847	0.0010417315389885
cliente_antiguedad_lag2	0.000742174131190602	0.00137039415112107	0.00137576502159894
mcuenta_debitos_automaticos_rank_delta2	0.000740714384830207	0.00188100675178733	0.00058314319845552
vm_mpagominimo_rank_lag2	0.000739067862582429	0.0010404470731828	0.00153995097067865
rf_013_016	0.000738917610029082	0.000774186204667509	0.000141539611275612
Master_mconsumototal_rank_tend6	0.000737344648691201	0.00188014980341679	0.00183435336213193
Master_mpagospesos_rank_tend6	0.000735236295155469	0.00124643246937866	0.00176641434871963
ccaja_seguridad_lag1	0.000733335108428452	0.000765380188745925	7.92621823143425e-05
Master_fultimo_cierre	0.000733217388858173	0.00115126595595956	0.00191927712889729
vm_msaldopesos_rank_delta1	0.000732884956866196	0.00140265566290714	0.00130216442373563
internet_lag1	0.000730616875023825	0.0015613060688851	0.000220801793589954
mcuenta_debitos_automaticos_rank_lag1	0.00072844708049639	0.00142544426719153	0.000809606576496498
vmr_msaldototal_delta2	0.000727292532784316	0.00105278693991835	0.00151730463287456
rf_016_015	0.000725802373924142	0.000904815724965901	0.00156259730848275
vmr_Visa_mlimitecompra	0.000723193632502602	0.00104772632520312	0.00169847533530734
Master_mpagominimo_rank_tend6	0.000722036243539247	0.0013674514769553	0.00154561255512968
chomebanking_transacciones_tend6	0.000721773049162219	0.00145600137225168	0.00146068878836431
mpagomiscuentas_rank_tend6	0.000721748711644273	0.00194081018562209	0.000764313900888303
Master_mpagospesos_rank_delta2	0.000721402103933945	0.00132440820503372	0.00161355156854197
vmr_msaldopesos_tend6	0.000717754019131503	0.001287743095367	0.00124554857922538
cliente_antiguedad_lag1	0.000716575330120021	0.00152209886628786	0.00135311868379485
rf_013_021	0.000714529707923621	0.000612543289119742	0.000617112705161667
Master_msaldototal_rank_delta1	0.000713136665422996	0.00160232827535811	0.00181736860877885
ctrx_quarter_normalizado	0.000712120175768574	0.00119655879750597	0.000605789536259618
mcaja_ahorro_dolares_rank_tend6	0.0007117827465047	0.00131463687502774	0.000758652316437278
vm_msaldopesos_rank_delta2	0.00070450877568622	0.00123639713740991	0.00156825889293378
vmr_msaldopesos2_tend6	0.000704112647017122	0.00141541937423947	0.00154561255512968
mcaja_ahorro_rank_delta1	0.000702696774260309	0.00260550239057771	0.00095114618777211
vm_mlimitecompra_rank_lag1	0.000699171854824857	0.000940751873223529	0.00160222839963992
vm_mpagominimo_rank_delta2	0.000697373845188634	0.00155286090437848	0.00151730463287456
vm_mconsumototal_rank_delta2	0.000697285218833096	0.0009997175695563	0.00152296621732558
Master_mconsumospesos_rank_lag2	0.000697146204225326	0.00136406228475107	0.00176075276426861
mtarjeta_visa_consumo_rank_tend6	0.000696355762786463	0.0009540582338832	0.00104739312343953
cliente_edad	0.000692590087567006	0.00215020608808329	0.000985115694478257
vmr_Master_mlimitecompra_tend6	0.000692002830929313	0.00199700236089745	0.00152862780177661
vmr_msaldopesos2	0.000689951493959031	0.000935686154419058	0.00151730463287456
vmr_msaldopesos_lag1	0.00068989181030674	0.000904117465038341	0.00128517967038255
rf_008_024	0.000689703517181792	0.0011427856270994	0.00248543557399974
vmr_mconsumospesos_lag2	0.000687483295497785	0.00100662240200483	0.00168715216640529
Master_mpagominimo_rank	0.000687020141009701	0.0011021504593535	0.001851338115485
vm_mfinanciacion_limite_rank_tend6	0.00068504868331811	0.00185887988369642	0.0015739204773848
vm_mfinanciacion_limite_rank_lag1	0.000682195853960036	0.00114122523776598	0.00175509117981758
vmr_Visa_mlimitecompra_lag1	0.00068147924036118	0.000956625770313868	0.00137010343714792
mpagomiscuentas_rank_lag2	0.000680448753088595	0.00122722311408895	0.00113797847465592
rf_017_027	0.000677698132968859	0.000479479246495306	0.000600127951808593
Master_msaldototal_rank_tend6	0.00067435832393783	0.00111268293987412	0.00173810642646451
ctrx_quarter_tend6	0.000673999483849187	0.00121330003068617	0.000775637069790352
ccajas_consultas_tend6	0.00067376894049682	0.00237549184111981	0.000492557847239128
mcaja_ahorro_dolares_rank	0.000673708955749452	0.00168525872228875	0.000752990731986254
vmr_msaldototal_lag1	0.000671564450219735	0.00101687436280652	0.00120025590361719
cmobile_app_trx_lag1	0.000668981183680615	0.00129637898353	0.0010417315389885
Visa_mpagado_rank_tend6	0.000667651485115244	0.00121273129664144	0.00123422541032333
ccomisiones_otras_tend6	0.000666186356267517	0.00131294703675756	0.00121157907251924
mtransferencias_recibidas_rank_tend6	0.000662162215606254	0.00163847546103434	0.00132481076153972
mcuenta_debitos_automaticos_rank	0.000660002084880668	0.00140841189573489	0.000447265171630933
vmr_mconsumospesos	0.000657294791102101	0.000669585513268134	0.000888868758810841
Master_msaldopesos_rank_tend6	0.000651160380335764	0.0011355222003206	0.0015965668151889
vmr_msaldopesos_lag2	0.000636662832897498	0.00112465151617801	0.00160788998409095
vmr_msaldopesos	0.000636458555095123	0.000871775313771953	0.00138708819050099
vm_mlimitecompra_rank_delta2	0.000633866509473509	0.0012473951929454	0.00170413691975836
vmr_msaldopesos2_delta2	0.000633436847646273	0.00143090905395856	0.00153995097067865
Visa_fechaalta_tend6	0.000632571689454373	0.000722154939371143	0.000605789536259618
Visa_mpagosdolares_rank_tend6	0.000631002576014636	0.00145756401866979	0.00182303019322988
vm_mpagominimo_rank	0.000630421182955966	0.00101307432989117	0.00144936561946226
Master_fechaalta_delta1	0.000624508596997469	0.000754915677252937	0.00095114618777211
Master_mpagominimo_rank_lag1	0.000622342597369228	0.000911390740913969	0.001619213152993
Visa_mpagosdolares_rank_lag1	0.000620377706756141	0.000928091936489596	0.00171546008866041
Master_mpagado_rank_tend6	0.000620356095016191	0.00122874438917062	0.0010870242145967
vm_mconsumospesos_rank_delta2	0.000620316904762137	0.00105143510008063	0.00137576502159894
vm_msaldototal_rank_delta1	0.000619983512374263	0.00107115181210069	0.00120591748806821
rf_020_027	0.000619277248704929	0.000646293220016016	0.000673728549671911
Master_mconsumototal_rank_delta1	0.00061906472636843	0.0011368879930455	0.00164752107524812
Master_cconsumos_tend6	0.000618288311040975	0.00103841628688084	0.00181170702432783
vm_mpagospesos_rank_delta1	0.000614863616538815	0.00141265821585049	0.00140973452830509
rf_019_023	0.00061441211012155	0.000709031915545229	0.000905853512163914
Visa_fultimo_cierre_delta1	0.000609321325263866	0.00120988883190621	0.00119459431916616
mextraccion_autoservicio_rank_delta2	0.000608077439315753	0.00196365685853989	0.00122290224142128
thomebanking_tend6	0.000607844975608799	0.00247977571990439	0.000435942002728884
Master_mpagospesos_rank_lag2	0.000605239213037706	0.00135998614369142	0.00153995097067865
Visa_Finiciomora_tend6	0.000604314348132353	0.00263451841976777	0.000475573093886055
mtransferencias_recibidas_rank_delta1	0.000603667381742415	0.00125083468223007	0.00137576502159894
Master_mpagospesos_rank_delta1	0.000603608601322347	0.00101135768874029	0.00169847533530734
Master_msaldopesos_rank_lag1	0.000603213343767988	0.000695863134456945	0.00125687174812743
rf_019_016	0.000603144343682435	0.000848356315992868	0.00146068878836431
ccomisiones_otras_lag2	0.000600297500056072	0.0011933134688021	0.00144370403501124
mplazo_fijo_dolares_rank_tend6	0.000599189392261956	0.00172567697906611	0.000226463378040979
ccomisiones_otras_delta1	0.000598341743578771	0.00123444519518	0.00135311868379485
mttarjeta_visa_debitos_automaticos_rank_tend6	0.000596801623238551	0.00277252955600695	0.000888868758810841
rf_002_015	0.000592834574532292	0.00104749117801623	0.00113797847465592
rf_016_023	0.000592760927159192	0.000608721018790445	0.000186832286883807
mplazo_fijo_dolares_rank	0.000592465440429085	0.00190829267426443	0.00021514020913893
Visa_Fvencimiento_delta2	0.00059191118935915	0.000505158637646268	0.000588804782906544
mpayroll_sobre_edad_rank_tend6	0.000591580661918856	0.00108138117640679	0.000362341404865566
vm_fultimo_cierre_lag2	0.000591507577455206	0.00130056451625109	0.00124554857922538
Visa_fultimo_cierre_lag1	0.000591436597444772	0.00107994515756958	0.00108136263014567
Master_cconsumos_delta1	0.000590414873118146	0.000953179355882987	0.00191927712889729
vm_msaldopesos_rank_tend6	0.000590092488030785	0.00105603288419077	0.00145502720391329
mttarjeta_visa_debitos_automaticos_rank	0.000587662764780755	0.00107923497100132	0.00124554857922538
vm_msaldototal_rank_lag1	0.000586053531301327	0.00092688744837403	0.00117760956581309
ctarjeta_debito_transacciones_lag1	0.000585415505474648	0.000624723184977821	0.000305725560355321
mcomisiones_mantenimiento_rank_lag1	0.000584808795553596	0.00123397133563835	0.00112099372130284
cliente_antiguedad	0.000583854313926889	0.00130437352620782	0.0010643778767926
Master_mpagominimo_rank_delta2	0.000583598703077977	0.00116438287539733	0.00142105769720714
Master_fultimo_cierre_lag1	0.000582344121245729	0.00089143177701998	0.00138708819050099
numero_de_cliente	0.000576835509635053	0.00275651872056247	0.00095114618777211
rf_009_021	0.000576820644695239	0.00084790305234903	0.000888868758810841
mcomisiones_mantenimiento_rank_delta2	0.000576733451916573	0.0023870609390821	0.00109268579904772
vm_msaldopesos_rank_lag2	0.000576178767585984	0.000742935661633451	0.00105305470789055
vmr_msaldopesos_delta2	0.000574312705601575	0.000916214772115685	0.00122856382587231
vmr_msaldototal_tend6	0.000573388706323821	0.000975647505438647	0.00133613393044177
vm_fultimo_cierre_lag1	0.000571958957879293	0.00152771949449333	0.00121724065697026
mttarjeta_visa_debitos_automaticos_rank_lag2	0.000568382412704462	0.000895584992392082	0.00121157907251924
ccaja_ahorro	0.000567506847014458	0.00132279818548579	0.000107570104569465
mtarjeta_visa_consumo_rank_lag2	0.0005671411712476	0.00114236203898951	0.00109834738349875
cpayroll_trx_tend6	0.000566540979692817	0.00125496822505719	0.000288740807002248
mtarjeta_master_consumo_rank_lag2	0.000564503445683975	0.00141761520985945	0.00115496322800899
Master_Fvencimiento_delta2	0.00056447776293645	0.000785944230877905	0.00117194798136206
rf_017_025	0.000561378029937769	0.000798507164267508	0.00140407294385407
vm_mfinanciacion_limite_rank_delta1	0.000559803901232132	0.00130306146748779	0.001619213152993
rf_011_027	0.000559774607801119	0.000892245738186639	0.0018966307910932
vmr_mpagospesos	0.000559349105509014	0.00105252578496013	0.00123422541032333
mcaja_ahorro_dolares_rank_delta1	0.000559303144885579	0.00141322133283218	0.000679390134122936
ctransferencias_recibidas_tend6	0.000555771740382143	0.00162644589214641	0.00102474678563543
mtarjeta_master_consumo_rank_delta2	0.000555518867577868	0.00101015109743217	0.000883207174359816
tcallcenter_lag2	0.000550876138198506	0.00138732097821972	0.00135878026824587
vm_cconsumos_tend6	0.00055080572962022	0.00109418897783667	0.000769975485339327
Master_mconsumospesos_rank_delta2	0.000550747779630437	0.00115306482680953	0.00139274977495202
mtransferencias_emitidas_rank_delta2	0.000547858859268521	0.00155828883397846	0.000792621823143425
ccajas_transacciones_lag2	0.000546076089666134	0.00101112515771974	0.00152296621732558
rf_004_022	0.000545361452837089	0.000570393720141006	0.000520865769494251
rf_002_024	0.000544112125980839	0.000655078101417312	0.00174376801091554
vm_mpagominimo_rank_delta1	0.000543338356573268	0.00145381023034191	0.00116628639691104
ctarjeta_visa_delta2	0.00054282601160292	0.000610438044671675	0.000107570104569465
vmr_msaldototal_delta1	0.000542635965355727	0.000788592688924481	0.00135311868379485
Master_fultimo_cierre_delta2	0.000541068342924989	0.000521850214963269	0.00121157907251924
rf_014_015	0.000540226807618507	0.000800743524817165	0.00100776203228235
ctrx_quarter_normalizado_lag1	0.000539650737283962	0.00106948085126611	0.000837914498751621
vmr_mpagospesos_delta2	0.000537357394131306	0.000908486770620907	0.000985115694478257
vm_cconsumos	0.000536247762640404	0.000457287948895939	0.000181170702432783
vm_mconsumospesos_rank_lag1	0.000535342865836369	0.000901088893410865	0.00111533213685182
mcomisiones_mantenimiento_rank	0.000535240613670343	0.0012244948886175	0.000968130941125183
vm_msaldototal_rank_lag2	0.000535197607740403	0.000656008199850795	0.00103606995453748
vm_mconsumototal_rank_tend6	0.00053440764643923	0.000747247488502468	0.00111533213685182
rf_007_015	0.000534303431751368	0.000551348619059939	0.000413295664924786
rf_014_023	0.000533953034111899	0.000884898568436073	0.001619213152993
Master_msaldodolares_rank_delta2	0.000533187775031511	0.000388286176782417	0.000679390134122936
rf_007_016	0.000533162774903883	0.000954348782239775	0.0013191491770887
mttarjeta_visa_debitos_automaticos_rank_delta1	0.000531403189451076	0.00150385531240766	0.0011096705524008
Master_delinquency_delta2	0.000531080259147762	0.00151857630089735	0.000696374887476009
mautoservicio_rank_tend6	0.000527971362283598	0.00141002666029041	0.000894530343261865
rf_016_018	0.000527958169967332	0.000883100826128454	0.000911515096614939
rf_014_019	0.000522771283344889	0.000500091764650762	0.00021514020913893
Master_cconsumos_lag1	0.000522602852204074	0.000857810115220743	0.00167582899750324
mpayroll_rank_tend6	0.000518971649345699	0.00137909072408383	0.000328371898159419
rf_012_013	0.00051554483927658	0.00101610018275754	0.000600127951808593
Visa_fultimo_cierre	0.000513197372216946	0.000917096471471761	0.0010190852011844
Master_msaldopesos_rank_delta1	0.000511277151483974	0.00114130546686727	0.00130216442373563
Visa_mpagosdolares_rank	0.000506783159079962	0.000715565047183067	0.00153995097067865
vmr_msaldopesos2_lag1	0.000506135473331655	0.000758250545532445	0.00130216442373563
rf_003_021	0.0005060691548909	0.000713908680452905	0.000656743796318838
Master_fultimo_cierre_delta1	0.000504754440225008	0.000763224006000175	0.00150031987952148
vmr_mpagospesos_lag2	0.000502912245414573	0.000833895276972969	0.00115496322800899
Visa_fultimo_cierre_delta2	0.000501834350118779	0.000635648398234652	0.000928499849968012
ctrx_quarter_lag1	0.000500294882221821	0.000684819372956462	0.000537850522847324
vmr_msaldopesos_delta1	0.00049532544349147	0.000897852336558859	0.00100776203228235
mcaja_ahorro_dolares_rank_lag1	0.000491967030632904	0.00158957215603791	0.000883207174359816
vmr_mconsumospesos_lag1	0.000491804444330841	0.000961002744854646	0.0010870242145967
vm_mconsumospesos_rank_lag2	0.000485223934239764	0.000752092141250678	0.00107003946124362
vm_mfinanciacion_limite_rank_lag2	0.000471278651774379	0.000845576562303875	0.00109834738349875
mcuenta_debitos_automaticos_rank_lag2	0.000464515175523637	0.00130128096109962	0.000679390134122936
cproductos_delta1	0.000462067457949757	0.00110238314426619	0.000152862780177661
mcaja_ahorro_dolares_rank_lag2	0.000457507105142767	0.00104535335973228	0.00095114618777211
Visa_delinquency_tend6	0.000457485038010528	0.00121798655926257	0.000577481614004495
ccajas_transacciones_tend6	0.00045634537445423	0.00107818829927329	0.000379326158218639
Visa_fultimo_cierre_lag2	0.000455912512624	0.000908900432687896	0.000928499849968012
ccajas_transacciones	0.000454342706015731	0.00105257723623161	0.000837914498751621
Master_status_tend6	0.000453121970984455	0.000753369471644905	0.000922838265516988
mpayroll_rank_delta1	0.000452860975389299	0.00100842142674693	0.000254771300296101
vmr_Visa_mlimitecompra_tend6	0.000452485172696099	0.00122972604147034	0.0007869602386924
vmr_mconsumospesos_delta1	0.000449472583455666	0.00103990314142098	0.000673728549671911
rf_008_021	0.000447716045543697	0.000660339827508237	0.000396310911571712
ccaja_seguridad	0.000445815987117672	0.00132279818548579	0.000107570104569465
Master_mpagosdolares_rank	0.000445479634734429	0.0010277525363665	0.00167016741305222
matm_rank_delta2	0.000445016734491705	0.00113436464930713	0.000968130941125183
ccajas_transacciones_delta1	0.000442134311335688	0.00139997968381655	0.000334033482610443
mtarjeta_visa_consumo_rank_lag1	0.000440237085252223	0.000935774796290556	0.000985115694478257
rf_002_020	0.000439456442431924	0.00114975488905638	0.000243448131394052
mextraccion_autoservicio_rank_tend6	0.000439218003653533	0.00165844596683868	0.000645420627416789
ccallcenter_transacciones_delta2	0.000437327351335848	0.00117296066927824	0.000379326158218639
vm_mpagospesos_rank_lag2	0.000432268163768227	0.000803236295317447	0.00105871629234157
vmr_msaldopesos2_delta1	0.000430398993005348	0.000804035867569202	0.00118893273471514
vm_mconsumospesos_rank_delta1	0.000429525829579898	0.000902867142714336	0.00114930164355797
ccajas_consultas_delta2	0.000428830929192839	0.000816702626854586	0.000243448131394052
Visa_mpagosdolares_rank_delta1	0.000428060064666835	0.000756206550155309	0.00113231689020489
rf_011_015	0.000427439480319601	0.000605781191629225	0.0010870242145967
matm_rank_tend6	0.000424607334602476	0.00115895715158466	0.000656743796318838
mpagomiscuentas_rank_delta2	0.000420054620096726	0.00103838261015131	0.000566158445102446
mpayroll_sobre_edad_rank_delta1	0.000418979901948823	0.000996136961181069	0.000277417638100199
cpagomiscuentas_tend6	0.000418688165473442	0.00146392443203139	0.000452926756081957
tcallcenter_tend6	0.000417597110888608	0.00134776828777263	0.00041895724937581
vmr_mpagospesos_delta1	0.000417296468066925	0.000933719259003068	0.00108136263014567
Visa_status_tend6	0.000409764717003633	0.000595826576086865	0.000373664573767615
rf_004_021	0.000407086557035185	0.000868530138960218	0.000520865769494251
rf_010_022	0.000406087404404555	0.000358968416407089	0.000181170702432783
vm_fultimo_cierre	0.00040534398890356	0.000809420938208746	0.000990777278929281
vm_cconsumos_lag2	0.000404193265584336	0.000847890869221437	0.000707698056378058
mttarjeta_visa_debitos_automaticos_rank_lag1	0.00040307346763182	0.000936846013814599	0.00095114618777211
rf_013_025	0.00040185253915032	0.000825344285972768	0.000854899252104694
rf_003_027	0.000400970123663717	0.000928484746171883	0.000820929745398547
Visa_mpagado_rank	0.000400443480426431	0.000909745710904641	0.000719021225280107
rf_006_017	0.000398915216658522	0.00120399065922983	0.000668066965220887
mplazo_fijo_dolares_rank_delta2	0.00039854314021205	0.00101504035325171	0.000175509117981758
rf_010_021	0.000398110553641415	0.000734647390161534	0.000498219431690153
mtransferencias_emitidas_rank_lag2	0.000392478598136498	0.00125130741322937	0.000956807772223134
vmr_mpagospesos_lag1	0.000392161982998504	0.000660114965445905	0.00100210044783133
internet_delta2	0.000390423537514061	0.00123650206619935	0.000203817040236881
cmobile_app_trx	0.00038640328477465	0.00152147624434614	0.000509542600592202
mtransferencias_emitidas_rank_lag1	0.00038480587668657	0.000922756188280286	0.000815268160947523
Visa_mpagado_rank_delta1	0.000384197945130807	0.000918290110191597	0.000481234678337079
Visa_mpagado_rank_lag2	0.000379141127773981	0.000962797640157712	0.000719021225280107
mtarjeta_master_consumo_rank_tend6	0.000377903164647145	0.000856401617427546	0.000379326158218639
Visa_mpagado_rank_delta2	0.00037735853134485	0.00109043005977085	0.000719021225280107
cproductos_lag1	0.000375431690318838	0.000441401714785868	0.000141539611275612
vmr_mconsumosdolares_lag2	0.000374715258850766	0.00060648376053665	0.000764313900888303
cdescubierto_preacordado_lag2	0.000371454619050835	0.000799208681578657	0.000588804782906544
rf_011_018	0.000371155420365454	0.000759218321891052	0.000181170702432783
vm_msaldototal_rank	0.000369569801407979	0.000513355958864617	0.000792621823143425
vm_Fvencimiento_delta1	0.000369400974074451	0.000625370019282595	0.000486896262788104
rf_009_023	0.000364918904430246	0.000728041339298966	0.000905853512163914
Master_msaldodolares_rank_tend6	0.000363222552600348	0.00089085611782904	0.000934161434419036
vm_fultimo_cierre_delta2	0.000362917035255476	0.000496269725159672	0.000600127951808593
rf_015_015	0.000361763513823567	0.000569744551805473	0.000373664573767615
vm_mconsumospesos_rank_tend6	0.000359015241999111	0.000881595068504031	0.000934161434419036
vmr_mconsumospesos_tend6	0.000357395010896055	0.000803990597631935	0.000820929745398547
rf_005_021	0.00035614056557113	0.000636961765037864	0.000430280418277859
mcuenta_debitos_automaticos_rank_tend6	0.000355016445521334	0.00164213709362023	0.000481234678337079
mplazo_fijo_dolares_rank_delta1	0.000354763072446769	0.00101175693624368	0.000124554857922538
rf_016_017	0.000353992524407551	0.000466278763626591	0.000249109715845076
mtarjeta_master_descuentos_rank_delta2	0.000353831030811718	0.000535592295563044	0.000752990731986254
vmr_Master_mlimitecompra_delta2	0.000353257494295688	0.000757239756321263	0.000798283407594449
ccajas_otras_tend6	0.000348561063404964	0.00133249767351201	0.000181170702432783
mtransferencias_emitidas_rank_delta1	0.00034817058871507	0.00151893771658349	0.000622774289612691
vm_status03	0.000344635909997703	0.000503290951361919	0.000809606576496498
rf_013_018	0.000342350778598686	0.000365585521854905	0.000152862780177661
mtarjeta_master_descuentos_rank_delta1	0.000340993206234752	0.000630921242133818	0.000758652316437278
rf_019_018	0.00033836085380344	0.000805732400147386	0.000917176681065963
ctarjeta_debito_transacciones_delta2	0.000338340758687583	0.00138283715123778	0.000713359640829082
cextraccion_autoservicio_tend6	0.00033610698019704	0.0010618554701787	0.00063409745851474
rf_018_025	0.000331501140603587	0.000744013727357636	0.000752990731986254
cextraccion_autoservicio_delta2	0.000329527887339344	0.00113867303925173	0.000679390134122936
rf_017_015	0.000328482485247283	0.000531287650327134	0.00116062481246002
matm_other_rank_lag2	0.000326595271015413	0.000625822590411812	0.000707698056378058
mtarjeta_visa_descuentos_rank_delta1	0.00032548147639208	0.000639741544375547	0.000752990731986254
Master_mpagado_rank_delta2	0.000324387477155625	0.000759264438235078	0.000888868758810841
ctarjeta_debito_transacciones_tend6	0.000323271238434684	0.00202819637421948	0.000600127951808593
ctarjeta_visa_descuentos_delta2	0.000321293488944394	0.000653948635719029	0.000594466367357569
cproductos_lag2	0.000320278156357112	0.000585537860712871	0.000175509117981758
mpagomiscuentas_rank_lag1	0.000319902097800568	0.00106103932887342	0.000639759042965764
rf_018_016	0.00031697734562709	0.000977018863929202	0.000600127951808593
vm_Fvencimiento_delta2	0.000316854814231025	0.000527799736316368	0.0005321889383963
ctransferencias_recibidas_delta2	0.000316260017462536	0.00110139351522398	0.000447265171630933
vm_mconsumototal_rank_delta1	0.000314861050921497	0.000600123757554081	0.000792621823143425
vm_status04	0.000313230354120101	0.000724156563112945	0.00058314319845552
vmr_mconsumosdolares_tend6	0.000311640634709588	0.000968570955012783	0.000549173691749373
Visa_msaldodolares_rank_tend6	0.00031090670955627	0.00113121019391076	0.00073600597863318
vmr_mpagado_tend6	0.000310383852705369	0.000969973091930941	0.000515204185043226
cprestamos_personales	0.000307416861882451	0.000725981775167201	6.22774289612691e-05
vm_mpagospesos_rank	0.000306566780640524	0.000679099638214111	0.000752990731986254
rf_011_028	0.000306346025099823	0.000431860120093255	0.000294402391453272
vm_mconsumospesos_rank	0.000301907073748109	0.000571487841944925	0.000600127951808593
rf_017_021	0.000300835684523422	0.00070695870631056	0.000656743796318838
Visa_delinquency_delta2	0.000299841223769441	0.000881384364518396	0.000651082211867813
ctarjeta_debito_tend6	0.000299062544278683	0.00199181614454892	0.000288740807002248
ccomisiones_otras	0.000297037324189732	0.00106817725661366	0.000628435874063716
matm_other_rank_delta2	0.000291618969287613	0.000765057912960229	0.000566158445102446
mtarjeta_master_consumo_rank	0.000291011852235827	0.00101192973146598	0.000435942002728884
rf_009_018	0.000289434109644618	0.000583884161446435	0.000594466367357569
Master_mpagado_rank_delta1	0.000288168510073005	0.000828836868045054	0.00073600597863318
rf_014_008	0.000286032146433655	0.000281920752939027	0.000186832286883807
rf_015_024	0.00028190079162193	0.0004858093944031	0.000605789536259618
rf_018_023	0.00028143708153088	0.000559199272588716	0.000645420627416789
ctarjeta_master_transacciones_tend6	0.0002800952828684	0.00135844286203401	0.000464249924984006
ctarjeta_visa_debitos_automaticos_lag2	0.000279598678117003	0.000772740849707257	0.000464249924984006
ccaja_ahorro_lag1	0.000276590581589084	0.000548306735762524	0.000107570104569465
ctarjeta_visa_transacciones_lag1	0.000275974650977377	0.00070277820073265	0.000600127951808593
mcuenta_debitos_automaticos_rank_delta1	0.000274341836572981	0.00116927043840336	0.000430280418277859
rf_020_019	0.000273993179496188	0.0010985973463736	0.000441603587179908
cproductos	0.000272552573923782	0.000271251693145925	2.83079222551223e-05
vm_cconsumos_lag1	0.000272286899909514	0.000687831119043515	0.000503881016141177
vm_status04_tend6	0.000269247587013724	0.000210610855242154	0.000118893273471514
vm_mpagado_rank_delta2	0.000267434209050045	0.000843758377990588	0.00036800298931659
tcuentas_lag1	0.00026664337888788	0.00195036527152547	0.000186832286883807
vmr_Visa_mlimitecompra_delta2	0.000264894997538442	0.000660796810212077	0.000396310911571712
vm_status06_delta2	0.000263966151383745	0.000671505805014994	0.00021514020913893
ctransferencias_emitidas_tend6	0.000263954225092547	0.00127431741700298	0.0005321889383963
Visa_msaldodolares_rank	0.000258912501808226	0.000589440488386902	0.000543512107298349
mtarjeta_master_consumo_rank_delta1	0.000252408123142942	0.00116270296317005	0.000339695067061468
rf_014_017	0.000251142350341945	0.000435323975633111	0.000452926756081957
ccaja_ahorro_lag2	0.000249497304296826	0.00134824201907083	0.000186832286883807
catm_trx_tend6	0.000248993274863421	0.0010751299751658	0.000407634080473761
vm_mpagado_rank_tend6	0.000248570300796472	0.00108657690841919	0.000481234678337079
Master_mpagado_rank	0.000248524065704184	0.000448982133720288	0.000645420627416789
ctransferencias_recibidas_lag2	0.000246088732752059	0.00115450900193005	0.000452926756081957
mextraccion_autoservicio_rank	0.000245259627304829	0.000523722158930102	0.000452926756081957
thomebanking_delta1	0.000244715874555544	0.000882119071233977	0.000407634080473761
rf_013_019	0.000242003487104805	0.000538536175217232	0.000481234678337079
Master_mpagado_rank_lag2	0.000236957922682486	0.000649094698145159	0.000594466367357569
minversion2_rank	0.000236623283689412	0.00123742111004758	0.000118893273471514
Visa_mpagado_rank_lag1	0.000234655389240436	0.000501233464774017	0.000549173691749373
vmr_mconsumosdolares_lag1	0.000234598451113918	0.000625492850857421	0.000475573093886055
rf_017_018	0.000234009391062572	0.000926758025085958	0.000249109715845076
rf_018_018	0.000233560267690352	0.000660142717328127	0.00041895724937581
mprestamos_prendarios_rank_lag1	0.000232015564141376	0.00141654945550631	0.000147201195726636
vm_mconsumosdolares_rank	0.000230645496818545	0.000624148859518744	0.000537850522847324
vmr_mconsumosdolares_delta1	0.000227218321831045	0.000479182747642728	0.000260432884747125
matm_rank_delta1	0.000224958443003672	0.00087539888370238	0.000424618833826835
mv_status07_rank_tend6	0.000222100977818849	0.000798992617016882	0.000334033482610443
active_quarter_delta2	0.000222070617348504	0.000778676751606142	0.000294402391453272
rf_019_020	0.000221936001164296	0.000489410034404964	0.000520865769494251
ccajas_extracciones_tend6	0.000221665990193387	0.00153308425137066	0.000226463378040979
ccuenta_debitos_automaticos_tend6	0.000220903249015782	0.000893266889468448	0.000169847533530734
rf_013_026	0.000218670522283292	0.000718061305905144	0.000413295664924786
Master_msaldodolares_rank_delta1	0.000217962150012297	0.000229777172030599	0.000515204185043226
mv_status07_rank_delta2	0.000213213769495926	0.000568013419144925	0.000209478624687905
rf_010_015	0.00021021720653823	0.000574338437314785	0.000384987742669664
rf_004_015	0.00020756028478002	0.000553975147476847	0.00041895724937581
rf_012_018	0.00020609905482004	0.000555165195380129	0.000351018235963517
mtarjeta_master_consumo_rank_lag1	0.000205714320436859	0.000438439932346291	0.000492557847239128
rf_011_025	0.000202860315256206	0.000515386027003262	0.000588804782906544
vm_status01_lag2	0.000201776174305998	0.00159548264008534	0.000452926756081957
rf_008_022	0.000201318585319336	0.000501929775401163	0.000430280418277859
ccajas_depositos_tend6	0.000200759443631772	0.00122437459626295	0.000209478624687905
rf_004_019	0.000200285089818787	0.000714434170806852	0.000356679820414541
ctarjeta_debito_transacciones	0.000199407897004724	0.000532574496385229	0.000164185949079709
Master_mpagado_rank_lag1	0.000199069343802628	0.000358548880790166	0.000475573093886055
rf_014_020	0.000198639167057875	0.00123199448853077	0.000118893273471514
ctarjeta_visa_debitos_automaticos_delta2	0.000194091004543164	0.000463459946983231	0.000226463378040979
rf_007_017	0.000193982996100809	0.00052938320947049	0.000328371898159419
rf_018_020	0.000193767493812317	0.000704933254936055	0.000141539611275612
ctarjeta_debito_delta2	0.000192655855416543	0.000969814865164371	0.000118893273471514
catm_trx_other_tend6	0.000192340927325609	0.000723676188804127	0.000334033482610443
vm_mconsumosdolares_rank_tend6	0.00018981674385826	0.000577283445511318	0.000401972496022737
catm_trx_delta2	0.000188023437547568	0.000794571834514149	0.000384987742669664
rf_017_023	0.000187955407626406	0.000492373330117231	0.000334033482610443
rf_008_017	0.000186885493445508	0.000511436359632377	0.000452926756081957
mcheques_emitidos_rank_lag1	0.000185599433456182	0.00151488076074371	0.000181170702432783
rf_013_022	0.000184981374721882	0.000825397891734177	0.000169847533530734
mforex_sell_rank_tend6	0.00018416332070373	0.00130821652067837	0.000283079222551223
cextraccion_autoservicio_lag2	0.000180281723161355	0.000413831784368063	0.000339695067061468
rf_017_016	0.000180081782630946	0.000653122337532639	0.000283079222551223
mpagomiscuentas_rank_delta1	0.000178767963619447	0.000529321678263973	0.000294402391453272
vmr_mpagado_lag1	0.000177542153596007	0.00114499698017663	0.000356679820414541
mtarjeta_master_descuentos_rank_lag2	0.000177420217018105	0.000519907685802465	0.000390649327120688
ctarjeta_debito_transacciones_delta1	0.000177181766149525	0.00143775017506195	0.00021514020913893
ctarjeta_visa_transacciones_delta1	0.000175948470402538	0.00173520092746023	0.000294402391453272
ccajas_consultas_delta1	0.000174828519268982	0.000473116499102943	5.09542600592202e-05
vmr_Visa_mlimitecompra_delta1	0.000174365464840679	0.000578670039323537	0.000379326158218639
matm_rank_lag1	0.000171661051947194	0.000567322110012265	0.000362341404865566
cpagomiscuentas_delta2	0.000171485617423827	0.000607757602709082	9.62469356674159e-05
vm_msaldodolares_rank_tend6	0.000171146560349889	0.00111136246838387	0.000288740807002248
rf_001_023	0.000169985205797988	0.000427818066142181	0.000283079222551223
ctarjeta_master_transacciones_delta2	0.000169116075922349	0.000682562134373415	0.000311387144806346
mtarjeta_visa_descuentos_rank_lag1	0.000167399491607993	0.000415331283712207	0.000334033482610443
rf_005_008	0.000166555647705813	0.00115379609660069	0.000294402391453272
ccomisiones_mantenimiento	0.000165113562959255	0.000487346699915817	3.96310911571713e-05
vmr_mpagado_lag2	0.000163329363046399	0.000297569454534069	0.000300063975904297
vm_mconsumosdolares_rank_delta1	0.000159562873290142	0.000666587130148398	0.000311387144806346
vmr_mpagado	0.000159465819480735	0.000602191272779644	0.000288740807002248
mprestamos_prendarios_rank_lag2	0.000159070730804525	0.000823472598492831	8.4923766765367e-05
vm_mpagado_rank_lag2	0.000157509108048848	0.000587827775726558	0.000334033482610443
cforex_sell_tend6	0.000155964547965074	0.00121260318143655	0.000192493871334832
vm_cconsumos_delta2	0.000153018021449136	0.000489745185832874	0.000209478624687905
catm_trx_lag2	0.00015295585435161	0.000429706938244196	0.000305725560355321
rf_010_016	0.000152785786978774	0.000308043481690925	0.00031704872925737
rf_002_014	0.000152080185260502	0.000211697256790482	4.52926756081957e-05
vmr_msaldodolares2_tend6	0.000151770746247529	0.000549344635638687	0.000249109715845076
vmr_mconsumosdolares_delta2	0.00015110496155331	0.000656071936844623	0.000311387144806346
vmr_mpagado_delta2	0.000150242115909404	0.000800061577456234	0.000271756053649174
vm_mconsumosdolares_rank_lag1	0.000149529371551682	0.00060161351039615	0.00036800298931659
rf_012_014	0.000148993477274534	0.000454643107314607	0.000384987742669664
mplazo_fijo_dolares_rank_lag2	0.00014792957630169	0.00102040275044959	0.000232124962492003
mplazo_fijo_dolares_rank_lag1	0.000145738528250918	0.000658698131828566	0.000118893273471514
vm_mconsumosdolares_rank_delta2	0.000142348238094592	0.000489703250225264	0.000305725560355321
rf_003_028	0.000140065649466305	0.00028651607477496	8.4923766765367e-05
vm_cconsumos_delta1	0.000139406799341688	0.000292873076860838	9.62469356674159e-05
rf_020_022	0.000134678166646455	0.000848974936739005	0.000311387144806346
rf_004_009	0.00012894614623985	0.000522712370017817	0.000209478624687905
ccallcenter_transacciones_lag2	0.00012835348935119	0.000286692127380851	0.000249109715845076
vm_status04_delta2	0.000127756235478042	0.000743541894062478	0.000175509117981758
mv_status07_rank_lag2	0.000127697193222289	0.000726058028721588	0.000277417638100199
mforex_buy_rank_tend6	0.000126378333312368	0.00182456778481997	0.00021514020913893
vm_mpagosdolares_rank_tend6	0.000124636787733021	0.00068609044507041	0.000203817040236881
active_quarter_tend6	0.000122214952897708	0.000981304400891308	0.000169847533530734
ccomisiones_mantenimiento_delta2	0.000118999964041259	0.000826125339870582	0.000118893273471514
vm_mpagado_rank_delta1	0.000114539929534922	0.000512884202515527	0.000169847533530734
vmr_msaldodolares_tend6	0.000113719427759811	0.000983418981462414	0.000243448131394052
vm_status03_delta1	0.000111137323254371	0.000638577606838349	8.4923766765367e-05
vmr_msaldodolares_lag2	0.00011111649675556	0.000487844643577059	0.000186832286883807
vmr_msaldodolares2_lag2	0.000110501561030378	0.000632038601650577	0.000271756053649174
vm_msaldodolares_rank_lag2	0.00010763948372323	0.000761450912083327	0.000271756053649174
cforex_buy_tend6	0.000107476210722451	0.00119590031869609	0.000141539611275612
matm_other_rank_delta1	0.000102927424588244	0.00069754255935912	0.000186832286883807
matm_other_rank_tend6	0.000101018308542236	0.000868172929659192	0.000209478624687905
ctarjeta_visa_descuentos_lag2	9.97871057656174e-05	0.000401185646629173	0.00021514020913893
vmr_mpagosdolares_tend6	9.97119407292381e-05	0.0006730369291935	0.000175509117981758
ccallcenter_transacciones_delta1	9.88876774167992e-05	0.000459180411814508	9.05853512163914e-05
ctransferencias_emitidas_delta1	9.63525444812786e-05	0.000987236198999846	0.000152862780177661
ccajas_depositos_delta2	9.62630152426887e-05	0.00052799202454282	0.000164185949079709
rf_012_015	9.62034934295955e-05	0.000335527642890475	0.000220801793589954
rf_003_022	9.48384819139187e-05	0.000688067805151785	0.000192493871334832
ccomisiones_mantenimiento_delta1	9.34307576955681e-05	0.00072561256227941	8.4923766765367e-05
vm_status05_tend6	9.15511201595216e-05	0.000425267432198005	0.000141539611275612
ctarjeta_debito_lag2	9.12836493958461e-05	0.000618407656823139	0.00010190852011844
mtarjeta_visa_descuentos_rank	9.12061300917815e-05	0.000578324012851207	0.00021514020913893
mttarjeta_master_debitos_automaticos_rank_delta2	8.97113396537749e-05	0.000667209854684882	0.000169847533530734
rf_011_023	8.91438916891234e-05	0.000278140495163409	0.000158524364628685
ccajas_extracciones_delta2	8.88659226824869e-05	0.000558313059063258	0.000164185949079709
mforex_sell_rank_delta2	8.51866325814271e-05	0.000405575291622647	0.000135878026824587
vmr_msaldodolares2_delta2	8.44768995067859e-05	0.000708795383329098	0.000186832286883807
mforex_sell_rank_lag2	8.33189990009296e-05	0.000511393013346836	0.000186832286883807
rf_005_018	8.25084360788841e-05	0.00059323475034708	0.000152862780177661
vm_msaldodolares_rank_lag1	8.22571909531156e-05	0.000315567832589727	0.000164185949079709
catm_trx_other_lag2	7.62902672038028e-05	0.000186650618813665	0.000164185949079709
vm_mpagado_rank_lag1	7.58253561569881e-05	0.00027410813641703	0.000124554857922538
rf_018_024	7.57662232248183e-05	0.000387750042222257	0.000175509117981758
matm_other_rank	7.53106229703181e-05	0.000521042640320337	0.000147201195726636
cseguro_accidentes_personales_lag1	7.51059905568841e-05	0.000412255877577394	8.4923766765367e-05
ccuenta_debitos_automaticos_lag1	7.5002956940087e-05	0.000363934310511366	7.92621823143425e-05
ctarjeta_visa_tend6	7.40496076488232e-05	0.000172497543610627	3.39695067061468e-05
mcaja_ahorro_adicional_rank_tend6	7.35796386148425e-05	0.00107985802897077	0.000113231689020489
vmr_mpagado_delta1	7.29993015719184e-05	0.000587010993204035	0.000158524364628685
ccajas_otras_delta2	7.26952537857193e-05	0.000297315737695859	0.000147201195726636
mttarjeta_master_debitos_automaticos_rank_lag1	7.14773860339882e-05	0.000443401697011532	0.000164185949079709
rf_020_012	7.08581692107267e-05	0.000330234240667809	5.66158445102446e-05
vm_mpagosdolares_rank_delta2	6.87555483929465e-05	0.000373148884410694	0.000107570104569465
mv_status07_rank_lag1	6.82114308694407e-05	0.000332752095586588	0.000158524364628685
ccomisiones_mantenimiento_lag1	6.7993328604734e-05	0.000457825135052375	7.92621823143425e-05
ctransferencias_emitidas_lag1	6.77829501609337e-05	0.000851418641295949	0.000130216442373563
vm_status03_tend6	6.61651035538693e-05	0.000162752631755004	6.79390134122936e-05
ctarjeta_master_debitos_automaticos_tend6	6.51058661068896e-05	0.00102233073680335	0.000113231689020489
mforex_sell_rank_lag1	6.47402821461251e-05	0.000403728149938724	0.000135878026824587
ctarjeta_master_transacciones_lag1	6.41468235457101e-05	0.000418430414884964	0.000118893273471514
cpayroll_trx_delta2	6.30677021359264e-05	0.000502844997594637	7.3600597863318e-05
mcajeros_propios_descuentos_rank_tend6	6.22929719341552e-05	0.000872040931602169	0.000113231689020489
ctransferencias_emitidas_delta2	6.07990568503774e-05	0.000664236709875782	8.4923766765367e-05
ctarjeta_debito_lag1	6.04372796518032e-05	0.000520662578036815	9.05853512163914e-05
ctransferencias_emitidas_lag2	5.95421527805891e-05	0.000536495129439408	9.62469356674159e-05
catm_trx_lag1	5.782881687989e-05	0.000627114284072254	0.00010190852011844
vm_msaldodolares_rank	5.7510058689868e-05	0.00070257960292854	0.000141539611275612
mttarjeta_master_debitos_automaticos_rank_lag2	5.57309413100945e-05	0.000225624418334912	0.000113231689020489
ccajeros_propios_descuentos_tend6	5.54746877329306e-05	0.000739877901797131	8.4923766765367e-05
mcaja_ahorro_adicional_rank_lag1	5.52455486106568e-05	0.000944174023993982	0.000113231689020489
vm_msaldodolares_rank_delta2	5.49857673581987e-05	0.000477081350498112	0.000113231689020489
ccajas_otras_lag2	5.44047361041889e-05	0.000256148128801117	0.00010190852011844
ctarjeta_master_descuentos_tend6	5.27727032398242e-05	0.00092033043780611	0.000107570104569465
ctransferencias_recibidas_lag1	5.24879288770064e-05	0.000281592757495535	7.3600597863318e-05
active_quarter_delta1	5.20605935967665e-05	0.000355376548257093	7.3600597863318e-05
cpayroll_trx_lag2	5.17035396722589e-05	0.00015301946699925	2.26463378040979e-05
ctarjeta_master	5.16919935041532e-05	0.000173749994775875	5.66158445102446e-05
minversion2_rank_lag1	5.16705444588499e-05	0.000287596654070733	3.96310911571713e-05
mpagodeservicios_rank_tend6	5.11159235951406e-05	0.000464820892105781	9.05853512163914e-05
cpagomiscuentas	5.10980997702862e-05	0.000765386985648687	6.79390134122936e-05
cplazo_fijo_lag1	5.10324431535815e-05	0.000173583996456334	1.69847533530734e-05
mv_status07_rank	4.94975225622424e-05	0.000225828222823025	0.000147201195726636
cseguro_accidentes_personales_lag2	4.93753650172487e-05	0.000347143318873207	9.62469356674159e-05
vmr_mpagosdolares_delta1	4.82823400565611e-05	0.000317943850254634	8.4923766765367e-05
cseguro_vivienda_delta2	4.73201763677993e-05	0.000596955605757424	6.22774289612691e-05
cextraccion_autoservicio_delta1	4.67392124485849e-05	0.000309894521975677	5.66158445102446e-05
ccuenta_debitos_automaticos_delta1	4.65520820172898e-05	0.000204657871315949	2.26463378040979e-05
vm_mpagado_rank	4.51429772807287e-05	0.00025591051934002	0.00010190852011844
mforex_sell_rank	4.43430969170451e-05	0.000327478930180071	7.92621823143425e-05
rf_006_020	4.10488812346055e-05	0.000570339473162355	6.79390134122936e-05
ccajas_depositos_lag2	4.08834420980977e-05	0.000418285781923918	0.000113231689020489
rf_005_016	4.01583454765815e-05	0.000219833611073487	9.05853512163914e-05
cliente_edad_tend6	3.94506002858989e-05	0.000528718908408052	7.3600597863318e-05
ctransferencias_recibidas_delta1	3.87928696523158e-05	0.000508296677881253	6.79390134122936e-05
minversion2_rank_tend6	3.8575993548112e-05	0.000325139102816288	2.83079222551223e-05
cpagomiscuentas_lag2	3.77618796620461e-05	0.000302864652165012	7.3600597863318e-05
matm_other_rank_lag1	3.7419647561897e-05	0.000231592458041953	6.79390134122936e-05
vm_status04_delta1	3.67460922681309e-05	0.000275994828380423	7.3600597863318e-05
ccheques_emitidos_delta1	3.63048253424108e-05	0.000434609557031059	4.52926756081957e-05
cplazo_fijo	3.56648183815804e-05	0.000208862871392493	1.69847533530734e-05
ctarjeta_master_descuentos	3.47033777918993e-05	0.000169618067816199	9.05853512163914e-05
cpagomiscuentas_lag1	3.27723562884039e-05	0.00018334191219762	5.09542600592202e-05
cliente_edad_delta2	3.05548535745712e-05	0.00033628299680124	7.3600597863318e-05
cpagodeservicios_tend6	3.0193344430596e-05	0.000475726945791428	4.52926756081957e-05
cseguro_vivienda_tend6	2.8822262672916e-05	0.00028556566257926	3.39695067061468e-05
mcaja_ahorro_adicional_rank_delta1	2.79849464450331e-05	0.000871752050410422	9.05853512163914e-05
ccomisiones_mantenimiento_lag2	2.74762703541751e-05	0.000142877308238027	3.96310911571713e-05
vm_mpagosdolares_rank_delta1	2.45743839588127e-05	0.000142438997780266	4.52926756081957e-05
catm_trx_delta1	2.43161650156668e-05	0.000143713865900285	5.66158445102446e-05
ctarjeta_master_transacciones_delta1	2.38695137394681e-05	0.000597222506022124	6.22774289612691e-05
catm_trx_other_lag1	2.36185529749406e-05	9.27006227455889e-05	2.83079222551223e-05
mcaja_ahorro_adicional_rank_delta2	2.30514011292389e-05	0.000399337838079318	5.66158445102446e-05
ctarjeta_visa_debitos_automaticos_lag1	2.1716993689877e-05	8.21843778455374e-05	2.83079222551223e-05
cextraccion_autoservicio	2.13089093754927e-05	0.000376445792629492	5.09542600592202e-05
internet_delta1	2.03841422578164e-05	0.000118791931852641	3.96310911571713e-05
ccallcenter_transacciones_lag1	2.0200836315951e-05	0.000337178059124634	4.52926756081957e-05
rf_006_023	1.963341878835e-05	0.000111775040278948	2.83079222551223e-05
ctarjeta_debito	1.90094310254525e-05	0.000206205461953223	2.26463378040979e-05
ccuenta_debitos_automaticos_lag2	1.88842547114376e-05	7.18025064306641e-05	2.83079222551223e-05
cseguro_vida_tend6	1.83491041447219e-05	0.000296946499159378	4.52926756081957e-05
cplazo_fijo_lag2	1.57667010116188e-05	0.000261378640436714	4.52926756081957e-05
cpagomiscuentas_delta1	1.49138412062749e-05	7.72104044040145e-05	2.26463378040979e-05
cinversion2_lag1	1.45995916582979e-05	0.00011918076598803	1.13231689020489e-05
catm_trx_other_delta1	1.36562227574548e-05	0.000264947527360766	3.96310911571713e-05
rf_008_020	1.34889363762279e-05	0.000102625511456622	3.39695067061468e-05
cseguro_accidentes_personales	1.32098676757694e-05	0.00021026903515493	4.52926756081957e-05
cforex_delta2	1.16235026962628e-05	0.000205257332490903	2.83079222551223e-05
ctransferencias_recibidas	1.15427833969138e-05	0.000163618736707762	2.26463378040979e-05
cliente_edad_delta1	1.15362340207277e-05	2.34796569301527e-05	2.83079222551223e-05
ctransferencias_emitidas	9.29325106771506e-06	0.000278483828523324	2.26463378040979e-05
ctarjeta_visa_debitos_automaticos_delta1	8.12030942997608e-06	0.000135683389408236	2.26463378040979e-05
ccuenta_debitos_automaticos	4.79744447340099e-06	6.9620957130831e-05	5.66158445102446e-06
ctarjeta_visa_debitos_automaticos	3.04613117383263e-06	0.000208862871392493	1.69847533530734e-05
cpayroll_trx_lag1	2.85998996178687e-06	1.01770409791733e-05	1.13231689020489e-05
ccajas_consultas	2.50246258548511e-06	6.9620957130831e-05	5.66158445102446e-06
catm_trx	1.59018699044759e-06	0.000126029556049629	1.13231689020489e-05
