Feature	Gain	Cover	Frequency
rf_017_015	0.0784065268871577	0.00315687788814632	0.000549083539947243
mcaja_ahorro_rank_lag1	0.0289878876366518	0.0014369434839286	0.000967972013721428
Master_mfinanciacion_limite_rank_tend6	0.0258835814480018	0.00224247915130493	0.00305109307249035
rf_005_020	0.0159365495693553	0.0011639079410194	0.00245106363708408
Master_status	0.0155936565069578	0.00115731163658585	0.000900044153109398
Visa_mpagospesos_rank	0.0125034547760287	0.00222360887865357	0.00375867495386566
rf_019_023	0.0119174964116854	0.000711291145382264	0.000967972013721428
vm_status04_delta1	0.0102131450668795	0.00118584339009407	0.00018114096163208
rf_006_022	0.010112629994509	0.00102246924907987	0.00049813764448822
mcaja_ahorro_rank_lag2	0.00981589392619117	0.00126877132437953	0.00114345232030251
Visa_status	0.00932014032860995	0.00111190448322625	0.000583047470253258
ctarjeta_visa_transacciones_lag1	0.00895952581210856	0.000750959126486075	0.00052078026469223
mcuentas_saldo_rank	0.00848083196658441	0.00278116127324723	0.000809473672293358
cdescubierto_preacordado	0.0081673578993114	0.00139523688158141	0.000469834369233208
mtarjeta_visa_consumo_rank_lag1	0.00810557616147531	0.000823668042801382	0.000809473672293358
mcuenta_corriente_rank_delta2	0.00762051435359931	0.00201163729548564	0.00114345232030251
mprestamos_personales_rank	0.00744994112459373	0.00271795670625932	0.00054342288489624
rf_001_025	0.00739311125555193	0.0012303317239264	0.00214538826432995
rf_002_024	0.00616704178444344	0.00127621019521238	0.0031643061735104
vm_msaldopesos_rank_lag1	0.00596641006554827	0.00128398780983356	0.00148309162336266
mcaja_ahorro_rank	0.00594075306454002	0.000778675707480112	0.00054342288489624
rf_016_015	0.00575352602053926	0.000740170637685872	0.00147177031326065
mpayroll_sobre_edad_rank_lag1	0.00569517988101664	0.00141849252681909	0.000379263888417168
mextraccion_autoservicio_rank	0.00561267294125419	0.000832636218157225	0.000798152362191353
cdescubierto_preacordado_delta1	0.00554149981395453	0.000789914227726936	0.000101891790918045
ctarjeta_visa_transacciones	0.00537735924643347	0.00112359441483555	0.000486816334386215
rf_004_026	0.00534840466499305	0.000733413113083294	0.000464173714182205
mprestamos_personales_rank_delta2	0.00519015825316455	0.00318285963381699	0.000684939261171303
mprestamos_personales_rank_delta1	0.00460942239845919	0.00315994487890343	0.000537762229845238
vm_mpagospesos_rank	0.00441877702158596	0.000873309212421229	0.00101891790918045
mcuentas_saldo_rank_delta2	0.00428472736803793	0.00243229953299891	0.00323223403412243
rf_008_017	0.00418846235615154	0.00168626969593189	0.000469834369233208
mextraccion_autoservicio_rank_lag2	0.00408235229379232	0.000747823932110143	0.00099627528897644
ctarjeta_debito_transacciones_tend6	0.00400147035128483	0.00287174421407479	0.00083777694754837
mautoservicio_rank_lag2	0.00399382874995578	0.00159755273354188	0.00171517848045376
vm_status06_delta2	0.00368693353214295	0.000493645782637663	0.000175480306581078
vm_fultimo_cierre_delta2	0.00359586442235756	0.00059349981590517	0.000718903191477318
mprestamos_personales_rank_lag1	0.00357697652405956	0.00224953067464656	0.00061135074550827
cproductos_delta2	0.00354877477093524	0.00171256179489989	0.000266050787397118
mtransferencias_emitidas_rank_lag1	0.00349346903075294	0.00107674236180607	0.000934008083415413
rf_015_023	0.00345156181459248	0.00138232994085024	0.00332846516998947
ctrx_quarter_normalizado_tend6	0.00344629348808745	0.00137082504573546	0.00141516376275063
rf_017_021	0.00328630283917102	0.000920105966600532	0.0009057048081604
vm_status03_delta1	0.00325905082537824	0.00102981574221244	0.000141516376275063
mrentabilidad_annual_rank_lag2	0.00324254375129704	0.00281651990490673	0.00424549128825188
cdescubierto_preacordado_delta2	0.0031529640879991	0.00141279120003332	0.00020378358183609
vm_msaldopesos_rank	0.00311038925157494	0.000630988373240427	0.00092834742836441
rf_012_013	0.00309160412674697	0.000833843005680176	0.000718903191477318
rf_018_026	0.00307076898025856	0.00161164540530223	0.00393415526044674
mprestamos_personales_rank_lag2	0.00301198813695843	0.00219570204814956	0.000667957296018295
vmr_msaldopesos2	0.00299763353648426	0.000790486023970738	0.0009057048081604
vm_status01_lag2	0.00297493055868699	0.00145098931521188	0.000435870438927193
rf_006_015	0.0029677330559338	0.00171756705635294	0.00182273092642281
mrentabilidad_annual_rank_delta2	0.00295405895591859	0.00289630490195507	0.00644182544804085
rf_020_027	0.0028014690783671	0.000701763439701328	0.000645314675814285
mactivos_margen_rank	0.00270534220916221	0.00348787321897359	0.00236049315626804
mrentabilidad_rank_delta2	0.00268651679599232	0.00307225314288549	0.00583613535758358
rf_010_016	0.00267553744584699	0.000288936619951157	0.000288693407601128
mcomisiones_otras_rank_delta2	0.00265377646779192	0.00290590799192808	0.00602859762931767
mprestamos_personales_rank_tend6	0.00257833571897919	0.00258105936850568	0.000554744194998245
rf_002_020	0.00257255279418096	0.00097416958765679	0.000260390132346115
mcuentas_saldo_rank_lag1	0.00242223286427226	0.00211444907617176	0.00092834742836441
ctrx_quarter_normalizado_delta2	0.0024087994540853	0.00160632429644243	0.00204915712846291
rf_009_023	0.00239835148682609	0.00121447539193373	0.00127930804152657
rf_017_026	0.00236164720786488	0.000903253207590767	0.00120005887081253
rf_005_022	0.00236099643997571	0.00191560115718619	0.00024906882224411
mrentabilidad_annual_rank	0.0023526665740725	0.00267868327887397	0.002269922675452
mpayroll_sobre_edad_rank	0.00234535951757694	0.00131960594233573	0.000311336027805138
internet_lag1	0.00233145384441893	0.00177528249694874	0.000288693407601128
Visa_mpagospesos_rank_tend6	0.00231316420978336	0.00231739859060352	0.00439266831957794
mcomisiones_rank_delta2	0.00228009164744306	0.00268593575885044	0.00547951408937042
chomebanking_transacciones_lag1	0.00227746285134767	0.00161227904221952	0.00219633415978897
ctrx_quarter_normalizado	0.00227213708697249	0.00131243462185472	0.00076984908693634
mtransferencias_recibidas_rank_lag2	0.00227066706774203	0.00146326392227962	0.00206613909361591
mpayroll_sobre_edad_rank_delta1	0.00225507554654407	0.00109474395187289	0.000305675372754135
mcuenta_corriente_rank	0.00224591026544536	0.00243181400705003	0.00138119983244461
rf_010_023	0.00223115646019271	0.00167921554052854	0.00463041583172005
vm_mconsumototal_rank_tend6	0.00220404087480403	0.000978748633988714	0.00115477363040451
Visa_msaldototal_rank_lag1	0.00219233295103475	0.0015455590884837	0.00223029809009499
mactivos_margen_rank_delta1	0.00214555286717558	0.00246200222177185	0.00366810447304962
Master_fechaalta	0.0020831062136115	0.00261574667110185	0.00425681259835388
mcomisiones_mantenimiento_rank_tend6	0.00206310141476398	0.00233122386533602	0.000922686773313408
rf_006_021	0.00203505276606591	0.00167082726203364	0.00425115194330288
vmr_msaldopesos_lag1	0.00201011810279454	0.000956297454140343	0.00130195066173058
Master_Fvencimiento_tend6	0.00199868815669232	0.00145390405525302	0.00177178503096378
mcomisiones_otras_rank	0.00197825027219683	0.002159356214466	0.00335676844524448
vm_fultimo_cierre_tend6	0.00197535742073149	0.00154484500758288	0.0015793227592297
mcomisiones_otras_rank_lag2	0.00195753529792254	0.00216732241758733	0.00442663224988396
mrentabilidad_annual_rank_delta1	0.00193417905217447	0.00253100039102982	0.0047436289327401
vm_Finiciomora	0.00189766662341965	0.00259453912764055	0.00047549502428421
Visa_status_delta1	0.00188256061114731	0.00069787108038511	0.00056606550510025
Master_Fvencimiento	0.0018761699285735	0.00205157065485151	0.0042851158736089
mactivos_margen_rank_delta2	0.00185413114614028	0.00280849853070521	0.00390585198519173
rf_013_015	0.00185383360210955	0.000915024809775469	0.000809473672293358
Master_mlimitecompra_rank_tend6	0.00185295140599918	0.0027022119941269	0.00461909452161804
mcomisiones_rank_lag2	0.00184956401325358	0.00250187496705611	0.00472098631253609
rf_017_027	0.00183827673094324	0.000636742060166687	0.00056606550510025
chomebanking_transacciones_delta2	0.00182766812162656	0.00285137709047701	0.00418322408269085
mcuentas_saldo_rank_tend6	0.00181901186176116	0.00214120326807312	0.00160762603448471
Visa_mpagospesos_rank_delta2	0.00181326157728252	0.002387113856134	0.00472664696758709
Visa_mpagominimo_rank_lag1	0.00180861314584721	0.00206525589367875	0.00284730949065426
ctrx_quarter_normalizado_delta1	0.00180813778791121	0.00157350468440163	0.00104722118443546
rf_010_026	0.00180274975165307	0.000851911930529905	0.00058870812530426
Visa_delinquency_delta2	0.00179515808494828	0.000850966790385408	0.000628332710661278
foto_mes	0.0017661799655741	0.0024521735666646	0.000560404850049248
mcuenta_debitos_automaticos_rank_lag2	0.00175408437332285	0.00127031210264732	0.00079249170714035
mpasivos_margen_rank_delta2	0.001751271360621	0.00288321504571116	0.00554744194998245
mtransferencias_recibidas_rank	0.00174996441947264	0.00199256808496522	0.00105288183948647
cmobile_app_trx_lag1	0.00173270911246062	0.0026317285498833	0.00161328668953571
rf_012_020	0.0017245006812375	0.000805322777024746	0.000418888473774185
mrentabilidad_rank_lag1	0.00171788389524076	0.00195052662303729	0.00272843573458321
Visa_msaldopesos_rank_delta2	0.00170446607288676	0.00123992952422196	0.00258691935830814
mcomisiones_otras_rank_delta1	0.00169641154944219	0.00214445900065436	0.00378697822912067
rf_001_017	0.00169574479144319	0.000909984104928147	0.00163026865468872
Master_fechaalta_lag2	0.00169116765487531	0.00248560230933927	0.00416624211753784
ccomisiones_otras_lag2	0.00168680781370545	0.00149468084985409	0.00187367682188183
chomebanking_transacciones_lag2	0.00166678626537434	0.00181604771558904	0.00374169298871265
ccaja_ahorro_tend6	0.00166050731546291	0.00256469223766079	0.00027171144244812
Master_Fvencimiento_lag1	0.00165052734098356	0.00212612566859447	0.00375867495386566
Visa_fechaalta_lag1	0.00164352256995132	0.00165671580808528	0.00273409638963421
mcomisiones_mantenimiento_rank_lag1	0.00162774848654492	0.00122262338619192	0.000900044153109398
rf_016_021	0.00161769657011383	0.00114776844518254	0.00151139489861767
rf_020_026	0.00161055090668677	0.0011750203522895	0.00264352590881817
Master_mlimitecompra_rank	0.00159356808868901	0.00210306852680789	0.00414359949733383
Visa_cconsumos_delta2	0.00158222576226098	0.0018522966485148	0.00261522263356316
mactivos_margen_rank_lag2	0.00157649885962234	0.00233823406786399	0.00330582254978546
internet_tend6	0.00156695620770769	0.00253046383374831	0.00036228192326416
Visa_msaldopesos_rank_lag2	0.00155676135030134	0.0021065069704699	0.00267182918407318
mactivos_margen_rank_tend6	0.0015398729952739	0.00177799055625964	0.00199821123300388
mcuentas_saldo_rank_lag2	0.00153929249610994	0.00332071555311772	0.00262088328861416
mcomisiones_rank_lag1	0.00153595554168646	0.00159229706846919	0.00244540298203308
mrentabilidad_rank_delta1	0.00153255975817942	0.002106809964216	0.00371905036850864
vmr_mpagominimo_tend6	0.00151431899477581	0.00172285169965859	0.00208878171381992
rf_012_022	0.00149275554467192	0.00139593754663365	0.00313034224320438
Visa_mfinanciacion_limite_rank_delta2	0.00148305367491985	0.00216683678942246	0.00402472574126278
Visa_mconsumospesos_rank_lag1	0.00147344100331802	0.00164624043241411	0.00367942578315163
Visa_fechaalta_lag2	0.00145998309894273	0.00173692957565449	0.00253031280779812
Master_mfinanciacion_limite_rank_delta1	0.00145142825518855	0.00188224447678394	0.00417756342763985
chomebanking_transacciones_delta1	0.00145123571169153	0.00256305282096339	0.00260390132346115
rf_015_014	0.00143922577672049	0.00100979461973824	0.00099627528897644
Visa_mpagospesos_rank_delta1	0.00143891995127134	0.0019080297377693	0.00434738307916992
Visa_mpagominimo_rank_lag2	0.00143805058633322	0.00162791032015788	0.00266616852902218
mrentabilidad_annual_rank_tend6	0.00143154488887475	0.00237536147055527	0.00256427673810413
Master_mfinanciacion_limite_rank_lag1	0.00143078877688871	0.00206553530108534	0.00334544713514248
mcomisiones_rank_delta1	0.00142516238986195	0.00227098320428007	0.00370772905840664
mcaja_ahorro_dolares_rank_lag2	0.00142341715372896	0.00142412332457229	0.00108118511474148
Visa_msaldototal_rank	0.0014171292782331	0.00147102538677451	0.00220199481483997
matm_rank_delta1	0.00141565822253061	0.000770426979364526	0.000413227818723183
ctrx_quarter_delta2	0.00139702360088042	0.00165395193884426	0.0018057489612698
vmr_mpagominimo_delta2	0.00139598695448116	0.00179596490576533	0.00214538826432995
Master_mlimitecompra_rank_delta2	0.00138677058180133	0.0030463617050413	0.00404736836146679
ccomisiones_otras_delta2	0.00138354170194634	0.00133959757549704	0.00255295542800213
Visa_mconsumototal_rank_delta2	0.00137604337548199	0.00154737643766438	0.00298316521187832
Visa_mlimitecompra_rank_delta2	0.00136776167713387	0.0023851646994352	0.00380962084932468
mcomisiones_rank	0.00135603051485298	0.00214157060678445	0.00322657337907143
vm_Fvencimiento	0.00135284605234656	0.00185177593471162	0.00276806031994022
rf_002_015	0.00134929083772589	0.000915501570703276	0.00129062935162857
chomebanking_transacciones	0.00133974613321279	0.00205948240240458	0.00250767018759411
vm_status01	0.00133706338191336	0.00123503818248891	0.000600029435406265
mpagomiscuentas_rank_lag2	0.00133663878526675	0.00119301951472658	0.000849098257650375
Visa_mconsumospesos_rank	0.00133266185093409	0.00172554304665524	0.00296052259167431
Visa_mconsumospesos_rank_delta2	0.0013297857625918	0.00190819918632546	0.00370772905840664
cdescubierto_preacordado_tend6	0.00131868881632881	0.00159921634987474	0.000215104891938095
Master_Fvencimiento_lag2	0.00131863433991318	0.00142343065792121	0.00300580783208233
Visa_mfinanciacion_limite_rank_lag1	0.00131495152214275	0.00184376064236146	0.0029492012815723
ccomisiones_mantenimiento_tend6	0.00131189335942675	0.00281023262496264	0.00040756716367218
vm_Finiciomora_lag1	0.00131179902189395	0.002014265038583	0.000373603233366165
Master_mfinanciacion_limite_rank_lag2	0.00130984174450787	0.00124371310017163	0.00238879643152306
vmr_mpagospesos	0.00129980983899019	0.000959241274630422	0.0013528965571896
Visa_mpagominimo_rank	0.00129959852166747	0.00163143521299278	0.00199255057795288
cliente_edad_lag2	0.00129325082342369	0.00253062666381917	0.00172083913550476
Master_msaldototal_rank	0.00128964069942406	0.00147632365036071	0.002264262020401
Visa_mpagospesos_rank_lag1	0.00128912585376916	0.00167606687919603	0.00328884058463245
rf_005_019	0.00128700159434295	0.00103333851406557	0.00217935219463596
ctrx_quarter_tend6	0.00127217718002971	0.0012785618529228	0.00130195066173058
Visa_msaldopesos_rank_tend6	0.00126800468077355	0.00209425012343028	0.00259824066841015
rf_014_022	0.00126350107808631	0.00116639365499971	0.00307373569269436
Visa_mconsumototal_rank_lag1	0.00125670627945824	0.00157379525890504	0.00347564220131554
Visa_mfinanciacion_limite_rank_delta1	0.00125259033950674	0.00214085261612203	0.00382660281447769
Master_mpagominimo_rank	0.00124997754949434	0.00176051228650373	0.00279636359519524
mcomisiones_otras_rank_tend6	0.00124116821639935	0.00184547715546875	0.00233785053606403
Master_mfinanciacion_limite_rank_delta2	0.00123892549681861	0.00192336681253663	0.00381528150437569
mrentabilidad_rank	0.0012373616270246	0.00184469458985514	0.00213406695422794
cmobile_app_trx_lag2	0.00123557614986714	0.00241129192401256	0.00214538826432995
Master_msaldopesos_rank	0.00123345909211812	0.00142217097362383	0.00195292599259586
mcomisiones_otras_rank_lag1	0.00123167843148876	0.0019439706172575	0.00296052259167431
thomebanking_lag2	0.00123090036346785	0.00143758568143499	0.00387188805488571
Visa_cconsumos_lag2	0.00123039666649576	0.00157368103253706	0.00297184390177631
vm_fechaalta_lag1	0.0012205654566872	0.00137084561670329	0.00221331612494198
vm_Fvencimiento_lag1	0.00121870692582797	0.00193101790931714	0.00273975704468521
Master_fechaalta_lag1	0.00121417213960466	0.00213918884646519	0.00289259473106228
vm_Fvencimiento_lag2	0.00121359609866327	0.00154177331489026	0.00270013245932819
rf_003_025	0.00121218451871198	0.00114790613012005	0.00155101948397469
Master_msaldototal_rank_lag1	0.00120973719083877	0.00182514736626104	0.0024963488774921
rf_005_013	0.00120865058888096	0.000476187189459679	0.000322657337907143
mrentabilidad_rank_lag2	0.00120168479288966	0.00189009814010111	0.00286995211085827
rf_019_021	0.00119894488751043	0.00173514447561842	0.00333978648009148
Visa_mconsumototal_rank_tend6	0.0011975414002441	0.00138774084645659	0.00310769962300037
Master_mfinanciacion_limite_rank	0.0011953378551687	0.00159257711472571	0.00311902093310238
vmr_msaldopesos_lag2	0.00118953725857772	0.00123938530074125	0.00197556861279987
tcallcenter	0.00118746627914178	0.00126182896771441	0.00103023921928246
Visa_msaldopesos_rank	0.00118672824065945	0.00176215466746482	0.00239445708657406
vmr_msaldototal	0.0011754694480669	0.000997322224731312	0.0013528965571896
Visa_cconsumos_lag1	0.00117445377688309	0.00145992092279757	0.00255295542800213
Master_mlimitecompra_rank_lag1	0.00117221776981069	0.00154416263919272	0.00290957669621529
active_quarter_lag1	0.00116937748205161	0.000711003075170592	0.00065663598591629
mpasivos_margen_rank_delta1	0.00116784717693129	0.00166007265783387	0.00255295542800213
mcuenta_corriente_rank_lag1	0.00116606809552986	0.00247572666043096	0.00141516376275063
ccaja_ahorro	0.00116510702002354	0.00145664239605073	0.000118873756071053
Visa_fechaalta	0.00116416952381943	0.00155676134760834	0.00198688992290188
Master_cconsumos_tend6	0.00116036292228314	0.00193607903180831	0.00276239966488922
mcuentas_saldo_rank_delta1	0.00115477166689264	0.00198308366775573	0.00103023921928246
Master_mlimitecompra_rank_delta1	0.00115170663648891	0.00161382970988427	0.00357187333718258
vm_fechaalta_lag2	0.00114793933991246	0.00172771367984872	0.00229256529565601
vm_fechaalta	0.00114613490766337	0.00216737551879374	0.00267748983912418
ccaja_seguridad_lag2	0.0011450923303675	0.000671469635862617	0.000101891790918045
Visa_mconsumototal_rank_delta1	0.00114017541242136	0.00157243913382181	0.00343601761595852
mttarjeta_visa_debitos_automaticos_rank_tend6	0.00113277236205578	0.0016750289269333	0.000945329393517418
Visa_Fvencimiento	0.00112606305064686	0.00162096842346471	0.00266050787397118
Visa_mfinanciacion_limite_rank_tend6	0.0011253845909202	0.00180166329384141	0.00237181446637005
Master_mpagominimo_rank_lag2	0.00112525228157153	0.00144358596443529	0.00243408167193108
Visa_mlimitecompra_rank	0.00112456903585337	0.00150699159027404	0.00276239966488922
Visa_Fvencimiento_lag1	0.0011230468266568	0.00171746448260774	0.00235483250121704
mcaja_ahorro_rank_delta2	0.00111717807070968	0.00204648224069121	0.00169819651530075
ctrx_quarter_lag2	0.00111448240680223	0.00144204661719135	0.00139818179759762
cprestamos_personales_tend6	0.00111269881203057	0.00261156061969455	0.000345299958111153
vmr_msaldototal_delta2	0.00111013115432197	0.00129528088786464	0.00178310634106579
mpasivos_margen_rank_lag2	0.00110983540386194	0.00137279873427167	0.00283598818055225
Visa_fultimo_cierre_tend6	0.00108743591885294	0.00159024490360724	0.00176046372086178
Visa_mpagominimo_rank_delta2	0.00107478273462228	0.00174873291590385	0.00236049315626804
mtransferencias_recibidas_rank_delta2	0.00107229575364859	0.00188841259843857	0.00228690464060501
mcomisiones_rank_tend6	0.00107061355242725	0.00176687234423215	0.00196990795774887
vm_mpagominimo_rank	0.00107054324925572	0.00158637444406672	0.00122836214606754
ctarjeta_visa_transacciones_delta2	0.00107048101973981	0.00130319705625924	0.000713242536426315
mactivos_margen_rank_lag1	0.00106662169805723	0.00301618475963229	0.00210576367897293
Visa_mconsumospesos_rank_lag2	0.00106616283385149	0.00138079450336789	0.00286995211085827
Visa_mfinanciacion_limite_rank	0.00106455829118768	0.00136780658201924	0.00240577839667606
rf_011_027	0.00106004885300692	0.00114777278936209	0.00275107835478722
mcaja_ahorro_rank_delta1	0.00105056820823726	0.00156994278937862	0.000979293323823433
Visa_mconsumosdolares_rank_lag1	0.00104697582279704	0.00142140496700048	0.00266050787397118
Visa_msaldototal_rank_delta2	0.00103747217036354	0.00109714671757793	0.00221897677999298
mpayroll_sobre_edad_rank_tend6	0.00103692175173381	0.00129970402925898	0.00043020978387619
Visa_mpagospesos_rank_lag2	0.00103430446421005	0.00143783680056655	0.00283032752550125
cmobile_app_trx_tend6	0.00103335899076027	0.00285805120683237	0.00184537354662682
mpasivos_margen_rank_tend6	0.00103081868492044	0.00181705344426116	0.00184537354662682
rf_013_025	0.00103024300322751	0.000769208590326797	0.000849098257650375
rf_007_021	0.00102933649824621	0.000996585094124917	0.00191896206228985
rf_003_026	0.00102663620341083	0.000711546046505428	0.000424549128825188
vm_mpagospesos_rank_tend6	0.00102552663422477	0.00124565655832902	0.00161328668953571
cliente_antiguedad_lag2	0.00102464922241638	0.0016111004152016	0.00214538826432995
Visa_mconsumospesos_rank_tend6	0.00102238973804006	0.00149267641985912	0.00295486193662331
Visa_mconsumospesos_rank_delta1	0.00102218245526153	0.0014632935393625	0.00286429145580727
vm_mconsumospesos_rank_tend6	0.00101964071972162	0.00112647721238006	0.00150573424356667
vm_mpagominimo_rank_lag1	0.00101892208266055	0.00110459236022006	0.00140950310769962
Visa_Fvencimiento_lag2	0.00101779253724589	0.00129874465553798	0.00206613909361591
thomebanking_lag1	0.00101592875972707	0.001315196037912	0.00232652922596203
Master_cconsumos	0.00101479199523881	0.000893190656746138	0.00196990795774887
Visa_cconsumos	0.00101340516513674	0.00152440924594833	0.00266050787397118
Visa_mfinanciacion_limite_rank_lag2	0.00100811894641368	0.00155158592208721	0.00233218988101303
rf_013_023	0.00100445605194272	0.00110097475748292	0.00211142433402393
Visa_mconsumototal_rank_lag2	0.00100314375044357	0.00136079349188957	0.00287561276590927
rf_008_024	0.00100086937651973	0.00108321958461216	0.00259258001335915
mpayroll_rank_delta2	0.000995274547422823	0.00158149465274046	0.00054342288489624
Visa_Finiciomora	0.000992045189200323	0.00249516372074266	0.000350960613162155
mrentabilidad_annual_rank_lag1	0.000991097656863778	0.00213806815035918	0.00206613909361591
vm_mpagospesos_rank_delta2	0.000989446022891516	0.00154101637993595	0.0020321751633099
vmr_Master_mlimitecompra_lag2	0.00097849285562505	0.0013967872170442	0.00210010302392193
mtransferencias_emitidas_rank_lag2	0.000971185714102506	0.00134465841689424	0.00111514904504749
Master_fultimo_cierre_tend6	0.000968187611742142	0.0016667034090558	0.00229822595070702
Visa_mconsumosdolares_rank_delta1	0.000960642551150478	0.00149275793711053	0.00269447180427719
Visa_cconsumos_tend6	0.00095560909798638	0.00202018050786622	0.00261522263356316
Visa_msaldototal_rank_lag2	0.000954569973014901	0.00118597379214234	0.00211708498907494
ctrx_quarter_normalizado_lag2	0.000954544209142779	0.00145367046616361	0.0020265145082589
mcuenta_corriente_rank_lag2	0.00094277248912023	0.00174121912075089	0.00118873756071053
mpasivos_margen_rank	0.000933079779313341	0.0014414667458844	0.000956650703619423
Visa_mlimitecompra_rank_delta1	0.000932468339204709	0.00165219052736369	0.00280202425024624
Master_mpagominimo_rank_lag1	0.000930201400287553	0.00156134918451534	0.00194160468249386
mtarjeta_visa_consumo_rank_lag2	0.000925535560774336	0.00160536443719548	0.00235483250121704
Visa_mlimitecompra_rank_lag1	0.000920753256790617	0.00144915039845748	0.00240011774162506
Visa_msaldototal_rank_delta1	0.000917248256245104	0.00135190259182159	0.00220199481483997
ccallcenter_transacciones_tend6	0.000913653179710212	0.00198142094581278	0.000713242536426315
Master_mlimitecompra_rank_lag2	0.000910974293068818	0.00132497046743696	0.00245106363708408
Master_mconsumototal_rank_delta2	0.000904014693415369	0.00178919061774052	0.00172649979055576
tcallcenter_delta2	0.000900822080816254	0.000829096580665873	0.00076984908693634
Master_mconsumototal_rank_lag1	0.000900405806311671	0.00137892200866102	0.00223595874514599
Master_mconsumosdolares_rank_tend6	0.000896432641713855	0.00179420392870272	0.00267748983912418
cliente_antiguedad	0.00088814317175778	0.00102750389762983	0.00125666542132256
rf_007_023	0.000886220193528229	0.0011629295806784	0.00242842101688007
vmr_msaldopesos_delta2	0.000878510287104105	0.00139150254818456	0.00183971289157581
rf_004_022	0.000877299211077446	0.000554073090089961	0.000600029435406265
vm_mconsumototal_rank_delta2	0.000874858793630893	0.00138670532182361	0.00166423258499474
mpayroll_rank_delta1	0.000873212950424638	0.0012901235290196	0.000288693407601128
Visa_mlimitecompra_rank_lag2	0.000870303899321146	0.00124161749351425	0.00196424730269787
vmr_Master_mlimitecompra	0.000868812776470198	0.00149026614127887	0.00211142433402393
vmr_Visa_mlimitecompra	0.000866904928268925	0.0011800698221579	0.00199255057795288
vm_status03	0.000866897104101928	0.00051180325208807	0.00108684576979248
Visa_mconsumosdolares_rank_lag2	0.000864950493202304	0.00136716185466711	0.00223029809009499
vm_mfinanciacion_limite_rank_delta2	0.00085914367833841	0.00168526861808728	0.00230954726080902
Master_mpagospesos_rank_tend6	0.00085770781632108	0.00137612123944788	0.00212840629917694
mtransferencias_recibidas_rank_tend6	0.000852879589744361	0.00112171645157326	0.00116043428545551
Master_mconsumospesos_rank_lag1	0.000846985636683631	0.00130112950789091	0.00220199481483997
rf_019_016	0.000846622597380062	0.000977723305400659	0.00165857192994373
vmr_Master_mlimitecompra_lag1	0.00084353674336902	0.00146033936950352	0.00207746040371792
vmr_mpagominimo_lag1	0.000832990079947535	0.00125297644975039	0.00178876699611679
Visa_msaldopesos_rank_delta1	0.000831798034265617	0.00116404703142676	0.00185669485672882
Visa_fechaalta_tend6	0.000831778629883134	0.000866756324229108	0.000781170397038345
mcaja_ahorro_dolares_rank_delta2	0.000828965966569639	0.00151826028979168	0.000571726160151253
thomebanking	0.000826670679715459	0.00200680334803055	0.00168121455014774
vmr_msaldopesos	0.000826049230277757	0.00117706155448661	0.00145478834810764
Visa_mconsumosdolares_rank	0.000825832833277969	0.00122453600067456	0.00233785053606403
Visa_Fvencimiento_tend6	0.000825516934510399	0.000983030998411873	0.000984953978874435
Master_mpagospesos_rank_lag1	0.000824028862684565	0.00133910182794923	0.00188499813198383
mttarjeta_visa_debitos_automaticos_rank_delta2	0.000823796445130895	0.00123274361240848	0.00117175559555752
ctarjeta_visa_debitos_automaticos_tend6	0.000822597804251476	0.0016050412813455	0.000526440919743233
Visa_mlimitecompra_rank_tend6	0.000819683541899576	0.00148538175023309	0.00210576367897293
vmr_msaldototal_tend6	0.000808433995838129	0.00151577117712973	0.00161894734458672
Visa_mconsumosdolares_rank_delta2	0.000805963228140799	0.00144112549780433	0.00234351119111504
ctarjeta_debito_transacciones_lag2	0.000802486728828164	0.00116926669091724	0.00140950310769962
mpasivos_margen_rank_lag1	0.000802179845584274	0.00161750460468338	0.00200387188805489
chomebanking_transacciones_tend6	0.000800757498852715	0.00142781480391566	0.00171517848045376
rf_007_016	0.000800445115955629	0.000801907766378273	0.00120005887081253
vm_mlimitecompra_rank_lag2	0.000800162815311484	0.00115024432087389	0.00172649979055576
rf_011_025	0.00079786433614044	0.000821988480774204	0.00063399336571228
Master_msaldototal_rank_lag2	0.000796080210769649	0.00116344290937636	0.00211708498907494
mtarjeta_visa_consumo_rank_delta2	0.000793452018456589	0.00170825336539948	0.00186235551177982
Visa_mpagado_rank_tend6	0.00079111872422479	0.000845172625927409	0.00079249170714035
Master_mconsumototal_rank_tend6	0.000790703199719177	0.00170645283074904	0.00175480306581078
vmr_Visa_mlimitecompra_lag1	0.000785377050529227	0.00127188643331358	0.00201519319815689
vm_fultimo_cierre_delta1	0.000785013998196346	0.00108501666947296	0.000786831052089348
vm_mlimitecompra_rank_lag1	0.000782605625767013	0.000935829034497229	0.00178876699611679
vmr_msaldopesos_tend6	0.000781389771423826	0.00115929567449097	0.00143780638295464
vmr_msaldopesos2_lag1	0.000781337053438216	0.00104621887863954	0.00174914241075977
Master_msaldototal_rank_delta2	0.000771238566607183	0.00126083660378289	0.00200953254310589
cprestamos_personales_delta2	0.000770285007033493	0.000890277526606828	9.057048081604e-05
vmr_mpagominimo	0.000770049082913295	0.00128747915027	0.00190198009713684
thomebanking_tend6	0.000769075749030769	0.00260201382517763	0.000532101574794235
rf_017_025	0.000768610035317077	0.00111394668202925	0.00171517848045376
mcuenta_corriente_rank_tend6	0.000767136832375625	0.0035012252847839	0.00118873756071053
Master_fechaalta_delta1	0.000766186607985088	0.000906086200394513	0.00143780638295464
mpayroll_rank_tend6	0.000765939060339459	0.00150866190175419	0.000441531093978195
vmr_msaldototal_lag2	0.000765570871859393	0.000988903588087615	0.00187933747693283
rf_013_026	0.000764614395624084	0.00104329859338098	0.00083777694754837
vm_mpagominimo_rank_lag2	0.000764237993144249	0.00117777259446175	0.00160762603448471
Visa_mpagosdolares_rank_lag2	0.000763246571169774	0.000969936900204401	0.00190198009713684
vm_mfinanciacion_limite_rank_lag1	0.00076311327259195	0.00113033172622626	0.00178876699611679
vmr_Visa_mlimitecompra_delta2	0.00076197076769707	0.00083409762570937	0.000639654020763283
vm_fultimo_cierre	0.000760442452990872	0.00113346508071438	0.00140384245264862
ccomisiones_otras_tend6	0.000760095258638569	0.00170937751129513	0.00155101948397469
vmr_msaldopesos2_lag2	0.000756113323887178	0.00135983511477446	0.00178310634106579
rf_015_024	0.000753562938071926	0.000782884246405043	0.000583047470253258
Master_msaldopesos_rank_lag2	0.000752113270308187	0.00110674255021569	0.00207746040371792
vmr_Visa_mlimitecompra_lag2	0.00074938525916517	0.0010805947291165	0.00152837686377068
Master_mpagado_rank_delta1	0.000749020444180892	0.000922092764337365	0.00072456384652832
cliente_edad_lag1	0.000748662308688476	0.00179898129960777	0.00101325725412945
vm_mpagominimo_rank_delta2	0.000746281320647869	0.00160858367866856	0.00169253586024975
vmr_msaldopesos2_delta2	0.000745841862975597	0.00142414052241248	0.00189631944208584
Master_mconsumospesos_rank_lag2	0.000743709766925532	0.00148526026652988	0.00184537354662682
mplazo_fijo_dolares_rank_tend6	0.000741569100337183	0.00174493037888817	0.000243408167193108
Master_mconsumospesos_rank	0.000741330314723153	0.00122661251849595	0.00173782110065777
ccomisiones_otras	0.000741257100827272	0.00127852559180062	0.000639654020763283
Master_msaldopesos_rank_delta1	0.00073977906553381	0.00152941202866364	0.00179442765116779
mautoservicio_rank_lag1	0.000738344874345583	0.00092182038428004	0.000662296640967293
vm_mlimitecompra_rank_tend6	0.000736437636227814	0.00167641638121723	0.00151705555366867
Master_mconsumospesos_rank_delta2	0.000736388477725488	0.00140215135883547	0.0015849834142807
Master_mpagominimo_rank_delta2	0.000736135060202516	0.00109991740973624	0.00155668013902569
vmr_mpagominimo_lag2	0.00073308328185227	0.00088861212149416	0.00139252114254662
Master_cconsumos_lag2	0.000732551745792298	0.00114722491165977	0.00200953254310589
mcaja_ahorro_rank_tend6	0.000731929415867836	0.00198415174818128	0.0013642178672916
mtarjeta_visa_consumo_rank_tend6	0.000728638468383181	0.00084460650267101	0.00114345232030251
vm_mlimitecompra_rank	0.000728256942260725	0.00102100296071424	0.00163026865468872
rf_012_019	0.000725775750256428	0.000747841845462258	0.00166423258499474
internet_lag2	0.000725581793316623	0.00166442110489408	0.000424549128825188
mcomisiones_mantenimiento_rank	0.000725506487098142	0.00184211202622502	0.00159630472438271
Visa_msaldototal_rank_tend6	0.000723580228582385	0.00108872138578694	0.00173782110065777
Master_fultimo_cierre_lag1	0.000721320456445121	0.00123733911551467	0.00178876699611679
vm_mconsumototal_rank_lag1	0.000720193976562805	0.000737232464629198	0.00108118511474148
Master_cconsumos_delta1	0.000718036463591451	0.00105326299132195	0.002264262020401
rf_016_017	0.000712862208972774	0.000695107901102013	0.000396245853570175
mcuenta_corriente_rank_delta1	0.000709832549789084	0.00131362275495964	0.00076984908693634
ccaja_seguridad	0.000709361210577409	0.00138727847242926	0.00011321310102005
rf_016_018	0.000707537051908567	0.000830846901711601	0.000628332710661278
mcomisiones_mantenimiento_rank_lag2	0.000704977050491761	0.00160300046245836	0.00106420314958847
cpagomiscuentas	0.00070363150582993	0.00028037626083838	2.83032752550125e-05
Visa_mpagosdolares_rank	0.000700853159261654	0.000984189412217917	0.00237747512142105
ccomisiones_otras_lag1	0.000700716573946231	0.00104125734007589	0.000645314675814285
vmr_msaldototal_delta1	0.00069822605246388	0.00103890363804568	0.00130761131678158
Master_mpagospesos_rank_lag2	0.000694593782466584	0.00136496040335288	0.00170951782540276
rf_001_021	0.000692851164737428	0.000679218630006814	0.0006792786061203
Master_fultimo_cierre_delta1	0.000691339432214305	0.000947979193598078	0.00154535882892368
Master_fultimo_cierre_lag2	0.000689920284158738	0.00111438684963291	0.00153969817387268
mtarjeta_visa_consumo_rank	0.000687862181065689	0.00106906504662433	0.00101891790918045
vmr_mconsumospesos_lag2	0.000686698405520313	0.000992591387655368	0.00152837686377068
Master_msaldopesos_rank_delta2	0.000682209747561133	0.00100358806487165	0.00172649979055576
vm_msaldopesos_rank_delta2	0.000680447262954821	0.00113945514211576	0.00166423258499474
vm_msaldopesos_rank_tend6	0.000680209991720068	0.000925771517790071	0.00139818179759762
rf_005_015	0.000678480473764481	0.000588400157986055	0.00052078026469223
ctarjeta_visa_transacciones_lag2	0.000675229126731402	0.00105072857142277	0.00150007358851566
ctrx_quarter_normalizado_lag1	0.000675193160694695	0.00088366116228539	0.00054342288489624
ccajas_transacciones_lag2	0.000669542511359451	0.0012255691232318	0.00153969817387268
Master_mpagospesos_rank_delta2	0.000667957247950931	0.00103936343111927	0.00155101948397469
Visa_mpagominimo_rank_delta1	0.000667099555134002	0.00120352742063632	0.00172649979055576
Master_mconsumospesos_rank_tend6	0.000666561032276878	0.00179840109609885	0.00168687520519875
vm_msaldopesos_rank_delta1	0.000665802135896271	0.00102301498024642	0.00133591459203659
mttarjeta_visa_debitos_automaticos_rank_delta1	0.000665759962053055	0.00130202581434655	0.00101325725412945
cproductos_delta1	0.000664774121042793	0.000693850848866354	9.057048081604e-05
rf_002_017	0.000661739398284602	0.000797507035839576	0.00107552445969048
mextraccion_autoservicio_rank_lag1	0.000655877327842088	0.000778488652219805	0.000690599916222305
vm_mlimitecompra_rank_delta2	0.000654856077090816	0.00145547991915911	0.0018114096163208
rf_015_017	0.00065299972337143	0.00105701559582688	0.000730224501579323
vmr_mconsumospesos_tend6	0.000651663901967419	0.00123937988329382	0.00125666542132256
Master_mpagospesos_rank_delta1	0.000651299230438002	0.00117936938709164	0.00179442765116779
Visa_msaldopesos_rank_lag1	0.000650866085790647	0.00104366524213438	0.00166989324004574
Master_delinquency_delta2	0.000648559459598888	0.0017351997233606	0.000730224501579323
Master_msaldopesos_rank_lag1	0.000648349965817007	0.000912902166988938	0.00194160468249386
Master_msaldototal_rank_tend6	0.000646734522657888	0.000940865369611011	0.00156800144912769
Visa_mpagominimo_rank_tend6	0.000646486255994862	0.00112635652085076	0.00161328668953571
tcallcenter_lag2	0.000644970807357813	0.00107863407311892	0.00139252114254662
vm_mfinanciacion_limite_rank	0.000641584055449468	0.000840647754069781	0.00160196537943371
Visa_cconsumos_delta1	0.000640813087776817	0.000862383345331489	0.00134157524708759
cproductos_tend6	0.000640163863295363	0.00207157733931724	0.000328317992958145
vm_mconsumospesos_rank_delta2	0.000639353385171198	0.000915733907646816	0.00118307690565952
ctarjeta_debito_transacciones_delta2	0.000636121635447616	0.00126590930223484	0.00097363266877243
Visa_fultimo_cierre	0.000634599960770971	0.00113816847279722	0.0013585572122406
cpagomiscuentas_delta2	0.000633998080306675	0.000815858613453547	0.000141516376275063
vm_cconsumos_tend6	0.000633554019601418	0.00127582593975483	0.00099627528897644
rf_002_021	0.00062837120768784	0.000911362998622979	0.00147177031326065
Master_mpagominimo_rank_tend6	0.000627957777990718	0.00103653876891865	0.00147177031326065
rf_013_016	0.000627876523930226	0.00110958819224811	0.000130195066173058
vm_msaldototal_rank	0.000626375782452654	0.000733681711149017	0.000900044153109398
mcomisiones_mantenimiento_rank_delta2	0.000626204335134942	0.00203955746517625	0.00086041956775238
mcuenta_debitos_automaticos_rank_tend6	0.000621009561393174	0.00267347223108059	0.000741545811681328
mautoservicio_rank_delta2	0.000619092428153821	0.0014710796379108	0.00124534411122055
vm_status02_tend6	0.000615776598144958	0.00119666308032499	0.00101891790918045
mrentabilidad_rank_tend6	0.000606884621193854	0.001513479520205	0.000984953978874435
vmr_msaldopesos2_tend6	0.000606295446423323	0.00141956119498658	0.00122270149101654
vm_mfinanciacion_limite_rank_lag2	0.000606227838946897	0.00096123941834206	0.00145478834810764
vmr_mpagospesos_tend6	0.000606208981144024	0.0012363804317516	0.00105854249453747
vmr_msaldototal_lag1	0.000605163420801052	0.00086872508084384	0.00141516376275063
mcaja_ahorro_dolares_rank	0.000604803887938724	0.00166239224527767	0.000707581881375313
Visa_mpagado_rank	0.000604739344269057	0.00129561820062913	0.000866080222803383
vm_mlimitecompra_rank_delta1	0.000603096391164817	0.00100665888872836	0.00165291127489273
vm_mconsumosdolares_rank	0.000602249834981301	0.000547107658165272	0.00040756716367218
ctarjeta_visa_transacciones_tend6	0.000602157808596452	0.00199644636402892	0.000758527776834335
rf_019_019	0.00060112625906993	0.00103230196727269	0.00111514904504749
vm_msaldototal_rank_tend6	0.000600157937166625	0.000978409839092382	0.00138119983244461
Master_mconsumototal_rank_delta1	0.000598628591414581	0.00115996064060897	0.00151705555366867
vm_msaldototal_rank_delta1	0.000596748281939406	0.00115324599561388	0.00116043428545551
mcuenta_debitos_automaticos_rank	0.000595856873749244	0.00169902788684472	0.00052078026469223
Master_fultimo_cierre	0.000592346044240196	0.00101870716404194	0.00148309162336266
vm_mpagospesos_rank_delta1	0.000591641451866478	0.00122331183643344	0.00141516376275063
Visa_fultimo_cierre_lag1	0.000591128248214031	0.000739519751820396	0.00097363266877243
vmr_Visa_mlimitecompra_tend6	0.000584584337151951	0.00146103328830046	0.00081513432734436
Master_msaldopesos_rank_tend6	0.000584523451853468	0.000974600453605429	0.00141516376275063
Master_mpagosdolares_rank	0.000582081164102813	0.00104573238163876	0.00199821123300388
Visa_mpagosdolares_rank_delta1	0.000581862920663142	0.00111679878922299	0.00169819651530075
ctransferencias_emitidas_tend6	0.000581626206131957	0.00128070608883706	0.000752867121783333
vmr_Master_mlimitecompra_tend6	0.000579616644554523	0.00167932598490491	0.00133025393698559
mcaja_ahorro_dolares_rank_lag1	0.00057759577822244	0.00137674736348997	0.000894383498058395
vmr_mpagospesos_delta2	0.000577174087849797	0.00112493078667886	0.00097363266877243
rf_003_021	0.000574680856417887	0.000591400069500229	0.000752867121783333
vm_msaldototal_rank_delta2	0.000572618362808033	0.000823572675283422	0.00139818179759762
rf_014_023	0.000572345702873213	0.00090111257479013	0.0015736621041787
vmr_mpagospesos_lag2	0.000570691031134783	0.000836683358035147	0.00142082441780163
ccajas_transacciones_tend6	0.000568369282443354	0.00127167862820745	0.00047549502428421
mpagomiscuentas_rank_tend6	0.000568002610798777	0.00191978112674213	0.000492476989437218
rf_003_017	0.000566999026086752	0.00106779268754428	0.0011264703551495
ctrx_quarter_delta1	0.000564452401046433	0.00147695230424853	0.000707581881375313
cliente_antiguedad_lag1	0.000564311607141513	0.00142901292863352	0.0011377916652515
vm_status06	0.00056358774649207	0.000737740861405675	0.00074720646673233
mpayroll_sobre_edad_rank_lag2	0.000562708913736716	0.00106963377638845	0.000481155679335213
tcallcenter_tend6	0.000562503708968931	0.00181170867239985	0.000503798299539223
vmr_mconsumospesos_delta1	0.000561110513800055	0.00141778138462796	0.000809473672293358
Visa_fultimo_cierre_lag2	0.000561101176857926	0.00095558679747516	0.000962311358670425
Master_cconsumos_lag1	0.00056090021888697	0.000914729788876528	0.00177744568601479
vm_msaldototal_rank_lag2	0.00056000508360562	0.00084688768245685	0.00127930804152657
mtarjeta_visa_consumo_rank_delta1	0.00055982636525881	0.000924471688162915	0.000967972013721428
vm_status02	0.000559167510200354	0.00157792532150423	0.0011208097000985
rf_003_015	0.000558174997083958	0.000581845251028147	0.00099627528897644
Master_Fvencimiento_delta2	0.000558052869457735	0.000802636208625584	0.0011264703551495
Visa_mconsumosdolares_rank_tend6	0.000552057489497029	0.0010046419883827	0.00156234079407669
Master_msaldototal_rank_delta1	0.000551984321075834	0.00114487197624948	0.00138119983244461
vmr_mpagominimo_delta1	0.000550646185073985	0.000868343176354046	0.00117175559555752
Visa_mpagosdolares_rank_lag1	0.000549095639728415	0.00110592014592028	0.00169253586024975
rf_005_021	0.000548093280865345	0.00108323100724896	0.00058870812530426
Master_Fvencimiento_delta1	0.000547072563711439	0.000860480773569789	0.00117741625060852
mttarjeta_visa_debitos_automaticos_rank_lag1	0.00054561718699619	0.00100591271200692	0.00109816707989449
vmr_msaldopesos2_delta1	0.000544828947893724	0.000991731163443932	0.00139818179759762
cliente_edad	0.000543947097459461	0.00149194212574642	0.000877401532905388
matm_rank_delta2	0.000542859096529475	0.00109734486327307	0.00100759659907845
vmr_msaldopesos_delta1	0.000542687426382469	0.000818525403058792	0.00105854249453747
vm_status04	0.000541701490519207	0.000454676141172332	0.000554744194998245
mpayroll_rank	0.000541033948778971	0.00117008163344544	0.000209444236887093
mextraccion_autoservicio_rank_delta2	0.000539925017699704	0.00157276663385133	0.00120005887081253
vm_mfinanciacion_limite_rank_delta1	0.000536807170091172	0.00095860326797959	0.00154535882892368
Master_status_tend6	0.000536082829809356	0.000742162469560174	0.000667957296018295
Visa_fultimo_cierre_delta1	0.000535829784887941	0.000600091827267173	0.00095099004856842
vm_mpagospesos_rank_lag1	0.000535498442283489	0.000680013333769148	0.000764188431885338
mtransferencias_recibidas_rank_lag1	0.00053345360386365	0.00179084076711679	0.00110948838999649
vm_fultimo_cierre_lag2	0.000532528512793844	0.00140458259169351	0.00103589987433346
Master_mpagospesos_rank	0.000530867481613979	0.00165466798740287	0.00150007358851566
ctrx_quarter_lag1	0.000525534951589895	0.00119772285570141	0.000707581881375313
vm_Fvencimiento_tend6	0.000524936944688807	0.000915135739677791	0.000645314675814285
vmr_mconsumospesos	0.000524724859108116	0.000964730784332494	0.00120571952586353
Master_fechaalta_tend6	0.000522103915484973	0.000910214116457932	0.00127930804152657
cdescubierto_preacordado_lag2	0.000522052732524375	0.000826334730190636	0.00065663598591629
cprestamos_personales	0.000520597475403487	0.000371008597542734	3.3963930306015e-05
thomebanking_delta2	0.000520275364933124	0.00120683561557404	0.000990614633925438
ccaja_seguridad_lag1	0.000517561220123396	0.00100463524212741	0.000107552445969048
mautoservicio_rank_tend6	0.000517408192068286	0.00152613311860684	0.000945329393517418
rf_014_021	0.00051612369367143	0.000802611421248193	0.00166423258499474
mcaja_ahorro_dolares_rank_tend6	0.000513011890823171	0.00173725643683407	0.000786831052089348
vm_fechaalta_tend6	0.000508472282006736	0.00139911567172506	0.000888722843007393
rf_003_027	0.000502632119332357	0.000770653285564701	0.0006792786061203
rf_020_025	0.000501783809832002	0.00141151799767136	0.00117741625060852
vm_mpagominimo_rank_delta1	0.000501457000685829	0.000482906280850303	0.000798152362191353
Master_mconsumospesos_rank_delta1	0.000497606866891649	0.000951087786262809	0.00139818179759762
rf_018_025	0.000497500471272754	0.000832095546682146	0.000764188431885338
Master_cconsumos_delta2	0.000495237362255147	0.000872915757524651	0.0015849834142807
rf_011_015	0.000490889934050826	0.000773466831776495	0.00117741625060852
mtransferencias_emitidas_rank_tend6	0.000488508495946241	0.00178039848387214	0.000877401532905388
vm_mpagominimo_rank_tend6	0.000488446169251213	0.000916853939348901	0.0011321310102005
vm_msaldopesos_rank_lag2	0.000488341104421721	0.000863673515547662	0.0013528965571896
rf_009_015	0.000487351663575076	0.000661139355788174	0.00174348175570877
vmr_mpagospesos_delta1	0.000486919459935722	0.00132566602168974	0.00119439821576153
rf_014_019	0.000484729917383572	0.000610848501340725	0.00029435406265213
vm_mconsumospesos_rank_lag2	0.000484330992795024	0.000790709672555193	0.00106420314958847
vmr_mpagospesos_lag1	0.000483622414712644	0.00118532975474814	0.00120571952586353
vm_msaldototal_rank_lag1	0.000481924593158446	0.000488340926120151	0.000730224501579323
mtransferencias_emitidas_rank	0.000481201321402412	0.00146082359219854	0.00063399336571228
ctarjeta_debito_transacciones	0.000480872805233079	0.000600879605896236	0.000152837686377068
vmr_mpagado_tend6	0.000478970362498804	0.000729730986502943	0.000458513059131203
Visa_Finiciomora_tend6	0.000477783643798581	0.00274671315606588	0.00049813764448822
mcuenta_debitos_automaticos_rank_delta2	0.000477430104793265	0.00126537731911885	0.000379263888417168
mtransferencias_emitidas_rank_delta2	0.000476357217084059	0.00128742908998927	0.00072456384652832
Visa_mpagado_rank_delta2	0.00047615553352385	0.00126768763046162	0.000758527776834335
ccallcenter_transacciones_delta2	0.000471604742542286	0.0010639740259563	0.000413227818723183
rf_018_016	0.000470814734636896	0.000665145583716404	0.000735885156630325
ctarjeta_visa_transacciones_delta1	0.000470046587306525	0.00117827416832095	0.000220765546989098
mcuenta_debitos_automaticos_rank_lag1	0.000469766647394136	0.00117021040003789	0.00056606550510025
rf_014_008	0.000468075530932769	0.000533387257037736	0.00018114096163208
Master_mpagado_rank_delta2	0.000466019422828148	0.000767602598257873	0.00088306218795639
matm_rank	0.000462392729507198	0.000533681639086744	0.0004528524040802
Master_delinquency_tend6	0.0004605969219832	0.000768592585667649	0.000673617951069298
vm_mconsumospesos_rank	0.000451512341623251	0.000769977331227865	0.000945329393517418
vmr_Master_mlimitecompra_delta2	0.000450564605507	0.000771701663858329	0.00081513432734436
mtarjeta_master_consumo_rank	0.000446337767051475	0.00074805440361188	0.000435870438927193
vm_mconsumospesos_rank_delta1	0.000445687867965783	0.00102265047802879	0.00120571952586353
matm_other_rank_lag2	0.000440946461707177	0.000985744500724199	0.00086041956775238
matm_rank_lag2	0.000439120545523351	0.00115001829576768	0.00110382773494549
mttarjeta_visa_debitos_automaticos_rank_lag2	0.000437530829121447	0.000916970031158679	0.000888722843007393
mtarjeta_master_consumo_rank_lag2	0.000435818623987641	0.00101487163681574	0.00114345232030251
ccajas_transacciones_delta1	0.000435693810190027	0.00145847952402532	0.000333978648009148
ccajas_transacciones_delta2	0.000427830595471589	0.000800590381154965	0.000690599916222305
vm_fultimo_cierre_lag1	0.000426957289889657	0.00111832474617234	0.000922686773313408
Visa_mpagado_rank_lag2	0.000426107071463427	0.00125301033435083	0.000781170397038345
mpagomiscuentas_rank	0.000425794644076881	0.000998864587346935	0.000600029435406265
mplazo_fijo_dolares_rank_lag2	0.000424944365458723	0.000923305940359643	0.000186801616683083
rf_018_018	0.000424836044827779	0.000557092397088092	0.000413227818723183
mtransferencias_recibidas_rank_delta1	0.00042228525539476	0.00100716835877273	0.000871740877854385
ccomisiones_otras_delta1	0.000419274806533402	0.00103482529673704	0.000990614633925438
mplazo_fijo_dolares_rank	0.000414895689519415	0.00161008456714655	0.000192462271734085
Master_mpagominimo_rank_delta1	0.000413994168228394	0.000975341953945365	0.00118873756071053
mplazo_fijo_dolares_rank_delta2	0.000412729527205072	0.00143081203226011	0.000209444236887093
numero_de_cliente	0.000410598790842471	0.00177250498187316	0.00058870812530426
mtransferencias_emitidas_rank_delta1	0.000409539660459672	0.00124638574164225	0.000690599916222305
mpagomiscuentas_rank_delta2	0.000403851715940406	0.000973684496125859	0.000486816334386215
mextraccion_autoservicio_rank_tend6	0.000400252841756404	0.0014428706058346	0.00074720646673233
vmr_mconsumospesos_delta2	0.00039921009511934	0.000856099847379007	0.000922686773313408
ccajas_otras_tend6	0.00039887506688323	0.00162704135647936	0.0002264262020401
Master_fultimo_cierre_delta2	0.000396395020749524	0.000447023434489999	0.00079249170714035
rf_014_020	0.000395208768983552	0.00137822796209409	0.00013585572122406
mpayroll_rank_lag2	0.000394229003916893	0.000927199781807705	0.000486816334386215
mautoservicio_rank	0.000393866755961166	0.00131216543604706	0.000628332710661278
mcomisiones_mantenimiento_rank_delta1	0.000393386573521795	0.00115786835597124	0.00079249170714035
rf_010_021	0.000391395033011919	0.000534665979063114	0.000441531093978195
vm_mpagospesos_rank_lag2	0.000386849490582828	0.000531035139355364	0.000894383498058395
ctrx_quarter	0.000386747259919797	0.00107708573086792	0.000594368780355263
vmr_mconsumospesos_lag1	0.000386036023253178	0.000757308272657645	0.000939668738466415
Master_msaldodolares_rank_tend6	0.000383611756154444	0.000708635497319847	0.00074720646673233
ctarjeta_master_transacciones_delta2	0.000383114669233214	0.000614549384555101	0.000288693407601128
cprestamos_personales_lag1	0.000382822129013923	0.000710552200442059	0.000107552445969048
rf_013_021	0.000381852014142893	0.000711697453939488	0.000662296640967293
thomebanking_delta1	0.000380561630162172	0.000688259736470979	0.000390585198519173
Visa_mpagado_rank_delta1	0.000380312250102064	0.000892824800166655	0.000605690090457268
Master_mpagado_rank_tend6	0.000380001290715152	0.00103177136407256	0.000809473672293358
ccomisiones_mantenimiento_delta1	0.000378822918560883	0.000887100449229307	9.62311358670425e-05
ctransferencias_recibidas_tend6	0.000377130514099293	0.00151770850232777	0.00070192122632431
ccajas_transacciones	0.000377038886392074	0.000885129954942758	0.000809473672293358
mtarjeta_master_consumo_rank_delta2	0.000376461440408665	0.000666533625742273	0.000730224501579323
rf_008_021	0.000376185030822817	0.000707509358212405	0.000560404850049248
Visa_mpagosdolares_rank_tend6	0.000372651961544933	0.000801406831369011	0.00118873756071053
rf_009_021	0.000371885907801753	0.000682860969013353	0.000990614633925438
rf_012_014	0.00036880328621577	0.00065283742425019	0.00047549502428421
vm_status05_tend6	0.000364075063141715	0.000338201149204657	0.000101891790918045
rf_014_015	0.000362408240943032	0.00082925846523883	0.000979293323823433
rf_019_018	0.00036010812717354	0.000781580609232288	0.00109250642484348
rf_007_015	0.000358429447331947	0.000503252807926249	0.0004528524040802
cpagomiscuentas_tend6	0.000358048504064291	0.00176522835336923	0.000424549128825188
mcaja_ahorro_dolares_rank_delta1	0.000357785151027403	0.00151779587144458	0.000605690090457268
matm_other_rank_delta2	0.000353690134009697	0.000898498324203354	0.000758527776834335
rf_010_017	0.000349980502190042	0.000535880535001248	0.000549083539947243
vm_mconsumosdolares_rank_lag2	0.000345900206034401	0.00162410561105244	0.000758527776834335
mtarjeta_visa_descuentos_rank_delta1	0.000345116971349907	0.000780114831946603	0.00065663598591629
cextraccion_autoservicio_tend6	0.000345020107418955	0.00130723670881595	0.00054342288489624
mpayroll_rank_lag1	0.000343986386517429	0.000822110884421317	0.00036228192326416
rf_005_008	0.00034165274161299	0.000531224980001378	0.000232086857091103
ccajas_consultas_delta2	0.000340857544386607	0.000821772753928915	0.00031699668285614
vm_mfinanciacion_limite_rank_tend6	0.000339868759828973	0.00125625783854493	0.000826455637446365
mttarjeta_visa_debitos_automaticos_rank	0.00033958384678432	0.000820318271510041	0.000667957296018295
rf_010_022	0.000336907264444132	0.000529238616682499	0.000232086857091103
Visa_fultimo_cierre_delta2	0.000335373568477825	0.000422849225265026	0.000707581881375313
vm_mpagado_rank_tend6	0.000334554921972276	0.0010586149183025	0.000441531093978195
cproductos_lag1	0.000333875394165788	0.00068870739139585	0.000164158996479073
cproductos_lag2	0.000333193906222838	0.000615498817771146	0.00020378358183609
Visa_msaldodolares_rank	0.000331362029859552	0.000735890547568473	0.000577386815202255
ccuenta_debitos_automaticos_tend6	0.000329388689193726	0.000940069924782754	0.000232086857091103
Visa_msaldodolares_rank_tend6	0.000328802209126693	0.000964371750670292	0.00065663598591629
internet_delta2	0.000328289812809338	0.000987164204152735	0.000186801616683083
mcuenta_debitos_automaticos_rank_delta1	0.000328122205561127	0.00098100497528917	0.00040756716367218
vm_cconsumos_lag2	0.000325112675637615	0.000587697831923995	0.000554744194998245
vm_mconsumospesos_rank_lag1	0.00032349271622821	0.000521601089074568	0.00079249170714035
vmr_mconsumosdolares_lag2	0.000322056366086262	0.000706159136102555	0.000820794982395363
rf_004_016	0.00032086590643786	0.000742889582999625	0.000577386815202255
Master_mpagado_rank	0.000320763470250335	0.00068083760350637	0.000826455637446365
rf_006_017	0.000315646132589697	0.000867796039717648	0.000696260571273308
rf_013_019	0.000315369470023949	0.00058516374422678	0.000526440919743233
vm_Fvencimiento_delta1	0.000313693279264712	0.000568609072595633	0.00052078026469223
mautoservicio_rank_delta1	0.000310602802927753	0.000788823378689779	0.000532101574794235
mpagomiscuentas_rank_lag1	0.000310135283393571	0.000766636018309633	0.000628332710661278
ctarjeta_debito_tend6	0.000307981383497816	0.00176110669803515	0.0002264262020401
vmr_mconsumosdolares	0.000305741050899538	0.000474113124822034	0.000350960613162155
tcallcenter_delta1	0.000303837891626	0.000578344634490687	0.00038492454346817
vm_mconsumototal_rank_delta1	0.000303748332532356	0.000448176865266567	0.000803813017242355
cextraccion_autoservicio_lag2	0.000301417812895898	0.000417691380894036	0.000356621268213158
rf_018_015	0.00029633929417094	0.00088673339161195	0.000718903191477318
Master_msaldodolares_rank_delta2	0.000294864890550762	0.000696738450562351	0.000583047470253258
vm_mconsumosdolares_rank_tend6	0.000293494318625796	0.000649625670098319	0.000441531093978195
mtarjeta_master_descuentos_rank_delta2	0.000293095945951365	0.000479638563444324	0.000707581881375313
mplazo_fijo_dolares_rank_delta1	0.000290532253963391	0.00144378293464655	0.000192462271734085
tcuentas_lag1	0.000286131366445365	0.00161283182628932	0.000147177031326065
ccajas_extracciones_tend6	0.000284711436162449	0.00182459844084483	0.000367942578315163
ctransferencias_recibidas_lag2	0.000282079511489674	0.000953552980383277	0.00056606550510025
cpayroll_trx_tend6	0.000278500370343169	0.00103399793496615	0.000288693407601128
Visa_msaldodolares_rank_delta1	0.00027782690757734	0.000779391270512778	0.00058870812530426
ctarjeta_debito_transacciones_lag1	0.000277820188679309	0.000530779676044259	0.000283032752550125
mpagomiscuentas_rank_delta1	0.000277097080153852	0.000957028579557371	0.000390585198519173
Master_mpagado_rank_lag1	0.000277088226867301	0.00057390922717764	0.000718903191477318
rf_007_017	0.000274747949119549	0.000499513951471871	0.000373603233366165
rf_004_021	0.000274044902433945	0.000643886804490499	0.000492476989437218
rf_011_028	0.000272850031023282	0.000495441973108563	0.000418888473774185
rf_013_022	0.000272364508594433	0.000408670002115794	7.9249170714035e-05
Master_mpagado_rank_lag2	0.000270872797288289	0.000656129852371568	0.00072456384652832
ctransferencias_recibidas_delta2	0.000267157334482939	0.00122945381634882	0.00052078026469223
mtarjeta_master_consumo_rank_tend6	0.000264759206829973	0.00122937955643264	0.000532101574794235
rf_017_023	0.000264445921358342	0.000660763737581719	0.00049813764448822
vmr_mconsumosdolares_lag1	0.000259970136497785	0.00110753858278589	0.000684939261171303
vmr_Visa_mlimitecompra_delta1	0.000259883470599957	0.000924297128807292	0.000526440919743233
ccajas_consultas_tend6	0.000252571269354732	0.00213082543200968	0.000350960613162155
catm_trx_tend6	0.000251763042266197	0.001751913468625	0.00049813764448822
mtarjeta_master_descuentos_rank_delta1	0.000249239094877068	0.000486483278285722	0.000486816334386215
matm_rank_tend6	0.000247681677559892	0.000772577322684141	0.000401906508621178
rf_020_012	0.00024398240757952	0.000398341229727193	4.528524040802e-05
rf_009_018	0.000238858729558236	0.000848583777920288	0.000605690090457268
vm_status05_delta2	0.000237782987799335	0.000698639259098237	0.00020378358183609
rf_003_028	0.000237774782838239	0.00059680144346558	0.00020378358183609
Visa_mpagado_rank_lag1	0.000237273441398543	0.000377907640182413	0.000503798299539223
catm_trx_delta2	0.000236027008579123	0.00104322550894868	0.000413227818723183
rf_018_023	0.000234412763190342	0.000573601403726047	0.00061135074550827
ctarjeta_debito_delta2	0.000233745395799034	0.000901161408478989	0.000141516376275063
mplazo_fijo_dolares_rank_lag1	0.000232159377565968	0.000913115696190458	0.000141516376275063
rf_011_018	0.000232146994989913	0.00055674629374853	0.000124534411122055
rf_004_015	0.000231900224863902	0.000385208212781819	0.00056606550510025
rf_020_019	0.000231741833218151	0.0010542038383949	0.000464173714182205
mprestamos_prendarios_rank_lag2	0.000230875479767138	0.00103603525295566	0.000107552445969048
vm_mpagado_rank_delta2	0.000229417023960606	0.000815675519062823	0.000266050787397118
mv_status07_rank_tend6	0.000226498887114909	0.000498923245270059	0.00024906882224411
rf_020_022	0.000225382915824504	0.000614500934176202	0.000401906508621178
matm_other_rank_tend6	0.000224200866994769	0.000978725277635173	0.00038492454346817
Visa_status_tend6	0.000223733046703606	0.000511827835033482	0.000447191749029198
rf_020_015	0.000222652740940565	0.000518089330994281	0.000435870438927193
Visa_delinquency_tend6	0.00021939005212264	0.00116874030412666	0.000515119609641228
ccajas_consultas	0.000219145557718457	0.000138727847242926	1.1321310102005e-05
Master_msaldodolares_rank_delta1	0.000217084910495839	0.00030076492645589	0.00061135074550827
mforex_sell_rank_tend6	0.000217060466507789	0.00106529779967894	0.000215104891938095
rf_014_017	0.000216483685140342	0.000582340359726022	0.000396245853570175
ccaja_ahorro_lag1	0.000210790841532338	0.000209712712021739	5.09458954590225e-05
mprestamos_prendarios_rank_lag1	0.000210274051362516	0.00152022672099266	0.000152837686377068
catm_trx_other_tend6	0.000207505005295001	0.000904509493206507	0.000328317992958145
ctarjeta_visa_debitos_automaticos_lag2	0.000204338686372734	0.000619147391953029	0.000486816334386215
mtarjeta_master_consumo_rank_lag1	0.000203840849346056	0.000525548491700991	0.000469834369233208
rf_012_018	0.000202606963938463	0.000569887922390997	0.000401906508621178
catm_trx_lag2	0.000201838038070881	0.000714973348624607	0.000390585198519173
mextraccion_autoservicio_rank_delta1	0.000201737945187866	0.00105286672548567	0.000424549128825188
vm_mconsumosdolares_rank_delta2	0.000201358469124803	0.000884042197939275	0.000424549128825188
vmr_mconsumosdolares_tend6	0.000197403427540479	0.00111648593163392	0.000413227818723183
cextraccion_autoservicio_delta2	0.000196405497764573	0.00056070616672564	0.000396245853570175
vm_msaldodolares_rank_tend6	0.000196405492819122	0.00102369962294234	0.000328317992958145
ctarjeta_debito_transacciones_delta1	0.000194882070176578	0.00164258120221535	0.000266050787397118
rf_008_022	0.000194166435886025	0.000455826505469224	0.00031699668285614
vmr_mpagado_lag2	0.000193522018661617	0.00051071784605234	0.000418888473774185
vm_mconsumosdolares_rank_lag1	0.000193118359200916	0.000667118607848687	0.000469834369233208
mcheques_emitidos_rank_lag1	0.000191317963420007	0.00176283534929116	0.00020378358183609
vmr_msaldodolares2_tend6	0.000191027160946787	0.00114530184559223	0.000350960613162155
vm_status01_tend6	0.000190147304656783	0.000301696906291772	0.00029435406265213
rf_015_015	0.000189603909054969	0.000476286773387195	0.00036228192326416
ctarjeta_master_transacciones_tend6	0.000187738667345634	0.000782977671819207	0.00029435406265213
cmobile_app_trx	0.000186965482398762	0.000786809877025758	0.000288693407601128
rf_001_023	0.000181232334100795	0.000597397643776812	0.000401906508621178
minversion2_rank	0.000180115099527962	0.00130117836713376	0.00013585572122406
ctarjeta_visa_debitos_automaticos_delta2	0.000179851659940016	0.000617459882632688	0.000356621268213158
rf_017_016	0.000175833660676178	0.000533058734848323	0.000147177031326065
vmr_mpagado_delta2	0.00017495118694795	0.00096614972114111	0.000305675372754135
ccajas_depositos_tend6	0.000174157912190998	0.00212820037208204	0.000266050787397118
ccajas_consultas_delta1	0.000173466976139736	0.000551094056191589	7.35885156630325e-05
mpayroll_sobre_edad_rank_delta2	0.000170966607084432	0.000917842035762875	0.000328317992958145
rf_004_019	0.000170133924802148	0.000560367371829308	0.000345299958111153
active_quarter	0.0001694777908156	0.000534204933843652	0.000526440919743233
vm_cconsumos	0.000169121918995936	0.000555288565971997	0.000328317992958145
rf_018_020	0.000165466523982252	0.00106856561930091	0.000220765546989098
matm_rank_lag1	0.000164751288759175	0.000771368797489373	0.000396245853570175
vm_status04_tend6	0.000162641167042162	0.00029671500119226	0.000141516376275063
vmr_msaldodolares2_lag2	0.000162284330550713	0.000993523597477227	0.000328317992958145
active_quarter_delta2	0.000161415024416147	0.000659960371014296	0.00040756716367218
vm_Fvencimiento_delta2	0.000161306845869633	0.00023756375814962	0.000367942578315163
rf_018_008	0.000156373869896884	0.000586591241624495	0.00029435406265213
rf_010_015	0.000155728174154404	0.000338956423149142	0.000305675372754135
rf_019_020	0.000153713607472961	0.00035629900117934	0.000390585198519173
cforex_sell_tend6	0.000153226606992775	0.00153105624951254	0.00020378358183609
vm_status04_delta2	0.000152787431274731	0.000734611493341131	0.000164158996479073
ctarjeta_visa_descuentos_delta2	0.000151475638686411	0.000432859901495116	0.00047549502428421
vmr_msaldodolares_lag2	0.000151462034710542	0.00063627242880413	0.00029435406265213
Visa_Fvencimiento_delta2	0.000150397334316237	0.000255072283838347	0.000350960613162155
mtarjeta_master_descuentos_rank_lag2	0.000150166519006642	0.000370625236475094	0.000300014717703133
vmr_mconsumosdolares_delta2	0.000147454341331955	0.000697124494799709	0.000356621268213158
vmr_msaldodolares_tend6	0.000143076321027407	0.000689296334371847	0.000232086857091103
vm_cconsumos_lag1	0.000142344470533735	0.000226320305981315	0.000277372097499123
ccaja_ahorro_lag2	0.000139950287973157	0.000799188667740536	0.000124534411122055
rf_017_018	0.000138714341684429	0.00039369985719583	0.0002264262020401
vmr_mpagado_lag1	0.000135376814720838	0.000786457334078873	0.000283032752550125
vm_mconsumosdolares_rank_delta1	0.000133963670397533	0.000374690877447069	0.000220765546989098
vm_cconsumos_delta2	0.000132313552518376	0.000454934389869144	0.00018114096163208
cseguro_accidentes_personales_lag2	0.00013186371862443	0.000259456123184823	0.000118873756071053
vmr_mconsumosdolares_delta1	0.000131319553431444	0.000788321395966627	0.00031699668285614
catm_trx_lag1	0.000131299617083353	0.000536571259548529	0.00011321310102005
mv_status07_rank_delta2	0.000130356220507651	0.000735553234803985	0.0002264262020401
ccallcenter_transacciones_delta1	0.000129303529421199	0.000969592866738621	0.000147177031326065
mttarjeta_master_debitos_automaticos_rank_lag2	0.000124445079474627	0.000339892082760637	0.000243408167193108
vmr_mpagado_delta1	0.000123233928433383	0.000622821060160271	0.000198122926785088
mtarjeta_master_consumo_rank_delta1	0.000120353462149001	0.0010646048008259	0.000232086857091103
vm_cconsumos_delta1	0.000118861529795556	0.000590380797209536	0.00015849834142807
mtarjeta_visa_descuentos_rank_lag1	0.000118501220849507	0.000458185216082902	0.00024906882224411
ccomisiones_mantenimiento	0.000117847355800141	0.000344426997339208	2.83032752550125e-05
mforex_sell_rank_lag2	0.000115035898232163	0.000357835946347533	0.000220765546989098
mv_status07_rank_lag2	0.000112064648528078	0.000735873503052268	0.000260390132346115
ccajas_otras_delta2	0.000110821823154422	0.000349888806508196	0.000152837686377068
rf_005_018	0.00011012355094041	0.000569965708758808	0.000198122926785088
vm_mpagado_rank_delta1	0.000109660665680344	0.00102334973761117	0.000209444236887093
vm_status03_tend6	0.000109386167266966	0.000453178702483981	6.792786061203e-05
mttarjeta_master_debitos_automaticos_rank_delta2	0.000107814935390014	0.000684680285851818	0.000192462271734085
ctarjeta_visa_descuentos_lag2	0.000107294529031104	0.000346637137012528	0.00027171144244812
vm_mpagado_rank_lag1	0.000105590548402254	0.000222746681673541	0.00020378358183609
ccallcenter_transacciones_lag2	0.000105503045291838	0.000404438439039287	0.000243408167193108
mv_status07_rank_delta1	0.00010539185073242	0.00094445138760748	0.000243408167193108
minversion2_rank_lag1	0.00010351965343904	0.000485299157158384	6.792786061203e-05
ctarjeta_visa_debitos_automaticos_lag1	0.00010004092578594	0.000555598893715326	0.000147177031326065
rf_013_018	9.9182129667763e-05	0.000378510893396903	0.000147177031326065
matm_other_rank_lag1	9.90997610329253e-05	0.000443748510856778	0.000209444236887093
mv_status07_rank_lag1	9.83381901205236e-05	0.000428838596708473	0.00018114096163208
cforex_buy_tend6	9.80721167626051e-05	0.00132900618467809	0.000141516376275063
rf_012_015	9.73346234958525e-05	0.000351146037621837	0.00020378358183609
mv_status07_rank	9.72024634075293e-05	0.000650737652291251	0.000266050787397118
ctarjeta_master_debitos_automaticos_tend6	9.60275142722261e-05	0.00160399113982606	0.000220765546989098
vmr_msaldodolares2_delta2	9.5718291335518e-05	0.000629700400668023	0.000175480306581078
ccajas_extracciones_delta2	9.41094830945849e-05	0.000463344261491765	0.000215104891938095
mforex_buy_rank_tend6	9.363026972794e-05	0.001660166492112	0.000186801616683083
matm_other_rank	9.2995000692346e-05	0.00047960677427167	0.000192462271734085
mttarjeta_master_debitos_automaticos_rank_lag1	9.24396055023894e-05	0.000577356742508691	0.000169819651530075
catm_trx_other_lag2	9.24086758135882e-05	0.000279322286219341	0.0002264262020401
vm_mpagado_rank_lag2	9.20443626466228e-05	0.000434596500044289	0.000192462271734085
matm_other_rank_delta1	9.17170992414263e-05	0.00049538054129903	0.000147177031326065
vmr_mpagosdolares_tend6	9.10004261190486e-05	0.000912019020841914	0.000186801616683083
vmr_mpagado	8.93320783179405e-05	0.000423860908018517	0.000169819651530075
ctransferencias_recibidas_lag1	8.71249676074936e-05	0.000767929025019507	0.000141516376275063
internet_delta1	8.48401185039184e-05	0.000696089787894642	0.000101891790918045
rf_005_016	8.47672461473684e-05	0.000436526695677081	0.000192462271734085
rf_003_022	8.41329372999731e-05	0.000489158832912043	0.000169819651530075
ccajas_depositos_lag2	8.3542077620286e-05	0.000377687850251552	0.00020378358183609
rf_016_023	8.33805235133328e-05	0.00066102911584378	0.000130195066173058
rf_011_023	8.17078634150286e-05	0.000332081810130892	0.000169819651530075
vm_mpagosdolares_rank_tend6	8.13839481141099e-05	0.000307362687467287	0.000130195066173058
mforex_sell_rank_delta2	7.98779452614066e-05	0.00078873836054073	0.000198122926785088
ccomisiones_mantenimiento_lag2	7.96781490440889e-05	0.000280729263757216	9.057048081604e-05
ctransferencias_emitidas_lag2	7.85354907677971e-05	0.000597780161562542	0.000130195066173058
vm_msaldodolares_rank_lag1	7.7681291115675e-05	0.00105393143278357	0.00018114096163208
mtarjeta_visa_descuentos_rank	7.6849791423316e-05	0.000493998146706567	0.000152837686377068
cpayroll_trx_delta2	7.63176116685421e-05	0.000410387000749031	6.22672055610275e-05
mforex_sell_rank_lag1	7.51900698638246e-05	0.000461090731131013	0.000107552445969048
rf_004_009	7.47218557424894e-05	0.000306632354224175	0.00015849834142807
rf_006_020	7.44409535708733e-05	0.000656884666344102	7.35885156630325e-05
ctarjeta_visa_delta2	7.39006374952574e-05	0.000106788442639462	4.528524040802e-05
ctarjeta_debito_lag2	7.07336775363878e-05	0.000614104745001912	9.057048081604e-05
cpagomiscuentas_lag1	6.95429499304821e-05	0.000222593587675659	5.09458954590225e-05
ctransferencias_emitidas_delta2	6.88574432438396e-05	0.000694276604015531	0.000107552445969048
ccomisiones_mantenimiento_lag1	6.6571912884565e-05	0.000358608852550162	9.057048081604e-05
ccajas_depositos_delta2	6.63857551101518e-05	0.000554921585016632	0.000141516376275063
ctransferencias_emitidas_delta1	6.62747174129567e-05	0.000643172928021655	0.000107552445969048
vm_msaldodolares_rank	6.4689284883358e-05	0.000388888218380393	0.000101891790918045
cseguro_vivienda_tend6	6.45735495140423e-05	0.000318972507295021	3.96245853570175e-05
ctarjeta_master_descuentos	5.91825104245668e-05	0.000235844945182574	0.00015849834142807
ctarjeta_debito_lag1	5.60633402507697e-05	0.000390664936705342	9.62311358670425e-05
cextraccion_autoservicio_delta1	5.5772286961204e-05	0.000314106106263349	9.62311358670425e-05
rf_018_024	5.43606669324147e-05	0.000207759185589404	0.000124534411122055
vm_mpagosdolares_rank_delta2	5.4089480777296e-05	0.000496023965397291	0.000118873756071053
ccajas_otras_lag2	5.23708152987518e-05	0.000391702914522066	0.000169819651530075
mcaja_ahorro_adicional_rank_tend6	5.20564259563822e-05	0.000992657035874457	0.00013585572122406
ctarjeta_master_descuentos_tend6	5.04800994942588e-05	0.000742854522915316	9.057048081604e-05
vm_msaldodolares_rank_lag2	4.93735188076027e-05	0.000304211061871085	0.000141516376275063
cseguro_vida_tend6	4.86855047811199e-05	0.000554882027428797	9.057048081604e-05
ccomisiones_mantenimiento_delta2	4.78126585801976e-05	0.000412955637450609	6.792786061203e-05
vm_msaldodolares_rank_delta2	4.77459045889425e-05	0.000346104796140572	9.62311358670425e-05
ctarjeta_master_transacciones_delta1	4.73937616439971e-05	0.000717895141569005	9.057048081604e-05
mcaja_ahorro_adicional_rank_delta1	4.57207146142171e-05	0.00119667685392954	0.00011321310102005
mcajeros_propios_descuentos_rank_tend6	4.55618167697814e-05	0.000617343663052924	9.057048081604e-05
active_quarter_tend6	4.35425829163139e-05	0.000643595616691155	0.00011321310102005
mcaja_ahorro_adicional_rank_lag1	4.34338998582444e-05	0.000854012418000768	0.000101891790918045
vm_mpagado_rank	4.34254505496742e-05	0.000318767232034632	0.000101891790918045
ccajeros_propios_descuentos_tend6	4.13340080350384e-05	0.000609685871125125	7.35885156630325e-05
ctransferencias_recibidas_delta1	3.99522488353844e-05	0.000480937166479608	7.9249170714035e-05
ctarjeta_visa_tend6	3.96920738381994e-05	0.000183092039756326	3.96245853570175e-05
cpagomiscuentas_lag2	3.96252432585706e-05	0.00022225333620148	5.6606550510025e-05
ctransferencias_emitidas_lag1	3.91301251739394e-05	0.000361455210094502	7.35885156630325e-05
cseguro_accidentes_personales	3.7226602570797e-05	0.000515411578724191	7.35885156630325e-05
ccuenta_debitos_automaticos_lag1	3.68159236214942e-05	0.000223426775757942	3.96245853570175e-05
cpagodeservicios_tend6	3.56715839674492e-05	0.000670251246824887	7.35885156630325e-05
ctarjeta_master	3.38215530087219e-05	8.75073383733499e-05	5.09458954590225e-05
rf_002_014	3.36867330347285e-05	0.000322740674184314	3.3963930306015e-05
mforex_sell_rank	3.25601713738033e-05	0.000285244782851829	7.9249170714035e-05
cplazo_fijo_lag2	3.22259382603698e-05	0.000335089336736264	5.09458954590225e-05
cliente_edad_delta2	3.21018225996707e-05	0.000384567701839251	7.35885156630325e-05
ccuenta_debitos_automaticos_lag2	3.16447984961147e-05	0.000137511221431011	4.528524040802e-05
vmr_mpagosdolares_delta1	3.15659165817461e-05	0.000429554236403131	7.35885156630325e-05
cseguro_accidentes_personales_lag1	3.14559929824363e-05	0.00025077489366477	6.22672055610275e-05
ctarjeta_master_transacciones_lag1	3.0881520864774e-05	0.000240707436452658	7.9249170714035e-05
rf_008_020	2.91673011010378e-05	0.000131181215203425	5.09458954590225e-05
minversion2_rank_tend6	2.79442761114648e-05	0.000363800095995635	3.3963930306015e-05
ccheques_emitidos_delta1	2.66786928914296e-05	0.000475309103004123	5.09458954590225e-05
vm_mpagosdolares_rank_delta1	2.55374135076346e-05	0.000144484856188837	3.3963930306015e-05
cliente_edad_tend6	2.30790506931138e-05	0.000278883728517512	3.96245853570175e-05
rf_006_023	2.27183308779442e-05	0.000297163294967064	4.528524040802e-05
ctransferencias_emitidas	2.19819662469648e-05	0.000413521402951046	3.96245853570175e-05
mpagodeservicios_rank_tend6	2.18140628912966e-05	0.000390406458022555	6.22672055610275e-05
catm_trx_other_delta1	2.10554127361419e-05	0.000152586163293942	3.96245853570175e-05
cpayroll_trx_lag2	1.98879269512319e-05	0.000193580882384076	3.3963930306015e-05
cplazo_fijo_lag1	1.92802694146612e-05	0.000362805381096357	3.96245853570175e-05
mcaja_ahorro_adicional_rank_delta2	1.92394557907136e-05	0.000579762191383448	7.35885156630325e-05
ccuenta_debitos_automaticos	1.90277156558146e-05	6.93639236214632e-05	5.6606550510025e-06
cliente_edad_delta1	1.90048525452854e-05	3.1245894670476e-05	2.83032752550125e-05
ccallcenter_transacciones_lag1	1.8306515462372e-05	0.000149563534276161	3.3963930306015e-05
cproductos	1.58244865381462e-05	6.25489536329337e-05	1.1321310102005e-05
cpagomiscuentas_delta1	1.55792946327039e-05	0.0001295154012268	2.83032752550125e-05
cseguro_vivienda_delta2	1.53143343431556e-05	0.000323880944652268	2.83032752550125e-05
ctransferencias_recibidas	1.47975615759178e-05	0.00045766072028812	3.96245853570175e-05
active_quarter_delta1	1.41773492282346e-05	0.000160095000971422	4.528524040802e-05
ccuenta_debitos_automaticos_delta1	1.40598844849788e-05	0.000129316463357744	1.69819651530075e-05
cinversion2	1.26922422091069e-05	6.93639236214632e-05	5.6606550510025e-06
catm_trx_other_lag1	1.25420001807643e-05	0.000115612774544449	2.264262020401e-05
catm_trx_delta1	1.22991103997281e-05	0.000228737100830878	3.3963930306015e-05
cextraccion_autoservicio	9.54056486478315e-06	0.000409363665372766	3.3963930306015e-05
cplazo_fijo	9.2868090251167e-06	6.93639236214632e-05	5.6606550510025e-06
ctarjeta_debito	8.93260000754025e-06	0.000141910853147824	1.69819651530075e-05
ctarjeta_visa_debitos_automaticos_delta1	8.61515504143438e-06	0.000145170674368635	2.264262020401e-05
cpayroll_trx_lag1	8.34306230091105e-06	2.23617919657818e-05	1.69819651530075e-05
ctarjeta_visa_debitos_automaticos	5.57665457951605e-06	0.000140384666212499	1.69819651530075e-05
catm_trx	5.42309120295645e-06	0.000147065349945166	1.69819651530075e-05
cpayroll_trx	3.08668337444792e-06	6.93639236214632e-05	5.6606550510025e-06
cforex_delta2	2.87495082584797e-06	9.97554970538809e-05	1.69819651530075e-05
cseguro_vida	1.54167270143324e-06	5.95502687106311e-06	5.6606550510025e-06
ccajas_otras	1.28745612255285e-06	6.93639236214632e-05	5.6606550510025e-06
