Feature	Gain	Cover	Frequency
rf_002_015	0.0797127061215809	0.00308272788810785	0.000447901665740625
vm_status06_delta2	0.0380015464302024	0.00141491374529387	0.000204107088185601
ctrx_quarter_normalizado_lag1	0.0219007146820944	0.00100509965793396	0.000918481896835206
mv_status07_rank_lag2	0.0143862137670074	0.00087825988619862	0.000328839197632358
rf_002_024	0.0128822958809111	0.000877260334901151	0.00181995486965495
Visa_mconsumospesos_rank_lag1	0.0128471870320529	0.00164257343199954	0.00279513317987504
rf_020_027	0.0128333883728403	0.000958421034525592	0.000810758711403917
cdescubierto_preacordado_delta2	0.012742151927195	0.0011963569222319	0.000198437446847112
mtarjeta_visa_consumo_rank	0.012295638542258	0.000972024066685785	0.00108857113698987
mpasivos_margen_rank_lag1	0.0114111071647571	0.00215076219897092	0.00224517797004162
mcuentas_saldo_rank_lag1	0.00902799317936548	0.00220086790291767	0.00115660683305174
ctrx_quarter_normalizado_delta1	0.00838814250242463	0.00140696505443721	0.00079374978738845
ctarjeta_debito_transacciones_lag2	0.00790005874083463	0.00113434979011665	0.000975178310220095
rf_017_027	0.00778378992220551	0.00071537230056524	0.000708705167311116
Visa_mpagospesos_rank	0.00733986439350988	0.00167616316592714	0.00319767771490776
rf_006_022	0.0069097917404485	0.0010976285040645	0.00068602660195716
vm_status02	0.0063524612858547	0.00111362083867337	0.00095249974486614
mpasivos_margen_rank_lag2	0.00630925592633877	0.00175736933342962	0.00281214210389051
ctarjeta_visa_tend6	0.00594640269811994	0.000186134055359252	4.53571307079114e-05
rf_005_020	0.00590320205849628	0.00143641350136626	0.00269874927712073
rf_017_021	0.00585520856597116	0.00106974919787187	0.000929821179512184
Visa_mconsumospesos_rank_delta1	0.00582143329061061	0.00155774861502065	0.00280647246255202
mprestamos_personales_rank	0.00569157987593904	0.00241175679990954	0.000419553459048181
rf_015_014	0.00562665410087312	0.000879717084354058	0.00079374978738845
rf_010_026	0.0055957683422217	0.000678230929188577	0.000334508838970847
rf_003_026	0.00549207437118584	0.000724502542165902	0.000374196328340269
mpayroll_sobre_edad_rank_lag2	0.00542159412181379	0.0010001909437739	0.000481919513771559
Master_status_tend6	0.00523122015395061	0.00100408521507486	0.000890133690142762
rf_003_021	0.00472499733744047	0.000810006409237804	0.000884464048804273
vmr_msaldopesos_lag2	0.00442256993409016	0.000908561476322644	0.00130968714919094
ctrx_quarter_normalizado_tend6	0.00423194805136318	0.0018152389909908	0.0016895531188697
vmr_mconsumospesos_lag2	0.00413849662120921	0.000992537627809803	0.00113959790903627
mpasivos_margen_rank	0.00401365786119816	0.00214386318410114	0.00181995486965495
rf_011_027	0.0038561530463771	0.000969526250297451	0.00265906178775131
Visa_msaldototal_rank_lag1	0.00366670944860818	0.00159809883647323	0.00247196362358117
rf_014_021	0.00361208562485955	0.00122388172226232	0.00177459773894703
mprestamos_personales_rank_delta1	0.00356335133515517	0.00375703148775211	0.000737053374003561
mcuentas_saldo_rank_delta2	0.00353871936863129	0.00198716222354554	0.00179727630430099
ctrx_quarter	0.00349863314782657	0.00133268980863845	0.000680356960618671
mcomisiones_mantenimiento_rank	0.00345818535776508	0.00157878069417982	0.00124732109446756
mcuenta_corriente_rank	0.00339914763342359	0.00242182170449101	0.00121897288777512
ccomisiones_mantenimiento_delta1	0.00333823365688623	0.000937442662218422	0.000113392826769779
mrentabilidad_annual_rank_delta2	0.0032686219820487	0.00321270276854347	0.00645772148453889
mcomisiones_rank_delta2	0.00323075814792646	0.00270083261307658	0.00619124834162991
rf_010_016	0.00322418183930835	0.000554644068129026	0.000311830273616891
ctrx_quarter_normalizado_lag2	0.00319396045555847	0.00161033959778667	0.00196169590311717
mcaja_ahorro_rank	0.00317390212619052	0.00113274359958428	0.000737053374003561
mcaja_ahorro_rank_delta2	0.00310801001542629	0.00190421412713533	0.00110558006100534
rf_003_017	0.00308528115507502	0.000861331737199535	0.000754062298019027
mprestamos_personales_rank_delta2	0.00296463818872832	0.00317125141589707	0.00074272301534205
mtransferencias_emitidas_rank	0.0029366653899525	0.00206661499922	0.00108857113698987
vm_msaldototal_rank_lag1	0.00287177558178483	0.00116874822283621	0.00150812459603805
mcomisiones_rank_lag1	0.00286204156212348	0.00183559232709946	0.00318066879089229
Visa_mconsumospesos_rank	0.00280386449995672	0.00233534474295106	0.00408214176371203
mpayroll_rank_delta1	0.00275717209463441	0.00171610422765111	0.000413883817709692
rf_012_019	0.0027546337252584	0.00142737578190797	0.00276111533184411
mcomisiones_otras_rank_delta2	0.00268691416348093	0.00274078861753594	0.0058397305786436
mtarjeta_visa_consumo_rank_lag2	0.00266392636348444	0.0012927515614708	0.00198437446847112
cdescubierto_preacordado	0.00265045981909674	0.00166683086476943	0.000413883817709692
mcomisiones_rank_tend6	0.00261700241587661	0.00180507777740936	0.00259102609168944
mprestamos_personales_rank_lag1	0.00257978024285815	0.00282741242215527	0.000765401580696005
mcuentas_saldo_rank_tend6	0.00247067634041942	0.00259937136306795	0.00206374944720997
rf_005_019	0.00246658755680023	0.000841713435267816	0.00164986562950028
ctarjeta_visa_transacciones_delta2	0.00245715111871721	0.00148454458935808	0.000890133690142762
cdescubierto_preacordado_delta1	0.00240891081681788	0.00110322750095599	0.000130401750785245
mcomisiones_otras_rank_lag2	0.0023160084474013	0.00253214069587457	0.00429758813457461
mactivos_margen_rank_delta2	0.00226026847787458	0.00351494732783021	0.0058397305786436
mrentabilidad_rank_delta2	0.00225837515214818	0.00306996139326032	0.00576602524124324
ctarjeta_debito_transacciones_delta1	0.00220872485883695	0.00147354632672646	0.000221116012201068
cproductos_delta2	0.00219858238920937	0.00123762123481726	0.000192767805508624
rf_005_022	0.00217118081728639	0.00146338191478556	0.000198437446847112
mcuenta_debitos_automaticos_rank	0.002153453782212	0.00145992438586515	0.000498928437787026
mcuenta_corriente_rank_lag2	0.00212583992918359	0.0018864396410502	0.00137772284525281
mpasivos_margen_rank_delta2	0.00210298148341036	0.00258290528745632	0.00595879304675186
rf_001_017	0.00209636273808315	0.00102930609606067	0.00273276712515166
Visa_mconsumospesos_rank_tend6	0.0020887877532489	0.00185779892061183	0.00412749889441994
mprestamos_personales_rank_tend6	0.00206658631863271	0.00279184047297067	0.000595312340541337
mcuenta_corriente_rank_delta2	0.00206142677315255	0.00192535001224904	0.00130968714919094
Master_fechaalta_lag2	0.00205293048826513	0.00274804178035166	0.00492124868180839
Visa_msaldopesos_rank_lag1	0.00203555526867992	0.00144685931776561	0.0019446869791017
mactivos_margen_rank_delta1	0.0020115496514758	0.00299976282759908	0.00469446302826883
vm_mpagominimo_rank	0.00198039053440425	0.00128015798272895	0.00169522276020819
vm_Finiciomora	0.00196314682812867	0.00245972014034456	0.000493258796448537
Visa_mpagospesos_rank_tend6	0.00191969786622543	0.00221921205520238	0.0046604451802379
Visa_delinquency_delta2	0.00191923216406732	0.00110976302867021	0.000816428352742406
Master_fechaalta	0.00190882232975432	0.00261535719861041	0.00384968646883398
Master_status	0.0019053167555744	0.00141086856260029	0.00105455328895894
mcomisiones_otras_rank_delta1	0.00190326621947385	0.00242988420577058	0.00426357028654367
mcuenta_corriente_rank_lag1	0.00190304028968707	0.00136436943112463	0.000895803331481251
mautoservicio_rank_lag2	0.00187030471817373	0.0016776486119933	0.00180294594563948
Visa_cconsumos_tend6	0.00184913706666795	0.00222901387552837	0.00406513283969656
Visa_mpagominimo_rank	0.00184876974166092	0.00184246301729789	0.00263638322239735
mactivos_margen_rank	0.00182985507331267	0.00346202635112887	0.00186531200036286
mcomisiones_rank	0.00182455268892363	0.00215181988364987	0.00344147229246278
rf_006_021	0.00181546322879815	0.00135801004346242	0.00348682942317069
chomebanking_transacciones_lag2	0.00180706453129695	0.00161102744976491	0.00329406161766207
ccomisiones_otras_lag2	0.00179913262878458	0.0018463706961217	0.00253999931964304
Visa_msaldototal_rank_delta2	0.00179662829436606	0.00170704207272657	0.00294254385467575
mcomisiones_rank_lag2	0.00177923166345843	0.00218514412815567	0.00432026669992856
mprestamos_personales_rank_lag2	0.00175396604958531	0.00266678889121424	0.000782410504711472
mcaja_ahorro_rank_lag1	0.00173796895412117	0.00144399282008596	0.000963839027543118
internet_lag1	0.0017357280000229	0.00182833808963496	0.000243794577555024
mrentabilidad_rank_delta1	0.0017347281539958	0.00191820682182488	0.00318066879089229
mactivos_margen_rank_lag2	0.00171850231292961	0.00264229721059773	0.00329406161766207
mrentabilidad_rank_lag2	0.00171729350609507	0.00244662564733801	0.0042012042318203
rf_011_015	0.00171212203430712	0.000884089139384133	0.00152513352005352
Visa_msaldototal_rank_delta1	0.00170603890050198	0.00160860352827346	0.00219415119799522
mpasivos_margen_rank_delta1	0.00170113150770366	0.00211955677805125	0.00302758847475309
mcomisiones_mantenimiento_rank_tend6	0.00169608608815545	0.00257308819176557	0.00150812459603805
mcaja_ahorro_rank_tend6	0.00167612175031543	0.00248847359655706	0.00172924060823912
vm_mpagospesos_rank_tend6	0.00165331893889135	0.00133267693843999	0.00146276746533014
thomebanking_lag2	0.00164370499020042	0.00122908164065422	0.00302758847475309
Visa_mconsumosdolares_rank_lag1	0.00163936164958483	0.00199226588411123	0.00337343659640091
mrentabilidad_rank	0.00163695604138694	0.00184409016348143	0.00226785653539557
ccaja_ahorro_tend6	0.00163615198012007	0.00312482438823701	0.000294821349601424
Master_fultimo_cierre_tend6	0.0016308718626205	0.00218696460877166	0.00282915102790598
mactivos_margen_rank_lag1	0.00162336741882449	0.00226952130274497	0.00200705303382508
vm_mpagospesos_rank	0.00161981006145267	0.00077520935858242	0.000980847951558584
vm_Fvencimiento_lag1	0.00160781483441721	0.00187285572228612	0.00253432967830455
Master_mfinanciacion_limite_rank_tend6	0.00160392429595734	0.00218560934872883	0.00352651691254011
chomebanking_transacciones_delta2	0.00159975953550107	0.00259670022118393	0.00366258830466385
Visa_mconsumospesos_rank_lag2	0.00159954488421509	0.00169674000339465	0.00399709714363469
rf_014_023	0.00159809415154191	0.00101229031201246	0.0014854460306841
Master_Fvencimiento_lag1	0.00159401825708514	0.00203802361027789	0.00380432933812607
Visa_mfinanciacion_limite_rank_delta2	0.00158968476493465	0.00193756631250935	0.0037362936420642
rf_002_017	0.00158823358916839	0.00150391052793521	0.00102053544092801
rf_010_023	0.001584782552478	0.00144919197087159	0.00475682908299221
Visa_status	0.00158068379920793	0.00108649429836252	0.000532946285817959
Master_mlimitecompra_rank_lag2	0.00157680418831736	0.00163914985686313	0.00399142750229621
ccaja_seguridad_lag2	0.00157558175400857	0.000798717121482482	0.000124732109446756
Master_mlimitecompra_rank_lag1	0.0015736311051717	0.00199431751656189	0.00392339180623434
Visa_mpagominimo_rank_lag2	0.00156169550320753	0.00173023327480103	0.00277245461452109
ctrx_quarter_lag1	0.00155519743685061	0.000991827336141615	0.000754062298019027
chomebanking_transacciones	0.00155460125311811	0.00250704805630955	0.00249464218893513
Master_mfinanciacion_limite_rank	0.00154454275377584	0.0020476770011382	0.00364557938064838
Visa_Fvencimiento_tend6	0.00153780246478763	0.00141708167009438	0.0011792853984057
mtransferencias_recibidas_rank_delta2	0.00153371854514631	0.00176033132132921	0.00239825828618082
mrentabilidad_annual_rank_lag2	0.00151988541670606	0.00237329698800412	0.00335642767238545
Visa_fechaalta	0.00151424383091482	0.00199654974118092	0.00296522242002971
vm_fechaalta_lag2	0.00151198779575316	0.00206591875474655	0.00308428488813798
Master_mlimitecompra_rank	0.00150721023428891	0.00199234678981205	0.0036852668700178
rf_019_023	0.00150557044592725	0.000963333177326997	0.00106589257163592
Master_msaldototal_rank_lag1	0.00149771210770622	0.00123540536021177	0.00201839231650206
mtarjeta_master_consumo_rank_delta2	0.00149571089976067	0.00118972042870634	0.00102053544092801
ctrx_quarter_normalizado_delta2	0.00148333754886417	0.00139036418716463	0.00151946387871503
chomebanking_transacciones_delta1	0.00147575977811296	0.00227585456620714	0.00260803501570491
mcomisiones_otras_rank_tend6	0.00147453825297984	0.00189655981328309	0.00233022259011895
Visa_mconsumototal_rank_delta2	0.00146423392396744	0.00167692258439658	0.00358888296726349
ctrx_quarter_delta2	0.0014530112825299	0.00166773175307437	0.00193334769642472
Master_mfinanciacion_limite_rank_lag1	0.0014464885563614	0.00190082842057489	0.00362290081529442
Visa_mpagospesos_rank_delta2	0.00144586019658313	0.00178197177963084	0.00380432933812607
Master_mlimitecompra_rank_delta2	0.00143626071709464	0.00255047714650972	0.00418986494914332
rf_003_015	0.00143472263225582	0.000931042002925778	0.00116227647439023
internet_tend6	0.00142023560464245	0.00324892070957773	0.000498928437787026
Visa_mconsumototal_rank_delta1	0.0014198524342986	0.0021093012000724	0.00411615961174296
Master_mfinanciacion_limite_rank_delta2	0.00141910483464336	0.00178455881745458	0.00417285602512785
tcallcenter	0.00141886920952769	0.00150698550747769	0.00100352651691254
mrentabilidad_rank_lag1	0.00141342076089411	0.00219742708222706	0.00300490990939913
Visa_mpagosdolares_rank	0.00139916986955465	0.000782450853782845	0.00147977638934561
mtransferencias_recibidas_rank_lag2	0.00138824003422172	0.00217248816861098	0.00293687421333726
cprestamos_personales_tend6	0.00138037999188774	0.00269909132384074	0.000402544535032714
Visa_mfinanciacion_limite_rank_lag2	0.00137435022031945	0.00212763168896551	0.00298790098538366
Master_mconsumosdolares_rank_tend6	0.00136827629302579	0.00188839698586407	0.003583213325925
mrentabilidad_annual_rank_delta1	0.00136366525391935	0.00184343544650717	0.00320901699758473
vm_fechaalta	0.00136346593258919	0.00218479166894352	0.00256834752633548
thomebanking	0.00135241141332915	0.00213699154718831	0.00238691900350384
rf_020_015	0.00134047522374476	0.000448819437041168	0.000323169556293869
Master_Fvencimiento_lag2	0.00133612862344814	0.00161712037570405	0.00333374910703149
mcomisiones_rank_delta1	0.00133152097305211	0.0019004439521813	0.00331107054167753
Visa_mpagospesos_rank_lag1	0.00132606537498992	0.00139163703188097	0.00288017779995238
vmr_msaldopesos2	0.00131329705019025	0.000916941459555346	0.00116794611572872
Master_mlimitecompra_rank_delta1	0.001305886664668	0.00161280594231795	0.00391205252355736
Visa_Fvencimiento_lag1	0.00130039353673801	0.00130345398864609	0.00213178514327184
rf_020_026	0.00129466101684623	0.001662986897266	0.00387803467552643
mcomisiones_otras_rank	0.0012862795354263	0.00206586010962755	0.00290285636530633
rf_007_023	0.00128548112116425	0.00112598597778937	0.00267607071176677
chomebanking_transacciones_lag1	0.00128348885583613	0.00157226627563802	0.00251165111295059
mpayroll_rank_tend6	0.00128253050044758	0.00153463604141509	0.000464910589756092
Visa_cconsumos_lag1	0.00127560073630246	0.00164039169028618	0.00261937429838188
Visa_cconsumos	0.0012697217094127	0.00187982387289393	0.00318633843223078
mpayroll_rank_delta2	0.00126290247190103	0.00106888955561049	0.00036852668700178
Visa_mpagominimo_rank_delta2	0.00125927705855148	0.00200506791912903	0.00268740999444375
mtransferencias_recibidas_rank	0.00125609989125581	0.00219956768024437	0.00132102643186792
rf_019_021	0.00124842083950802	0.00136245394643934	0.00281214210389051
Master_mfinanciacion_limite_rank_lag2	0.00124493335605832	0.00186785909162131	0.0030219188334146
Visa_mlimitecompra_rank	0.00123211455184951	0.00147200392427509	0.00252866003696606
cdescubierto_preacordado_tend6	0.00123130388105409	0.00110491820493866	0.000124732109446756
mpayroll_sobre_edad_rank_tend6	0.00123119083750867	0.00125938271904073	0.000487589155110048
mactivos_margen_rank_tend6	0.00123117192426593	0.00201472819285889	0.00176892809760855
Visa_fechaalta_lag2	0.00122303925024373	0.00158346608608917	0.00228486545941104
mcaja_ahorro_dolares_rank_delta2	0.00122254059981852	0.00178191083169303	0.000788080146049961
vm_status01	0.00122212105818862	0.00102581082649867	0.000708705167311116
Visa_mconsumototal_rank_tend6	0.00122211940704019	0.00150947930672655	0.00314665094286135
Visa_mfinanciacion_limite_rank_tend6	0.00121670065549888	0.00222715747093896	0.00279513317987504
mrentabilidad_annual_rank	0.00121447442140946	0.00208739832277405	0.00172357096690063
cmobile_app_trx_lag2	0.00121422834895052	0.00229665001794025	0.00204107088185601
Master_Fvencimiento	0.00120990996512431	0.00173039800310649	0.00305026704010704
Visa_mconsumospesos_rank_delta2	0.00120435018318252	0.00156469862453362	0.00321468663892322
Visa_msaldototal_rank_lag2	0.00119802890003133	0.00136065879683025	0.00244361541688873
Visa_mfinanciacion_limite_rank	0.00119062563245821	0.00183830576408894	0.0030219188334146
vmr_msaldopesos	0.00118942719177467	0.00100579382987049	0.00154214244406899
Visa_mpagominimo_rank_tend6	0.00118110780374311	0.00139574692378308	0.00211477621925637
mrentabilidad_rank_tend6	0.00117829955927378	0.00226835520647386	0.00201272267516357
ctrx_quarter_tend6	0.00117738433002634	0.00131782877214979	0.00126999965982152
mpasivos_margen_rank_tend6	0.0011732083152395	0.00206229972146701	0.00171223168422366
mcomisiones_otras_rank_lag1	0.00116857091687408	0.00176982187731285	0.00223383868736464
Master_mlimitecompra_rank_tend6	0.001166144047493	0.00175099981336465	0.00316365986687682
Master_cconsumos_delta1	0.00116547309346534	0.000938046461310133	0.00181428522831646
Visa_msaldopesos_rank_delta2	0.001164139155199	0.00157639632999815	0.00282915102790598
Visa_mlimitecompra_rank_delta1	0.00115854352673781	0.00190125170425885	0.00324870448695416
mcaja_ahorro_rank_delta1	0.00115043132205538	0.00184027761666131	0.00116227647439023
Visa_mlimitecompra_rank_lag1	0.00114289830043961	0.00191147053948427	0.00259102609168944
Visa_mconsumototal_rank_lag1	0.00113047471115916	0.00147939656115001	0.00275544569050562
Master_mfinanciacion_limite_rank_delta1	0.00112137061146817	0.00148763318111841	0.00340178480309336
Visa_msaldopesos_rank_lag2	0.00110960066806923	0.00129631340808325	0.00218281191531824
Visa_Fvencimiento	0.00110875800995867	0.00187023171142706	0.00238691900350384
Visa_mpagominimo_rank_lag1	0.00110670841540062	0.00192020154906408	0.00255700824365851
mttarjeta_visa_debitos_automaticos_rank_tend6	0.0010990978893007	0.00268163442205624	0.00119062468108267
Master_mpagominimo_rank	0.00109775623910973	0.00162390135831643	0.00252299039562757
cliente_edad_lag2	0.00108628258218208	0.00239330615504834	0.00172924060823912
Visa_Finiciomora	0.00108352805773867	0.00249053032079598	0.000379865969678758
Visa_msaldototal_rank_tend6	0.00108086184624129	0.00134575945678873	0.00229620474208802
Visa_mconsumototal_rank_lag2	0.00107928519020519	0.00156242837781736	0.00274410640782864
tcallcenter_delta2	0.00107879931252687	0.00119583988823554	0.000969508668881607
mrentabilidad_annual_rank_lag1	0.00107066658931539	0.00164210800673138	0.00188799056571681
Visa_cconsumos_lag2	0.00106301133191615	0.0013075218413115	0.00222816904602615
Visa_mconsumosdolares_rank_tend6	0.00106085825888559	0.00160342489816211	0.00261937429838188
rf_015_023	0.0010603532597588	0.00110916068803041	0.0029198652893218
vmr_Master_mlimitecompra_lag2	0.00105815491327208	0.00163306053867346	0.00238691900350384
Master_msaldopesos_rank_lag2	0.00105476985412326	0.00143141267445384	0.00242660649287326
ctarjeta_visa_transacciones_tend6	0.001053960792048	0.00161565475946652	0.000816428352742406
ccomisiones_otras	0.00105359759057874	0.00134337793275025	0.000697365884634138
vmr_msaldopesos_tend6	0.00104997959067837	0.00153317124395758	0.00193334769642472
mrentabilidad_annual_rank_tend6	0.00104954973849681	0.00195102784924717	0.0018426334350089
Visa_mconsumosdolares_rank_lag2	0.00104868563471031	0.00195548513416005	0.00322035628026171
Visa_fultimo_cierre_tend6	0.00104800962923924	0.00155921131435436	0.00210910657791788
rf_014_022	0.00104459013968107	0.00139932164059399	0.00343580265112429
Visa_Fvencimiento_lag2	0.00104051778338325	0.001379336294931	0.00237557972082686
mautoservicio_rank_delta2	0.00103832676451671	0.00171450880919339	0.00171223168422366
Visa_fultimo_cierre_delta2	0.00103433013627632	0.000752710562950069	0.000941160462189162
vmr_Master_mlimitecompra	0.00103152232877048	0.00168084564093266	0.0026137046570434
Visa_mlimitecompra_rank_delta2	0.00103021581359951	0.00169571747508284	0.0027667849731826
vm_Fvencimiento	0.00102628562438753	0.00151333192259395	0.00227919581807255
Visa_msaldopesos_rank_tend6	0.00102247490611277	0.00130304720849692	0.00187098164170135
mpayroll_rank_lag2	0.00102222290395649	0.00105408207245258	0.000549955209833426
Visa_mlimitecompra_rank_tend6	0.00102157806272651	0.00175250263291938	0.00234723151413442
vmr_Master_mlimitecompra_lag1	0.00101284963865532	0.00162451229614645	0.00239258864484233
mcuentas_saldo_rank_delta1	0.0010115613534984	0.0023117888511379	0.000822097994080895
Visa_msaldopesos_rank_delta1	0.00101043210937577	0.00139337640210113	0.0023529011554729
Master_msaldototal_rank	0.00100668145097561	0.00189555299531293	0.00250598147161211
Visa_mpagospesos_rank_lag2	0.00100334018092595	0.00157367895262981	0.00297656170270669
mcuentas_saldo_rank_lag2	0.00100226458146472	0.00193036222532113	0.0015364728027305
Master_fechaalta_lag1	0.000999745372490476	0.00185411412906185	0.00249464218893513
vmr_msaldototal_delta2	0.000999396983775319	0.00131839288599736	0.00195035662044019
Visa_mpagospesos_rank_delta1	0.000997259317238836	0.00131482029289713	0.00304459739876855
mcuenta_corriente_rank_delta1	0.000993669780717758	0.00151163085592664	0.000941160462189162
cproductos_tend6	0.000988852478633732	0.00144940851260026	0.000260803501570491
vm_mfinanciacion_limite_rank_delta2	0.000985644201000302	0.00193561710432194	0.0023529011554729
mcomisiones_mantenimiento_rank_lag2	0.000982804308109257	0.0014909912026794	0.00123598181179059
cprestamos_personales_delta2	0.00097830092553488	0.000962986782204377	0.000136071392123734
Master_msaldopesos_rank_lag1	0.000974625233673543	0.0013460832075264	0.00206374944720997
vm_msaldopesos_rank_lag2	0.000972963824673193	0.00108720899097332	0.00137772284525281
rf_006_015	0.000969424354768155	0.000968800632090746	0.00169522276020819
rf_019_016	0.000964242039970195	0.000962580795248356	0.00130968714919094
rf_011_028	0.000958783503250734	0.000576027301569688	0.000447901665740625
vm_Fvencimiento_lag2	0.00095453475414729	0.00133452574372734	0.00224517797004162
Visa_fechaalta_lag1	0.000952288758567864	0.0016645862305157	0.00245495469956571
Visa_mlimitecompra_rank_lag2	0.000951765284715774	0.00125672012317318	0.00185397271768588
vmr_mpagospesos_lag1	0.000951606036133047	0.000609820834961876	0.00101486579958952
vmr_mpagominimo	0.000939538350136014	0.00103848781845515	0.00164986562950028
Master_mpagominimo_rank_lag1	0.000937761419854533	0.00148047914185898	0.00224517797004162
Master_Fvencimiento_tend6	0.000937015546334004	0.00110337974286614	0.00157616029209992
Visa_mpagosdolares_rank_lag2	0.00093367039637082	0.000642333284663761	0.00141741033462223
vmr_mpagominimo_tend6	0.000933462350540523	0.00123552142227974	0.00129834786651396
Master_fultimo_cierre_lag2	0.000929269341937387	0.00131297107821978	0.00226785653539557
rf_001_025	0.000924753725275529	0.00100130246323923	0.00222249940468766
Master_msaldototal_rank_delta2	0.000924498450671009	0.00162830529459357	0.00200705303382508
vmr_msaldopesos_delta2	0.000920439997092906	0.00125148259207407	0.00175758881493157
mtransferencias_recibidas_rank_lag1	0.00091926754855064	0.00176163307921505	0.00106589257163592
vmr_msaldototal_lag1	0.000915069479647884	0.00109389322960885	0.00177459773894703
Master_msaldototal_rank_delta1	0.000914163716105491	0.00132085777207673	0.00165553527083877
Visa_mconsumosdolares_rank	0.000913826951363309	0.00146292987145336	0.00238124936216535
vmr_mpagominimo_lag2	0.000913507967888084	0.00146571129277146	0.00212044586059486
ccaja_seguridad_lag1	0.000911253578254697	0.000819352655242748	9.07142614158228e-05
Master_Fvencimiento_delta2	0.00090949129172226	0.000862380492058889	0.000907142614158228
Master_msaldototal_rank_lag2	0.000901358040081633	0.00127305422168018	0.0022508476113801
Master_cconsumos_tend6	0.000901332751074468	0.00155431654504152	0.00221116012201068
Visa_mfinanciacion_limite_rank_lag1	0.000898274852158458	0.00125854533736116	0.00216013334996428
rf_012_020	0.000897063477705846	0.000720389886881219	0.000413883817709692
Master_mpagominimo_rank_lag2	0.000896901677427082	0.00135951306771216	0.00234723151413442
rf_007_021	0.000895277227069344	0.000958118265025964	0.00197870482713264
Visa_cconsumos_delta2	0.000892963996417696	0.00146589139878919	0.00229053510074953
Master_msaldototal_rank_tend6	0.000891074419929939	0.00146815220394833	0.00190499948973228
rf_011_018	0.000890642558235111	0.000280098069345283	0.000102053544092801
Master_msaldopesos_rank	0.000890641807536254	0.00126679293409923	0.0022508476113801
cdescubierto_preacordado_lag2	0.000888574932300936	0.0012327732639	0.000493258796448537
vm_fechaalta_lag1	0.000888472087901143	0.0014894750011887	0.00196169590311717
Master_mpagominimo_rank_tend6	0.000884148984981018	0.00161360143828206	0.00191066913107077
Visa_fechaalta_tend6	0.00087571313869013	0.000867437430989627	0.000992187234235562
vm_mpagominimo_rank_delta2	0.00087531614701591	0.00122706851645142	0.00140040141060677
Visa_mfinanciacion_limite_rank_delta1	0.000874227621117665	0.0013867545954422	0.00236424043814988
Master_mconsumototal_rank_tend6	0.000869300364156614	0.0015298827931115	0.00217714227397975
ctarjeta_visa_transacciones_lag2	0.000866415198725099	0.0013470040024206	0.00175191917359308
Master_fechaalta_tend6	0.000866279848268775	0.00115222751924505	0.00128700858383699
internet_lag2	0.000864210682415792	0.00142579668787691	0.000385535611017247
ctrx_quarter_lag2	0.0008607393583464	0.00132190222834097	0.00172924060823912
ctrx_quarter_normalizado	0.000860470534937649	0.00119733705309075	0.000623660547233782
rf_018_026	0.000856773623820122	0.0010923544860807	0.00259669573302793
mcuentas_saldo_rank	0.000856548655963861	0.00321727148429983	0.000708705167311116
rf_008_021	0.000853480666999247	0.000791690658385064	0.000629330188572271
mpayroll_sobre_edad_rank_lag1	0.00084972428647439	0.00162186118878606	0.000419553459048181
Master_fultimo_cierre_lag1	0.000849424944377636	0.00126935215898913	0.00198437446847112
rf_009_023	0.000848289769828886	0.000933794408726881	0.00138906212792979
Master_mconsumospesos_rank_tend6	0.000846625122079507	0.0014376248608204	0.00197303518579415
Master_mpagospesos_rank_lag2	0.000840065485346126	0.00188227903596054	0.0020467405231945
Visa_mpagado_rank_tend6	0.000838158298667454	0.00120170964544521	0.00105455328895894
ctarjeta_visa_debitos_automaticos_tend6	0.000834683015975505	0.00179204139219743	0.000510267720464004
mpayroll_rank	0.000834455864865491	0.00136421990142331	0.000306160632278402
vm_mpagominimo_rank_lag1	0.000825159373241977	0.00140881163366637	0.00146276746533014
ccajas_consultas_tend6	0.000824500204547568	0.00232173690045825	0.000436562383063647
cpayroll_trx_tend6	0.000823269571319678	0.00108916825480287	0.000300490990939913
vm_mlimitecompra_rank_tend6	0.000822720150311179	0.00199625881840472	0.00170656204288517
rf_012_022	0.000811317211935218	0.00132150258693012	0.00272142784247469
vm_status03	0.000810970403296255	0.0005475763078143	0.000810758711403917
ccomisiones_otras_tend6	0.000808812764512401	0.0016871114573906	0.00155915136808445
Visa_msaldototal_rank	0.000807415259306435	0.00118955938491097	0.00196736554445566
vmr_msaldopesos2_tend6	0.000807262936471311	0.00186904404541977	0.00167254419485423
cmobile_app_trx_tend6	0.000802772735921202	0.00242200352482941	0.00134937463856036
rf_013_026	0.00079636866056322	0.00095296243282082	0.000799419428726939
vm_msaldopesos_rank_delta1	0.000794381634683066	0.00129148237567767	0.00166687455351574
ccajas_transacciones_lag2	0.000791655770436148	0.00136892330649312	0.0015874995747769
Visa_mconsumosdolares_rank_delta1	0.000790913160941894	0.0012114684798201	0.00219415119799522
cliente_edad_lag1	0.000790297651944854	0.0018301322413559	0.00134370499722188
cextraccion_autoservicio	0.000789443891959775	0.000232326476956425	3.40178480309336e-05
vmr_Visa_mlimitecompra	0.00078938319502791	0.00112392336856905	0.00195602626177868
cliente_edad	0.000788669418876437	0.00152881195677846	0.00109991041966685
Visa_msaldopesos_rank	0.000784708719584902	0.00141002805932189	0.00167254419485423
mcuenta_debitos_automaticos_rank_lag1	0.000784459597714199	0.00119066322831361	0.000646339112587738
mttarjeta_visa_debitos_automaticos_rank_delta2	0.000782735401348983	0.000628635964866779	0.000810758711403917
Master_mpagospesos_rank_tend6	0.000779792799379172	0.00169204532344944	0.00197303518579415
tcallcenter_delta1	0.000779087405914712	0.000787421948745759	0.000453571307079114
thomebanking_lag1	0.000779019283092441	0.00150873651972628	0.00212611550193335
mtransferencias_recibidas_rank_tend6	0.000778438340704614	0.00150677357138664	0.00140040141060677
rf_013_023	0.000777430838212521	0.00114518961881422	0.00232455294878046
cliente_antiguedad_lag1	0.000773323947237727	0.00164495999665253	0.00145142818265317
ctransferencias_recibidas_tend6	0.000771987064519652	0.00193781151153875	0.00114526755037476
Master_cconsumos_lag1	0.000764327768760102	0.000910769572517934	0.00191066913107077
Master_fultimo_cierre_delta2	0.00076364523742488	0.000961367798234171	0.00180294594563948
vmr_msaldopesos_delta1	0.000762368722506434	0.000960189087633364	0.00142874961729921
vmr_msaldototal_tend6	0.000761475638530145	0.0011895478964038	0.00152513352005352
Master_mpagominimo_rank_delta1	0.000759600942910747	0.00126652409279672	0.00159883885745388
Master_fechaalta_delta1	0.00075720010714124	0.0010025586764864	0.00153080316139201
vmr_Visa_mlimitecompra_lag2	0.000756891283071428	0.00110792179709807	0.0016895531188697
rf_005_021	0.000755026390381135	0.000799554451988298	0.000549955209833426
vmr_mpagospesos	0.000754726330189892	0.00146368780588402	0.00144008889997619
Visa_fultimo_cierre_delta1	0.000754156785563166	0.00110082855225519	0.00137772284525281
rf_008_024	0.000748823051648594	0.00106496373569184	0.00184830307634739
rf_007_016	0.000748275143791233	0.0007021247724554	0.000799419428726939
vm_mpagospesos_rank_delta1	0.000746502182032977	0.00180512470373931	0.0018426334350089
vm_fultimo_cierre	0.000746249575902148	0.00158607249317779	0.00164419598816179
vm_status04_delta1	0.000745977772317332	0.000496006266973804	9.63839027543118e-05
rf_017_015	0.000740807740900332	0.00096639004136152	0.00191066913107077
ccomisiones_otras_delta2	0.00073994417840458	0.00114706495769161	0.0020977672952409
mcaja_ahorro_dolares_rank_lag2	0.000738521128218415	0.00146518397285108	0.00129267822517548
Master_fultimo_cierre	0.000736787958433482	0.00113212744203162	0.00151946387871503
vmr_Visa_mlimitecompra_lag1	0.000736491096756985	0.00101488773810772	0.00146276746533014
Master_fultimo_cierre_delta1	0.000736227732269212	0.000923400149881976	0.00158182993343841
rf_009_021	0.000733760159207215	0.000858068642947231	0.000946830103527651
mtarjeta_visa_consumo_rank_delta2	0.000732959711806713	0.00132272453935078	0.00137205320391432
vm_mconsumospesos_rank_delta2	0.000732507446375958	0.00105718069426817	0.0015364728027305
vm_mlimitecompra_rank	0.000729664047172595	0.000963017025891401	0.0014344192586377
Visa_mconsumosdolares_rank_delta2	0.000727780013930386	0.00105769071746061	0.0016895531188697
vm_msaldopesos_rank_tend6	0.000724926361423798	0.00114913777607531	0.00178026738028552
cmobile_app_trx_lag1	0.000724098277447727	0.00221503264375912	0.0012303121704521
vm_msaldopesos_rank_lag1	0.000724094276967855	0.0010911312031425	0.00142307997596072
vmr_msaldopesos_lag1	0.000723017657194134	0.00119668064738269	0.00153080316139201
Visa_mpagominimo_rank_delta1	0.000722929197445675	0.00121904848938544	0.0017405798909161
vmr_mpagospesos_tend6	0.000722781434638314	0.00111920184799128	0.00117361575706721
vm_msaldopesos_rank_delta2	0.000722293566279082	0.000907765954771649	0.000975178310220095
vmr_msaldototal	0.000719501351174091	0.00103218239351369	0.0017405798909161
vm_mfinanciacion_limite_rank	0.000716401322394249	0.00115855203199575	0.00178026738028552
mcuenta_corriente_rank_tend6	0.000715048435828386	0.00280476993062924	0.000969508668881607
mpayroll_sobre_edad_rank	0.000713089957005391	0.00142116784296276	0.000396874893694225
vm_mfinanciacion_limite_rank_tend6	0.000710841339568262	0.00163078149007198	0.00164419598816179
vm_fechaalta_tend6	0.000709709563045852	0.00142373525565287	0.000612321264556804
mtarjeta_visa_consumo_rank_tend6	0.000708644342375162	0.00145563336447028	0.00137772284525281
rf_016_021	0.000706113989586551	0.00116308477260494	0.00169522276020819
vm_mfinanciacion_limite_rank_lag1	0.00070596927982539	0.000919222990083766	0.00149111567202259
vm_Finiciomora_lag1	0.00070405345360317	0.00176129461602388	0.000345848121647825
Master_mconsumototal_rank_lag1	0.000701481316525264	0.001175945401568	0.00179727630430099
mtransferencias_recibidas_rank_delta1	0.000697101204251148	0.000975984275365314	0.00109991041966685
vm_fultimo_cierre_lag2	0.000695691337505845	0.00107179538031802	0.00108857113698987
Master_mconsumospesos_rank_delta2	0.000692630511829968	0.0013280875484881	0.0017405798909161
vm_mconsumototal_rank_tend6	0.000689805874232286	0.0011329311769697	0.00166120491217726
mextraccion_autoservicio_rank_delta2	0.00068915767160757	0.00176612564842946	0.00120196396375965
Master_cconsumos	0.000687451707148876	0.00113430882552873	0.00206374944720997
vm_mconsumospesos_rank_tend6	0.000685068534194483	0.000786954323006285	0.00118495503974419
vm_cconsumos_tend6	0.000683892649631659	0.00132122801416746	0.00108857113698987
vmr_msaldopesos2_lag2	0.00068185476419601	0.00118369185375948	0.00150812459603805
vmr_mpagospesos_delta2	0.000680828422461609	0.00120138213343683	0.00132102643186792
mcomisiones_mantenimiento_rank_lag1	0.000680398751893456	0.00138010323594189	0.00128700858383699
vmr_mpagominimo_delta2	0.000679830335281883	0.00122986733684496	0.00162718706414632
ctarjeta_debito_transacciones_tend6	0.00067968057976901	0.00190286173282258	0.000759731939357516
mautoservicio_rank_lag1	0.000676932212418152	0.00109647402423494	0.000907142614158228
Visa_fultimo_cierre_lag1	0.000676737013702408	0.00130449870077909	0.00147977638934561
mcaja_ahorro_dolares_rank_delta1	0.000676720553873604	0.00138369253727192	0.00068602660195716
vm_status04_delta2	0.000676664756998694	0.000554766296634031	0.000164419598816179
vm_mpagospesos_rank_delta2	0.000675272504958332	0.00099653718910409	0.00159883885745388
vm_mfinanciacion_limite_rank_lag2	0.000674060640200939	0.00118692122450967	0.00161584778146934
rf_019_019	0.000673642018378746	0.00106636019060447	0.00134370499722188
mcaja_ahorro_dolares_rank_lag1	0.000671435269905036	0.00154391701530023	0.000839106918096361
Master_cconsumos_lag2	0.000670500025174588	0.000984287344449797	0.0019446869791017
rf_004_021	0.000669971976125646	0.00109154542907248	0.000680356960618671
mcaja_ahorro_dolares_rank	0.000660700067393217	0.00167213151869078	0.000714374808649605
vm_fultimo_cierre_tend6	0.000660036555368371	0.00129037807171127	0.0014854460306841
vm_mconsumospesos_rank_delta1	0.000659784071211005	0.00109441422957094	0.0012303121704521
cproductos_delta1	0.00065707609836622	0.000951592127695107	0.000124732109446756
ctarjeta_debito_transacciones_delta2	0.000656309437104071	0.00128564355300066	0.000918481896835206
vm_mfinanciacion_limite_rank_delta1	0.000655567856625813	0.00154524576733988	0.00204107088185601
vmr_mpagominimo_lag1	0.000651465506998423	0.000954742895563285	0.00130968714919094
vm_status01_lag2	0.000647804987178255	0.00273078092520843	0.000572633775187382
vmr_mconsumospesos_tend6	0.000646759291436324	0.00126333512372319	0.00136638356257583
vm_msaldototal_rank_delta1	0.000646701877704487	0.00110156514723155	0.00140040141060677
vmr_mconsumospesos_lag1	0.000646480654692613	0.000703547735371211	0.00100352651691254
ctrx_quarter_delta1	0.000642916242621671	0.00134001407738162	0.000890133690142762
Master_msaldopesos_rank_delta2	0.000638921390788665	0.000900988759016863	0.00145142818265317
matm_rank	0.000638551909360071	0.000704104940762354	0.000419553459048181
vmr_mpagospesos_lag2	0.000638500033048022	0.000787195172266828	0.0012813389424985
vm_mpagominimo_rank_tend6	0.000633821402148317	0.000926975634299155	0.00116227647439023
mtarjeta_visa_consumo_rank_delta1	0.000632671651313848	0.00112938885314337	0.000856115842111828
mpayroll_sobre_edad_rank_delta2	0.000631695079036968	0.00108259140428446	0.000311830273616891
vm_mconsumosdolares_rank_lag2	0.000631466787358436	0.000990444826076214	0.000799419428726939
cliente_antiguedad_lag2	0.000626296415501903	0.00116427811889862	0.00132669607320641
ccomisiones_mantenimiento_tend6	0.00062572021894946	0.00222950570645221	0.000311830273616891
rf_014_008	0.000621878196098423	0.000377134248317481	0.00015874995747769
rf_012_013	0.000621265557897094	0.00120854784031156	0.000714374808649605
ccajas_transacciones_delta2	0.000618317815369502	0.000991128788849353	0.00079374978738845
vm_msaldototal_rank_tend6	0.000617748768433243	0.000957729011886622	0.00140040141060677
ccomisiones_otras_delta1	0.000616871676823778	0.00139661738929287	0.00129834786651396
vm_msaldototal_rank_delta2	0.0006155630698703	0.000882684803713799	0.00119629432242116
mtarjeta_master_consumo_rank_lag2	0.000613965212334957	0.00158268760539736	0.00145709782399165
vmr_mconsumospesos_delta2	0.000609401933565752	0.00126723962977441	0.000969508668881607
vm_mpagominimo_rank_lag2	0.00060742250090647	0.000841993483621862	0.00121897288777512
vm_mlimitecompra_rank_lag2	0.000607403395910462	0.000745421578508428	0.0013833924865913
vm_Fvencimiento_tend6	0.000605906451293574	0.00103031355370271	0.000680356960618671
Visa_cconsumos_delta1	0.000604611815312057	0.00122727121568036	0.00182562451099343
Visa_fultimo_cierre_lag2	0.000604520155358322	0.000927734566617963	0.000935490820850673
ccajas_transacciones_tend6	0.000602655930150053	0.00124355580358297	0.000430892741725158
Master_mpagospesos_rank_lag1	0.000597365199365451	0.00126922094949077	0.00176892809760855
mtarjeta_master_consumo_rank	0.000597183275170005	0.000651615793761448	0.000351517762986314
matm_rank_tend6	0.000595664642929709	0.00115233547027344	0.000589642699202848
Master_mpagospesos_rank	0.000592730351196826	0.00118310686102137	0.00154214244406899
Visa_delinquency_tend6	0.000591936714188378	0.00155734940858668	0.000646339112587738
thomebanking_delta2	0.000590026611353633	0.00123643395261311	0.0011282586263593
vmr_Visa_mlimitecompra_delta2	0.000586018047357673	0.00107382288434493	0.000544285568494937
Visa_mpagosdolares_rank_tend6	0.000584588268994705	0.00149525195480037	0.00176892809760855
Master_mconsumospesos_rank_lag2	0.000577927538403661	0.00186565388674297	0.00139473176926828
Master_mconsumospesos_rank_delta1	0.000575412769618927	0.00116454957006245	0.00168388347753121
rf_003_027	0.000571116007361192	0.00141043115496096	0.00121330324643663
vm_mpagominimo_rank_delta1	0.000570714427092473	0.000976642139525284	0.000969508668881607
vm_msaldopesos_rank	0.000569082228977186	0.000992244632496675	0.00124732109446756
mcomisiones_mantenimiento_rank_delta1	0.000568459004804158	0.00123118155553924	0.0010262050822665
vm_mpagado_rank_tend6	0.000567049805610354	0.00118829076202911	0.000606651623218315
mpagomiscuentas_rank_delta2	0.000566100078024679	0.00114327528553832	0.000606651623218315
mcuenta_debitos_automaticos_rank_lag2	0.000563692793998163	0.00159301208883236	0.000890133690142762
Master_mpagospesos_rank_delta1	0.00056278683168384	0.00114639762638765	0.00164419598816179
vm_mlimitecompra_rank_delta1	0.000554793261116148	0.00133722654080024	0.00150245495469957
mcaja_ahorro_rank_lag2	0.000554780793832438	0.00174919330318276	0.00111691934368232
Master_msaldopesos_rank_tend6	0.00055457134353887	0.00111404217775478	0.0013323657145449
vmr_msaldototal_lag2	0.000553191751972035	0.000722829518714313	0.00122464252911361
rf_020_025	0.000552480967538881	0.00125111424341214	0.00111691934368232
rf_013_025	0.000552285069978394	0.000762430786729589	0.000980847951558584
Master_mconsumospesos_rank	0.000551169666191538	0.00111018564709541	0.00161584778146934
cliente_antiguedad	0.000550453469696247	0.000948740726272094	0.0010262050822665
mplazo_fijo_dolares_rank_tend6	0.000550095472898811	0.00220508641110693	0.000311830273616891
vmr_msaldopesos2_lag1	0.000550060923800386	0.000822489068873684	0.00116227647439023
mttarjeta_visa_debitos_automaticos_rank_lag1	0.00054958093680013	0.00100941698263701	0.00113392826769779
vm_mconsumototal_rank_delta2	0.000547458337100664	0.00102763279115345	0.00110558006100534
rf_003_025	0.000546693422105207	0.000600670098273813	0.000827767635419383
Master_mpagospesos_rank_delta2	0.000543594728880959	0.00139874527063298	0.00129267822517548
ctarjeta_visa_transacciones_delta1	0.000543466449432971	0.00101886603670834	0.000181428522831646
foto_mes	0.00054266737407457	0.00207427350931986	0.000340178480309336
mautoservicio_rank	0.000541090427662764	0.00100224546754151	0.000674687319280182
rf_018_015	0.000539852778191193	0.000576431727726294	0.000782410504711472
rf_017_026	0.000539721914170939	0.000840627272396254	0.00122464252911361
rf_009_015	0.000538529343732725	0.000866784633031036	0.00180861558697797
rf_017_025	0.000536918749267659	0.000901928590546553	0.00161017814013086
Visa_status_delta1	0.000533922451732328	0.00120971900278405	0.000623660547233782
mttarjeta_visa_debitos_automaticos_rank	0.000529459539411335	0.000850086791499723	0.00104888364762045
rf_016_017	0.000528767174951929	0.000418064217198654	0.000238124936216535
vm_fultimo_cierre_lag1	0.00052290757164428	0.00120896687657416	0.00105455328895894
rf_001_023	0.000522250927238981	0.000498720829785812	0.000379865969678758
vmr_msaldopesos2_delta2	0.000518910474055873	0.00131910624809063	0.00138906212792979
matm_rank_lag2	0.000518798513545851	0.00103298530967175	0.00111124970234383
vm_mconsumototal_rank_delta1	0.000517471376320401	0.00093099853082404	0.0011282586263593
Master_mconsumospesos_rank_lag1	0.000516584933944558	0.000759658141709843	0.00132669607320641
Visa_status_tend6	0.000515223243276302	0.000870599661778098	0.000549955209833426
mcomisiones_mantenimiento_rank_delta2	0.000514340034428602	0.00215367004504162	0.000997856875574051
ccallcenter_transacciones_tend6	0.00051311345409593	0.00191645637248756	0.000640669471249249
rf_015_017	0.00051212554540615	0.000751543059400799	0.000691696243295649
rf_008_022	0.000511603212047361	0.000773701242544429	0.000521607003140981
matm_rank_lag1	0.00050982513943697	0.000778403624139212	0.000561294492510404
mttarjeta_visa_debitos_automaticos_rank_lag2	0.000507856327351926	0.000929195321349117	0.00116227647439023
ccajas_consultas_delta2	0.000507014373278978	0.000621671626703451	0.000289151708262935
mtransferencias_emitidas_rank_delta1	0.00050672227064294	0.00129809852763708	0.000680356960618671
rf_018_025	0.000502266335704648	0.000911128914599636	0.00058397305786436
mpagomiscuentas_rank_lag1	0.000500661626310018	0.00120173252011205	0.000600981981879826
Visa_mpagosdolares_rank_lag1	0.00049884208442819	0.00101750020928587	0.00157049065076143
Master_mconsumototal_rank_delta2	0.000498505764510102	0.00113296016689982	0.0013833924865913
Master_msaldopesos_rank_delta1	0.000493179071665677	0.000630657455977916	0.00101486579958952
mextraccion_autoservicio_rank_lag2	0.000492963792641621	0.000868301218324869	0.00114526755037476
Master_cconsumos_delta2	0.00049264458389289	0.000777112305698647	0.0016895531188697
Master_mpagosdolares_rank	0.0004924234095564	0.00117162697662929	0.00157616029209992
rf_016_015	0.000491294251897254	0.000740433058883192	0.00121897288777512
Master_delinquency_delta2	0.000489361440930998	0.00203587740873481	0.000856115842111828
Master_mpagominimo_rank_delta2	0.000488391730342144	0.00088586205399828	0.0012813389424985
mtransferencias_emitidas_rank_delta2	0.000486176178123729	0.00159374026572663	0.000708705167311116
tcallcenter_lag2	0.000485905552092879	0.000853059142083958	0.000997856875574051
mcuenta_debitos_automaticos_rank_delta2	0.000485583370855255	0.00142551003810894	0.000549955209833426
mautoservicio_rank_tend6	0.000484617839264124	0.00112663685673228	0.00084477655943485
rf_016_023	0.000484345897705893	0.00088345849965986	0.000147410674800712
Master_mconsumototal_rank_delta1	0.000483515199874293	0.00107207200003073	0.00125866037714454
numero_de_cliente	0.000483326713861337	0.00175204158300695	0.000697365884634138
rf_002_021	0.000482503428486207	0.000871731855438964	0.00133803535588339
rf_013_015	0.000482372162755606	0.000671309781671355	0.00074272301534205
mtransferencias_emitidas_rank_lag1	0.000481240732388127	0.00104100451795772	0.00108857113698987
ccomisiones_otras_lag1	0.000480738173960362	0.00114217057218191	0.000623660547233782
ccaja_ahorro_lag2	0.000480600629836214	0.000969513354512121	0.00015874995747769
rf_001_021	0.000477964934201732	0.000496910148943198	0.000674687319280182
Visa_Finiciomora_tend6	0.000470221707414842	0.00217853808301214	0.000430892741725158
chomebanking_transacciones_tend6	0.000465407293186233	0.00116615054087219	0.000946830103527651
Visa_mpagado_rank	0.000465186282634278	0.000994873044298353	0.000623660547233782
thomebanking_delta1	0.000463984049270664	0.000830813528586214	0.000459240948417603
mtransferencias_emitidas_rank_lag2	0.00046332011402134	0.00157963145779536	0.000935490820850673
rf_015_024	0.000462948837298051	0.000701146100048465	0.000589642699202848
mpayroll_sobre_edad_rank_delta1	0.00045930280258463	0.000842297660399651	0.00026647314290898
mautoservicio_rank_delta1	0.000456749976350386	0.00100722649021217	0.000754062298019027
Visa_msaldodolares_rank_delta1	0.000451888811615931	0.000917637269051913	0.000697365884634138
Visa_mpagosdolares_rank_delta1	0.000450501024199859	0.000756941224905274	0.0013833924865913
vmr_Master_mlimitecompra_tend6	0.00045016079873831	0.0014151268583812	0.000884464048804273
mcaja_ahorro_dolares_rank_tend6	0.000447445985054846	0.00168699867044272	0.00074272301534205
vm_mconsumospesos_rank_lag2	0.000446172486531929	0.000685550617881004	0.00112258898502081
ccaja_ahorro	0.000442387591372953	0.00138906337599319	0.000113392826769779
vmr_mconsumospesos	0.000441687466456687	0.00102041465677049	0.000997856875574051
mtransferencias_emitidas_rank_tend6	0.000441286384304855	0.00106288730955867	0.000697365884634138
vm_Fvencimiento_delta1	0.000440247856505917	0.000523980909865119	0.000362857045663291
vm_msaldototal_rank_lag2	0.000438333170369708	0.000803516067945989	0.00100352651691254
mplazo_fijo_dolares_rank_delta2	0.00043570676709056	0.0014450554686188	0.000192767805508624
mcuenta_debitos_automaticos_rank_tend6	0.000432552692611585	0.00219793585166259	0.00052727664447947
rf_004_019	0.000429810186515424	0.000664523809618219	0.000436562383063647
vm_status04	0.00042972846233949	0.000522023590638125	0.000612321264556804
vm_mlimitecompra_rank_lag1	0.000427061363179688	0.000749675063956717	0.0011282586263593
Master_delinquency_tend6	0.000424905054775522	0.00063511343596014	0.000748392656680538
cpagomiscuentas_tend6	0.000417459827705916	0.00154766418765306	0.000521607003140981
vm_mconsumospesos_rank_lag1	0.000414697815175483	0.000618548441487229	0.000771071222034494
cmobile_app_trx	0.00041463869032732	0.00132684947633578	0.00052727664447947
rf_008_017	0.000413295722740507	0.000530191561019148	0.000578303416525871
ctransferencias_recibidas_lag2	0.000411093386452591	0.00105176661372704	0.000549955209833426
vmr_msaldototal_delta1	0.000410870363942076	0.000746141772297494	0.00100352651691254
vmr_msaldopesos2_delta1	0.000410092990776569	0.000678988658924229	0.00113959790903627
ccajas_otras_tend6	0.000409255712072793	0.00209174757989792	0.000243794577555024
vm_mlimitecompra_rank_delta2	0.000407002877029732	0.000847390420956305	0.00109991041966685
vm_fultimo_cierre_delta2	0.000406350868625481	0.000452954762297682	0.00052727664447947
catm_trx_tend6	0.000405433646600745	0.00106370823887719	0.000447901665740625
ctransferencias_emitidas_tend6	0.000403017637631997	0.00135568831595235	0.000538615927156448
Master_Fvencimiento_delta1	0.000402117866997036	0.000769182344434968	0.00095249974486614
mpagomiscuentas_rank	0.000400096270548777	0.00105775688512105	0.000487589155110048
vmr_mconsumospesos_delta1	0.000400086885035296	0.00137528852796298	0.00079374978738845
mpagomiscuentas_rank_tend6	0.000397553677030658	0.00148501341768071	0.000561294492510404
vmr_mconsumosdolares	0.000397115662755514	0.000653970707449248	0.000442232024402136
rf_010_022	0.00039648861323684	0.00059453915023745	0.000272142784247469
ctarjeta_debito_transacciones	0.000393974613068746	0.000310803957691535	0.000130401750785245
vmr_mpagominimo_delta1	0.000392884543210932	0.00100149229226972	0.000918481896835206
mpagomiscuentas_rank_delta1	0.000391883151935235	0.00116356590821476	0.000493258796448537
cprestamos_personales	0.000391466199434725	0.000585087870107942	6.23660547233782e-05
Visa_fultimo_cierre	0.000391282402113558	0.000454694106930969	0.000669017677941693
rf_020_012	0.000390719502881678	0.000773897058903818	9.63839027543118e-05
thomebanking_tend6	0.000389427586150924	0.00300974477952967	0.000442232024402136
ctransferencias_recibidas_delta2	0.000386841952648962	0.000988606844037276	0.000561294492510404
rf_014_015	0.000385525416951243	0.000789268911778053	0.000946830103527651
vm_msaldototal_rank	0.000380745446831107	0.000580693324214165	0.000941160462189162
rf_016_018	0.000378674443590413	0.000600840762734433	0.000589642699202848
rf_018_020	0.000376393591335665	0.000743685176365841	0.000175758881493157
rf_005_013	0.000375534381410329	0.00103316416193258	0.000396874893694225
vm_mconsumototal_rank_lag1	0.000371993008941851	0.000547200027220915	0.00079374978738845
ctarjeta_visa_transacciones_lag1	0.000371895165211901	0.000421539733692647	0.000578303416525871
vm_mpagospesos_rank_lag2	0.00036998158143951	0.000375329836259402	0.00074272301534205
Master_mpagado_rank_delta2	0.000369976735807975	0.000550079753315278	0.000748392656680538
ctarjeta_debito_tend6	0.000369299090214196	0.00188667470767685	0.000238124936216535
vm_status05_tend6	0.000368735599904326	0.000468610143341052	0.000147410674800712
rf_013_021	0.000365444707105002	0.000590000678168113	0.000725714091326583
mextraccion_autoservicio_rank_tend6	0.000364673472113356	0.00118765116689836	0.000612321264556804
Visa_mpagado_rank_delta2	0.000360632407277364	0.00114213851182672	0.000657678395264716
vmr_mpagospesos_delta1	0.000358279209299921	0.0011872214609086	0.000929821179512184
Master_mpagado_rank	0.000355782420344034	0.000543020027279507	0.000867455124788806
rf_019_020	0.000355037791848222	0.000507317508268438	0.000379865969678758
Master_msaldodolares_rank_delta2	0.00035426466020774	0.000791766062907619	0.000720044449988094
matm_rank_delta1	0.000350686424861462	0.000638283291637557	0.000289151708262935
vm_status02_tend6	0.000348828944590459	0.000759208964107716	0.000754062298019027
matm_rank_delta2	0.000348692154185285	0.000876845622820532	0.000759731939357516
vmr_Master_mlimitecompra_delta2	0.000348245202601072	0.000716015759314216	0.000878794407465784
ctarjeta_visa_descuentos_delta2	0.000346719514042466	0.00053285175172039	0.000538615927156448
rf_010_021	0.000345506713691993	0.000682332530942977	0.000487589155110048
rf_018_023	0.00034105370896477	0.000488885772108352	0.000691696243295649
mtarjeta_visa_consumo_rank_lag1	0.000339620329257299	0.000463556607464776	0.000725714091326583
ccuenta_debitos_automaticos_tend6	0.000337506774372435	0.00106769441823551	0.000204107088185601
vm_fultimo_cierre_delta1	0.000335438223252465	0.000609166271508865	0.00058397305786436
vmr_mpagado_tend6	0.000330948406287671	0.000832456385111406	0.00058397305786436
rf_018_016	0.000327104617253374	0.000625990563379666	0.00058397305786436
vmr_Visa_mlimitecompra_tend6	0.000326725264046195	0.000917492779965088	0.000521607003140981
mtarjeta_master_descuentos_rank_delta2	0.00032460382621356	0.000564084371488879	0.000759731939357516
rf_017_023	0.000319994438541384	0.000463729702678584	0.000351517762986314
rf_019_018	0.000317553297827108	0.00057169206605368	0.000731383732665072
rf_004_016	0.000316240730497828	0.000572199837601057	0.000867455124788806
vm_status01_tend6	0.000315506575085926	0.00072992719008668	0.000447901665740625
ccajas_transacciones	0.000314609620089159	0.000691793815540867	0.000612321264556804
Master_mpagado_rank_lag2	0.000314336072594937	0.000806481203031289	0.000912812255496717
matm_other_rank_lag2	0.000312107983216889	0.000710298346362192	0.000663348036603204
vm_mconsumospesos_rank	0.000312078983059871	0.000755044341878577	0.000646339112587738
ccallcenter_transacciones_delta1	0.000311246298780459	0.000718507537199895	0.000119062468108267
tcallcenter_tend6	0.000309716701863446	0.000704060189316833	0.000260803501570491
mplazo_fijo_dolares_rank_delta1	0.000306725204111454	0.00120781295965587	0.000147410674800712
Master_mpagado_rank_tend6	0.000304388394806317	0.000970430285788099	0.00074272301534205
rf_015_015	0.000301490747520571	0.000568994851143366	0.000334508838970847
rf_009_018	0.000298049219015881	0.000615618002205318	0.000538615927156448
vm_mpagospesos_rank_lag1	0.000295696862163911	0.000415154375351644	0.000532946285817959
rf_006_017	0.000295654848911123	0.000477026536697811	0.000453571307079114
mcuenta_debitos_automaticos_rank_delta1	0.000288676836754445	0.00109735431510498	0.000430892741725158
ccajas_transacciones_delta1	0.000288597055029483	0.00177514563618292	0.000391205252355736
Visa_mpagado_rank_delta1	0.000287422336080183	0.000654999504545591	0.000532946285817959
Visa_mpagado_rank_lag2	0.000284844977556638	0.000859670279015742	0.000640669471249249
mplazo_fijo_dolares_rank	0.000283888902634249	0.00189638464553235	0.00020977672952409
matm_other_rank_delta2	0.000281809408286071	0.000963217678170289	0.00068602660195716
cextraccion_autoservicio_tend6	0.000281651887277355	0.00103326691882521	0.000521607003140981
cprestamos_personales_lag1	0.000281087300762574	0.000819076905483813	0.000113392826769779
Master_msaldodolares_rank_delta1	0.000280740647738025	0.000367158693105798	0.000731383732665072
mextraccion_autoservicio_rank	0.000277514886299481	0.000506456407555139	0.000379865969678758
tcuentas_lag1	0.000276086508692396	0.00165229534451286	0.000153080316139201
rf_007_017	0.000274556911292494	0.000578116853770068	0.000277812425585957
Master_msaldodolares_rank_tend6	0.000273928492895142	0.000597358388957764	0.000737053374003561
mpagomiscuentas_rank_lag2	0.000273507733528655	0.000762339595104754	0.000572633775187382
mttarjeta_visa_debitos_automaticos_rank_delta1	0.000271014128218762	0.000664867441358268	0.000510267720464004
rf_005_015	0.000270953413845985	0.000799521572853081	0.00052727664447947
rf_011_025	0.000269498585508301	0.000462157389169573	0.000510267720464004
rf_012_014	0.000265698205502736	0.0005471848030299	0.000538615927156448
mprestamos_prendarios_rank_lag1	0.000264097818608572	0.00132749436794979	0.000136071392123734
ctarjeta_visa_transacciones	0.00026116161732966	0.000731896125755222	0.000374196328340269
vmr_mconsumosdolares_lag2	0.000259562923100684	0.000450861755869089	0.000589642699202848
Visa_msaldodolares_rank_tend6	0.00025833636155544	0.00107307725720147	0.000549955209833426
rf_020_019	0.000257797357322704	0.00131205560539572	0.000521607003140981
ctarjeta_debito_transacciones_lag1	0.000257079369238183	0.000639057959884893	0.000357187404324802
internet_delta2	0.000256371972102038	0.00116624922945159	0.000164419598816179
ccaja_ahorro_lag1	0.000255995310100515	0.000551971672488097	9.07142614158228e-05
vm_status05_delta2	0.000255960567310138	0.00062434890943763	0.000153080316139201
Master_mpagado_rank_delta1	0.000255156585517125	0.000892216887196626	0.000640669471249249
ccaja_seguridad	0.000252898535374841	0.0010417975319949	8.50446200773339e-05
vm_cconsumos_lag2	0.000250238828829721	0.000673624268095619	0.000470580231094581
rf_020_022	0.000243278005072646	0.000647046105703812	0.000464910589756092
rf_007_015	0.000241764596786486	0.000285428634324277	0.000340178480309336
ctarjeta_visa_debitos_automaticos_lag2	0.000239268599059447	0.000576081417811698	0.000391205252355736
rf_004_015	0.00023814349992886	0.000501871444132737	0.000470580231094581
mextraccion_autoservicio_rank_lag1	0.000237853233678737	0.000672309409729451	0.000498928437787026
catm_trx_other_tend6	0.0002370846268057	0.000744437865486989	0.000379865969678758
rf_010_017	0.000236764044911998	0.000412269327187145	0.000459240948417603
active_quarter	0.000234700164028613	0.000595612263802428	0.000589642699202848
cproductos	0.000231981910585816	0.000212525740601284	3.40178480309336e-05
ccajas_depositos_tend6	0.000231085081237789	0.00172346971685096	0.000289151708262935
vmr_mconsumosdolares_tend6	0.000228536973550911	0.00108862351022017	0.000459240948417603
rf_013_019	0.000227872078550509	0.000498137602542128	0.000510267720464004
vm_mpagado_rank_delta2	0.000223474411834313	0.000974996519617522	0.000357187404324802
mprestamos_prendarios_rank_lag2	0.000223228459264439	0.00103369498725492	0.000130401750785245
vm_mconsumosdolares_rank_tend6	0.000222182722450298	0.0007434189960984	0.000379865969678758
Visa_mpagado_rank_lag1	0.000221787221653618	0.000502040368685812	0.000589642699202848
rf_014_019	0.000220079452760123	0.000667153424003053	0.00026647314290898
rf_002_020	0.000217702012953071	0.000913827229745603	0.000136071392123734
Visa_Fvencimiento_delta2	0.000217631494744739	0.000448519942661624	0.000453571307079114
Visa_msaldodolares_rank	0.000216507140995976	0.000744166619018168	0.000442232024402136
ccajas_extracciones_tend6	0.000214576675361436	0.00215782867994186	0.000334508838970847
vm_mconsumosdolares_rank_delta2	0.000214132817593117	0.00100305779966981	0.000470580231094581
cextraccion_autoservicio_delta2	0.000213834872673014	0.000830235060501402	0.00052727664447947
mpayroll_rank_lag1	0.000212152297725809	0.000961658158099106	0.000345848121647825
rf_018_024	0.000210207776512973	0.000233847616714125	0.00015874995747769
rf_004_026	0.00021005900179361	0.000559060388453985	0.000396874893694225
mplazo_fijo_dolares_rank_lag2	0.000210038765733319	0.000944287228216808	0.000187098164170135
vm_mconsumosdolares_rank	0.000206375216398867	0.000491591174818876	0.000402544535032714
vm_mconsumosdolares_rank_lag1	0.00020566428582479	0.000629781719571742	0.000470580231094581
cproductos_lag2	0.000203672261274258	0.000473255670898129	0.000192767805508624
ctarjeta_master_transacciones_delta2	0.000203130628630744	0.000911499463732874	0.000402544535032714
ccallcenter_transacciones_delta2	0.000202120844640527	0.00104075542972321	0.000430892741725158
Master_mpagado_rank_lag1	0.000201657997221174	0.000283529474065648	0.000413883817709692
mforex_sell_rank_tend6	0.00020112494195576	0.00142322400429041	0.000311830273616891
ctarjeta_master_transacciones_tend6	0.000200774401194014	0.000886383181894749	0.000289151708262935
rf_004_022	0.000199123456309133	0.000363519650889492	0.000464910589756092
mextraccion_autoservicio_rank_delta1	0.000198856895913727	0.00066790665044859	0.000430892741725158
rf_010_015	0.000196886083379247	0.000575986976653655	0.000470580231094581
active_quarter_lag1	0.000196302544360572	0.000394350914926453	0.000459240948417603
matm_other_rank_tend6	0.000195611298921791	0.000910834639942725	0.000328839197632358
rf_005_008	0.000193958979410478	0.000691796195120303	0.000283482066924446
vm_Fvencimiento_delta2	0.000192737101508257	0.000526557457069844	0.000459240948417603
rf_018_008	0.000190740003071911	0.000601816671758797	0.00036852668700178
ctarjeta_visa_debitos_automaticos_delta2	0.000190562136400561	0.000561435515773552	0.00031749991495538
cextraccion_autoservicio_lag2	0.000188325220645329	0.000415192909186381	0.000334508838970847
mtarjeta_master_consumo_rank_tend6	0.000187434528616133	0.000699165394417122	0.000340178480309336
vm_status06	0.000184632469694889	0.000472727583371482	0.000408214176371203
rf_014_017	0.000183598268366229	0.000450728294725671	0.000385535611017247
rf_018_018	0.000183526121128518	0.000599159858525142	0.000453571307079114
mtarjeta_visa_descuentos_rank_delta1	0.000178839418755253	0.000380103554063512	0.000470580231094581
catm_trx_delta2	0.000173187944048627	0.000922763036678163	0.000419553459048181
minversion2_rank_lag1	0.000173122685791908	0.000913499589802839	0.000119062468108267
ctarjeta_debito_delta2	0.000172414907101213	0.0011179590934407	0.000130401750785245
vm_cconsumos_delta1	0.000171910023334741	0.000565591796681227	0.00015874995747769
rf_003_028	0.000171681544762802	0.000243465288296019	6.80356960618671e-05
vmr_msaldodolares_tend6	0.00016974048968703	0.000891399975017584	0.000323169556293869
vm_mpagosdolares_rank_delta2	0.000164450423200295	0.000478202509502923	0.00010772318543129
mtarjeta_master_descuentos_rank_delta1	0.000164257665838403	0.000323573420616633	0.000374196328340269
mv_status07_rank_delta2	0.000164251195144589	0.000331619981272673	0.000175758881493157
rf_004_009	0.000162375274390525	0.000552369011080146	0.000277812425585957
vmr_mpagado_lag2	0.000162179987600579	0.000770988061423705	0.000413883817709692
rf_012_018	0.000157394945299951	0.000485407824861171	0.000289151708262935
mtarjeta_master_consumo_rank_delta1	0.000153879050329045	0.00115085920989564	0.000243794577555024
mtarjeta_master_consumo_rank_lag1	0.000152227265853871	0.000418217098780693	0.00042522310038667
vmr_mpagado_lag1	0.00015105050695397	0.000597859507917471	0.000260803501570491
vm_cconsumos_lag1	0.000149538261760049	0.000385967426291787	0.000260803501570491
cpayroll_trx_lag2	0.000149323812384783	0.000175807908777342	4.53571307079114e-05
mcheques_emitidos_rank_lag1	0.000148842265531112	0.00139251783448852	0.000147410674800712
vmr_msaldodolares_lag2	0.000148776316423325	0.00062520164324259	0.000300490990939913
vmr_msaldodolares2_tend6	0.000147630980758286	0.000763566639313673	0.000272142784247469
mplazo_fijo_dolares_rank_lag1	0.000147320251129403	0.000891443114489938	0.000147410674800712
rf_017_018	0.000147201431589267	0.000700354442115694	0.000226785653539557
vmr_mconsumosdolares_lag1	0.000146921236344306	0.000381007538380409	0.000351517762986314
rf_011_023	0.000146687093234628	0.000432810240681238	0.000249464218893513
rf_012_015	0.000143412826767511	0.000508548518443084	0.000283482066924446
vmr_mpagado	0.000141551013862903	0.00108268259590929	0.000249464218893513
rf_013_022	0.000140931425365142	0.000895162371561423	0.000136071392123734
ctransferencias_emitidas_delta2	0.000139732335126875	0.000468058694996931	0.000119062468108267
vm_cconsumos	0.000136364893385087	0.000482650352858689	0.000215446370862579
vm_msaldodolares_rank_tend6	0.00013542289401301	0.000860148779177369	0.00026647314290898
vmr_mconsumosdolares_delta2	0.000133950122100808	0.000514848723661906	0.000272142784247469
vm_mpagado_rank_lag2	0.000133858568137091	0.000524107923115871	0.000272142784247469
rf_013_016	0.000129325199504507	0.000405362585080917	0.000102053544092801
vm_status03_tend6	0.000128806178900342	0.000657495018115116	0.000124732109446756
vm_status04_tend6	0.000127982981420291	0.00039707320497491	0.000119062468108267
mv_status07_rank_lag1	0.000125886057495081	0.000459697441357209	0.000255133860232002
ccallcenter_transacciones_lag2	0.000125780785965225	0.000467668699838195	0.000255133860232002
vm_cconsumos_delta2	0.000125103951088566	0.000470238927084633	0.000192767805508624
catm_trx_lag2	0.000124546625792007	0.000681179637499706	0.000306160632278402
cforex_buy_tend6	0.000123791848353182	0.00121534645228127	0.000141741033462223
mttarjeta_master_debitos_automaticos_rank_lag2	0.000123042513888716	0.000233668431823912	0.000192767805508624
mtarjeta_visa_descuentos_rank_lag1	0.000122401226504182	0.000390585882934422	0.000249464218893513
vm_msaldodolares_rank_delta2	0.000120031093999253	0.000496248804968139	0.000198437446847112
cproductos_lag1	0.000118490868860816	0.000409494635217347	9.63839027543118e-05
rf_005_018	0.000118220667018395	0.000679641201014063	0.000170089240154668
ctarjeta_master_debitos_automaticos_tend6	0.000116156268540785	0.000808390342171424	0.000119062468108267
ctarjeta_visa_descuentos_lag2	0.000116121579689754	0.000468136427925172	0.000289151708262935
cplazo_fijo	0.000115935106623184	0.000138906337599319	1.13392826769779e-05
mv_status07_rank_delta1	0.000115428564462546	0.000987329905420829	0.000198437446847112
vm_msaldodolares_rank_lag2	0.000115187009161819	0.000585966318722935	0.000243794577555024
cpagomiscuentas_delta2	0.000114867447012348	0.000829326086743752	0.000119062468108267
mttarjeta_master_debitos_automaticos_rank_delta2	0.000113215253542794	0.000589920565660437	0.00015874995747769
matm_other_rank_lag1	0.000112496807666568	0.000428622129700248	0.000243794577555024
rf_013_018	0.000112275640830471	0.000305827259202852	0.000153080316139201
vmr_msaldodolares2_lag2	0.000111058855008254	0.000947226750839578	0.000226785653539557
mtarjeta_visa_descuentos_rank	0.000106811359831392	0.000800141414915828	0.000255133860232002
ccajas_depositos_delta2	0.000105665742366254	0.000693572026638274	0.00020977672952409
ccajas_consultas_delta1	0.000105616114609983	0.000436015150378303	5.10267720464004e-05
vmr_mconsumosdolares_delta1	0.000103885863980613	0.000661102511713739	0.000255133860232002
mforex_sell_rank_lag2	0.000103766604527952	0.00046431397898417	0.000215446370862579
vm_mpagado_rank_lag1	0.000100988165034629	0.000556906587608835	0.000238124936216535
mv_status07_rank	9.8885243053339e-05	0.000563971328672234	0.000255133860232002
mv_status07_rank_tend6	9.85751096369208e-05	0.000538881298968532	0.000243794577555024
ctarjeta_debito_lag2	9.85642874916576e-05	0.000624586227709332	0.000119062468108267
vmr_mpagado_delta2	9.83167488818503e-05	0.000673686060400327	0.000181428522831646
vmr_Visa_mlimitecompra_delta1	9.82636174966559e-05	0.000223954093025792	0.000232455294878046
matm_other_rank	9.81414228900258e-05	0.00063054277560123	0.00020977672952409
cforex_sell_tend6	9.69219424068276e-05	0.00103478199449338	0.000119062468108267
matm_other_rank_delta1	9.65372120878626e-05	0.000601003060286714	0.000232455294878046
mforex_buy_rank_tend6	9.60198574682854e-05	0.00155790131749456	0.000164419598816179
vm_mpagado_rank	9.28003204834479e-05	0.000359176764897663	0.000164419598816179
ccajas_depositos_lag2	9.12466937219908e-05	0.000352748139149928	0.000187098164170135
ccajas_otras_delta2	9.06895799707363e-05	0.00030133016111145	0.000124732109446756
vmr_mpagosdolares_tend6	9.04924803266413e-05	0.000570577501750141	0.000153080316139201
minversion2_rank	8.85915309011849e-05	0.000965114254154478	9.07142614158228e-05
vmr_msaldodolares2_delta2	8.63073998293332e-05	0.000715818791545422	0.000204107088185601
ccajas_extracciones_delta2	8.57928048211721e-05	0.000559880857208744	0.000198437446847112
rf_003_022	8.50340708816289e-05	0.000536955579532972	0.00015874995747769
catm_trx_other_lag2	8.47401109555668e-05	0.000276866395776284	0.000260803501570491
vm_msaldodolares_rank_lag1	8.32190094724158e-05	0.000738775361970121	0.000164419598816179
mforex_sell_rank_lag1	8.14967553683689e-05	0.000543764451839819	0.000124732109446756
active_quarter_delta2	8.02251568946078e-05	0.000338977129151059	0.000272142784247469
ccheques_emitidos_delta1	8.0024447181191e-05	0.000991371505951818	9.07142614158228e-05
vm_mpagosdolares_rank_tend6	7.9806919099196e-05	0.000442950012460876	0.000147410674800712
ctransferencias_emitidas_delta1	7.84039613666512e-05	0.000783249701627675	0.00010772318543129
mforex_sell_rank_delta2	7.74071148154721e-05	0.000380466120091546	0.00015874995747769
rf_005_016	7.30254720397739e-05	0.000527872699239147	0.000153080316139201
vm_status03_delta1	7.28964502472984e-05	0.000547999156521377	7.9374978738845e-05
mttarjeta_master_debitos_automaticos_rank_lag1	7.27049400515919e-05	0.000538941914276959	0.000164419598816179
ctransferencias_recibidas_lag1	7.24712331422248e-05	0.000723875817233605	0.000124732109446756
vm_mpagado_rank_delta1	7.16608109621502e-05	0.000542135258706227	0.000124732109446756
mtarjeta_master_descuentos_rank_lag2	7.06840147151048e-05	0.000216878247258359	0.000164419598816179
ctarjeta_debito_lag1	6.99468571663248e-05	0.000787128723150751	0.000113392826769779
rf_014_020	6.88524187859208e-05	0.000272432036703988	3.40178480309336e-05
ctarjeta_master_descuentos_tend6	6.79372187892208e-05	0.000743070963415738	0.00010772318543129
cliente_edad_tend6	6.69130262390584e-05	0.000599382515517094	8.50446200773339e-05
rf_017_016	6.5978891329514e-05	0.000282239665250746	0.000136071392123734
cseguro_accidentes_personales_lag2	6.54528563976945e-05	0.000360223447220089	0.000113392826769779
ccajeros_propios_descuentos_tend6	6.43838683572673e-05	0.00069528941773225	0.000102053544092801
cseguro_accidentes_personales_lag1	6.07388143475756e-05	0.000346318822556549	7.37053374003561e-05
cextraccion_autoservicio_delta1	6.02134364702027e-05	0.000758405689733398	0.000130401750785245
ccomisiones_mantenimiento_lag2	5.89312267733009e-05	0.000174932249131795	8.50446200773339e-05
vmr_mpagado_delta1	5.82047456585216e-05	0.000350857013170254	0.000124732109446756
ccajas_otras_lag2	5.73201583531016e-05	0.000565554235147766	0.000192767805508624
ctarjeta_visa_delta2	5.68439847905405e-05	0.000353292064952605	6.80356960618671e-05
mcajeros_propios_descuentos_rank_tend6	5.64022603421894e-05	0.00106302184535086	0.000130401750785245
vm_msaldodolares_rank	5.42733332221448e-05	0.000533387566483485	8.50446200773339e-05
cpagomiscuentas_lag1	5.41906695661247e-05	0.000346593241797951	0.000119062468108267
mcaja_ahorro_adicional_rank_lag1	5.30839611392836e-05	0.000739387988533933	9.07142614158228e-05
ccomisiones_mantenimiento_delta2	5.26524691540593e-05	0.000695549329215155	9.63839027543118e-05
ccomisiones_mantenimiento_lag1	5.25956194539673e-05	0.000386649444462375	5.66964133848893e-05
rf_002_014	5.23450657298568e-05	0.000275176817616145	6.23660547233782e-05
ctransferencias_emitidas_lag2	4.97108509966397e-05	0.000483548861584196	9.63839027543118e-05
ctransferencias_emitidas	4.9498730283432e-05	0.000373289769076539	3.96874893694225e-05
cseguro_vivienda_delta2	4.87635078840394e-05	0.000487890161189734	6.23660547233782e-05
vm_mconsumosdolares_rank_delta1	4.81403209827044e-05	0.000200264637721703	9.07142614158228e-05
rf_006_020	4.75749159698652e-05	0.000563003556274328	6.23660547233782e-05
cpagodeservicios_tend6	4.69111159162208e-05	0.000516902863626379	6.23660547233782e-05
ccomisiones_mantenimiento	4.68753802668746e-05	0.000292598255990987	2.83482066924446e-05
mcaja_ahorro_adicional_rank_tend6	4.66352376449029e-05	0.000846662806973299	9.63839027543118e-05
cliente_edad_delta2	4.59629003426377e-05	0.000213205251258059	7.37053374003561e-05
ctarjeta_master_descuentos	4.36327422457683e-05	0.000128296714022026	9.07142614158228e-05
ccuenta_debitos_automaticos_lag2	4.36252601715243e-05	6.76672304658042e-05	3.96874893694225e-05
ctarjeta_master	4.30077390302422e-05	0.000144906101724199	5.66964133848893e-05
cseguro_vida_tend6	4.16928868491192e-05	0.000502228508982505	8.50446200773339e-05
vmr_mpagosdolares_delta1	4.13752669575115e-05	0.000374341184970962	7.37053374003561e-05
active_quarter_tend6	4.06081104731018e-05	0.000748937701374086	9.63839027543118e-05
minversion2_rank_tend6	3.91802924767151e-05	0.000661590709301239	6.80356960618671e-05
mcaja_ahorro_adicional_rank_delta1	3.86409949639313e-05	0.000956447800261941	0.000102053544092801
catm_trx_lag1	3.82664734691329e-05	0.000308254123184994	6.80356960618671e-05
ctransferencias_recibidas	3.43870257903653e-05	0.000391682996988764	4.53571307079114e-05
internet_delta1	3.32013837588852e-05	0.000365745888179622	3.96874893694225e-05
cpayroll_trx_delta2	3.29252144559755e-05	0.000339356045192636	4.53571307079114e-05
ctarjeta_master_transacciones_lag1	3.16618749571517e-05	0.000359736145173237	7.9374978738845e-05
cseguro_accidentes_personales	3.15115500927897e-05	0.000393020064763001	6.80356960618671e-05
cpagomiscuentas_delta1	2.94901981241873e-05	0.000191422094950907	4.53571307079114e-05
cpagomiscuentas	2.89710598760163e-05	0.00034599003120438	2.83482066924446e-05
cpagomiscuentas_lag2	2.84519831661027e-05	0.000207235167908939	5.66964133848893e-05
ctransferencias_emitidas_lag1	2.82951083253585e-05	0.000379015497763152	6.23660547233782e-05
cseguro_vivienda_tend6	2.79797358326398e-05	0.000279607006027709	3.40178480309336e-05
mpagodeservicios_rank_tend6	2.42620723833907e-05	0.000355853746182574	5.66964133848893e-05
catm_trx_other_delta1	2.39490725692601e-05	0.000329792438679002	4.53571307079114e-05
cinversion2_lag1	2.3342796812632e-05	5.67997679425332e-05	1.13392826769779e-05
active_quarter_delta1	2.29134216951722e-05	0.000246142468682695	6.23660547233782e-05
vm_mpagosdolares_rank_delta1	2.22354313237992e-05	0.000261722291682255	3.96874893694225e-05
ccallcenter_transacciones_lag1	2.17435717265873e-05	0.000423071594351247	5.10267720464004e-05
cliente_edad_delta1	2.0450355539625e-05	0.000106059979170134	3.96874893694225e-05
ctarjeta_master_transacciones_delta1	1.90547492898385e-05	0.000547164026486868	5.66964133848893e-05
ccuenta_debitos_automaticos_delta1	1.88095648767702e-05	0.000339308479190793	3.40178480309336e-05
ctransferencias_recibidas_delta1	1.85791841117228e-05	0.00055965067767535	6.23660547233782e-05
catm_trx_other_lag1	1.8115518905443e-05	0.000338898807724678	4.53571307079114e-05
mcaja_ahorro_adicional_rank_delta2	1.77393740787988e-05	0.000393372907778286	5.10267720464004e-05
ccuenta_debitos_automaticos_lag1	1.69400049725513e-05	0.000404306282093244	3.96874893694225e-05
ctarjeta_visa_debitos_automaticos_delta1	1.68424801442736e-05	0.000143430839234548	3.40178480309336e-05
rf_008_020	1.53985595718182e-05	0.000154314395902606	4.53571307079114e-05
cplazo_fijo_lag2	1.47565557713568e-05	0.000309517884560479	2.83482066924446e-05
mforex_sell_rank	1.08267884496787e-05	0.000310976080604067	3.96874893694225e-05
rf_006_023	8.68853265495996e-06	5.98004431981182e-05	1.70089240154668e-05
catm_trx	8.23026935477775e-06	0.000134102836671947	1.13392826769779e-05
ccajas_consultas	8.22236493312143e-06	6.94531687996597e-05	5.66964133848893e-06
cplazo_fijo_lag1	8.19090611721064e-06	0.000225754692639398	2.26785653539557e-05
catm_trx_delta1	6.84218977108189e-06	7.08608307638292e-05	2.26785653539557e-05
cpayroll_trx	6.79152252303204e-06	0.000138906337599319	1.13392826769779e-05
cforex_delta2	6.64044263042841e-06	9.60561504608526e-05	1.70089240154668e-05
ctarjeta_visa_debitos_automaticos_lag1	6.46095455879145e-06	0.000116689176707304	2.83482066924446e-05
ctarjeta_visa_debitos_automaticos	5.70675111172439e-06	0.000208359506398979	1.70089240154668e-05
ctarjeta_debito	5.10751528345e-06	6.57730596479273e-05	5.66964133848893e-06
ccajas_otras	3.15687010858799e-06	0.000138906337599319	1.13392826769779e-05
cpayroll_trx_lag1	1.00767818989372e-06	6.94531687996597e-05	5.66964133848893e-06
