Feature	Gain	Cover	Frequency
rf_014_017	0.0481050399888531	0.00423118940275862	0.000363588849184482
ctrx_quarter	0.0378288883907039	0.00122029581448283	0.000676048016452395
rf_018_026	0.0282422113407876	0.00214220220436019	0.00172136595785778
cdescubierto_preacordado_delta2	0.0281507483209138	0.0012082223547867	0.000170432273055226
rf_011_015	0.0186383846868911	0.000888361624588007	0.00130096635098822
vmr_msaldodolares2_lag2	0.0127119553481193	0.000786118130452625	0.000295415939962391
vm_status01	0.0111239262921236	0.00135101739342337	0.00055106434954523
ctrx_quarter_normalizado	0.0110902687477474	0.000904145975288702	0.00057378865261926
rf_005_015	0.0107419785422842	0.000920516576464231	0.000369269924952989
vm_status06_delta2	0.0103154887604718	0.000432365968595106	0.000130664742675673
Visa_mpagosdolares_rank_delta1	0.00995728238465573	0.00102370051625573	0.00129528527521972
rf_002_020	0.00971130046135696	0.000636079535407594	0.000318140243036421
mcuentas_saldo_rank	0.00904743754895187	0.00265324748297889	0.00114189622947001
rf_002_015	0.00843305844877462	0.00103912886171237	0.00123279344176613
Visa_mfinanciacion_limite_rank_delta1	0.00780930642220575	0.00257318984950583	0.00402788271987184
rf_017_015	0.00746585070332801	0.00121526040348878	0.00177249563977435
vmr_mconsumospesos_delta2	0.00711239538629882	0.00198588444910361	0.00163614982133017
matm_rank	0.00677500763799723	0.00118895486619681	0.00066468586491538
rf_012_014	0.00636362579636437	0.000747895769476039	0.000539702198008215
mcaja_ahorro_rank_lag1	0.00633108732134621	0.00181982816265743	0.000806712759128068
vm_mconsumospesos_rank	0.00629789033093587	0.000816469446594233	0.000812393834896576
mpayroll_rank_delta1	0.00612451974676819	0.00104826556014764	0.000363588849184482
Visa_cconsumos_tend6	0.00596491747256291	0.00254700288444163	0.00338024008226198
mcuentas_saldo_rank_delta2	0.00565178220984196	0.00263095223156661	0.00261329485351346
mtarjeta_master_consumo_rank	0.00541944009578018	0.000586200894853963	0.000409037455332542
rf_019_023	0.00530545883914326	0.00152848704377642	0.00159638229095061
vm_status03_tend6	0.00515320810267722	0.000622047797657663	0.00011362151537015
mprestamos_personales_rank_delta1	0.00509667085395406	0.00349990825190562	0.000727177698368963
rf_010_026	0.0046354646404912	0.00101015857099799	0.000556745425313738
rf_006_015	0.00443428570553024	0.00171193454447195	0.00197701436744062
mprestamos_personales_rank_tend6	0.00433908377916282	0.0022512894933599	0.000516977894934185
mprestamos_personales_rank_delta2	0.00428135464309756	0.00385755042228346	0.000880566744118666
ctrx_quarter_normalizado_delta1	0.00425498220060955	0.0012068206316852	0.00105099901717389
mpagomiscuentas_rank_lag1	0.00421623832721648	0.00121657285639313	0.000704453395294933
vmr_msaldopesos2_tend6	0.00407408050288599	0.00154130651166135	0.00194860898859808
rf_015_027	0.00390936751319643	0.00114622219605878	0.00138618248751584
vm_Finiciomora	0.0038984419528127	0.00274443519241907	0.000460167137249109
rf_015_016	0.00379204728367149	0.00109537417507752	0.000772626304517023
rf_004_026	0.00377258623223007	0.000978901069228915	0.000585150804156275
rf_012_015	0.00365012127077264	0.000932068764315657	0.000301097015730899
Visa_mpagominimo_rank_delta1	0.00355968889009225	0.00153463168222159	0.00240309505007868
mpasivos_margen_rank_delta2	0.00353735907770582	0.00243251163992841	0.00524931401010095
Visa_status	0.00347785491708948	0.00129945300731025	0.000801031683359561
mprestamos_personales_rank	0.00336584225583603	0.00244955178069895	0.000477210364554632
mpayroll_sobre_edad_rank	0.00334335678923499	0.00157370146736764	0.000397675303795527
mcomisiones_otras_rank_delta2	0.0032736523729325	0.00350948455949863	0.00708430148332888
mtarjeta_visa_consumo_rank	0.00314099518301612	0.00104737054969031	0.000931696426035234
Master_mfinanciacion_limite_rank_delta2	0.0031107368739902	0.00200210604801061	0.00447100662981542
mrentabilidad_annual_rank_lag2	0.00307333781711083	0.002751873789649	0.00410173670486243
Visa_mconsumospesos_rank_tend6	0.0030639156907358	0.0020109494638117	0.00380063968913153
mcuentas_saldo_rank_lag1	0.00301576362176074	0.00217743504992768	0.00119302591138658
cpayroll_trx	0.00297943717217907	0.000427238716590127	3.40864546110452e-05
vm_mfinanciacion_limite_rank	0.00293913484962105	0.000917409564371903	0.00152252830596002
mprestamos_personales_rank_lag1	0.00291019792923063	0.00316265562540494	0.000880566744118666
ctrx_quarter_normalizado_delta2	0.00286776588724184	0.00210837399373431	0.00267578668696704
rf_017_027	0.00277502846697525	0.000817177286068121	0.000590831879924783
mpayroll_sobre_edad_rank_delta1	0.00277357397126474	0.00097012979361065	0.000221561954971793
mcomisiones_rank_tend6	0.00276340948398097	0.00213569035926803	0.00297120262692944
mrentabilidad_rank	0.00263975539065927	0.0021597981917976	0.00268714883850406
vmr_msaldototal	0.0025982378924386	0.00138216665868541	0.00224402492856047
rf_003_015	0.00246430817181758	0.000894375151529995	0.00106804224447941
rf_009_019	0.00243903023536116	0.00106588820010351	0.0019656522159036
rf_020_027	0.00243590561029629	0.00147331019210091	0.00122711236599763
mcuentas_saldo_rank_delta1	0.00243290810907361	0.0027082168332558	0.00176113348823733
cdescubierto_preacordado	0.00237041067153697	0.00273831694416441	0.000516977894934185
rf_016_017	0.00236928212422329	0.00118185566885249	0.000249967333814331
ctarjeta_visa_transacciones	0.00233383502826905	0.00124076253523921	0.00057378865261926
mcuenta_corriente_rank	0.00232200291522456	0.00284890102391019	0.00149412292711748
rf_010_023	0.00226289214567399	0.00180485786801254	0.00499934667628662
rf_001_017	0.00223259222137316	0.000970377614813253	0.00208495480704226
mrentabilidad_annual_rank_lag1	0.00222216593308607	0.00250532967814497	0.0024144572016157
mrentabilidad_rank_delta1	0.00221418349508635	0.00248187750806252	0.00471529288786125
mcomisiones_rank_delta2	0.00219509173781167	0.0023172247810134	0.00477778472131483
mactivos_margen_rank_delta2	0.00219407972612659	0.00304666273707881	0.0046073524482596
mrentabilidad_rank_lag2	0.00219285634421444	0.00268840454200522	0.00393130443180721
mcuenta_corriente_rank_tend6	0.00217615529165889	0.00279443946182199	0.00135209603290479
mcuenta_corriente_rank_lag1	0.00215055878914253	0.00206357858655774	0.00109076654755344
mcomisiones_mantenimiento_rank	0.00214222859954151	0.00164397327192396	0.00142026894212688
mrentabilidad_rank_lag1	0.00213627736935955	0.00231772102677287	0.00351658590070616
Visa_mpagominimo_rank	0.00213505448527943	0.00206464809755912	0.00259057055043943
mcomisiones_mantenimiento_rank_tend6	0.0021203659955576	0.00180509784560981	0.000988507183720309
chomebanking_transacciones_delta1	0.0021192793518423	0.00339333359235734	0.0042267203717696
mcomisiones_otras_rank	0.00211914114870866	0.00163884242602624	0.00334047255188242
rf_012_019	0.00211458757166867	0.00126557658080945	0.00259625162620794
mpasivos_margen_rank_tend6	0.00211330257481084	0.00202136724072999	0.00195429006436659
mcaja_ahorro_rank	0.00210227178902929	0.00133720745394463	0.000602194031461798
mrentabilidad_annual_rank_delta2	0.00209252653840759	0.00239497846690936	0.00461303352402811
vm_mpagominimo_rank	0.00208910312499871	0.00175856769001502	0.00203382512512569
mrentabilidad_annual_rank_delta1	0.00206362813053207	0.00210416711929822	0.003772234310289
mactivos_margen_rank_delta1	0.00206278671803019	0.00284366044623619	0.00485731978207393
mcomisiones_rank_lag2	0.00200530728860037	0.00273841167078266	0.00478346579708334
vm_status04	0.00199275466701425	0.00064558291583397	0.000653323713378365
rf_007_015	0.00198826226486543	0.000504869711709688	0.000352226697647467
Master_mlimitecompra_rank_tend6	0.00196048125249388	0.00260545985841546	0.00521522755548991
Visa_mlimitecompra_rank_delta2	0.00195427735671056	0.00278608266434506	0.0050561574339717
ctrx_quarter_normalizado_tend6	0.00186672292745223	0.00220770318188029	0.00162478766979315
Visa_Fvencimiento_tend6	0.00184397082939331	0.0012103003593112	0.000994188259488817
cprestamos_personales_tend6	0.00183716889300269	0.00243474457533283	0.000346545621878959
Visa_mpagospesos_rank_delta2	0.00181933304795668	0.00231208559308727	0.00470961181209274
mcomisiones_otras_rank_delta1	0.0018120144795648	0.0025825038029285	0.00453917953903751
vmr_mpagominimo	0.00179483918876168	0.00113198977743662	0.00193724683706107
cdescubierto_preacordado_delta1	0.00179377900807089	0.000391394935488884	7.38539849905978e-05
mcomisiones_rank_delta1	0.00178408807870262	0.00154687387124715	0.0027155542173466
ctarjeta_debito_transacciones_lag2	0.0017825274687062	0.000838728759079065	0.00107940439601643
vm_msaldopesos_rank	0.00177943209318311	0.00113271348775073	0.00139754463905285
Visa_fechaalta_lag2	0.00177392963797444	0.00211021579818384	0.00338024008226198
foto_mes	0.00177304223999252	0.00239670227625258	0.000516977894934185
vm_mconsumototal_rank_tend6	0.00177296144898167	0.00106120079335141	0.00113621515370151
vm_mpagominimo_rank_lag1	0.00176685808247009	0.00162247321518878	0.00155093368480255
mtarjeta_visa_consumo_rank_delta2	0.00176663879683117	0.00158708772099443	0.00211904126165331
Visa_mpagospesos_rank	0.00176169950876701	0.00208672627260308	0.00411877993216796
mpasivos_margen_rank_delta1	0.0017552836814462	0.00242293103015722	0.00419831499292706
internet_lag1	0.0017499111673037	0.00151054108463753	0.000249967333814331
ccaja_ahorro_tend6	0.00173793910139817	0.00377492617226942	0.000380632076490004
Visa_mpagospesos_rank_tend6	0.0017314992722262	0.00173975536662958	0.00323821318804929
chomebanking_transacciones_delta2	0.00172509950087955	0.00295062384955512	0.0037779153860575
Master_mlimitecompra_rank_delta2	0.00171376984581976	0.00292097525749262	0.00518114110087886
vm_fechaalta	0.00169812411666051	0.00237303292487063	0.00300528908154048
rf_006_021	0.00167345633977057	0.00165729234336596	0.00476642256977781
Master_mlimitecompra_rank_lag2	0.00166448246161374	0.00197315532696037	0.00422103929600109
chomebanking_transacciones_lag2	0.00165580716161071	0.00220043069070041	0.00378359646182601
mactivos_margen_rank_lag2	0.00162655711476477	0.0032928545683955	0.00417559068985303
Master_Fvencimiento_lag1	0.0016214083103055	0.00183559394054015	0.00401083949256631
Master_mconsumototal_rank_delta1	0.00161668798754405	0.00147013201043912	0.00204518727666271
Visa_mconsumototal_rank_tend6	0.00161320391794964	0.00187291022082044	0.0036983803252984
Master_fechaalta_lag1	0.00161154467698083	0.00257616525167189	0.00395970981064975
Master_mfinanciacion_limite_rank_lag2	0.00160890901313519	0.00211873154015814	0.00393698550757571
mcomisiones_rank	0.00160475743763377	0.00228111505184907	0.00367565602222437
rf_015_024	0.00159205528522047	0.000809114243415651	0.00139186356328434
Visa_mpagominimo_rank_lag2	0.00159077479009091	0.00172228469324794	0.0025678462473654
vm_fultimo_cierre_lag1	0.00158936966174522	0.00140175290195221	0.00109644762332195
mrentabilidad_annual_rank	0.00158543971201304	0.00263618242105429	0.00284621896002227
Master_mfinanciacion_limite_rank_delta1	0.00158150303199491	0.00231718047382475	0.00459599029672259
mcomisiones_otras_rank_lag2	0.00158118156509883	0.00240812387725669	0.00410741778063094
Master_Fvencimiento_delta1	0.0015713140806265	0.000994858136643692	0.00122143129022912
mrentabilidad_rank_delta2	0.00156604534875509	0.00290313727253283	0.00437442834175079
Visa_mconsumototal_rank	0.00156408520818736	0.0021186459950177	0.00367565602222437
Master_mlimitecompra_rank	0.00155959859106708	0.00231489591228223	0.00370406140106691
Visa_mpagospesos_rank_lag2	0.00154991636822014	0.00172305520286611	0.00326093749112332
mcaja_ahorro_rank_lag2	0.00153812667179859	0.00157834844938455	0.00119870698715509
Visa_msaldototal_rank	0.00153535727723947	0.00167076073187	0.0022667492316345
Visa_mpagominimo_rank_lag1	0.00152365654902869	0.00225924519142033	0.00327798071842884
Master_fechaalta_lag2	0.00152311141219134	0.00227951301513446	0.00379495861336303
Master_mlimitecompra_rank_lag1	0.00149964111824505	0.00188059934123073	0.00350522374916914
ctarjeta_visa_transacciones_tend6	0.00149458792780831	0.00181670451897386	0.000783988456054038
mcuentas_saldo_rank_lag2	0.001491431972937	0.00203611809805512	0.00156229583633957
Visa_mconsumospesos_rank_delta2	0.00147969100348548	0.00206882005614673	0.00423240144753811
Visa_mconsumototal_rank_delta2	0.00146773543571272	0.00205492695871179	0.00391994228027019
Master_mfinanciacion_limite_rank_lag1	0.00146178113003199	0.00163446249384975	0.003022332308846
Visa_msaldototal_rank_lag1	0.00145055088308716	0.00133110982466586	0.00209063588281077
mcomisiones_rank_lag1	0.0014493605289196	0.00174370731077596	0.00314163489998466
cmobile_app_trx_lag2	0.00144568624037787	0.00264519262495807	0.00232355998931958
Visa_msaldopesos_rank_delta2	0.00144280270934423	0.00170403585027235	0.00291439186924436
cproductos_tend6	0.00143833851603864	0.00208970461284204	0.000409037455332542
Master_mlimitecompra_rank_delta1	0.00142962347637445	0.00214947382985787	0.00432329865983423
Visa_msaldopesos_rank_delta1	0.00142091507964492	0.001925301936783	0.0031700402788272
Master_fechaalta	0.00141793620918905	0.00250447666639045	0.00353362912801168
vmr_mpagospesos	0.00141021215151573	0.00129556092639922	0.00153389045749703
Visa_mconsumospesos_rank_lag2	0.00140822085569685	0.00215712709003909	0.0036983803252984
Master_Fvencimiento_lag2	0.00138525964423999	0.00186059880345216	0.0033234293245769
mcuenta_corriente_rank_lag2	0.00137764715936877	0.00226476367931137	0.00159070121518211
ctrx_quarter_delta1	0.0013734528581088	0.00155085834405779	0.00112485300216449
Visa_msaldopesos_rank_lag1	0.00137065748230276	0.00114279440936441	0.00194860898859808
rf_006_017	0.00136579449376287	0.000452979645462107	0.000494253591860155
mcuenta_corriente_rank_delta2	0.00135803356713821	0.00182126857912972	0.000954420729109264
mcomisiones_otras_rank_lag1	0.00134666548759021	0.00210201080988436	0.00318708350613272
Visa_mfinanciacion_limite_rank_tend6	0.00134538511040334	0.00211607098398272	0.0028689432630963
ctarjeta_visa_transacciones_lag1	0.0013401826248391	0.000681146110973211	0.000556745425313738
Visa_mconsumospesos_rank_lag1	0.00133162115728984	0.0017332826870985	0.00366429387068735
rf_005_021	0.00133035036744311	0.00137708499927598	0.0005283400464712
Visa_mfinanciacion_limite_rank_delta2	0.00131995800612674	0.00179165681790965	0.00355635343108571
cliente_antiguedad	0.0013173721019405	0.00153665200083262	0.00153389045749703
Master_Fvencimiento	0.00131563576345781	0.0021334717732018	0.00328366179419735
tcallcenter_delta2	0.00131472925249917	0.00126667211474224	0.00110212869909046
chomebanking_transacciones_lag1	0.00131463955632217	0.00147347994450929	0.00243150042892122
cprestamos_personales_lag1	0.00131352934589237	0.000619070401799277	0.000102259363833135
chomebanking_transacciones	0.00131093543267236	0.00291346890095642	0.00288030541463331
thomebanking_lag2	0.00130895383477323	0.00154849482180606	0.00328366179419735
mcuenta_debitos_automaticos_rank_lag1	0.00130630885713965	0.00147638687908365	0.000676048016452395
Visa_mconsumototal_rank_delta1	0.00130545248614078	0.001785448643638	0.0039994773410293
Visa_mconsumosdolares_rank_delta2	0.00130315436701624	0.00202269086880448	0.00319276458190123
Visa_mconsumosdolares_rank	0.00130093343977646	0.00127420709125643	0.00239173289854167
mttarjeta_visa_debitos_automaticos_rank_tend6	0.0012964512707807	0.00226172085886536	0.000698772319526426
vm_Fvencimiento_lag1	0.00128901387976962	0.00158448642470011	0.00252239764121734
Visa_msaldopesos_rank_tend6	0.00128719407243257	0.00214729280915229	0.00270987314157809
mpagomiscuentas_rank_tend6	0.00128712805826434	0.00147032099148533	0.000465848213017617
rf_003_027	0.00128057070726311	0.000985522987123667	0.00101691256256285
rf_010_016	0.00127581055772586	0.000293274921738245	0.000261329485351346
vm_cconsumos_tend6	0.00126473429072198	0.00133113631978756	0.000926015350266727
mactivos_margen_rank_lag1	0.0012605201498003	0.00275250046485901	0.00192588468552405
thomebanking	0.00126016044383394	0.0020421669605703	0.00215880879203286
mpasivos_margen_rank_lag1	0.00125306601918144	0.00170710259502627	0.0023406032166251
cprestamos_personales_delta2	0.00124121070857903	0.000721527168547886	0.000102259363833135
rf_004_025	0.0012399134584121	0.00154075470484471	0.00351658590070616
Visa_mlimitecompra_rank_delta1	0.00123564205840325	0.00255884992889486	0.00353362912801168
thomebanking_lag1	0.00123318762683772	0.00180360622272411	0.00297688370269794
rf_016_021	0.00122966673802953	0.00111914832647052	0.00178385779131136
Visa_fechaalta	0.00122795244968202	0.00157607640088465	0.00178385779131136
vm_mpagospesos_rank_tend6	0.0012269299471145	0.00140904178862818	0.00163614982133017
Visa_fechaalta_lag1	0.00122663246784377	0.0017475052421902	0.00270987314157809
rf_002_021	0.0012257627849695	0.000699765387229409	0.00100555041102583
rf_005_020	0.00122471621858196	0.00131253582621169	0.00274395959618913
mactivos_margen_rank	0.00122338366681868	0.00312455228261362	0.0012100691386921
Visa_mfinanciacion_limite_rank	0.00120777314472611	0.00189296319795373	0.00284621896002227
Master_mfinanciacion_limite_rank	0.00120068918201859	0.00197231750399343	0.00331206717303989
mprestamos_personales_rank_lag2	0.00119401973862058	0.00171464289679759	0.000539702198008215
Visa_cconsumos_lag1	0.00119382940976194	0.00167142478881111	0.00284621896002227
Master_mfinanciacion_limite_rank_tend6	0.00119281010471529	0.00189056517957821	0.00301097015730899
Visa_mpagominimo_rank_delta2	0.00118767512740773	0.00161235777121851	0.0023406032166251
mtransferencias_recibidas_rank_delta2	0.00118680653405589	0.00187520312439138	0.00233492214085659
mautoservicio_rank_lag2	0.00118392806403611	0.00188606035307065	0.00236900859546764
mactivos_margen_rank_tend6	0.00117996830385406	0.00196555691955089	0.00182362532169092
Visa_mpagospesos_rank_lag1	0.00117467630083546	0.00180260607122941	0.00288030541463331
mcaja_ahorro_rank_delta1	0.00117210990280363	0.00182050612297923	0.00134073388136778
Visa_mconsumosdolares_rank_tend6	0.00116937250461303	0.00168267962794533	0.00292007294501287
rf_012_020	0.00116694849938673	0.000947074971655201	0.000562426501082245
vmr_mpagominimo_tend6	0.00116459103447657	0.00128390808331816	0.00172704703362629
mcaja_ahorro_rank_tend6	0.00116295287569921	0.00201656459331493	0.0018122631701539
vm_mlimitecompra_rank_delta1	0.00116231200881602	0.00104413224246524	0.00178953886707987
Visa_delinquency_tend6	0.00115970569627165	0.00171670946382401	0.000636280486072843
Visa_mconsumospesos_rank_delta1	0.0011596100678329	0.00185243379393037	0.00381200184066855
Master_Fvencimiento_tend6	0.0011521554008219	0.00101145449724228	0.0014373121694324
Visa_mpagospesos_rank_delta1	0.00115144932827505	0.00151345725315529	0.00314731597575317
Visa_mpagosdolares_rank_lag2	0.00115048279118176	0.000943380292517176	0.00149412292711748
vmr_mpagominimo_lag1	0.00114971189809568	0.00144351414550471	0.00248263011083779
vm_fechaalta_lag2	0.00114820804956912	0.00175330733281453	0.00245422473199525
Visa_mlimitecompra_rank_lag1	0.00114691267902299	0.0014778904641233	0.0027212352931151
Visa_delinquency_delta2	0.00114514549834759	0.000973740842602185	0.00057378865261926
internet_lag2	0.00113286983462731	0.00172555379777288	0.000369269924952989
internet_tend6	0.00112584996912711	0.00262839718368768	0.000357907773415974
mpasivos_margen_rank	0.00112475016743229	0.00221512430806957	0.00184634962476495
Visa_cconsumos	0.0011245398279423	0.00138761948589368	0.00210767911011629
vmr_mconsumospesos	0.00112435554614547	0.00135507432121035	0.00126119882060867
cliente_edad_lag1	0.00111920870979126	0.00179405200314344	0.00122711236599763
Visa_mconsumospesos_rank	0.00110831229759883	0.0015828331553393	0.0032438942638178
vmr_msaldopesos_delta2	0.0011056036630071	0.00107004748825172	0.00152252830596002
rf_001_025	0.0011050422675038	0.00111319185585495	0.00232924106508809
vm_mpagominimo_rank_lag2	0.00109841587357394	0.00118404791719379	0.00163614982133017
rf_013_026	0.00109559180852408	0.00079716079875095	0.00068741016798941
Visa_msaldopesos_rank_lag2	0.00108811438256968	0.00130042752936545	0.0021133601858848
Visa_fechaalta_tend6	0.00108757215124103	0.000933164665507561	0.000789669531822546
Visa_mlimitecompra_rank_lag2	0.00108184177369737	0.00134604166203511	0.00235764644393062
vm_fechaalta_lag1	0.00107772524727216	0.00174787097980073	0.00220425739818092
Visa_Fvencimiento	0.00107328021877303	0.00195261520684706	0.00260193270197645
mrentabilidad_annual_rank_tend6	0.00107320448899093	0.00266141975898456	0.00213608448895883
vm_Fvencimiento_tend6	0.0010726647624951	0.00124122347165828	0.000954420729109264
rf_014_022	0.00106785922838659	0.00134306820109579	0.00314731597575317
mv_status07_rank	0.00106780552293926	0.00091895142305764	0.000335183470341944
mtransferencias_recibidas_rank_lag2	0.00106550207246599	0.0019256963468371	0.00222130062548644
cproductos_delta2	0.00106404859298262	0.00153869936545402	0.000210199803434778
Visa_cconsumos_lag2	0.00106165476968053	0.00150575252423271	0.00259625162620794
mextraccion_autoservicio_rank_lag2	0.00106064892971982	0.00104743379695606	0.00149980400288599
Master_mpagominimo_rank_lag2	0.00105481440654524	0.00161169069750612	0.00249967333814331
vm_mpagominimo_rank_tend6	0.00105423803173593	0.00136604923020241	0.0018861171551445
Visa_mlimitecompra_rank	0.00105332825568822	0.00157882444342723	0.00238037074700465
Master_msaldototal_rank_lag1	0.00104456862891147	0.00164876644930048	0.0023406032166251
mtransferencias_recibidas_rank_tend6	0.00104273459060437	0.00158990664454575	0.00160774444248763
cliente_edad_lag2	0.00104253324293352	0.0023243703054715	0.00152252830596002
Visa_Fvencimiento_lag1	0.00104150948424195	0.00147158837645001	0.00231787891355107
ctrx_quarter_normalizado_lag2	0.00103767355767904	0.00202643995475675	0.00213040341319032
ccaja_ahorro	0.00103256218357574	0.00170895486636051	0.000136345818444181
cmobile_app_trx_lag1	0.00102993057280032	0.00180944301933457	0.00104531794140538
mpasivos_margen_rank_lag2	0.00102825724501384	0.00186558859561787	0.00295984047539242
Visa_mlimitecompra_rank_tend6	0.00102348213331655	0.00178001142494201	0.00254512194429137
Visa_Fvencimiento_lag2	0.00101792770183262	0.00140641730254417	0.00234628429239361
ccomisiones_otras_delta2	0.00101714699816145	0.00132307243768569	0.00225538708009749
vmr_Master_mlimitecompra_lag1	0.00101696968938794	0.0014636775626997	0.00260193270197645
mcuenta_debitos_automaticos_rank	0.00101227174536905	0.00137122454068555	0.000465848213017617
vm_Fvencimiento_lag2	0.00100804300628187	0.00162021192213431	0.00248263011083779
cmobile_app_trx_delta2	0.00100078059719146	0.00257031754221922	0.00220425739818092
vm_status02	0.00100045813535233	0.00156440739840263	0.00126119882060867
mpayroll_rank_tend6	0.000979358000556152	0.00173943488058828	0.000460167137249109
vm_msaldototal_rank	0.000978819749890609	0.000905764066473091	0.000977145032183294
ccomisiones_otras_lag2	0.000977970380287909	0.0016048111473439	0.00169864165478375
Visa_mfinanciacion_limite_rank_lag2	0.000966223021553468	0.0013506156644198	0.0021928952466439
vmr_Visa_mlimitecompra_lag1	0.000965766330965324	0.00156558050270655	0.0019599711401351
mcuentas_saldo_rank_tend6	0.000965249798185378	0.00204005401396452	0.00179521994284838
rf_017_025	0.000964046362602029	0.00108445212516488	0.0016588741244042
mrentabilidad_rank_tend6	0.00096233448965065	0.00226704068580929	0.00154525260903405
Master_delinquency_tend6	0.000960711136649064	0.00114406517835949	0.000783988456054038
mcaja_ahorro_rank_delta2	0.000957117594278946	0.00190159937468415	0.00161342551825614
ctrx_quarter_tend6	0.000954369975815462	0.001654019933509	0.00132369065406225
mautoservicio_rank_delta2	0.000953496790070617	0.00164835249581502	0.00151684723019151
mtransferencias_recibidas_rank	0.000942566609187971	0.00176486046504653	0.000897609971424189
Master_fultimo_cierre_lag2	0.000941164563361194	0.00160068971311707	0.00220425739818092
rf_017_021	0.000938688171915112	0.00109438472656267	0.00139186356328434
Visa_msaldopesos_rank	0.000936335943392204	0.00125799228664301	0.00180090101861689
vmr_mpagominimo_delta2	0.000931218702751063	0.00165635499317951	0.0017384091851633
Master_mconsumospesos_rank_tend6	0.000929559789652616	0.00191651959092577	0.00232924106508809
ccajas_consultas_tend6	0.000927074515376179	0.00255183672264846	0.000488572516091647
mcomisiones_otras_rank_tend6	0.000924390451261902	0.00156575172415139	0.00209063588281077
ctransferencias_recibidas_tend6	0.000921182907977731	0.00194090601572501	0.00121575021446061
Master_mconsumototal_rank_lag2	0.000917510207918283	0.00158787452117752	0.00235196536816212
rf_010_022	0.000915850612978646	0.00153142535277211	0.000323821318804929
rf_013_023	0.000909805750256963	0.00105973112731409	0.00178385779131136
Master_fultimo_cierre_tend6	0.000908354182043274	0.001850140182074	0.00194860898859808
rf_017_026	0.000907846498916953	0.000881914836824362	0.00121575021446061
ctarjeta_debito_transacciones_delta2	0.000906071034139527	0.00173412334320717	0.000869204592581651
vmr_Visa_mlimitecompra	0.000905151129155865	0.00141981995166707	0.00226106815586599
ctarjeta_visa_transacciones_delta2	0.000902563528094193	0.00155031582365014	0.000994188259488817
Master_fultimo_cierre	0.000901941619489916	0.00128067730490489	0.00193724683706107
Master_msaldopesos_rank_lag1	0.000901401034133077	0.00124250381562307	0.00191452253398704
Master_msaldototal_rank_delta2	0.000900690966308507	0.00148368185176777	0.00211904126165331
Visa_mconsumosdolares_rank_lag1	0.00089959750526789	0.00141778436557007	0.0027212352931151
vm_status05_delta2	0.0008962126066976	0.000748635953984627	0.000284053788425376
vm_msaldopesos_rank_delta2	0.000894960335722923	0.00123837726600146	0.00176681456400584
Master_mpagospesos_rank_lag1	0.000893743353317855	0.00140188341010114	0.0018861171551445
ccaja_seguridad_lag1	0.000893532450356507	0.000631806003442573	5.68107576850752e-05
mcomisiones_mantenimiento_rank_lag2	0.000892605576380189	0.00131954777328399	0.00132369065406225
Visa_cconsumos_delta2	0.000890325750202414	0.00152743471525494	0.00210767911011629
Visa_msaldototal_rank_delta1	0.000890067640409344	0.00141934078345634	0.00182930639745942
mcaja_ahorro_dolares_rank_tend6	0.000890052540593429	0.0017157689919351	0.000874885668350159
rf_011_027	0.000888475965607107	0.00123918476385882	0.00226106815586599
vmr_msaldototal_lag2	0.00088753963090259	0.000896464777182128	0.00157933906364509
ccaja_seguridad_lag2	0.000883952684890638	0.000969316813099393	0.000124983666907166
Visa_msaldototal_rank_lag2	0.000880563128313133	0.00123623950317279	0.00198837651897763
vm_fechaalta_tend6	0.000875649818947442	0.00150411593892873	0.000812393834896576
mautoservicio_rank_tend6	0.000875401565148113	0.0010898031166678	0.000857842441044636
vm_mfinanciacion_limite_rank_tend6	0.000873820713547092	0.00148639581791127	0.0019599711401351
rf_008_024	0.000872995551384249	0.0010932710395366	0.00232355998931958
ccomisiones_otras	0.000866061143555542	0.0016954191120421	0.000732858774137471
vmr_msaldopesos	0.000862046541617262	0.00111742944889253	0.00132369065406225
Master_msaldopesos_rank_delta2	0.000858324893074273	0.00104671079492738	0.00177817671554286
Visa_msaldototal_rank_delta2	0.000858072232117534	0.00115870751061686	0.00203382512512569
vm_Fvencimiento	0.000857744499573827	0.00138679753376696	0.00201110082205166
Visa_mconsumosdolares_rank_lag2	0.000857409758986329	0.00176798166908028	0.00246558688353227
Master_mpagominimo_rank_lag1	0.000853864592077503	0.0012984976089617	0.00203382512512569
vmr_mpagominimo_lag2	0.000849374890218076	0.00126304283395905	0.00187475500360748
rf_004_021	0.00084716756143046	0.00125225037404756	0.000397675303795527
rf_014_021	0.00084648115192191	0.000945734633291089	0.00202814404935719
Master_msaldopesos_rank_tend6	0.000846344062180572	0.00129536436407562	0.00189179823091301
vmr_msaldopesos_tend6	0.00084340796127626	0.00123174335971996	0.0018122631701539
Visa_fultimo_cierre_tend6	0.000837847060336135	0.00180372143715428	0.00177249563977435
Master_mconsumospesos_rank_lag2	0.000837828482851796	0.00151894462895293	0.00226106815586599
mtransferencias_emitidas_rank	0.000835975623191317	0.00210054903991796	0.00107940439601643
mpayroll_rank_delta2	0.000832655942840269	0.00129357240193422	0.000460167137249109
cmobile_app_trx_tend6	0.000831618808845308	0.00216179403521206	0.00123279344176613
mcaja_ahorro_dolares_rank	0.000830115829258618	0.00156746963111602	0.000653323713378365
ccallcenter_transacciones_tend6	0.000829768198216587	0.00156577278908478	0.000590831879924783
ctrx_quarter_delta2	0.000828609816137289	0.00158187235303523	0.00182930639745942
Master_mconsumospesos_rank	0.00082644197069305	0.00136346598207019	0.00201678189782017
rf_019_018	0.000824787952472561	0.00127192218868758	0.00130664742675673
rf_005_019	0.00081546013469514	0.00123537780836353	0.0021928952466439
vm_mfinanciacion_limite_rank_delta1	0.000813951617435491	0.00177087252295207	0.00205086835243122
vm_mfinanciacion_limite_rank_lag2	0.000812982266260438	0.0013726575332772	0.00184066854899644
Master_msaldopesos_rank_lag2	0.00080923787327565	0.00117864865735036	0.00230083568624555
vm_msaldopesos_rank_delta1	0.000808096038606924	0.00160651210792376	0.00145435539673793
mcuenta_debitos_automaticos_rank_delta2	0.000803946725506835	0.00169061334292459	0.000607875107230305
rf_008_021	0.000803778203132739	0.000772832453357083	0.000602194031461798
Master_mconsumospesos_rank_delta2	0.00080090941933009	0.00117851641783705	0.00157933906364509
rf_007_023	0.00079933478310076	0.001118769105204	0.00250535441391182
Master_mpagado_rank_lag2	0.000798206230158733	0.000800965655622746	0.000999869335257324
vmr_msaldopesos2_lag2	0.000797748672452584	0.0011246683358636	0.00169296057901524
cliente_antiguedad_lag1	0.000797359372015099	0.00151236221764558	0.00145435539673793
vm_mlimitecompra_rank_lag1	0.000796444404733703	0.00123006367393584	0.00181794424592241
Visa_mpagado_rank_tend6	0.000793497655144289	0.00110051115944898	0.00102259363833135
cdescubierto_preacordado_tend6	0.000793317533168189	0.00123251302988873	0.000170432273055226
Master_msaldototal_rank_tend6	0.000792648983249537	0.0014394262105555	0.00178953886707987
rf_015_025	0.000791248568448473	0.00115236589012338	0.00314163489998466
vm_mfinanciacion_limite_rank_delta2	0.000789084078397383	0.00200091974861143	0.00195429006436659
rf_009_023	0.000788572081077952	0.00089506683160293	0.001130534077933
cproductos_delta1	0.000781115015263273	0.000949072179174936	0.000147707969981196
vm_mconsumospesos_rank_lag2	0.000779150950052977	0.000894893747629735	0.00115325838100703
Master_mconsumospesos_rank_lag1	0.000777034320487662	0.00125929854860803	0.00197701436744062
mcaja_ahorro_dolares_rank_delta2	0.000771855045717809	0.00192174558316644	0.000710134471063441
thomebanking_delta2	0.000769583965152355	0.00116852634038814	0.00100555041102583
mextraccion_autoservicio_rank_delta2	0.000765140771552742	0.00139923977407769	0.000971463956414787
Master_msaldototal_rank	0.000759060441767836	0.00136325562129707	0.00156229583633957
mcomisiones_mantenimiento_rank_delta2	0.000756293771564774	0.00158346206033678	0.00110780977485897
Visa_mpagominimo_rank_tend6	0.000753393564035918	0.00165464571680403	0.00182930639745942
vmr_mpagospesos_tend6	0.00075109960026789	0.0015170730240497	0.00142595001789539
tcallcenter	0.000747173788898776	0.00111098945542247	0.000783988456054038
Master_fultimo_cierre_delta2	0.000743445140006553	0.000933341920494963	0.0016588741244042
rf_006_022	0.000740496184592459	0.000849658914924975	0.000613556182998813
vm_mlimitecompra_rank_delta2	0.000740349945515819	0.00132349468073397	0.00197133329167211
cliente_antiguedad_lag2	0.000736201492530452	0.0012227868281122	0.00139754463905285
mpayroll_sobre_edad_rank_tend6	0.000735865995772552	0.00141815443159157	0.000494253591860155
ctarjeta_visa_transacciones_lag2	0.000733141429406089	0.00116536082916573	0.00169296057901524
mttarjeta_visa_debitos_automaticos_rank_lag2	0.000730094236498935	0.00108736079110363	0.00153389045749703
mcuenta_corriente_rank_delta1	0.000728055906431726	0.0013399740430724	0.000749902001442993
Master_fechaalta_tend6	0.000724739170842547	0.00109735669223275	0.00146003647250643
Master_cconsumos	0.000721997782487196	0.00105323095581516	0.00207359265550525
cproductos_lag1	0.000721913624053105	0.000503552064712174	8.52161365276129e-05
Master_mpagosdolares_rank	0.000721051170697401	0.00115367259804589	0.00227811138317152
mtarjeta_visa_consumo_rank_lag2	0.000719781663582809	0.00169254549311581	0.00182362532169092
vm_mlimitecompra_rank_tend6	0.000717701138766219	0.00191628834884882	0.00167591735170972
vmr_msaldototal_tend6	0.000716576960856153	0.00109193083233646	0.00147707969981196
Master_msaldototal_rank_delta1	0.000715069727917313	0.00154440985116255	0.00176681456400584
rf_012_022	0.000713474260084326	0.000848940792195935	0.00216448986780137
Visa_mpagosdolares_rank_tend6	0.000711782943545924	0.0011205589687219	0.00186339285207047
vm_mpagospesos_rank_lag2	0.000711202991179477	0.000633246472380448	0.000908972122961204
mcaja_ahorro_dolares_rank_lag2	0.000710557838974716	0.00162725938840936	0.00132937172983076
ccomisiones_mantenimiento_tend6	0.000710081275320796	0.00314876646288906	0.000431761758406572
vmr_mpagospesos_delta2	0.000708606808800716	0.00118901585744229	0.00139186356328434
Master_mconsumospesos_rank_delta1	0.000708027340348454	0.00106630346522865	0.00174409026093181
Master_cconsumos_lag2	0.00070342799069153	0.00119405011419341	0.00210199803434778
mcomisiones_mantenimiento_rank_lag1	0.000702204545519665	0.00123068943099807	0.00118166375984957
vmr_Visa_mlimitecompra_lag2	0.000696602826788623	0.00109729048066132	0.00178385779131136
Master_fultimo_cierre_lag1	0.000691992863247446	0.00116646564950751	0.00175545241246883
Visa_cconsumos_delta1	0.000690604771149772	0.00137308032721415	0.00181794424592241
Master_msaldopesos_rank	0.000687816093806083	0.00126759884064722	0.00203382512512569
Master_mpagominimo_rank_tend6	0.00068512389084047	0.00124472305750915	0.00140890679058987
ccomisiones_otras_tend6	0.000682599852454837	0.00128208731756922	0.00141458786635837
Master_msaldopesos_rank_delta1	0.000681891698185884	0.00128428308110488	0.00151684723019151
mtransferencias_emitidas_rank_tend6	0.000678385972484782	0.00155518680749293	0.000920334274498219
vmr_Master_mlimitecompra	0.000676785148707306	0.00126709543333506	0.00169864165478375
vm_status02_tend6	0.000671845028054294	0.00143463387262839	0.00127824204791419
vm_mpagominimo_rank_delta2	0.000670835030483956	0.00117078590207821	0.00148276077558046
mcuenta_debitos_automaticos_rank_tend6	0.00066446453112854	0.00173731954679826	0.000607875107230305
Master_cconsumos_tend6	0.000662524066158998	0.00178525890184077	0.00193156576129256
rf_019_021	0.000662391232532422	0.000872626119349283	0.00182362532169092
rf_009_015	0.000658329586802235	0.000908573100261157	0.00210767911011629
vm_mconsumototal_rank_delta2	0.000653500412956474	0.00101291269954873	0.00122143129022912
Master_mpagosdolares_rank_delta1	0.000650369079551799	0.000690334251917034	0.0016588741244042
mtarjeta_visa_consumo_rank_lag1	0.000649578364258192	0.000931403553131621	0.000977145032183294
Master_cconsumos_lag1	0.000648366507169572	0.0013609435153211	0.00201678189782017
Master_mpagominimo_rank	0.00064667673892193	0.00101786193581529	0.00174977133670032
chomebanking_transacciones_tend6	0.000646270883178099	0.00135777682362298	0.00132937172983076
ctarjeta_debito_transacciones_tend6	0.000644596802440762	0.00184616090335652	0.000749902001442993
Visa_fultimo_cierre	0.000640089149191963	0.00114582757614232	0.00130664742675673
Master_mpagominimo_rank_delta2	0.000638127689601349	0.00109774585572811	0.00147707969981196
tcallcenter_delta1	0.000633444811620556	0.000610227169627743	0.000329502394573436
mautoservicio_rank_lag1	0.000631307765892631	0.000953072522825793	0.000829437062202099
mttarjeta_visa_debitos_automaticos_rank_delta1	0.000629339878036006	0.00170812567398271	0.000795350607591054
Visa_msaldototal_rank_tend6	0.000629201431743573	0.0011317978845503	0.00153389045749703
Master_mconsumototal_rank_delta2	0.000628743876473202	0.00149082281171976	0.00139186356328434
mpayroll_sobre_edad_rank_lag2	0.00062568496731277	0.000927199538070051	0.000534021122239707
ctrx_quarter_lag2	0.00062411833654981	0.000944974197065723	0.00119870698715509
vm_mpagospesos_rank_delta2	0.000617610687258732	0.00118083455735558	0.00151684723019151
Master_mpagospesos_rank_tend6	0.000615960471210452	0.00131336971425957	0.001511166154423
rf_007_021	0.000615695823338379	0.00106801140373164	0.00224402492856047
vm_msaldopesos_rank_tend6	0.000614269268364518	0.00140191208254471	0.00140322571482136
Master_Fvencimiento_delta2	0.000610649997283981	0.000898452226102585	0.00109644762332195
vmr_Master_mlimitecompra_lag2	0.000607845833883512	0.00116140093648285	0.00135209603290479
Master_cconsumos_delta1	0.00060599397540817	0.000903692698845411	0.00180090101861689
Master_mconsumototal_rank	0.000605956151081366	0.00122457900011595	0.00169296057901524
Visa_mfinanciacion_limite_rank_lag1	0.000604145722615637	0.00117455812535458	0.00136913926021031
rf_013_015	0.000604042389785742	0.000890381156215226	0.00109644762332195
vm_msaldopesos_rank_lag1	0.000601469901872289	0.000956289476556748	0.000994188259488817
Master_mpagospesos_rank	0.000597716901325752	0.00153362575951227	0.00154525260903405
mtarjeta_visa_consumo_rank_tend6	0.000597428648198224	0.00108486935774955	0.00115893945677554
vm_mpagospesos_rank_delta1	0.000596616275691914	0.00147374628606429	0.00151684723019151
vmr_mconsumospesos_lag2	0.000591707319452929	0.000828416201896526	0.0012839231236827
mtransferencias_recibidas_rank_lag1	0.000591408562331614	0.00167532211628089	0.00104531794140538
Master_mpagospesos_rank_lag2	0.000591234033120969	0.0010110444262103	0.00144299324520091
vmr_msaldototal_lag1	0.000589774807105549	0.00100384664602704	0.00129528527521972
vm_mconsumospesos_rank_delta2	0.000587896299491278	0.00092429113445924	0.00122143129022912
Master_mconsumototal_rank_lag1	0.000587335033483246	0.00110565409866463	0.00163046874556166
Master_cconsumos_delta2	0.000586283053744284	0.000842680676992651	0.00181794424592241
Master_msaldototal_rank_lag2	0.000585367910972442	0.00085597716199922	0.00148276077558046
rf_002_017	0.000585237806956262	0.00104010965340528	0.000840799213739114
mpayroll_rank_lag1	0.000584885859026516	0.000833246944633694	0.000284053788425376
vm_fultimo_cierre_lag2	0.000584288216192975	0.00118480911417017	0.00115893945677554
vmr_Master_mlimitecompra_tend6	0.000584090899917084	0.00177210981890231	0.00126687989637718
vmr_msaldopesos_lag1	0.000581163722808344	0.00077375057490571	0.00124415559330315
rf_010_018	0.000575797862306014	0.000559431089578122	0.000261329485351346
vm_msaldototal_rank_tend6	0.000574041541921173	0.000847024906336841	0.00133505280559927
ctrx_quarter_lag1	0.000571891402901515	0.00112916243315851	0.000846480289507621
ccomisiones_otras_delta1	0.000568707682621387	0.00101194192878304	0.000926015350266727
vm_fultimo_cierre	0.000567305419430634	0.0012501621125007	0.00107940439601643
mautoservicio_rank	0.000566828386245445	0.00138435856600039	0.000624918334535828
Master_fultimo_cierre_delta1	0.000565303747676064	0.000916547423605148	0.00130096635098822
mtransferencias_emitidas_rank_lag1	0.000564303592303044	0.00116016904448812	0.00109076654755344
mtransferencias_recibidas_rank_delta1	0.000563872120008419	0.000916062090687889	0.00122711236599763
Visa_mconsumosdolares_rank_delta1	0.000561639669822046	0.00133830199103126	0.00182362532169092
vm_status04_delta1	0.000559816087275429	0.000620306281178657	0.000147707969981196
matm_rank_delta2	0.00055882396614831	0.0013812299905516	0.001130534077933
Master_mpagominimo_rank_delta1	0.000558589850292754	0.00120544511514466	0.001511166154423
mttarjeta_visa_debitos_automaticos_rank_lag1	0.000555959652356606	0.000801669114220077	0.00109644762332195
ccajas_transacciones_tend6	0.000555863078066402	0.00115331171350221	0.000460167137249109
thomebanking_tend6	0.000554976678760819	0.00242543534381303	0.000545383273776722
mttarjeta_visa_debitos_automaticos_rank_delta2	0.000553714747957366	0.000998738753823852	0.000943058577572249
rf_013_017	0.000552660757057226	0.000685539789133629	0.000624918334535828
Master_mpagospesos_rank_delta2	0.000551196055624387	0.00128268673690652	0.00134073388136778
vm_mlimitecompra_rank_lag2	0.000550398452800342	0.000777325029149957	0.00127824204791419
active_quarter_lag2	0.000550065208220751	0.00079324783653609	0.000948739653340757
Master_mpagospesos_rank_delta1	0.000547599578500536	0.00106529922141812	0.001511166154423
vm_msaldopesos_rank_lag2	0.000541460151300601	0.000793793058921492	0.000982826107951802
vm_mfinanciacion_limite_rank_lag1	0.000540152775108021	0.000812142924385827	0.00131232850252524
vmr_mpagominimo_delta1	0.000539913521213992	0.000921672786848978	0.00109644762332195
ctarjeta_visa_debitos_automaticos_lag2	0.000538604709548549	0.000565611299691629	0.000420399606869557
mttarjeta_visa_debitos_automaticos_rank	0.000536748627229721	0.00115078872209725	0.0012043880629236
vm_fultimo_cierre_tend6	0.000536240162568371	0.00140296215504592	0.00129528527521972
Master_status	0.000534207115765076	0.00153489873206202	0.000914653198729711
vm_msaldototal_rank_lag2	0.00053374646485948	0.000754954305990047	0.0012043880629236
vm_status01_tend6	0.000532979160008708	0.000845778009184084	0.000556745425313738
mcaja_ahorro_dolares_rank_lag1	0.000530653841940271	0.00138479586667229	0.000965782880646279
Visa_mpagado_rank_delta2	0.000526167370593571	0.00103626450296228	0.000835118137970606
mcuenta_debitos_automaticos_rank_lag2	0.000524792787249513	0.00102863495722661	0.000698772319526426
Visa_fultimo_cierre_delta1	0.000523116177898252	0.000643520047631467	0.000755583077211501
vm_msaldototal_rank_delta2	0.000521434039051219	0.00092132900608682	0.00123279344176613
Visa_fultimo_cierre_lag2	0.000515604546824534	0.0012977163176653	0.00105099901717389
vmr_msaldopesos2_delta2	0.000514771312374678	0.00141160284381688	0.00139186356328434
mextraccion_autoservicio_rank_tend6	0.000514282957139087	0.001337508344089	0.000852161365276129
mextraccion_autoservicio_rank_delta1	0.000511604606219595	0.00104443811684042	0.000437442834175079
ccallcenter_transacciones_delta2	0.000509773028463219	0.00110689142084767	0.000477210364554632
rf_012_013	0.00050959477448775	0.00124422906776995	0.000522658970702692
vm_Fvencimiento_delta2	0.00050852051039732	0.000704100199000641	0.000783988456054038
vmr_msaldototal_delta2	0.00050823699122687	0.000787726804064056	0.00126687989637718
vmr_mconsumospesos_tend6	0.000506730614983921	0.00140184143763113	0.00106236116871091
mplazo_fijo_dolares_rank_delta2	0.00050552235348079	0.00151002440353173	0.000232924106508809
vm_msaldototal_rank_lag1	0.000500172214954837	0.000884275394770396	0.000971463956414787
mtransferencias_emitidas_rank_delta2	0.000495386700297877	0.0018822355855084	0.000801031683359561
mplazo_fijo_dolares_rank	0.000490342674367224	0.00199254025976789	0.000267010561119854
vm_mpagospesos_rank_lag1	0.000490293127464626	0.000618074080292467	0.000795350607591054
vm_fechaalta_delta1	0.000487726893956502	0.000671646901561042	0.000562426501082245
vm_cconsumos_lag2	0.000485704948549688	0.000773628120224462	0.000653323713378365
rf_009_021	0.000484688029119846	0.000639333792171269	0.000823755986433591
mtransferencias_emitidas_rank_lag2	0.000483484932942638	0.00139085574696084	0.00103963686563688
cliente_edad	0.000483437426116496	0.00143737992147865	0.000704453395294933
Master_status_tend6	0.000481987883469789	0.0010858440896671	0.000903291047192696
vmr_msaldopesos_lag2	0.000481052535328279	0.000897332321904396	0.00109644762332195
vmr_msaldopesos2_lag1	0.000479281589001323	0.000923771567746131	0.00133505280559927
ccajas_transacciones_delta1	0.000478974272035085	0.00115191741428134	0.000323821318804929
vm_mconsumototal_rank_delta1	0.000477396034509694	0.00120031350849592	0.00124983666907166
vm_mconsumospesos_rank_lag1	0.000473631005757558	0.00070594835178626	0.000852161365276129
mcomisiones_mantenimiento_rank_delta1	0.000471626128985181	0.00107190975428038	0.000698772319526426
vmr_msaldopesos2	0.000471196478900033	0.00121744821848794	0.00127256097214569
ccomisiones_otras_lag1	0.000467406107590094	0.000948532701771367	0.000778307380285531
vmr_msaldototal_delta1	0.000464074198120484	0.00112501017539902	0.00127256097214569
vm_mconsumospesos_rank_delta1	0.000463106679837912	0.000597374412327537	0.000801031683359561
ccaja_seguridad	0.000461871501087038	0.00121050969700536	9.65782880646279e-05
rf_014_023	0.000461043671546457	0.000956637611962669	0.00128960419945121
Visa_mpagado_rank	0.000460868302681556	0.00109450363981676	0.000789669531822546
vm_mconsumototal_rank_lag2	0.000458764272001975	0.000809297794273554	0.000977145032183294
rf_016_018	0.000456031073358269	0.00106483065125607	0.000999869335257324
rf_018_015	0.000455396004683544	0.000539569034717786	0.000556745425313738
ctarjeta_visa_debitos_automaticos_tend6	0.000455023329142492	0.00126879091126103	0.000374951000721497
mtarjeta_visa_consumo_rank_delta1	0.000452578145829649	0.00102371350148863	0.000863523516813144
vmr_mpagospesos_lag2	0.000450389721797102	0.000950360025718744	0.00112485300216449
Visa_delinquency_lag2	0.000448488882623046	0.000908356758411061	0.000590831879924783
mcaja_ahorro_dolares_rank_delta1	0.000448248724452749	0.00187299550363294	0.000539702198008215
Visa_mpagado_rank_delta1	0.000445753551544301	0.00151358175399445	0.000908972122961204
vmr_mpagospesos_delta1	0.000444078494989999	0.00115887757781877	0.00119870698715509
mtarjeta_visa_descuentos_rank_delta1	0.000441520143974586	0.00065760390994259	0.000795350607591054
ccomisiones_mantenimiento_delta1	0.000437451135549015	0.00130963783702	0.000142026894212688
mpayroll_sobre_edad_rank_delta2	0.000436854442848652	0.00112975563532369	0.000499934667628662
Master_mpagado_rank	0.000434899111573822	0.000570083151577437	0.000761264152980008
vmr_msaldopesos_delta1	0.000433884006482583	0.00074281560533585	0.00105099901717389
vmr_mpagospesos_lag1	0.000433743308880793	0.000784275355389726	0.00105099901717389
internet_delta2	0.000433031113640444	0.00169626391293218	0.000249967333814331
Visa_fechaalta_delta2	0.000428047979944311	0.000766570790418967	0.000676048016452395
rf_007_016	0.00042507369485476	0.000695337422807553	0.00110212869909046
mpagomiscuentas_rank_lag2	0.000424863615494021	0.00078417876624312	0.000721496622600456
vm_msaldototal_rank_delta1	0.00042479747974372	0.0006325876095325	0.000999869335257324
numero_de_cliente	0.000424744505694419	0.00216486324584858	0.000715815546831948
cmobile_app_trx_delta1	0.000419300135255267	0.00126567206817872	0.000727177698368963
matm_other_rank_lag2	0.000419023017940566	0.00102564937673657	0.000948739653340757
mcajeros_propios_descuentos_rank_delta1	0.000414105191929595	0.000537667681826432	0.000539702198008215
vm_mconsumospesos_rank_tend6	0.000408401154571428	0.000783990860741454	0.00106236116871091
vm_fultimo_cierre_delta2	0.000406583293204801	0.000528233477277188	0.00061923725876732
mpagomiscuentas_rank	0.000406391703365696	0.00114986178632992	0.000511296819165677
rf_009_018	0.000405003406407283	0.000645294722361779	0.000534021122239707
rf_015_017	0.000403767839059355	0.000934494773082109	0.0005283400464712
vmr_msaldopesos2_delta1	0.000403757992637748	0.000849539634411772	0.00106804224447941
rf_020_024	0.000403431841604695	0.000989237052296277	0.00061923725876732
ccajas_transacciones_delta2	0.000402751923555418	0.000801450149090605	0.000630599410304335
vmr_mpagado_tend6	0.000401210190671339	0.00117291214871043	0.00064196156184135
ctrx_quarter_normalizado_lag1	0.000398631468924734	0.000759911621957083	0.000704453395294933
mextraccion_autoservicio_rank_lag1	0.000396361155170948	0.000847167271708549	0.000812393834896576
ctransferencias_emitidas_tend6	0.000395963066926623	0.00165312048970953	0.000744220925674486
Visa_fultimo_cierre_lag1	0.000391516153308227	0.00107005328569914	0.000874885668350159
vmr_mconsumospesos_lag1	0.00038955365576239	0.000606383514453983	0.000789669531822546
rf_004_016	0.000389333600393664	0.00071031102278446	0.000994188259488817
vmr_Visa_mlimitecompra_tend6	0.00038426644500056	0.00095843505675796	0.00061923725876732
vm_status05	0.000383894315378901	0.000286717956240831	0.000539702198008215
rf_020_017	0.000383432892894705	0.00063042967368543	0.000852161365276129
vm_mpagominimo_rank_delta1	0.000382023997963378	0.000914174483780463	0.000954420729109264
rf_013_025	0.000379234551052059	0.000609530715186345	0.000772626304517023
rf_010_015	0.000379058590690994	0.000556182761425836	0.000386313152258512
vm_mpagospesos_rank	0.000375340465365756	0.000738911745900423	0.000891928895655681
rf_003_018	0.000367281778871787	0.000438140331156432	0.000170432273055226
Visa_fultimo_cierre_delta2	0.000361250252290743	0.000531036975945773	0.000676048016452395
vmr_mconsumosdolares_lag2	0.000360684829755367	0.00079195033632418	0.000869204592581651
rf_013_018	0.000355996405822138	0.000598832273607671	0.000176113348823733
thomebanking_delta1	0.000352463194324893	0.000630802362986305	0.000403356379564034
rf_005_013	0.000347828864532015	0.00108383510362297	0.000301097015730899
vmr_mconsumospesos_delta1	0.000343313386905516	0.000863222764565495	0.000840799213739114
mtransferencias_emitidas_rank_delta1	0.00033984727919906	0.00150844390394079	0.000516977894934185
cpagomiscuentas_tend6	0.000334794062288621	0.000704295134891033	0.000267010561119854
tcallcenter_lag1	0.000333268283908989	0.000656330150409027	0.00059651295569329
rf_011_018	0.000331709075402138	0.000366945971709332	0.000102259363833135
rf_004_015	0.000327122240384927	0.000450692040915506	0.000380632076490004
rf_008_017	0.000325901586754508	0.000629438861065308	0.000710134471063441
ctransferencias_recibidas_lag2	0.000323522529864216	0.00133718219176425	0.000704453395294933
tcallcenter_tend6	0.000323169856791697	0.0010870156462362	0.000335183470341944
mpayroll_rank_lag2	0.000322617953861964	0.00091920328411048	0.000391994228027019
ccuenta_debitos_automaticos_tend6	0.000320815207287459	0.000791323031527119	0.000170432273055226
mextraccion_autoservicio_rank	0.000316932804675403	0.000595427781634162	0.000534021122239707
mautoservicio_rank_delta1	0.000310352441341858	0.000842266408713673	0.00066468586491538
rf_015_019	0.000309405743738357	0.00072077009012012	0.000704453395294933
matm_rank_tend6	0.000309068002050837	0.000967927419410959	0.00055106434954523
Visa_msaldodolares_rank_tend6	0.000307134048714247	0.00114373417296789	0.000693091243757918
mprestamos_prendarios_rank_lag1	0.000306668002759692	0.00219548247751281	0.000204518727666271
mtarjeta_master_consumo_rank_delta2	0.000303186785416955	0.000618984358235761	0.00064196156184135
ctarjeta_master_transacciones_tend6	0.000302861879619817	0.00110322906051155	0.000357907773415974
mplazo_fijo_dolares_rank_delta1	0.000300318100882465	0.0012802017830525	0.000153389045749703
mplazo_fijo_dolares_rank_tend6	0.000300157206362798	0.00176116442180323	0.000187475500360748
ctarjeta_debito_tend6	0.000299062187064832	0.00246125921422382	0.000267010561119854
rf_011_028	0.000297824012466975	0.000454372055921823	0.000704453395294933
vm_cconsumos_lag1	0.000297041525127377	0.000737877019583555	0.000477210364554632
mcajeros_propios_descuentos_rank_delta2	0.000296527105864294	0.00083217926992787	0.000630599410304335
Visa_msaldodolares_rank_delta1	0.000296266922552229	0.000947508993227876	0.000698772319526426
rf_020_023	0.000295826064033995	0.000763374376965521	0.000681729092220903
ctransferencias_recibidas_delta2	0.000294837957223937	0.00122775996245387	0.000602194031461798
vm_mconsumosdolares_rank_lag2	0.000294058700973627	0.00119770591633109	0.000670366940683888
vm_status04_delta2	0.000292618839187469	0.000636757128470283	0.000164751197286718
mpayroll_sobre_edad_rank_lag1	0.000290207363655936	0.00170181810365552	0.000443123909943587
Master_mpagado_rank_tend6	0.000288653969813726	0.000849775572158803	0.000721496622600456
rf_012_018	0.000287028283524166	0.000559147513077632	0.000414718531101049
Master_mpagado_rank_delta2	0.000284055194251052	0.0008291808091361	0.000772626304517023
cprestamos_personales_lag2	0.000282832682641324	0.000838145604073894	0.000153389045749703
cmobile_app_trx	0.000281339527027498	0.000931330206240282	0.000391994228027019
catm_trx_other_tend6	0.000281087170016779	0.00128780383682031	0.000448804985712094
ccajas_extracciones_tend6	0.00028093030074907	0.00227876404263997	0.000352226697647467
matm_rank_lag1	0.000274816292763623	0.00103739188350669	0.000579469728387768
rf_008_023	0.00027308403449112	0.000690006997814942	0.000329502394573436
rf_020_025	0.000272796333110024	0.000809146090027269	0.00066468586491538
vm_Fvencimiento_delta1	0.000271754012600134	0.00078927695231262	0.00050561574339717
cextraccion_autoservicio_tend6	0.00026890346168799	0.00103843673568194	0.000460167137249109
Master_mpagado_rank_delta1	0.000268278497129397	0.00112410981345177	0.000801031683359561
Visa_mpagado_rank_lag1	0.000266266129105216	0.000722420657503177	0.000636280486072843
ctarjeta_visa_debitos_automaticos_delta2	0.000266163317943721	0.000462962981083022	0.000323821318804929
ccallcenter_transacciones_lag2	0.000261539373317765	0.000559006879070312	0.000374951000721497
ccajas_otras_delta2	0.000261384294311261	0.000834296020288746	0.000295415939962391
rf_010_021	0.00025947036445613	0.00069016788353904	0.000511296819165677
rf_019_016	0.000256687003932715	0.000656276110853892	0.000676048016452395
rf_014_019	0.000256088290485107	0.000820096077865258	0.000255648409582839
mtarjeta_master_consumo_rank_tend6	0.000254442178921361	0.00121344624840387	0.000426080682638064
catm_trx_delta1	0.000253860559929528	0.000139400724987138	6.24918334535828e-05
rf_008_022	0.000252994358026361	0.000624018903547611	0.000471529288786125
Visa_msaldodolares_rank_lag1	0.000252532384638959	0.000695180104743405	0.000494253591860155
mcuenta_debitos_automaticos_rank_delta1	0.00024829115362818	0.00103822640114162	0.000420399606869557
mpayroll_rank	0.000247990661461139	0.00163897715765496	0.000340864546110452
mplazo_fijo_dolares_rank_lag2	0.000245051165149858	0.00126770967420084	0.000284053788425376
ctarjeta_debito_transacciones_lag1	0.000240921356346893	0.000419733199503329	0.000306778091499406
vm_mconsumosdolares_rank_lag1	0.000240597144715348	0.000814621241343026	0.00061923725876732
matm_other_rank_tend6	0.000239932428504124	0.000957008858459889	0.000369269924952989
vmr_mconsumosdolares_lag1	0.000239525440890855	0.000761591701233115	0.000534021122239707
rf_017_023	0.000237750176232979	0.000701048826663866	0.00057378865261926
vmr_mconsumosdolares_delta2	0.000237548481349264	0.000572441899460701	0.000426080682638064
mpagomiscuentas_rank_delta1	0.000237053801340821	0.000961531759362343	0.000369269924952989
Visa_status_tend6	0.000235409950303815	0.000713854863358395	0.000448804985712094
matm_other_rank_delta2	0.000234563342035061	0.000778844930987321	0.000511296819165677
mpagomiscuentas_rank_delta2	0.000231008907398914	0.00108543018864724	0.000352226697647467
ccajas_consultas_delta1	0.000230717530216294	0.000903318356878529	0.000107940439601643
vm_mpagado_rank_delta2	0.000230463388727603	0.000901376159527299	0.000363588849184482
catm_trx_tend6	0.00022851274844658	0.00161241005317647	0.000431761758406572
Visa_mpagado_rank_lag2	0.000228181914273034	0.000690516228807311	0.000562426501082245
rf_003_023	0.000228085930633816	0.000650453217624121	0.000471529288786125
vm_cconsumos_delta2	0.000225069102807399	0.000618381108910574	0.000210199803434778
rf_003_026	0.000223828336241212	0.000681417699086955	0.000420399606869557
ccajas_otras_tend6	0.000220172331218026	0.00164144403711409	0.000238605182277316
vmr_mconsumosdolares	0.00021625112062232	0.000747863214578989	0.000329502394573436
ctarjeta_visa_transacciones_delta1	0.000215835737476013	0.0012111249084845	0.000227243030740301
rf_018_018	0.000214984216957016	0.000736541376889525	0.000443123909943587
mtarjeta_visa_descuentos_rank_delta2	0.000214041113990547	0.000581545308480696	0.000602194031461798
active_quarter_lag1	0.000213894024771341	0.000930463291105064	0.0005283400464712
Master_msaldodolares_rank_lag1	0.000213715533716423	0.000272933436339245	0.00057378865261926
rf_011_025	0.000212257632247382	0.000336488386520223	0.000443123909943587
vm_status01_lag2	0.000211687194797055	0.00142846079783479	0.000511296819165677
rf_001_023	0.000211647316101164	0.000766313761505756	0.000323821318804929
Master_msaldodolares_rank_tend6	0.000209047499762578	0.000860492612788249	0.000749902001442993
vmr_mconsumosdolares_tend6	0.00020902904012751	0.00118793254799139	0.000460167137249109
ctarjeta_master_transacciones_delta2	0.000206797594953863	0.000612798455606009	0.000414718531101049
mtarjeta_master_descuentos_rank_delta2	0.000202906456884476	0.000531569580357378	0.000556745425313738
mv_status07_rank_delta1	0.000202356900974347	0.000810752323988881	0.000193156576129256
matm_rank_delta1	0.000199836188269452	0.000861461075068091	0.000346545621878959
vm_status05_tend6	0.000199235940610288	0.000458955607043439	0.000159070121518211
vm_mconsumosdolares_rank_tend6	0.000198772620417032	0.000763076293730085	0.000403356379564034
rf_015_020	0.000197361941269421	0.00118740815444423	0.000153389045749703
cextraccion_autoservicio_lag2	0.000193536024142486	0.000509455020428485	0.000426080682638064
vmr_mpagado_lag2	0.000193174089242015	0.000558006858739582	0.000363588849184482
ccallcenter_transacciones_delta1	0.000191986014022469	0.000899483358526709	0.00011362151537015
rf_020_022	0.000191951354015014	0.00098911299741461	0.000437442834175079
vmr_mpagado_delta2	0.000191100981484033	0.00100033124180154	0.000335183470341944
ctarjeta_debito_transacciones_delta1	0.000189853984041996	0.00148383429053228	0.000232924106508809
vmr_msaldodolares2_tend6	0.00018854240772825	0.000897680299913554	0.000318140243036421
ccajas_consultas_delta2	0.000188174426824922	0.000629815800078772	0.000238605182277316
rf_003_019	0.000186151624869383	0.000903796187216774	0.000193156576129256
cproductos_lag2	0.000185435342868199	0.000435650602933949	0.000136345818444181
rf_014_020	0.000185111843930751	0.000741759263196928	9.08972122961204e-05
mcheques_emitidos_rank_lag1	0.000183243134290819	0.00194073788974983	0.000227243030740301
ctarjeta_visa_descuentos_lag2	0.000182744414193602	0.000189688728287314	0.000198837651897763
rf_005_008	0.000180252331168243	0.000534415418755083	0.000215880879203286
Master_msaldodolares_rank_delta1	0.000174561290355747	0.000311983940381879	0.000522658970702692
vm_msaldodolares_rank_tend6	0.000173159422962399	0.0009024590492535	0.000312459167267914
rf_013_022	0.000171035529351904	0.000648462410906062	0.000142026894212688
catm_trx_delta2	0.000166028171113182	0.00110181891668325	0.000369269924952989
ccajas_depositos_delta2	0.00016543603974932	0.000896773851958148	0.000289734864193884
vm_mconsumosdolares_rank_delta2	0.000163328534106022	0.000928688931168278	0.000335183470341944
vm_mpagado_rank_tend6	0.000161531710585561	0.000720156032883905	0.000318140243036421
rf_020_012	0.000160643202607626	0.000879826758907061	0.000102259363833135
vm_cconsumos	0.000158093704982233	0.000479590112748681	0.000272691636888361
minversion2_rank_lag1	0.000157274208001321	0.00100507051078688	9.65782880646279e-05
rf_004_023	0.000155450944444629	0.000312071715309783	0.00011362151537015
vm_mpagado_rank_lag2	0.000153112166037749	0.000513330181187545	0.000323821318804929
Visa_status_lag2	0.000147745418306789	0.000251581699819951	0.000329502394573436
cforex_sell_tend6	0.000146694343837271	0.00151995989053684	0.000210199803434778
rf_020_016	0.000144549969383173	0.000625125166693048	9.08972122961204e-05
ccomisiones_mantenimiento_delta2	0.000143963244091256	0.000716768880787069	9.65782880646279e-05
catm_trx_lag1	0.000143696144098725	0.000151649472211137	5.68107576850752e-05
vmr_msaldodolares_tend6	0.000136687686786663	0.00069626944773687	0.000261329485351346
vmr_mpagado_lag1	0.000136678956527425	0.000666605063532528	0.000267010561119854
mforex_sell_rank_tend6	0.000135489327833552	0.00127945813581513	0.000193156576129256
minversion2_rank	0.000134807535721095	0.0010698287592174	9.08972122961204e-05
vmr_mpagado	0.000134677480267557	0.000893717862649673	0.000267010561119854
rf_011_023	0.000127414523762239	0.000364284471153342	0.000227243030740301
mv_status07_rank_delta2	0.000123700261664201	0.000405935746834423	0.000238605182277316
mtarjeta_master_consumo_rank_delta1	0.000123101277696551	0.00123678627329302	0.000306778091499406
rf_003_028	0.000115729001876797	0.000252359161128464	8.52161365276129e-05
cpagomiscuentas_delta2	0.000112191050551674	0.000802048020693072	9.65782880646279e-05
vm_msaldodolares_rank_lag2	0.0001121734062877	0.000722611999500825	0.000255648409582839
matm_other_rank	0.000109578388344565	0.00074273911050926	0.000221561954971793
ctarjeta_debito_lag2	0.000108786397654037	0.000713967795535509	0.000164751197286718
vm_mpagado_rank	0.000108575132962679	0.000660596651985322	0.000136345818444181
ccaja_ahorro_lag2	0.000107613220969007	0.000730906205531863	0.000164751197286718
mcaja_ahorro_adicional_rank_lag2	0.000103429617266561	0.000880146930154839	0.000130664742675673
mv_status07_rank_lag2	0.00010341949555444	0.000641190811641177	0.000267010561119854
vmr_mpagosdolares_tend6	0.000102118214035889	0.000593448910837263	0.000170432273055226
cextraccion_autoservicio_lag1	0.000101852224787841	0.000651925874199932	0.000136345818444181
mtarjeta_master_descuentos_rank_lag2	0.000100875442811233	0.000299375305460356	0.000272691636888361
rf_017_018	0.000100791811331114	0.000569067181708104	0.000170432273055226
mforex_sell_rank_lag2	0.000100247213250647	0.000312812004749546	0.000142026894212688
mv_status07_rank_tend6	0.000100224344624541	0.000540216932257945	0.000244286258045824
vm_mpagosdolares_rank_tend6	9.9555556115301e-05	0.000491348621522989	0.000159070121518211
catm_trx_other_lag2	9.85447464589906e-05	0.000215221132681737	0.000210199803434778
mtarjeta_visa_descuentos_rank	9.73799178095409e-05	0.000502511698344649	0.000238605182277316
ctarjeta_master_debitos_automaticos_tend6	9.69056141601854e-05	0.00123796580463142	0.000181794424592241
vmr_msaldodolares2_delta2	9.65378311491095e-05	0.000893004724151446	0.000210199803434778
ctransferencias_recibidas_lag1	9.59465482598851e-05	0.000926566068566458	0.000193156576129256
vm_mpagado_rank_delta1	9.57357550744095e-05	0.000628698283064813	0.000147707969981196
cpagomiscuentas_lag1	9.50859773993495e-05	0.00043828109632772	7.95350607591053e-05
vm_mpagado_rank_lag1	9.35716041117224e-05	0.000453071775033774	0.000204518727666271
cproductos	9.24810614382156e-05	0.000145992134142752	2.27243030740301e-05
cforex_buy_tend6	9.12070015218883e-05	0.00111480420205751	0.00011362151537015
cforex_tend6	8.86855985177778e-05	0.000887856879403369	0.000159070121518211
active_quarter_tend6	8.86499115640275e-05	0.000862225183884584	0.000153389045749703
ctarjeta_debito_lag1	8.74501634834471e-05	0.000775508932838306	0.000119302591138658
ccomisiones_mantenimiento_lag2	8.58625745915551e-05	0.000224329079975051	9.08972122961204e-05
mforex_buy_rank_tend6	8.53294895170247e-05	0.0011788001517343	0.000130664742675673
mprestamos_prendarios_rank_delta2	8.46439421429012e-05	0.00102774889215195	0.000119302591138658
mforex_buy_rank_delta2	8.42545465165528e-05	0.00102433398575932	0.000107940439601643
rf_012_021	8.1713138594521e-05	0.000287839644268996	0.000181794424592241
ctransferencias_recibidas_delta1	8.14307382065728e-05	0.000982185493705408	0.000136345818444181
mv_status07_rank_lag1	8.07203864061004e-05	0.000296180229879392	0.000176113348823733
rf_005_022	7.73542212403305e-05	0.000375963783123304	0.000130664742675673
vmr_mpagado_delta1	7.57714781606101e-05	0.000501848874344844	0.000153389045749703
rf_009_020	7.40434983288685e-05	0.000524827857293548	0.000221561954971793
mttarjeta_master_debitos_automaticos_rank_delta1	7.16207548581378e-05	0.000594870833189952	0.000147707969981196
ctarjeta_master_transacciones_lag1	7.14505232373466e-05	0.000214370560577028	7.38539849905978e-05
mttarjeta_master_debitos_automaticos_rank	7.02698468304151e-05	0.000729610672779485	0.000136345818444181
mttarjeta_master_debitos_automaticos_rank_lag1	6.83692953146331e-05	0.000214359516570857	0.000124983666907166
ctransferencias_emitidas_lag1	6.6271839305123e-05	0.000584828578714264	9.65782880646279e-05
mttarjeta_master_debitos_automaticos_rank_tend6	6.60659130347523e-05	0.000570897863453082	0.000136345818444181
vmr_mpagosdolares	6.43738980881105e-05	0.000409250916145196	0.000107940439601643
cseguro_accidentes_personales_lag1	6.33969456567094e-05	0.00044473882316636	6.81729092220903e-05
cpagomiscuentas_lag2	6.26078500522914e-05	0.000707892385433053	0.000124983666907166
vmr_msaldodolares_lag2	6.14225582024574e-05	0.000462355849304359	0.000181794424592241
mtarjeta_visa_descuentos_rank_lag1	6.14001696036978e-05	0.000309089623781315	0.000187475500360748
vmr_mpagosdolares_delta2	6.04253557322641e-05	0.000577887801211421	0.00011362151537015
matm_other_rank_lag1	5.93396636383554e-05	0.00034765172566982	0.000142026894212688
ctarjeta_master_transacciones_delta1	5.5913169875987e-05	0.00112582504467143	0.000130664742675673
rf_005_016	5.51692984786004e-05	0.000256255334355321	0.000130664742675673
internet_delta1	5.4831047333436e-05	0.000578830476655003	9.08972122961204e-05
cseguro_accidentes_personales	5.41938731542211e-05	0.00087659928582581	9.65782880646279e-05
vmr_msaldodolares_delta1	5.29118801711206e-05	0.000680179773549662	0.000119302591138658
mcaja_ahorro_adicional_rank_delta2	5.23047850797512e-05	0.000923646253690364	0.00011362151537015
ctarjeta_visa_debitos_automaticos_lag1	5.19400114105808e-05	0.000324948265753924	9.08972122961204e-05
vmr_mconsumosdolares_delta1	5.0481607419421e-05	0.000259664128507006	0.000130664742675673
ctransferencias_emitidas_lag2	5.01411150912401e-05	0.000288866028557449	0.000119302591138658
cplazo_fijo_lag2	4.91834962189199e-05	0.000554165092326973	6.24918334535828e-05
ctarjeta_debito_transacciones	4.6676277991466e-05	0.000434111131432444	0.000107940439601643
cliente_edad_delta2	4.49182757632881e-05	0.000266366108888297	8.52161365276129e-05
ccajeros_propios_descuentos_tend6	3.97401589591394e-05	0.000644994592968429	7.95350607591053e-05
vmr_msaldodolares_lag1	3.95065996399444e-05	0.000349627186203532	9.65782880646279e-05
ctransferencias_emitidas_delta1	3.66502768075868e-05	0.000587710093711475	7.95350607591053e-05
cpagomiscuentas_delta1	3.56778503721166e-05	0.00017842502246881	3.97675303795527e-05
active_quarter_delta1	3.52601612683019e-05	0.000372776577380467	7.95350607591053e-05
ccomisiones_mantenimiento_lag1	3.39954859346991e-05	0.000301141743093429	5.11296819165677e-05
vm_mpagosdolares_rank_lag2	3.32888232049444e-05	0.000297951363182547	8.52161365276129e-05
mforex_sell_rank	3.31710025140179e-05	0.000487730201116409	7.38539849905978e-05
mpagodeservicios_rank_tend6	3.30736303078534e-05	0.000289879296449025	5.68107576850752e-05
vm_msaldodolares_rank_delta1	3.23018081738742e-05	0.000244774473470114	8.52161365276129e-05
cseguro_vivienda_tend6	3.10826091273698e-05	0.000220300824631639	3.40864546110452e-05
cliente_edad_tend6	3.10138136256378e-05	0.000435146461103568	4.54486061480602e-05
ctransferencias_recibidas	3.04448028600099e-05	0.000235112410874315	3.40864546110452e-05
vmr_mpagosdolares_delta1	3.00910441342234e-05	0.000310263515069052	5.11296819165677e-05
vm_mpagosdolares_rank_delta1	2.74977634184863e-05	0.000198977367064012	4.54486061480602e-05
cseguro_vivienda_lag1	2.43845640557911e-05	0.00026321746535228	3.97675303795527e-05
mcaja_ahorro_adicional_rank	2.19988971785152e-05	0.000355474790725021	2.84053788425376e-05
cpagomiscuentas	2.09227469630086e-05	0.000271376598728274	2.84053788425376e-05
ccuenta_debitos_automaticos_delta1	2.01699773085531e-05	0.000163187809147461	2.27243030740301e-05
mcajeros_propios_descuentos_rank_tend6	1.80668300780668e-05	0.000340345184323653	3.97675303795527e-05
ctarjeta_master_debitos_automaticos_delta2	1.51473048620676e-05	0.000452989404061384	5.11296819165677e-05
cseguro_vida	1.35521889492884e-05	8.06713496829585e-06	5.68107576850752e-06
cpayroll_trx_lag2	1.24249304139056e-05	6.78039020182501e-05	3.40864546110452e-05
cplazo_fijo	1.19145077687662e-05	7.12064527650211e-05	5.68107576850752e-06
ctransferencias_emitidas	1.1835178676558e-05	0.000251159824030785	2.27243030740301e-05
ccomisiones_mantenimiento	1.05333374227762e-05	7.12064527650211e-05	5.68107576850752e-06
ctarjeta_visa_debitos_automaticos_delta1	8.67657222484282e-06	0.000219760848804988	2.84053788425376e-05
ctarjeta_master_debitos_automaticos_lag1	7.71838404295275e-06	7.61832596978166e-05	1.70432273055226e-05
cpayroll_trx_lag1	7.03375229071326e-06	7.83390969213867e-05	1.70432273055226e-05
catm_trx	6.35070515212476e-06	7.33907263370216e-05	1.1362151537015e-05
cextraccion_autoservicio	5.62675710520193e-06	0.000257145544211393	2.27243030740301e-05
cprestamos_personales	5.50136556654991e-06	7.12064527650211e-05	5.68107576850752e-06
ccajas_extracciones	4.54224855261233e-06	7.12064527650211e-05	5.68107576850752e-06
mpagodeservicios_rank_delta2	3.86439628052755e-06	1.52181158474961e-05	2.27243030740301e-05
ccajas_consultas	1.93606932414447e-06	0.000142175393815386	1.1362151537015e-05
cprestamos_prendarios	1.66207998895191e-06	6.84453462911445e-05	5.68107576850752e-06
ctarjeta_visa_debitos_automaticos	8.50927410871108e-07	7.12064527650211e-05	5.68107576850752e-06
