Feature	Gain	Cover	Frequency
rf_005_020	0.0379211572052961	0.00183577548521604	0.00296914132886073
ctarjeta_debito_transacciones_lag1	0.0292545543966708	0.00120679518526481	0.000509967022132569
mv_status07_rank_delta1	0.0291364576835341	0.0015644049503601	0.000305980213279541
vm_fultimo_cierre_lag1	0.0290102596909112	0.00147326099083188	0.000923606940084541
rf_020_017	0.0266932651642063	0.00218849434181539	0.00117292415090491
rf_001_025	0.0154972391342711	0.00153667600764897	0.00251017100894142
vm_msaldototal_rank	0.0145759827307975	0.000668733463637948	0.000730952731723349
rf_010_026	0.0133083294866534	0.00083356270530208	0.000668623429018257
rf_009_021	0.013280823473005	0.00168232080858357	0.000634625627542752
mpayroll_sobre_edad_rank	0.012127773411321	0.00151077140960451	0.000447637719427477
mpasivos_margen_rank	0.0113504936275096	0.00158257653939376	0.00125225235434775
mpayroll_sobre_edad_rank_lag2	0.011153099758151	0.000986302660739659	0.000583628925329495
rf_017_021	0.0109498097132703	0.000987043659798897	0.000968937342051881
mcuenta_corriente_rank	0.0083152534391167	0.00255848310528048	0.00139390986049569
rf_010_023	0.00826532558386889	0.00125180895710198	0.00350177355197697
vm_Finiciomora	0.00783668652699356	0.00403121287413594	0.000634625627542752
vm_mpagospesos_rank_lag1	0.00750761640517358	0.000672302217910858	0.000878276538117202
rf_018_026	0.00728404323110462	0.00134061274430484	0.00264049591459752
Visa_mpagospesos_rank	0.00694776513773996	0.00224947131306383	0.00396074387189628
mtransferencias_recibidas_rank	0.00693191183367577	0.00161488168563849	0.000685622329756009
mprestamos_personales_rank	0.00689051185941464	0.00255892904221212	0.000515633322378486
rf_006_022	0.00614759143618166	0.000921606401344656	0.00059496152582133
cdescubierto_preacordado	0.00610451656494613	0.00238325645749274	0.00037397581623055
cdescubierto_preacordado_delta1	0.00600535650284913	0.000973466841891613	0.000169989007377523
ctrx_quarter_tend6	0.00563013226815658	0.00180028707205185	0.00154689996713546
rf_004_026	0.00536092286570965	0.000579456989581654	0.00037397581623055
thomebanking_lag2	0.00530870237805699	0.00180761933051853	0.00365476365861674
mautoservicio_rank	0.00496511613792947	0.00106453141709308	0.000549631123853991
mprestamos_personales_rank_delta1	0.00487716807562161	0.00463318577117843	0.000691288630001927
rf_011_028	0.00466958470964856	0.00046237169020462	0.000345644315000963
mactivos_margen_rank_delta1	0.00463588638092008	0.0029426733760031	0.00422139368320849
mcuentas_saldo_rank_delta1	0.00461506051303238	0.00307116906432668	0.00254416881041693
catm_trx_tend6	0.0045784522129652	0.00169436941919375	0.000424972518443807
rf_011_015	0.00455900144639426	0.000812258071015869	0.00147890436418445
mactivos_margen_rank	0.00455604971900254	0.00279533362659217	0.00163189447082422
vm_status02	0.0044415521145696	0.00113160561340892	0.0014959032649222
mactivos_margen_rank_delta2	0.0044196521193437	0.00432350769610568	0.00732085991772532
matm_rank_lag1	0.00437254500825629	0.00100230910585784	0.000657290828526422
mprestamos_personales_rank_lag2	0.00426411470503219	0.00354611098861655	0.00108226334697023
ctarjeta_visa_transacciones_tend6	0.00424085881300284	0.00212775101277607	0.00129191645606917
mextraccion_autoservicio_rank	0.00410561386018138	0.000719679371564352	0.000725286431477431
mcaja_ahorro_dolares_rank	0.00375883413237397	0.00151909981417864	0.000770616833444771
rf_012_013	0.00371769054028306	0.000802192599951284	0.000645958228034587
mprestamos_personales_rank_tend6	0.00369067810042884	0.00238802195606118	0.000538298523362156
mpayroll_sobre_edad_rank_lag1	0.0035948408089326	0.00176524939506996	0.000674289729264174
rf_002_015	0.00346488241032691	0.00102017307079082	0.00146757176369261
Visa_mconsumospesos_rank_tend6	0.00334607217875732	0.0019247033448503	0.00405707097607688
mcuentas_saldo_rank_tend6	0.00328357260741789	0.00226232779753774	0.00113326004918349
mcaja_ahorro_rank_delta2	0.00318360670505359	0.00204534612157243	0.00137691095975794
mpasivos_margen_rank_lag2	0.00314982903070149	0.00237709922867919	0.00419872848222482
mcomisiones_mantenimiento_rank_tend6	0.00311859015758405	0.00252386833931716	0.00135991205902018
rf_006_015	0.00299084753514886	0.00181291751968655	0.00127491755533142
ctrx_quarter_delta2	0.00293898884147578	0.00204247165889726	0.00247050690722
mcuenta_corriente_rank_tend6	0.00288470149109273	0.00286357259842445	0.00193220838385784
mcomisiones_rank_lag2	0.00285246421748327	0.00262736006274766	0.00524699402771954
Visa_msaldototal_rank_lag2	0.00285139697671898	0.00151028408897033	0.00221552339615372
mrentabilidad_annual_rank_delta1	0.00279349000632397	0.00262190625197576	0.00460670209993087
mrentabilidad_annual_rank_lag2	0.00274778741036829	0.00305704888207651	0.00444237939279927
ctrx_quarter_normalizado	0.00272367091041716	0.00110671940062259	0.00064029192778867
mrentabilidad_rank_delta2	0.00271842989079907	0.00388067839729984	0.00763250643125078
Visa_msaldopesos_rank_lag1	0.00265402646193841	0.00152272018006538	0.00222685599664555
cdescubierto_preacordado_tend6	0.00263691885482154	0.00180115439892805	0.000232318310082615
Visa_msaldototal_rank	0.00258920363581847	0.00152602369050586	0.00266316111558119
Master_status	0.00257543528751748	0.00224050869931435	0.00122958715336408
mcomisiones_rank_delta1	0.00256700945997036	0.00269811643824992	0.00476535850681656
mprestamos_personales_rank_delta2	0.00255753466228192	0.00476181819880815	0.000861277637379449
vm_status04	0.00254364616713789	0.000502225008745608	0.000600627826067248
vm_status06_delta2	0.00249301020432237	0.000667544534515649	0.000192654208361193
mcaja_ahorro_rank	0.00249046649555596	0.00135397388441127	0.000923606940084541
mcuentas_saldo_rank_lag1	0.0024845383522412	0.00209517865579291	0.00104259924524881
mrentabilidad_annual_rank	0.002402596046165	0.00306213614024353	0.00300313913033624
mpayroll_rank_lag2	0.00239274773976714	0.00109587275316524	0.000549631123853991
mpasivos_margen_rank_lag1	0.00238993125577779	0.00143202651088743	0.00192654208361193
mcomisiones_otras_rank_delta1	0.00228177049508965	0.00290958479798004	0.00474835960607881
mcaja_ahorro_rank_lag2	0.00225784798735604	0.00183089254924582	0.00108792964721615
mcomisiones_rank_delta2	0.00218766874735613	0.00278714697037815	0.00595528155845922
vm_status01	0.00214266808656036	0.00135982325309541	0.000691288630001927
rf_014_021	0.0021322671411056	0.00131717768855067	0.00230618420008839
mcomisiones_otras_rank_delta2	0.00211069629875962	0.00277808947308252	0.00537731893337564
mpayroll_rank_delta2	0.00209216074140116	0.000921953704496009	0.000447637719427477
chomebanking_transacciones_delta2	0.0020779927863919	0.00362287940904307	0.0042893892861595
Master_Fvencimiento	0.00207168152634436	0.00223119309149877	0.00469736290386555
Visa_mpagominimo_rank_lag1	0.00206478643231516	0.00164058327275683	0.00241951020500674
mrentabilidad_rank_lag2	0.00204562539723143	0.00252755513417636	0.00437438378984826
Master_fechaalta_lag1	0.00200693755455928	0.0025488674000579	0.00390974716968303
vmr_mconsumospesos	0.00199942337625664	0.000981523524956183	0.00112192744869165
rf_003_026	0.00198618263363118	0.00075831677503252	0.000487301821148899
vm_status02_tend6	0.00197019404530579	0.000901937052718993	0.000883942838363119
mcuenta_corriente_rank_delta2	0.00195314426412698	0.00201599183263247	0.00105959814598656
mcomisiones_otras_rank_lag2	0.00190662225403248	0.00230069578733273	0.00465769880214413
rf_003_015	0.00189970263256632	0.00105208871719382	0.00132024795729876
Master_mfinanciacion_limite_rank	0.00189256151944842	0.00245419465378699	0.00438005009009417
rf_016_021	0.0018601328830895	0.00126563908627853	0.0017225552747589
ccaja_ahorro_tend6	0.00185801627467211	0.00270185796554716	0.000283315012295872
mpayroll_sobre_edad_rank_delta1	0.00185255627206903	0.00107690671767957	0.000407973617706055
Master_mlimitecompra_rank_lag1	0.0018209531182262	0.00217495290199096	0.00466903140263596
mpasivos_margen_rank_delta1	0.00181120494576613	0.00275965707231133	0.00430638818689725
mcuenta_corriente_rank_lag1	0.00179384935120377	0.00218920025127133	0.00139390986049569
mrentabilidad_annual_rank_lag1	0.0017924742345973	0.00274774016572789	0.00311646513525459
Master_mlimitecompra_rank	0.00178829797335671	0.00247610260371142	0.00482768780952165
Master_mlimitecompra_rank_tend6	0.00176616813079458	0.00259338889465773	0.00449337609501252
Master_mfinanciacion_limite_rank_delta2	0.00176080294788121	0.00201715841770245	0.00449337609501252
mcuenta_debitos_automaticos_rank	0.00170054504548745	0.00206600395848479	0.000679956029510092
rf_001_017	0.0016979210322444	0.00100755681110483	0.00239117870377716
Visa_mpagospesos_rank_tend6	0.00169595843718473	0.00256114726636457	0.00450470869550436
rf_003_019	0.00168013069209635	0.00109209319901839	0.000232318310082615
Master_mfinanciacion_limite_rank_lag1	0.00167580322822661	0.00187411161113359	0.00359243435591165
Visa_mconsumospesos_rank_delta2	0.0016690225194697	0.00191515388502229	0.00405140467583096
Master_fechaalta	0.00164734136093963	0.00260694431262758	0.00363209845763307
Visa_mconsumospesos_rank_lag2	0.00164699370428836	0.00200644798504296	0.00415339808025748
Visa_mpagominimo_rank_delta2	0.00163533743554912	0.00114008407979927	0.00151856846590587
Visa_mconsumospesos_rank_delta1	0.00163354213881278	0.00225029135551945	0.00486735191124307
mrentabilidad_rank_delta1	0.00162941430866394	0.00229254791850533	0.00374542446255142
rf_019_023	0.00162814369284632	0.00158525984502972	0.00176221937648032
mrentabilidad_annual_rank_delta2	0.00162521536435294	0.00226214458679883	0.00420439478247073
rf_006_021	0.00160772723727351	0.00157384775143129	0.00405140467583096
mcomisiones_otras_rank_lag1	0.00159567508659992	0.00204800687335275	0.00345644315000963
Visa_mconsumototal_rank	0.00159332298504397	0.00166886992511205	0.00296914132886073
vm_mconsumospesos_rank_tend6	0.0015821098543121	0.00088216623796839	0.00135424575877427
Master_mfinanciacion_limite_rank_tend6	0.00157597854171297	0.00234998611112852	0.00409106877755239
vm_status01_tend6	0.00156813000748177	0.000654962420318075	0.000424972518443807
ctrx_quarter_normalizado_delta2	0.00155972693199847	0.00183572245742988	0.00206819958975986
Visa_msaldototal_rank_tend6	0.00155655353058366	0.00185780113479638	0.00302013803107399
Visa_mconsumosdolares_rank_lag2	0.0015457265681583	0.0019132552437591	0.00336578234607495
cprestamos_personales_tend6	0.0015414073259476	0.0024666595403861	0.000294647612787706
Master_Fvencimiento_tend6	0.00153488641994568	0.000861707556846357	0.00154123366688954
mcuentas_saldo_rank_delta2	0.00152900285865032	0.00281313189686425	0.00272549041828628
ccomisiones_mantenimiento_tend6	0.00152693938216369	0.00350923268098619	0.000492968121394817
chomebanking_transacciones_delta1	0.00152483345108125	0.00319938560934867	0.00315612923697601
mpayroll_sobre_edad_rank_delta2	0.00152301603991141	0.00176263167919324	0.000623293027050917
Visa_fechaalta	0.00151921376500576	0.00181036977321312	0.00301447173082807
Master_fechaalta_lag2	0.00150209139044071	0.00196074993971602	0.00313913033623826
ctarjeta_visa_transacciones_delta2	0.00149782561283606	0.00169433752909089	0.000980269942543716
mpasivos_margen_rank_delta2	0.0014941913668891	0.00196867911482002	0.00423839258394624
rf_010_022	0.00148608507938722	0.00151981262091834	0.000254983511066284
Visa_cconsumos_lag1	0.00148582590906157	0.00166394846400936	0.00262349701385977
rf_004_025	0.00148563742352848	0.00136188262991812	0.00354710395394431
vm_fultimo_cierre_tend6	0.00148344253132982	0.00159982433823589	0.00147323806393853
rf_002_020	0.0014778184992956	0.000661039478042472	0.000215319409344862
mcomisiones_rank_lag1	0.00146616922278425	0.00160144992049343	0.00292947722713931
Master_fultimo_cierre_tend6	0.00146440473483063	0.00209349404012951	0.00249317210820367
mcomisiones_otras_rank	0.00145879298544343	0.00137994902881812	0.0020795321902517
mcaja_ahorro_rank_delta1	0.0014537806243138	0.00274992762747028	0.00142224136172528
Master_mfinanciacion_limite_rank_lag2	0.0014402023206387	0.00177959818424986	0.0033147856438617
Visa_mpagominimo_rank_lag2	0.00142607024132941	0.00154377155553315	0.00251583730918734
chomebanking_transacciones	0.00142061372271281	0.00197003184787521	0.00224952119762922
chomebanking_transacciones_lag1	0.00141084591924967	0.00219911398209324	0.0028614816241883
Visa_fechaalta_lag1	0.00140494953628774	0.001669748397789	0.00244217540599041
chomebanking_transacciones_lag2	0.00140243475431743	0.00199635025671974	0.00340544644779638
Visa_mpagospesos_rank_delta2	0.00139366521254271	0.0020565687103327	0.00366609625910858
Visa_mlimitecompra_rank_lag2	0.00139265524695777	0.00201704226534593	0.0032184585396811
thomebanking	0.00138755732038102	0.00209228835296797	0.00277648712049954
Visa_mconsumospesos_rank_lag1	0.00138275210631662	0.0021405664282524	0.00392674607042078
mrentabilidad_rank	0.00138207724283505	0.00170222033766377	0.00231185050033431
mactivos_margen_rank_lag1	0.00137729013311613	0.00289588013118181	0.00206819958975986
vmr_mpagominimo	0.0013763720414734	0.00129878921534713	0.00179055087770991
mcomisiones_rank	0.00135464529320054	0.00194249136098569	0.00298047392935257
mcuentas_saldo_rank	0.00135150333189328	0.00308874785411295	0.000872610237871284
Master_Fvencimiento_lag1	0.00134597646866629	0.00174305364745748	0.00358676805566573
vm_fechaalta	0.00133096618330044	0.00187634189897627	0.00271982411804037
Master_mfinanciacion_limite_rank_delta1	0.00133038606904399	0.00208378276950004	0.00412506657902789
Visa_msaldopesos_rank_delta2	0.00131741207694748	0.00167451992820256	0.00302013803107399
internet_tend6	0.00131493632169478	0.00281041030212454	0.000402307317460138
rf_014_023	0.0012933265960279	0.00103088258556083	0.00159789666934872
vm_fechaalta_lag2	0.00129101596469056	0.00218740790160916	0.00281048492197505
mtarjeta_visa_consumo_rank_delta2	0.00128924934404575	0.0017240292342013	0.00228351899910472
Visa_mlimitecompra_rank	0.00128475841502158	0.0018316033890795	0.00275382191951587
Visa_cconsumos_tend6	0.0012822277345463	0.00198035933704636	0.00307113473328725
Visa_mconsumototal_rank_tend6	0.00128127959897019	0.00187252476381183	0.00363209845763307
Master_mpagospesos_rank_tend6	0.00128052074096734	0.00203899579503907	0.00265182851508936
Visa_mlimitecompra_rank_lag1	0.00127620542269221	0.00148841901759702	0.00269149261681078
Visa_Fvencimiento_tend6	0.00126429910792523	0.00133068097039842	0.00120692195238041
internet_lag1	0.00126417619328673	0.00209089853717805	0.000294647612787706
rf_012_022	0.00126400424495047	0.00145072945302459	0.00288414682517197
cliente_edad_lag2	0.00126376539671276	0.00260937894889246	0.00182454867918541
Master_mlimitecompra_rank_delta2	0.00126311161131643	0.00212104627600429	0.00381342006550243
Master_mlimitecompra_rank_lag2	0.00126213209171615	0.00141797978602055	0.00290681202615564
Visa_mpagominimo_rank	0.00125929276716542	0.00204573352338107	0.00270849151754853
Visa_mpagospesos_rank_lag2	0.00124651427686179	0.00170526004666958	0.00283315012295872
cdescubierto_preacordado_delta2	0.00124317597719239	0.00110855258325362	0.00017565530762344
vm_Fvencimiento_tend6	0.00124019292970228	0.00146175739676565	0.0011389263494294
catm_trx_other_lag2	0.00123979830684223	0.000285786985602734	0.00022098570959078
Master_mlimitecompra_rank_delta1	0.00121990527564499	0.00204703210095733	0.00387008306796161
rf_007_023	0.00121607330655535	0.00128154249174696	0.00341677904828821
mrentabilidad_rank_lag1	0.00121450224547137	0.00164638158056084	0.00262349701385977
ctrx_quarter_normalizado_lag1	0.00121054591449407	0.000954516777682787	0.000708287530739679
Visa_Fvencimiento_lag2	0.00120615244230176	0.00178312891167316	0.00271982411804037
mcomisiones_otras_rank_tend6	0.00120554205454263	0.00174828844980101	0.00261216441336794
Visa_mfinanciacion_limite_rank_delta2	0.00119894103027035	0.00145305349672062	0.0028614816241883
cmobile_app_trx_delta2	0.00119609425461346	0.00224594215916535	0.00228351899910472
rf_017_025	0.00119231447712823	0.00126658026391923	0.00200020398680885
Visa_msaldototal_rank_lag1	0.00118536741900833	0.00159762245251606	0.00238551240353124
mcuentas_saldo_rank_lag2	0.00118162452365791	0.00219069885007657	0.00198887138631702
Visa_mconsumosdolares_rank_tend6	0.00117387889369257	0.00171536721614168	0.00276515452000771
Visa_mfinanciacion_limite_rank	0.00117198072591589	0.00135693281914341	0.00235718090230165
Visa_mpagospesos_rank_lag1	0.00117126891670815	0.00133938114643473	0.0027311567185322
Visa_cconsumos_lag2	0.00117063491389262	0.00190403708958019	0.00268016001631894
cprestamos_personales_delta2	0.00115815632302505	0.00102047453191932	0.000130324905656101
Visa_mfinanciacion_limite_rank_delta1	0.00115476032198985	0.00185649872830974	0.00320145963894335
Visa_mlimitecompra_rank_delta2	0.00115367840302445	0.00178196143493913	0.00329212044287803
cmobile_app_trx_lag1	0.00115010127845501	0.00241703914353564	0.00148457066443037
Visa_cconsumos	0.00114361258518063	0.00154177079250967	0.0026971589170567
vm_fechaalta_delta1	0.00113356343559571	0.00104831925983118	0.000781949433936605
Visa_msaldopesos_rank	0.00112975735116436	0.0017035378499886	0.00214752779320271
Master_fultimo_cierre_lag2	0.00112500875761416	0.00139323238434802	0.00239684500402307
vmr_mpagospesos_tend6	0.00111370987631504	0.00133166536752061	0.0014959032649222
Visa_mlimitecompra_rank_delta1	0.00111259641911185	0.00192085930241158	0.00307680103353317
vm_mpagospesos_rank_tend6	0.00111200234027393	0.00127889257106242	0.00122958715336408
mrentabilidad_rank_tend6	0.00111105414726841	0.00254437726833151	0.00182454867918541
rf_013_026	0.0011099464063696	0.000849734711455869	0.000691288630001927
vm_mpagominimo_rank_lag2	0.00110793579880067	0.0014132165952885	0.00176788567672624
Visa_fultimo_cierre_tend6	0.00110448983113866	0.0015185796068759	0.00160356296959463
mprestamos_personales_rank_lag1	0.00109971991234252	0.00214533208417332	0.000611960426559083
mtransferencias_recibidas_rank_lag2	0.00109962560981081	0.00186189321719624	0.00249317210820367
Master_Fvencimiento_lag2	0.00109776065461895	0.00140041636432662	0.00252150360943326
vm_Fvencimiento	0.00109715249462525	0.00144164043278189	0.00227785269885881
ctrx_quarter_lag2	0.00109679345652131	0.00179666660126346	0.00209086479074353
Visa_delinquency_delta2	0.0010966782596917	0.0008983518551118	0.000583628925329495
rf_008_024	0.00109627972227757	0.00111283503593029	0.0022438548973833
mpayroll_rank	0.00109410381217637	0.00120802691426199	0.000294647612787706
Visa_mfinanciacion_limite_rank_lag1	0.00109371085096039	0.00162346783357678	0.00243084280549858
Visa_mconsumototal_rank_delta1	0.00108545285640451	0.00161716909243183	0.00343377794902596
Visa_mconsumosdolares_rank_lag1	0.0010840228413124	0.00169349488032882	0.00283881642320463
vm_fechaalta_lag1	0.00108194568054779	0.00152129684819696	0.0018188823789395
rf_015_025	0.00107407477908667	0.00138698299943133	0.0044537119932911
Visa_fechaalta_lag2	0.00106041616758824	0.00163280741142032	0.0023401820015639
cmobile_app_trx_lag2	0.00105180134908118	0.00284247574808962	0.00235718090230165
mrentabilidad_annual_rank_tend6	0.00105104452364951	0.00191413702083815	0.00189254428213642
Visa_mpagosdolares_rank_delta1	0.00104597296407677	0.00117814344892786	0.0017565530762344
vmr_Master_mlimitecompra_lag2	0.00104141720180397	0.00173888383293192	0.0026971589170567
foto_mes	0.00104068911734246	0.00313727520195296	0.000679956029510092
Visa_cconsumos_delta1	0.0010390138376027	0.00128836936026954	0.00193220838385784
internet_lag2	0.00103652448775774	0.00120396365359159	0.000254983511066284
ccaja_seguridad_lag1	0.00103618193977311	0.000850348281230773	0.000101993404426514
vmr_Master_mlimitecompra	0.00103304267960176	0.00133746815987033	0.00227785269885881
vm_mpagominimo_rank	0.00103064173945567	0.0018364731074413	0.00182454867918541
Master_mpagominimo_rank	0.00102988573056795	0.00149660997477885	0.00231185050033431
vmr_msaldototal_delta2	0.00102671858286922	0.00117229101187033	0.00196053988508743
Visa_mconsumosdolares_rank_delta1	0.00102661115754116	0.00132021136571136	0.00219285819517005
Visa_Fvencimiento	0.00102524744075679	0.00161760920732166	0.00224952119762922
vmr_msaldopesos	0.00102204916992798	0.00108388477571115	0.0014959032649222
Visa_mlimitecompra_rank_tend6	0.00102167026048175	0.00217547685952784	0.00266882741582711
tcallcenter_delta2	0.00102127372257097	0.00167022698536048	0.00143357396221711
Visa_mfinanciacion_limite_rank_lag2	0.001015996475595	0.00173741269213464	0.00252716990967917
cliente_edad_lag1	0.00101392854571992	0.00187068148439659	0.00153556736664362
Visa_mconsumototal_rank_delta2	0.00100581191062909	0.00142401842351413	0.00270849151754853
Visa_Fvencimiento_lag1	0.00100346992891581	0.00163034075392551	0.00219852449541596
Visa_mconsumospesos_rank	0.0010005274788664	0.00166508667318189	0.003088133634025
mpagomiscuentas_rank_lag2	0.000998954986723982	0.00130058201084133	0.00107093074647839
Visa_mpagospesos_rank_delta1	0.00099773798804919	0.00156625625475188	0.00310513253476275
Visa_cconsumos_delta2	0.000995341019307847	0.0018320934633821	0.00256116771115468
vm_fechaalta_tend6	0.000994824740393755	0.00147590238825702	0.000832946136149862
Visa_msaldopesos_rank_lag2	0.000992408398726938	0.00149698568005306	0.00217585929443229
rf_014_022	0.000991610644640914	0.00129101010205935	0.00342811164878005
mautoservicio_rank_delta2	0.000991240795635571	0.00143023736072572	0.00177355197697216
rf_006_017	0.000987351517324734	0.000729045961583826	0.000685622329756009
Visa_fechaalta_tend6	0.000984675964759267	0.000915612583082796	0.000974603642297798
Visa_msaldodolares_rank_delta1	0.000981574674025916	0.000771088971027347	0.000617626726805
Master_mpagominimo_rank_tend6	0.000981237918570181	0.00179533891347818	0.00214186149295679
Visa_msaldototal_rank_delta1	0.000979496954016564	0.0014366858227565	0.00221552339615372
rf_018_015	0.000978198550062164	0.000464250426378949	0.000566630024591743
rf_011_027	0.000976779283729764	0.00160126639504956	0.00246484060697408
Master_msaldototal_rank_lag1	0.000976117388968017	0.00133834526882578	0.00202853548803844
mactivos_margen_rank_lag2	0.00097459016812659	0.00213251451821309	0.00234584830180982
vmr_mpagominimo_delta2	0.000971044581687882	0.00131471756118383	0.00162056187033239
Visa_mfinanciacion_limite_rank_tend6	0.000962971339108822	0.00181057275791383	0.00208519849049761
cmobile_app_trx_tend6	0.000961927267243041	0.00253582353500434	0.0015922303691028
Visa_mconsumosdolares_rank	0.000961156163321952	0.00193783892017497	0.00292947722713931
Master_msaldopesos_rank_delta1	0.000959809925886904	0.00154033854400066	0.00210786369148128
mactivos_margen_rank_tend6	0.00095494318529112	0.00203124345789849	0.00193220838385784
ccomisiones_otras_lag2	0.000953323797636468	0.00147077749662159	0.0017225552747589
Visa_msaldopesos_rank_delta1	0.000951339367307065	0.00146959307827042	0.00227785269885881
Master_mconsumototal_rank	0.000945318341601025	0.00163225219319051	0.00209653109098945
Master_cconsumos_lag1	0.000942538591449101	0.0012809338523498	0.00275948821976179
ccaja_seguridad_lag2	0.000940564339327489	0.000800723242482128	0.000130324905656101
Master_msaldototal_rank	0.000940184158770938	0.00129537256847269	0.00191520948312009
rf_002_017	0.000938616537805395	0.00102778334486631	0.00122392085311817
vmr_mpagominimo_delta1	0.000938148576437937	0.00150934723852286	0.0014959032649222
tcallcenter	0.00093564771418166	0.000964541546905577	0.000730952731723349
cliente_edad	0.00093366671744287	0.00175715562927067	0.0012012556521345
Master_fultimo_cierre	0.000933177625040447	0.0013586914953746	0.00220419079566188
mpasivos_margen_rank_tend6	0.00093309239016279	0.00230558842670596	0.00194354098434968
Visa_status_tend6	0.000932721653570833	0.000558133027165673	0.000481635520902982
vm_msaldototal_rank_lag2	0.000932310614623517	0.00101732068991384	0.00155256626738138
rf_002_021	0.000931231346928994	0.000838818514201843	0.00114459264967532
mautoservicio_rank_lag2	0.000928705931444628	0.0014800805686895	0.00192087578336601
Master_mpagospesos_rank	0.000926875662999165	0.00198762710722118	0.00181321607869358
rf_017_027	0.000925668340081024	0.000782631509832665	0.000606294126313165
mcomisiones_mantenimiento_rank_delta2	0.000923611863391885	0.0014424063722094	0.00106526444623248
ccomisiones_mantenimiento_delta2	0.000915030369003241	0.000891580191084696	0.000164322707131606
Master_fultimo_cierre_lag1	0.00091442756100036	0.00123529746297006	0.0018188823789395
mcaja_ahorro_rank_tend6	0.000914056000123401	0.0020153494411281	0.0017225552747589
Visa_mpagominimo_rank_delta1	0.000912357950946426	0.00152579867645779	0.00202286918779252
mcomisiones_rank_tend6	0.00091219503026713	0.00171680822393881	0.00202286918779252
ccomisiones_otras	0.00091192998997367	0.00171091225269482	0.000951938441314128
vm_mpagominimo_rank_delta2	0.000907734634310361	0.00180778339670556	0.00191520948312009
cproductos_tend6	0.000906080128571248	0.00216027684587564	0.000345644315000963
Master_mpagominimo_rank_lag2	0.000906032354597184	0.00139598245988682	0.00209086479074353
vm_status05_delta2	0.000902071071086223	0.000757434316092712	0.000249317210820367
Master_cconsumos_tend6	0.000895922999935691	0.00197371856405817	0.00240817760451491
Master_mpagominimo_rank_lag1	0.000888903109024186	0.00153601082626024	0.00201153658730069
vm_Fvencimiento_lag1	0.000888479902606566	0.00146817569957088	0.00175088677598849
ctrx_quarter	0.000888015234386353	0.00148531151589724	0.00064029192778867
vm_Fvencimiento_lag2	0.000886151572865152	0.0013727076151839	0.00186987908115275
rf_020_027	0.000885671296074998	0.000981626826860071	0.0011389263494294
mtransferencias_emitidas_rank	0.000884749907008631	0.00229155741086178	0.00133724685803651
Master_msaldototal_rank_lag2	0.000882293365968059	0.00120190600764617	0.0023401820015639
Master_Fvencimiento_delta1	0.000880131700058757	0.00116025769067625	0.00152423476615179
ctrx_quarter_normalizado_tend6	0.000873813399092852	0.00202387702771798	0.00147890436418445
Master_mconsumospesos_rank_tend6	0.000867676569445324	0.00195940814265827	0.00227218639861289
mpayroll_sobre_edad_rank_tend6	0.000867545031489948	0.00119285252283881	0.000458970319919312
Master_msaldopesos_rank_lag1	0.000867524477449716	0.00129433482885938	0.00186987908115275
vm_mfinanciacion_limite_rank_lag2	0.000865284730061596	0.00105029463665436	0.00171122267426706
Visa_msaldototal_rank_delta2	0.000862936562986251	0.00123843258003029	0.00211919629197312
vm_mpagominimo_rank_lag1	0.000862453473913569	0.0011771187957959	0.00151856846590587
ctrx_quarter_normalizado_lag2	0.000858219281828762	0.00167448205870542	0.00193220838385784
vmr_msaldopesos2_lag2	0.00085781162812501	0.00148401469542369	0.00196620618533335
vm_mpagominimo_rank_tend6	0.000854886973167352	0.00134685932310228	0.00177355197697216
Master_msaldopesos_rank	0.000845837311918288	0.00126162512938556	0.00189821058238234
Visa_status	0.000843766006962361	0.000992980437786332	0.000481635520902982
vm_mpagospesos_rank_delta2	0.000842780215486429	0.00111459835405968	0.00155823256762729
Visa_mpagominimo_rank_tend6	0.000840041355191359	0.00154955738004031	0.00183021497943133
thomebanking_lag1	0.000837978333340456	0.00133908650391374	0.00164322707131605
ccomisiones_otras_delta2	0.000836400158738402	0.00140955948759742	0.00210219739123537
mtarjeta_visa_consumo_rank_lag2	0.000830140059045055	0.00147361954468564	0.00199453768656294
Master_Fvencimiento_delta2	0.000825308252630206	0.00112313163156429	0.00148457066443037
Master_mconsumototal_rank_lag1	0.000817510856954811	0.00149132002039068	0.00184721388016908
Visa_msaldopesos_rank_tend6	0.000816906700638571	0.0016974662209248	0.00228918529935064
vmr_Master_mlimitecompra_lag1	0.0008108281747165	0.00148699720680259	0.00184721388016908
mcomisiones_mantenimiento_rank	0.000810741290712638	0.00107033116729483	0.000742285332215183
Visa_fultimo_cierre_lag2	0.000810232429853716	0.00119743040479887	0.00135991205902018
Visa_fultimo_cierre_lag1	0.000808939948199756	0.00113288827215917	0.00129191645606917
mpayroll_rank_delta1	0.000806059875466623	0.00134646418479665	0.000277648712049954
vm_mfinanciacion_limite_rank	0.000805384823777678	0.00109993703662676	0.00192654208361193
rf_007_021	0.000803225005299603	0.00106904672521647	0.00223818859713739
mplazo_fijo_dolares_rank	0.000802507166963729	0.00193896026640661	0.000237984610328532
vmr_msaldopesos_delta2	0.000800175921197246	0.000968329021127313	0.00151290216565995
rf_007_015	0.000799076624920661	0.000518055979621876	0.000436305118935642
cliente_antiguedad_lag2	0.000795320911584222	0.00157922891780772	0.00150723586541404
vm_mlimitecompra_rank_delta2	0.00079443670374208	0.0014951458623924	0.00203420178828436
ccomisiones_otras_tend6	0.000793965187044786	0.001017608304024	0.00115025894992124
vm_mfinanciacion_limite_rank_tend6	0.000791087345211022	0.0016515014893677	0.00177921827721807
mcuenta_debitos_automaticos_rank_lag1	0.000789106924547752	0.000873588849318219	0.000345644315000963
vm_mfinanciacion_limite_rank_delta2	0.000788134905116479	0.00190326881609088	0.00190954318287417
Master_mconsumototal_rank_lag2	0.000787495611621739	0.00148935544843787	0.00189254428213642
mcuenta_debitos_automaticos_rank_delta2	0.000784560230518753	0.00149326599852529	0.000657290828526422
vmr_msaldopesos_lag2	0.000783517168182496	0.000688490641173516	0.00107093074647839
Master_msaldototal_rank_tend6	0.000780999337451789	0.00155256163228703	0.00198887138631702
Master_msaldopesos_rank_lag2	0.000779715744478825	0.000964703751088249	0.00172822157500482
mtransferencias_recibidas_rank_lag1	0.000779679960206302	0.00182220063421477	0.00151290216565995
vm_mlimitecompra_rank_tend6	0.000779630287201601	0.0019147502759081	0.0017225552747589
vmr_msaldototal	0.000779151262545257	0.00122062675683911	0.00158089776861096
Master_mconsumototal_rank_delta1	0.000778341981190056	0.00158623307012575	0.00209653109098945
Master_msaldototal_rank_delta2	0.000775970173654266	0.00100778798812508	0.00166022597205381
Master_mconsumospesos_rank_lag2	0.000771240747683665	0.00130329065022676	0.00197753878582518
vmr_msaldopesos2_tend6	0.000770014223215318	0.00161434660852627	0.00152990106639771
thomebanking_delta2	0.000764709055287679	0.00108002271641334	0.00106526444623248
vm_msaldopesos_rank_delta2	0.000761822276064826	0.00130427520470143	0.00162056187033239
Master_mconsumospesos_rank_lag1	0.00076172157682136	0.00129835146074452	0.00192654208361193
mtarjeta_visa_consumo_rank	0.000760169139351458	0.000944040406839042	0.00108226334697023
ctrx_quarter_normalizado_delta1	0.000759518500378497	0.00192744793927767	0.000821613535658027
vmr_Visa_mlimitecompra	0.000759213897064986	0.0011602246466552	0.00167155857254564
mtransferencias_recibidas_rank_tend6	0.000758762584431121	0.00173008295130766	0.00156389886787321
Master_mpagospesos_rank_lag1	0.000747481824471557	0.00160550610030217	0.00176788567672624
vmr_mpagominimo_tend6	0.000744794606851965	0.00139019666160507	0.00134857945852835
mcuenta_corriente_rank_lag2	0.000742960892073614	0.00130453939951732	0.000906608039346789
Visa_fultimo_cierre_delta1	0.000736850974319493	0.00130781765488458	0.00134291315828243
rf_012_019	0.000736435200828995	0.00107713225623592	0.00209086479074353
cliente_antiguedad_lag1	0.000732449438443826	0.00147910354090851	0.00154689996713546
mtarjeta_visa_consumo_rank_tend6	0.000726827732079833	0.00100801336932894	0.00109359594746206
rf_013_023	0.00072272090891827	0.00125653999547704	0.00210219739123537
mtransferencias_recibidas_rank_delta2	0.000720969084625902	0.00149629385364419	0.00177355197697216
mttarjeta_visa_debitos_automaticos_rank_lag2	0.000714604328912509	0.00122997139618746	0.00154123366688954
mttarjeta_visa_debitos_automaticos_rank_tend6	0.000712122697715146	0.00211272059887317	0.000770616833444771
vm_mfinanciacion_limite_rank_delta1	0.000712040217789573	0.00134681544798545	0.00202286918779252
rf_019_016	0.000711595345125485	0.000753040457859378	0.00108226334697023
vm_mconsumototal_rank_lag2	0.000711576617545113	0.00109465348123949	0.00130324905656101
rf_013_015	0.000710058174642738	0.000890921093991906	0.000798948334674358
Visa_mconsumosdolares_rank_delta2	0.000706106863047574	0.00122938465501059	0.00199453768656294
vmr_msaldopesos2_delta2	0.000700185343495383	0.00125101710696591	0.0018188823789395
vmr_mpagospesos_lag1	0.000699286119215086	0.000818100280162122	0.00134291315828243
ccajas_consultas_tend6	0.000697947703982595	0.00249708429825544	0.000481635520902982
Master_mpagospesos_rank_delta2	0.000697562351925747	0.00130985652343391	0.00143357396221711
vmr_msaldototal_lag2	0.000694762185178201	0.00129009821820556	0.00162056187033239
vm_mpagominimo_rank_delta1	0.000691709511700018	0.00113132576202117	0.00133724685803651
Master_cconsumos_delta2	0.000688585306030219	0.00103766104197003	0.00210219739123537
Master_cconsumos_lag2	0.000684308350816947	0.00115110727674049	0.00197187248557927
vm_msaldopesos_rank	0.000674888332551155	0.000932735811210665	0.00120692195238041
vm_fultimo_cierre	0.000672612565593649	0.00156528599312758	0.00138257726000385
vmr_msaldopesos2	0.00066586382220703	0.00104292057487852	0.00122392085311817
rf_019_021	0.000665131361711932	0.00104497234633131	0.00183021497943133
mttarjeta_visa_debitos_automaticos_rank_lag1	0.000662090072327379	0.000985242209918235	0.00150156956516812
vm_msaldototal_rank_delta2	0.000661801996937394	0.00102291005984827	0.00139390986049569
ccaja_ahorro	0.000661382889079471	0.00135254197683263	0.000107659704672431
mcomisiones_mantenimiento_rank_lag2	0.000660875483642945	0.00117824339397882	0.00109359594746206
vmr_mpagominimo_lag2	0.00065994352703616	0.000879399063459967	0.00145057286295486
Master_cconsumos_delta1	0.000658565571758137	0.00120690617121486	0.00195487358484151
ccajas_transacciones_tend6	0.000653428245889777	0.00113977690153061	0.000487301821148899
rf_017_015	0.000652467344026821	0.000935339155560778	0.00154123366688954
vmr_msaldototal_tend6	0.000650410697018807	0.000984498771895539	0.00117292415090491
vmr_mconsumospesos_lag2	0.000649782937115372	0.00112662391253136	0.00146757176369261
Master_mpagosdolares_rank_delta1	0.000647664121959817	0.000869972784399303	0.00215319409344862
Master_msaldopesos_rank_delta2	0.000645940776265706	0.00119043671642084	0.00157523146836505
Master_fultimo_cierre_delta1	0.000645361048208789	0.00093007469227455	0.00145057286295486
vmr_msaldopesos2_lag1	0.000645349821164925	0.00120179709350379	0.0014959032649222
ccaja_seguridad	0.000644557857115906	0.00106779629749944	8.49945036887615e-05
mcaja_ahorro_dolares_rank_lag1	0.00064322299706359	0.00148957634509602	0.000872610237871284
rf_020_025	0.00063834122249569	0.00122770121949081	0.000600627826067248
ccuenta_debitos_automaticos_tend6	0.000637038638731164	0.0013740605580424	0.000351310615246881
vmr_mconsumospesos_lag1	0.000636351219270492	0.00139764727536301	0.0013655783592661
cliente_antiguedad	0.000633534879874282	0.00133899238090459	0.00127491755533142
mcomisiones_mantenimiento_rank_delta1	0.000632975882771821	0.00124368120316674	0.000719620131231514
vmr_Visa_mlimitecompra_lag1	0.000631559013820644	0.000981685047278103	0.00137124465951202
mttarjeta_visa_debitos_automaticos_rank_delta1	0.000630624879259282	0.00124783321063652	0.000821613535658027
vm_msaldopesos_rank_tend6	0.000630384678744726	0.000940817539545154	0.00135424575877427
Visa_mpagado_rank_tend6	0.00062904945988908	0.00120977704100838	0.00113326004918349
mextraccion_autoservicio_rank_delta2	0.000626941773870611	0.00182127249060459	0.00116725785065899
rf_015_016	0.0006240481441047	0.000980953882748938	0.000861277637379449
rf_007_016	0.000623902800839809	0.000721397477080821	0.000821613535658027
vm_mconsumototal_rank_tend6	0.000621420146358445	0.00116350319050201	0.0014619054634467
Visa_delinquency_tend6	0.000620750191315732	0.00128803978549773	0.000679956029510092
vm_msaldototal_rank_delta1	0.000616226472409714	0.00112701126188917	0.00152990106639771
mcaja_ahorro_dolares_rank_delta2	0.000612825249047495	0.00142945812501356	0.000730952731723349
vmr_msaldopesos_lag1	0.000611409691564047	0.00101911587192067	0.00124658605410183
Visa_mpagosdolares_rank_tend6	0.000609216109948717	0.00120070446409997	0.00183588127967725
Master_mpagospesos_rank_lag2	0.000607413332843532	0.00132423122332237	0.00176788567672624
vm_fultimo_cierre_lag2	0.000605424568757535	0.00153179406824446	0.00132024795729876
rf_017_026	0.000605218576521618	0.000529851331413606	0.00124658605410183
vm_mlimitecompra_rank_lag2	0.000603729188508503	0.000777768111795524	0.00139390986049569
Master_mconsumospesos_rank_delta1	0.000603211781736519	0.000974104171891174	0.00141657506147936
rf_009_019	0.000601874515987033	0.000799323120104687	0.0019492072845956
mpayroll_rank_tend6	0.000601176219469057	0.00134937512702204	0.000470302920411147
mtransferencias_emitidas_rank_lag1	0.000601028534939327	0.00103786822273691	0.00105959814598656
mcaja_ahorro_dolares_rank_lag2	0.000597217873831347	0.00102387982318971	0.00105959814598656
Master_mconsumospesos_rank	0.0005953322041297	0.00132262688364979	0.00171688897451298
Master_mconsumototal_rank_delta2	0.000595294403359784	0.00121157190831024	0.0013315805577906
rf_009_015	0.000591551308561283	0.00101653969709897	0.00193787468410376
mtransferencias_emitidas_rank_tend6	0.000589435368938063	0.00154518505287149	0.000940605840822293
rf_005_019	0.000582903536463273	0.00118121641175802	0.0016262281705783
tcallcenter_tend6	0.000580427066415824	0.00131520962861786	0.000356976915492798
cprestamos_personales_lag1	0.000579298067042852	0.000957104649038918	0.000107659704672431
vm_mlimitecompra_rank_delta1	0.000579184273475096	0.0010962877178835	0.00200020398680885
mplazo_fijo_dolares_rank_delta2	0.000579078690255562	0.0015913331787454	0.000226652009836697
vmr_Visa_mlimitecompra_lag2	0.000579027859511927	0.000910748240930768	0.00142224136172528
vmr_mpagominimo_lag1	0.00057886670990581	0.000914587929950838	0.00142224136172528
vmr_msaldototal_lag1	0.000577743697406777	0.000844736278764471	0.00112192744869165
vm_msaldopesos_rank_lag2	0.000574795870616692	0.000845835910353706	0.00101993404426514
rf_013_017	0.000573495700698572	0.000530908163127964	0.000555297424099908
rf_020_023	0.000569391117051285	0.000977825610521646	0.000861277637379449
mcaja_ahorro_dolares_rank_delta1	0.000565908777731219	0.00176415492988719	0.000617626726805
rf_018_018	0.000565843764960617	0.000524210113836633	0.000475969220657064
Master_mpagospesos_rank_delta1	0.000564785708934757	0.00112607897466366	0.00143357396221711
vmr_Master_mlimitecompra_tend6	0.000564734180336584	0.0020223721348135	0.00124091975385592
Master_fechaalta_tend6	0.000563636112106634	0.000871509987013256	0.00106526444623248
ccajas_transacciones_delta1	0.000562665908150578	0.00142797935262094	0.00044197141918156
Master_mpagominimo_rank_delta1	0.00055995157955549	0.00115584025579615	0.00137691095975794
vmr_Visa_mlimitecompra_tend6	0.000559940285183254	0.00145855099903146	0.000736619031969266
Master_msaldopesos_rank_tend6	0.000559388969711254	0.000975958151275134	0.00143357396221711
tcallcenter_delta1	0.000558101067015684	0.000872408050074114	0.000430638818689725
vm_mpagospesos_rank_delta1	0.000557058189983045	0.0016179706459709	0.00147323806393853
vm_mconsumototal_rank_delta2	0.000554733829568489	0.000888646432749542	0.00115592525016716
mttarjeta_visa_debitos_automaticos_rank_delta2	0.000553943065035512	0.00122292680428177	0.000827279835903945
mtransferencias_emitidas_rank_lag2	0.000548508888654303	0.00151061232624605	0.00116159155041307
vm_mconsumospesos_rank_lag2	0.000548202031967241	0.00103437187683075	0.00101426774401922
Master_mconsumospesos_rank_delta2	0.000538897000936778	0.00113531907951368	0.00121825455287225
mextraccion_autoservicio_rank_lag2	0.000537301409516576	0.000945105237304526	0.0011389263494294
vm_mconsumospesos_rank_delta2	0.000531605799655635	0.00123323142489232	0.00118992305164266
Master_cconsumos	0.000531130876002492	0.000672924048691024	0.00130324905656101
mtransferencias_recibidas_rank_delta1	0.000530831399445068	0.00112127744237703	0.00113326004918349
vmr_mconsumospesos_tend6	0.000530746357885477	0.00137841006910146	0.00117292415090491
ctarjeta_visa_transacciones_lag2	0.000529485334242981	0.000784393490465968	0.00118992305164266
ccallcenter_transacciones_tend6	0.000529059081765787	0.00149312267664036	0.000504300721886651
vm_mlimitecompra_rank_lag1	0.000525061524476397	0.000812867182470474	0.00100293514352739
vm_msaldototal_rank_tend6	0.000521521242724286	0.000972573263376469	0.00114459264967532
ccajas_transacciones_delta2	0.00051886306538822	0.00116138147587134	0.000974603642297798
mttarjeta_visa_debitos_automaticos_rank	0.000518835536720899	0.00110514744933571	0.00117859045115083
Master_mpagosdolares_rank	0.0005174492872891	0.0009274474303473	0.00183021497943133
mcuenta_corriente_rank_delta1	0.000516563548616552	0.00123925464184274	0.00064029192778867
Master_fultimo_cierre_delta2	0.000515634860546648	0.000651441894580642	0.00123525345361
rf_015_027	0.000515466090133486	0.00100288894975095	0.00134291315828243
vmr_mpagospesos_delta2	0.000508655874766268	0.0013334680237703	0.00139957616074161
ccallcenter_transacciones_delta2	0.000507704585200605	0.00100412749735565	0.00044197141918156
mtarjeta_visa_consumo_rank_delta1	0.000504374802065632	0.00159102775757945	0.00112759374893757
Visa_fultimo_cierre_delta2	0.000504133964672927	0.00065736962480041	0.000929273240330459
matm_rank_delta2	0.000499562315388604	0.00126091751527775	0.000940605840822293
vmr_mpagospesos_lag2	0.0004984691400626	0.000731500791417128	0.0012692512550855
ctarjeta_visa_debitos_automaticos_delta2	0.000495543249436959	0.000452291742711766	0.000277648712049954
mcomisiones_mantenimiento_rank_lag1	0.000494410991765332	0.000997009788997038	0.000906608039346789
Master_mpagado_rank_tend6	0.000491928620739364	0.00106446239180468	0.00103126664475697
vm_msaldopesos_rank_delta1	0.000490633257198691	0.00127404396415851	0.00111059484819982
vmr_mconsumospesos_delta2	0.000490610825760244	0.00115357149527183	0.000940605840822293
Master_msaldototal_rank_delta1	0.000490278828956827	0.000853454052053258	0.00120692195238041
cproductos_delta2	0.000485162209889912	0.00128157393601778	0.000192654208361193
Master_status_tend6	0.000483272096592124	0.000616938114567367	0.000606294126313165
cextraccion_autoservicio_tend6	0.000482514165037867	0.00140160909613388	0.000645958228034587
mcaja_ahorro_rank_lag1	0.000478089231149993	0.0017160983019946	0.000725286431477431
vm_msaldopesos_rank_lag1	0.000475305088413267	0.00081867023707433	0.00108792964721615
vmr_mpagospesos	0.000474306000720162	0.000811408288941317	0.000968937342051881
rf_013_025	0.000472654747877019	0.000537288622661468	0.000572296324837661
mextraccion_autoservicio_rank_tend6	0.000472306212171522	0.00136430247504978	0.000674289729264174
mtransferencias_emitidas_rank_delta1	0.000471600386732189	0.00135987759215224	0.000634625627542752
vmr_msaldototal_delta1	0.000470246113392664	0.000819968027888184	0.00118992305164266
ctarjeta_debito_transacciones_delta2	0.000465829818523401	0.00136449239949455	0.000934939540576376
mplazo_fijo_dolares_rank_tend6	0.000464757158670986	0.00176125130455218	0.000232318310082615
vm_mpagospesos_rank_lag2	0.000464449567856183	0.000751890997984439	0.00118992305164266
matm_rank	0.000463673317784521	0.000433812293548703	0.000322979114017294
cprestamos_personales_lag2	0.000463142167197549	0.000541918981673999	0.000113326004918349
vm_mfinanciacion_limite_rank_lag1	0.000462216765630522	0.000734682851967567	0.00114459264967532
mcaja_ahorro_dolares_rank_tend6	0.000462050180317943	0.00179989880480456	0.000668623429018257
thomebanking_tend6	0.000461749839470836	0.00274867827499521	0.000430638818689725
Visa_mpagado_rank_delta1	0.000458922693082977	0.00131070452218034	0.000917940639838624
ctrx_quarter_delta1	0.000457051200639507	0.00111393823417576	0.000572296324837661
mpagomiscuentas_rank	0.000456870169159055	0.00109393104977303	0.000498634421640734
rf_005_021	0.000455025195338386	0.000983218132502132	0.000481635520902982
numero_de_cliente	0.000451451352016943	0.00206557931658895	0.000747951632461101
Visa_fultimo_cierre	0.00045012865214958	0.000691243339253671	0.000861277637379449
vmr_msaldopesos2_delta1	0.000446166136182941	0.000871800590820561	0.00116725785065899
mtarjeta_visa_descuentos_rank_delta1	0.000445460186075584	0.000744040525346441	0.000770616833444771
mpagomiscuentas_rank_delta2	0.000440913042244507	0.00118079580857586	0.000583628925329495
mtransferencias_emitidas_rank_delta2	0.000440879127007416	0.00156475637090138	0.000781949433936605
chomebanking_transacciones_tend6	0.000437911530520261	0.00115005802417064	0.000940605840822293
rf_009_023	0.000435237366681926	0.000746809666760879	0.00118992305164266
ctarjeta_visa_debitos_automaticos_tend6	0.000431375121067829	0.000987488233009026	0.000339978014755046
active_quarter_lag2	0.000430434259980675	0.000809536423825331	0.000985936242789633
rf_003_027	0.000429508582047431	0.000785572794861502	0.000951938441314128
ctransferencias_emitidas_tend6	0.000425008427271136	0.00150243634377534	0.000708287530739679
rf_005_013	0.000422439108825071	0.000833638024689733	0.000390974716968303
cproductos_delta1	0.000422138022346434	0.000906284518195795	0.000113326004918349
mpagomiscuentas_rank_lag1	0.000418670142338189	0.000848760909400741	0.000645958228034587
Visa_mpagado_rank_delta2	0.000416452647037675	0.00174459457408015	0.00107093074647839
rf_003_028	0.000413145341227553	0.000522665987713509	0.000141657506147936
cpagomiscuentas_tend6	0.000409153769465493	0.0020342934472664	0.000504300721886651
mtarjeta_visa_consumo_rank_lag1	0.000408516837373932	0.000864862552770034	0.000934939540576376
vm_mconsumototal_rank_delta1	0.00040751914636672	0.000702802295167858	0.00099160254303555
mprestamos_prendarios_rank_lag1	0.000404708520695655	0.00176825042159082	0.000169989007377523
mcuenta_debitos_automaticos_rank_lag2	0.000402924010307923	0.00137734515995973	0.000679956029510092
vmr_mpagospesos_delta1	0.000399099640054076	0.000854968464782855	0.00104826554549472
vm_cconsumos_lag2	0.000398280361017358	0.000514769384573115	0.000589295225575413
vmr_msaldopesos_tend6	0.000397872508245932	0.000951051849822034	0.000974603642297798
rf_014_019	0.000396547757063092	0.000571890380819685	0.000266316111558119
ctarjeta_debito_transacciones_lag2	0.000395403383733116	0.000942281311001228	0.000861277637379449
rf_019_018	0.000394558552944257	0.000818410946410777	0.00107659704672431
rf_003_023	0.000393225312894446	0.000924123437858847	0.000725286431477431
rf_004_023	0.000391814411017329	0.000335833414295949	9.63271041805963e-05
Visa_mpagado_rank_lag1	0.000386835881704733	0.000614597076803363	0.000674289729264174
vm_mconsumosdolares_rank_lag2	0.00038595554926037	0.00118032540333341	0.000844278736641697
Master_msaldodolares_rank_lag1	0.000385457529953161	0.000456110058019811	0.000549631123853991
Master_mpagominimo_rank_delta2	0.000384235597861725	0.000933382949514886	0.00109926224770798
ccajas_consultas_delta2	0.000382422443188787	0.000601282067199331	0.000226652009836697
ctarjeta_debito_transacciones_delta1	0.00038177342228732	0.0013561831656977	0.00024365091057445
mtarjeta_master_consumo_rank_delta2	0.000380926010250692	0.000815085747553302	0.000702621230493761
ctransferencias_recibidas_tend6	0.000376332236549615	0.00162890024441124	0.000696954930247844
thomebanking_delta1	0.000373544356525404	0.000856339188471731	0.000560963724345826
Visa_fechaalta_delta2	0.000373470784184739	0.000678750994646604	0.000515633322378486
Visa_mpagosdolares_rank_lag2	0.000369445560380154	0.000859794517831132	0.00118992305164266
internet_delta2	0.000368416460604241	0.00131297454152451	0.000169989007377523
cmobile_app_trx	0.00036700326660849	0.00115358292955213	0.000413639917951972
vm_mpagado_rank_tend6	0.000366144798337535	0.000833407267276099	0.000577962625083578
vmr_mconsumosdolares	0.000365054317466007	0.000837040273812153	0.000470302920411147
vmr_mpagado_tend6	0.000364438287893031	0.00120488747000853	0.000685622329756009
mautoservicio_rank_delta1	0.000361811108704517	0.00140688512482747	0.000668623429018257
ctarjeta_visa_transacciones_lag1	0.000360867289252829	0.000611056488624581	0.00059496152582133
mautoservicio_rank_lag1	0.000356998798861753	0.00141710501112691	0.000832946136149862
ctarjeta_visa_transacciones	0.000356854475580903	0.00168538469742065	0.000645958228034587
rf_016_018	0.000356724873090234	0.000993535341311174	0.000736619031969266
ctarjeta_debito_transacciones_tend6	0.000354803691274503	0.0016358780926395	0.000583628925329495
ccomisiones_otras_delta1	0.000354532606210119	0.000965005631823372	0.000747951632461101
mautoservicio_rank_tend6	0.000353695176872043	0.00119221818253639	0.000611960426559083
mplazo_fijo_dolares_rank_delta1	0.000352301099800446	0.00136908738042423	0.000164322707131606
vm_Fvencimiento_delta1	0.000347589634344785	0.000669721951924651	0.000498634421640734
Visa_mpagado_rank	0.00034683972669728	0.00112962250008875	0.000685622329756009
Master_mpagado_rank_delta2	0.000346508364812895	0.000864633972065723	0.000810280935166193
Master_delinquency_tend6	0.000341613648764441	0.000663293526109803	0.000572296324837661
Visa_delinquency_lag2	0.000341271238101731	0.000716014973208304	0.000413639917951972
vm_fultimo_cierre_delta2	0.000337420831673499	0.000447744544485533	0.000747951632461101
tcallcenter_lag1	0.000336547279254437	0.00091451911446574	0.000589295225575413
vm_cconsumos_tend6	0.000332666198339566	0.00098099002136878	0.000742285332215183
rf_001_023	0.000332107453449956	0.000812356337640359	0.000402307317460138
rf_020_012	0.0003317401599838	0.000671560143609666	9.63271041805963e-05
mpagomiscuentas_rank_tend6	0.000331565349640186	0.00149481702193217	0.000509967022132569
ctransferencias_recibidas_lag2	0.00033109311631948	0.00124818651940757	0.000560963724345826
ccomisiones_otras_lag1	0.00032973508680689	0.000763013667919172	0.000606294126313165
vm_mconsumospesos_rank_lag1	0.000327839840536268	0.000556631386212465	0.000821613535658027
mextraccion_autoservicio_rank_lag1	0.000325311835244076	0.000610772913228101	0.000611960426559083
Master_msaldodolares_rank_tend6	0.000323326335439062	0.00061237958696249	0.00083861243639578
matm_rank_tend6	0.000321387131135318	0.00111093075620318	0.000583628925329495
vmr_mconsumosdolares_lag2	0.000320233338367311	0.000632634024563966	0.000696954930247844
ctarjeta_master_transacciones_tend6	0.000319225972736073	0.00086271351125847	0.00044197141918156
rf_011_018	0.000316114056055674	0.000499376902611037	0.000141657506147936
vmr_msaldopesos_delta1	0.000313498497035783	0.000524962678303237	0.000759284232952936
rf_008_017	0.000313479939061024	0.000561298959086792	0.000572296324837661
cmobile_app_trx_delta1	0.000312950382647289	0.00122148994009997	0.000645958228034587
rf_015_024	0.000309782040939297	0.000536140028225176	0.000883942838363119
rf_008_021	0.000307379354070141	0.000683202338986391	0.000577962625083578
vmr_mconsumosdolares_tend6	0.000306876057802029	0.00118410133837319	0.000623293027050917
Visa_status_lag2	0.000306771726101102	0.00131828479438276	0.00044197141918156
ccaja_ahorro_lag2	0.000303044842279087	0.000674058455178598	0.000181321607869358
Master_mpagado_rank_delta1	0.000302524869722849	0.0008978914417519	0.000719620131231514
vm_msaldototal_rank_lag1	0.000300138729274544	0.000742373480710111	0.00081594723541211
Master_mpagado_rank	0.000298642640763736	0.000414588540924297	0.000759284232952936
mtarjeta_visa_descuentos_rank_delta2	0.000297733358118624	0.000583118503142214	0.00059496152582133
mcuenta_debitos_automaticos_rank_tend6	0.000296798617606522	0.00151789462529996	0.000385308416722385
ctarjeta_debito_tend6	0.000295276038231758	0.00201010037215961	0.000215319409344862
rf_017_023	0.000295072882160706	0.000546917781521186	0.000413639917951972
vm_mconsumosdolares_rank_tend6	0.000294322532397739	0.000729723547593153	0.000515633322378486
rf_004_021	0.00029314444573132	0.000796054279660884	0.000549631123853991
rf_020_024	0.000288735767126039	0.000826798908899034	0.000617626726805
matm_other_rank_lag2	0.000287974118543619	0.00060323565070387	0.000651624528280505
vmr_mconsumospesos_delta1	0.000284774725551752	0.000947114812066948	0.000759284232952936
rf_015_017	0.000284470060371189	0.000642377945833283	0.000368309515984633
rf_005_022	0.00028409787492971	0.000545346302291752	0.000158656406885688
ctransferencias_recibidas_delta2	0.000281109297099927	0.00152164457095493	0.000555297424099908
rf_004_016	0.000281099144215378	0.000592542317014006	0.000708287530739679
vm_mconsumospesos_rank	0.000280323835990301	0.000784681157026958	0.000725286431477431
vmr_mconsumosdolares_lag1	0.000279342528694569	0.00089650634653641	0.000611960426559083
mtarjeta_master_consumo_rank_tend6	0.000278067228078433	0.000818671810599141	0.000368309515984633
Master_mpagado_rank_lag2	0.000276008683906707	0.000668029521088025	0.000719620131231514
mcajeros_propios_descuentos_rank_delta1	0.000275928290761535	0.000548148015669792	0.000560963724345826
ctarjeta_visa_debitos_automaticos_lag2	0.000272902353498546	0.000805070078549006	0.000424972518443807
vm_mconsumosdolares_rank_lag1	0.000272765387746936	0.000595938298262594	0.00064029192778867
mtarjeta_master_consumo_rank	0.000271018289969443	0.000965073372066515	0.000475969220657064
rf_014_017	0.00026877241352317	0.000592819309831691	0.000498634421640734
mpayroll_rank_lag1	0.00026423864337886	0.000930528234576106	0.000379642116476468
mextraccion_autoservicio_rank_delta1	0.000264155352874837	0.000775013289456872	0.000498634421640734
vm_status05_tend6	0.000263838657183856	0.000665927606644571	0.000186987908115275
Visa_mpagado_rank_lag2	0.00026383782731839	0.000728128124561167	0.000651624528280505
vm_mconsumospesos_rank_delta1	0.00026161699406129	0.000710375224254488	0.000759284232952936
rf_015_019	0.000258513991587642	0.000670929029033111	0.00059496152582133
vm_mpagospesos_rank	0.000258296117957023	0.000725764218236567	0.000645958228034587
mtarjeta_master_descuentos_rank_delta2	0.000257697726320683	0.000325979031584852	0.000560963724345826
cextraccion_autoservicio_lag2	0.000255282238532703	0.000721533927907408	0.000532632223116239
rf_012_020	0.000251986441257643	0.000698200889011863	0.000413639917951972
ccajas_extracciones_tend6	0.000250503411688413	0.00213069295344025	0.000362643215738716
ctrx_quarter_lag1	0.000249776810627966	0.000710179713796636	0.000515633322378486
Visa_msaldodolares_rank_lag1	0.000249377315669749	0.00042954636288256	0.000515633322378486
catm_trx_delta2	0.000248176372474152	0.00124228970895035	0.000339978014755046
matm_other_rank_delta2	0.000247969948561441	0.000744451766055976	0.000566630024591743
vm_status04_delta2	0.000247527370176859	0.00051841949007879	0.000152990106639771
rf_011_025	0.000246390808027852	0.000611137813631932	0.000549631123853991
rf_010_021	0.000245884070234948	0.000740051167891366	0.000543964823608073
rf_005_015	0.000245291037792025	0.000845400909419515	0.000521299622624404
active_quarter_lag1	0.000234134809915573	0.000475268168434156	0.000487301821148899
rf_014_020	0.0002264180393756	0.000913123135703637	9.06608039346789e-05
Visa_msaldodolares_rank_tend6	0.00022515212533502	0.00105214161385291	0.000447637719427477
ctransferencias_recibidas	0.00022034601492454	0.000473054219024109	5.09967022132569e-05
cpagomiscuentas_delta2	0.000217220053984944	0.000713261409689502	0.000113326004918349
vm_mpagado_rank_delta2	0.000217094880681782	0.000800395031431824	0.000277648712049954
vmr_mpagado_lag2	0.000213605847744678	0.000687821447296518	0.000470302920411147
mtarjeta_master_consumo_rank_delta1	0.000213361449893489	0.00100024513958777	0.000277648712049954
matm_other_rank_tend6	0.000212042183725226	0.0010542790637317	0.000368309515984633
vm_status05	0.000211471187736291	0.000384401936035199	0.000379642116476468
rf_020_022	0.000210921574040022	0.000855963850353316	0.000402307317460138
vm_cconsumos_delta2	0.000210492193752409	0.000565717783913804	0.000300313913033624
mcheques_emitidos_rank_lag1	0.000205237240087226	0.0020876288312956	0.000226652009836697
rf_009_018	0.000204753486170888	0.000884021161467236	0.000532632223116239
mcajeros_propios_descuentos_rank_delta2	0.000198329723483258	0.000726013123636363	0.000453304019673394
rf_012_014	0.000197782413377126	0.000402180143865933	0.000436305118935642
mforex_sell_rank_tend6	0.000193091418989936	0.00137605885587701	0.00024365091057445
vm_Fvencimiento_delta2	0.000191564152594667	0.000324275822103266	0.000368309515984633
vmr_mpagado_delta2	0.000189604795746082	0.000672922684969521	0.000294647612787706
vm_mconsumosdolares_rank_delta2	0.000188196112042062	0.000771061355666902	0.000413639917951972
vmr_msaldodolares2_tend6	0.000187678172580315	0.00101427922380533	0.000294647612787706
rf_008_022	0.000185969930568206	0.00051960493122109	0.000379642116476468
mplazo_fijo_dolares_rank_lag2	0.000185595692151769	0.00118451729965716	0.000215319409344862
rf_012_015	0.000183395591050558	0.000427916164952236	0.000249317210820367
mpagomiscuentas_rank_delta1	0.00018132581205607	0.000590997482804717	0.000300313913033624
matm_rank_delta1	0.000180902887990189	0.000452075487951813	0.000328645414263211
rf_004_015	0.000178684277755025	0.000292409190998141	0.000424972518443807
ccallcenter_transacciones_delta1	0.000176726549902972	0.000951766702143985	0.000118992305164266
vm_cconsumos_lag1	0.000175531260171864	0.00052376506856906	0.000362643215738716
vmr_msaldodolares2_lag2	0.000173545692662757	0.00128946374677607	0.00039664101721422
ccomisiones_mantenimiento_delta1	0.000172545342419186	0.00105611245616604	0.000113326004918349
Master_msaldodolares_rank_delta1	0.000172471838774721	0.000211056410934416	0.000504300721886651
rf_012_018	0.000167478417438017	0.000432478469016661	0.000317312813771376
ctarjeta_visa_transacciones_delta1	0.00016513875417905	0.00172377794228888	0.000277648712049954
ctarjeta_master_transacciones_delta2	0.000161344346507342	0.000705162451258324	0.000317312813771376
ccallcenter_transacciones_lag2	0.000157330301442316	0.000542379054103523	0.000339978014755046
vm_status04_delta1	0.000155333904687971	0.00150620291634249	0.00017565530762344
catm_trx_other_tend6	0.000152758041866531	0.00078989689349485	0.000288981312541789
rf_017_018	0.000152083045163318	0.000436100749358583	0.000186987908115275
vmr_mconsumosdolares_delta2	0.000151931519766661	0.000578670332077464	0.000351310615246881
vm_status01_lag2	0.000148936782165241	0.00143747801382295	0.00037397581623055
vm_msaldodolares_rank_tend6	0.00014874955171042	0.000994476309148564	0.000254983511066284
minversion2_rank_lag1	0.000144595523659025	0.00109465379594445	0.000107659704672431
mcuenta_debitos_automaticos_rank_delta1	0.000144074878869948	0.000529122317368351	0.000283315012295872
rf_008_023	0.000143072819635633	0.000615460600994604	0.000300313913033624
ccomisiones_mantenimiento_lag2	0.000139848392563646	0.000623415293425963	9.63271041805963e-05
vmr_mpagosdolares_tend6	0.000138876961817971	0.000796611910628733	0.000215319409344862
ccajas_depositos_delta2	0.000138629594649684	0.000990119664777027	0.000203986808853028
mtarjeta_visa_descuentos_rank	0.000138297511938703	0.000594329788749258	0.000288981312541789
rf_005_008	0.000137162821624201	0.000385781025630991	0.00024365091057445
cforex_sell_tend6	0.000135224642125291	0.000969299754809058	0.00019832050860711
ctarjeta_debito_lag2	0.000134458517454663	0.00090321910828473	0.000158656406885688
mtarjeta_visa_descuentos_rank_lag1	0.000132683270110416	0.000358193831279976	0.000271982411804037
vm_msaldodolares_rank_lag2	0.000131596410266427	0.000673977339974556	0.000249317210820367
vm_mpagado_rank	0.000131506420791869	0.000479952971405171	0.000226652009836697
rf_010_016	0.000131504299429258	0.00057632572765722	0.000339978014755046
mv_status07_rank_lag1	0.000130304511897819	0.00142628626614898	0.000249317210820367
cproductos_lag1	0.000128715449708125	0.000468312323327844	0.000107659704672431
vm_mpagado_rank_lag2	0.000128549810101182	0.000419853895874585	0.000288981312541789
ccajas_otras_delta2	0.000127117663261122	0.000288458568478847	0.000124658605410183
vm_status03_tend6	0.000126198754820712	0.000736363402691864	0.000118992305164266
vmr_mconsumosdolares_delta1	0.000125969198855718	0.000522140902483849	0.000226652009836697
mforex_buy_rank_tend6	0.000124915706044438	0.00197859756621637	0.000209653109098945
mv_status07_rank	0.00012413882340799	0.000647428383519707	0.00017565530762344
rf_013_022	0.000120254080224938	0.000815316557417763	0.000130324905656101
ccajas_consultas	0.000119484463419144	0.000361274923988331	3.39978014755046e-05
vmr_msaldodolares_lag1	0.000119162540333698	0.000486251817451776	0.000209653109098945
cproductos_lag2	0.000116699461828172	0.000332785155805332	0.000135991205902018
vmr_msaldodolares_tend6	0.000116259099968915	0.000766640065651018	0.000254983511066284
mv_status07_rank_tend6	0.000116022665379262	0.000485065091264213	0.000192654208361193
rf_015_020	0.000115257728650995	0.000989421649170562	0.000141657506147936
mtarjeta_master_descuentos_rank_lag2	0.000114689036667536	0.000244222668632342	0.00024365091057445
cforex_tend6	0.000114384825361285	0.00119479994337117	0.000209653109098945
rf_013_018	0.000110718970865188	0.000398618391778434	0.000169989007377523
vm_mpagado_rank_lag1	0.000106962110672273	0.000334902333439459	0.00019832050860711
mforex_sell_rank_lag2	0.000106260161955287	0.00032481661635563	0.000158656406885688
vmr_mpagado_lag1	0.000105598717068319	0.000535000035724521	0.000266316111558119
mttarjeta_master_debitos_automaticos_rank_tend6	0.000104755666287566	0.000436868026282176	0.000101993404426514
vmr_msaldodolares_lag2	0.000103884439235451	0.00027958790102919	0.000181321607869358
rf_010_015	0.000102879398361517	0.00029789591466402	0.000294647612787706
vm_mpagado_rank_delta1	0.000101259919993481	0.000801648291493507	0.000215319409344862
vmr_mpagado	9.91336971213577e-05	0.000666063113356271	0.000181321607869358
rf_012_021	9.8056626478888e-05	0.00036570494706692	0.000237984610328532
matm_other_rank_lag1	9.58890337706088e-05	0.000360926021086752	0.000147323806393853
cforex_buy_tend6	9.22177475539144e-05	0.00142201461834269	0.000130324905656101
mforex_buy_rank_delta2	9.03174959032502e-05	0.000680593461074024	7.9328203442844e-05
minversion2_rank	9.02332286526529e-05	0.000927234375087797	7.9328203442844e-05
vm_cconsumos	9.02027571447742e-05	0.000313590749418664	0.000186987908115275
rf_003_018	8.92800251307857e-05	0.000261637864289019	0.000101993404426514
mttarjeta_master_debitos_automaticos_rank_lag1	8.92779454747705e-05	0.000545375150246633	0.000186987908115275
rf_016_017	8.85602084745875e-05	0.000397663681824356	0.000181321607869358
mv_status07_rank_delta2	8.75308406600589e-05	0.000614938793941635	0.00022098570959078
ccajas_consultas_delta1	8.53273967850002e-05	0.000360944300199982	3.9664101721422e-05
ctransferencias_recibidas_lag1	8.4686144083653e-05	0.000569566494476128	0.000113326004918349
matm_other_rank	8.43039026367042e-05	0.000939352981326675	0.000203986808853028
rf_010_018	8.28050558145962e-05	0.000517118998047343	0.000215319409344862
vm_mpagosdolares_rank_tend6	8.2426910767597e-05	0.000493478780883142	0.000130324905656101
vm_mpagosdolares_rank_lag2	8.15963596833089e-05	0.000371292009164957	0.000152990106639771
cprestamos_personales	8.15902053195992e-05	0.000243767788834696	3.9664101721422e-05
rf_011_023	8.12325086629765e-05	0.000308581590533133	0.000152990106639771
vmr_msaldodolares2_delta2	7.54982110663769e-05	0.000532955554936693	0.000141657506147936
cseguro_vivienda_tend6	7.50038556555025e-05	0.000432068985409833	5.09967022132569e-05
ccajas_otras_tend6	7.337008480484e-05	0.00096999782286635	0.000130324905656101
cextraccion_autoservicio_lag1	7.11588199257476e-05	0.000577051175046236	0.000130324905656101
ctransferencias_emitidas_delta1	7.10583971676591e-05	0.000911304613078768	0.000118992305164266
ctarjeta_visa_descuentos_lag2	7.08205213600233e-05	0.000226106546348298	0.000181321607869358
vmr_mpagado_delta1	7.01232087229791e-05	0.000674240407097657	0.000152990106639771
ctarjeta_master_transacciones_delta1	6.95798164937378e-05	0.000720114188920648	0.000113326004918349
rf_009_020	6.93244795939884e-05	0.000625718015860803	0.000169989007377523
cpagomiscuentas_lag2	6.92912653001863e-05	0.000315997796548518	9.63271041805963e-05
rf_005_016	6.91579693147281e-05	0.000773252016909735	0.000152990106639771
ctransferencias_emitidas_lag1	6.7835044095982e-05	0.000491854352543795	0.000107659704672431
mttarjeta_master_debitos_automaticos_rank_delta1	6.60720189447685e-05	0.000386243720601868	0.000107659704672431
mv_status07_rank_lag2	6.59138026019512e-05	0.000445627209498925	0.00019832050860711
mcaja_ahorro_adicional_rank_lag2	6.48637653665156e-05	0.000689438112913461	9.06608039346789e-05
cseguro_accidentes_personales_lag1	6.47652953655074e-05	0.000587799319850373	0.000118992305164266
vmr_mpagosdolares_delta2	6.3370776857277e-05	0.000591137946119574	0.000152990106639771
ctarjeta_debito_lag1	6.13278117246753e-05	0.000415093458810955	7.9328203442844e-05
ctarjeta_master_debitos_automaticos_tend6	5.99595486257578e-05	0.000628012241261659	0.000101993404426514
vmr_msaldodolares_delta1	5.91132986082629e-05	0.000551092605100733	0.000113326004918349
mprestamos_prendarios_rank_delta2	5.85425735927559e-05	0.000874472934233666	9.06608039346789e-05
cpagomiscuentas_delta1	5.4975144655413e-05	0.000446452234783107	6.79956029510092e-05
active_quarter_tend6	5.45628169401049e-05	0.00071834911368855	0.000107659704672431
mcaja_ahorro_adicional_rank_delta2	5.1942735917615e-05	0.00133291907341432	0.000158656406885688
ccajeros_propios_descuentos_tend6	4.88244485261873e-05	0.000812358461898855	0.000101993404426514
ccomisiones_mantenimiento	4.80348195933567e-05	0.000353437721409578	2.83315012295872e-05
ctransferencias_emitidas_lag2	4.37619549809386e-05	0.000578573507850718	9.06608039346789e-05
ctarjeta_debito_transacciones	4.17596395599065e-05	0.000329082861726735	6.23293027050917e-05
ctarjeta_master_transacciones_lag1	4.00293719919718e-05	0.000398466441732452	7.9328203442844e-05
cliente_edad_tend6	3.94852806454205e-05	0.00059732648807688	6.79956029510092e-05
cplazo_fijo	3.94520115987319e-05	0.000213559259499889	1.69989007377523e-05
ctransferencias_emitidas	3.86250328413199e-05	0.00063424014756467	7.36619031969266e-05
ctarjeta_visa_debitos_automaticos_lag1	3.85143168130458e-05	0.000339510610653799	6.23293027050917e-05
cliente_edad_delta2	3.80697705132572e-05	0.000280685198556621	7.9328203442844e-05
mpagodeservicios_rank_tend6	3.72761003420802e-05	0.000271834750900795	5.09967022132569e-05
vmr_mpagosdolares_delta1	3.68694130066532e-05	0.000679773864450442	8.49945036887615e-05
cplazo_fijo_lag2	3.49607101563738e-05	0.00050058801843318	5.09967022132569e-05
mttarjeta_master_debitos_automaticos_rank	3.37164340531233e-05	0.000455127654029046	6.23293027050917e-05
vm_msaldodolares_rank_delta1	3.1638620229594e-05	0.000541479076587478	9.06608039346789e-05
cseguro_accidentes_personales	3.1394565118967e-05	0.000543741752815859	8.49945036887615e-05
ctransferencias_recibidas_delta1	3.01916830607619e-05	0.000715731292910169	6.23293027050917e-05
catm_trx_lag1	2.80450897420309e-05	0.000258773918004678	4.53304019673394e-05
vmr_mpagosdolares	2.74735165336191e-05	0.000139747098813327	4.53304019673394e-05
vm_mpagosdolares_rank_delta1	2.6314894047667e-05	0.000347639466056398	7.36619031969266e-05
internet_delta1	2.51575492703514e-05	0.000627435596869002	6.79956029510092e-05
mcajeros_propios_descuentos_rank_tend6	2.40568847053681e-05	0.000539396831204169	7.36619031969266e-05
ccomisiones_mantenimiento_lag1	2.38571846855769e-05	0.000179348679609858	5.09967022132569e-05
cpayroll_trx_lag1	2.34670477989762e-05	2.05696408466705e-06	1.13326004918349e-05
rf_020_016	2.27890202048468e-05	0.000331182835489589	5.09967022132569e-05
cpagomiscuentas_lag1	2.1863541776629e-05	0.000163004975673701	4.53304019673394e-05
mcaja_ahorro_adicional_rank	2.10586454017869e-05	0.000605845026899094	5.09967022132569e-05
mforex_sell_rank	1.88286564735861e-05	0.000418387895258361	6.23293027050917e-05
ctarjeta_master_debitos_automaticos_delta2	1.77447447024204e-05	0.00025976723176747	3.9664101721422e-05
cpayroll_trx_lag2	1.63649300614256e-05	0.000118396465151788	2.83315012295872e-05
catm_trx_delta1	1.4932651770728e-05	0.000180150783882617	2.83315012295872e-05
active_quarter_delta1	1.33288999129158e-05	0.000105371115240174	2.83315012295872e-05
cpayroll_trx	1.30659056774238e-05	0.000409790575293908	3.39978014755046e-05
ctarjeta_visa_debitos_automaticos	1.25731976971933e-05	0.000246710804740825	2.26652009836697e-05
cextraccion_autoservicio	1.23912835705412e-05	0.000161244306311075	2.26652009836697e-05
ccuenta_debitos_automaticos_delta1	1.12474461501888e-05	0.000178782105775996	2.26652009836697e-05
cproductos	1.12070442419791e-05	0.000147633762521994	1.69989007377523e-05
cprestamos_prendarios	1.07975353996359e-05	7.11864198332962e-05	5.66630024591743e-06
ctarjeta_master_debitos_automaticos_lag1	9.73201207583862e-06	3.76005030680929e-05	1.13326004918349e-05
cpagomiscuentas	9.47361853602783e-06	0.000251180664222564	2.26652009836697e-05
mpagodeservicios_rank_delta2	7.46192730760949e-06	2.58092424408735e-05	1.69989007377523e-05
ccajas_extracciones	6.63051346042681e-06	0.000142372839666592	1.13326004918349e-05
ctarjeta_debito	3.77232244325913e-06	7.11864198332962e-05	5.66630024591743e-06
cseguro_vivienda_lag1	3.59722177367555e-06	6.85574532541667e-05	1.13326004918349e-05
catm_trx	3.15854618827755e-06	0.000133988129129612	1.13326004918349e-05
ccajas_otras	2.82029905272514e-06	0.000142174942696109	1.13326004918349e-05
cinversion2	2.14323596921683e-06	7.11864198332962e-05	5.66630024591743e-06
