Feature	Gain	Cover	Frequency
rf_007_016	0.0335699818974977	0.00143443764209236	0.000670767061926579
rf_003_015	0.0333755499083441	0.00228724108047771	0.000693504928432565
mcaja_ahorro_rank_lag2	0.0246018348256282	0.00224300458181831	0.00145522345638309
rf_020_027	0.0159521505752279	0.00147783703876014	0.00135858752373265
Visa_status	0.0158028859432956	0.00136184292966465	0.000687820461806069
Master_status_tend6	0.0143124540138127	0.000935074168400032	0.000699189395059062
mextraccion_autoservicio_rank_lag1	0.0129460753163737	0.000839237664141865	0.000392228197228254
mpasivos_margen_rank_lag1	0.0128907006790077	0.00270852932896956	0.0027114905808388
mpasivos_margen_rank	0.0122812186350877	0.00191775478089805	0.00173944678770791
rf_006_022	0.0110509831340596	0.00161662185949976	0.000642344728794097
vm_msaldototal_rank_lag1	0.00997221606733316	0.000897017612576087	0.000920883593492423
mtarjeta_visa_consumo_rank	0.00989120925320293	0.0012613691794316	0.00090951466023943
vm_status05	0.00971321083211773	0.000787083875307653	0.000568446662649644
ctarjeta_debito_transacciones	0.0096993280670144	0.000708395789664425	0.000187587398674382
rf_004_025	0.00958075368433171	0.00159045831676306	0.00339931104264487
Master_mpagado_rank_lag2	0.00845677975841235	0.000806097029769354	0.000875407860480451
Visa_mpagado_rank	0.00784103658893279	0.00117620261693021	0.000807194260962494
Visa_cconsumos_lag1	0.00743938121629814	0.00154583099561945	0.00242158278288748
rf_002_017	0.00726430308572784	0.000862409334580164	0.000864038927227458
mcuentas_saldo_rank_lag1	0.00701029439882535	0.00238532595516507	0.000932252526745416
mcuentas_saldo_rank_lag2	0.00690233491129696	0.002181873024965	0.00199524778590025
vmr_msaldopesos	0.0062158061908931	0.00110105313008515	0.00146659238963608
rf_003_026	0.00612190201063029	0.00080138787854349	0.000483179663252197
rf_004_026	0.00580139837674679	0.000618786684133372	0.000363805864095772
ccomisiones_mantenimiento_tend6	0.00570771723819901	0.00309320691792302	0.000488864129878694
mcuentas_saldo_rank_delta2	0.00562869842122689	0.00316018006156391	0.0035016314419218
rf_014_017	0.00544816600604105	0.000646365823788648	0.000540024329517162
Visa_mpagospesos_rank	0.00528577791940858	0.00212359199583062	0.00443388396866722
mprestamos_personales_rank	0.00514647132361719	0.00308008571802777	0.000602553462408622
vm_mconsumospesos_rank	0.00512381193670726	0.000717124656909581	0.000761718527950522
rf_017_026	0.00509593433055599	0.00165896975008387	0.000778771927830012
ctrx_quarter_tend6	0.00459372838299591	0.00161587531457725	0.00144385452313009
mprestamos_personales_rank_lag1	0.00434235157911967	0.00178542724057632	0.000540024329517162
rf_003_019	0.00426219861739638	0.00083090701714844	0.000153480598915404
rf_005_020	0.00425734231542997	0.00136010692021942	0.00297297604565764
cpayroll_trx_lag2	0.00425595438356187	0.000173422270074138	3.41067997589786e-05
cdescubierto_preacordado_delta2	0.00421883889661139	0.00107109752319638	0.000164849532168397
mprestamos_personales_rank_delta2	0.00421498322160574	0.00454314288297458	0.000954990393251401
vm_Finiciomora	0.00405638390932311	0.00315165421319412	0.000426334996987233
mactivos_margen_rank_lag2	0.00387050394602264	0.00264814497286922	0.00347320910878932
cdescubierto_preacordado	0.00372837165358562	0.00250983518324412	0.000306961197830808
mcuenta_corriente_rank_tend6	0.00371051328148451	0.00244042544583371	0.00177923805409338
ctarjeta_debito_transacciones_tend6	0.00368042421994833	0.00216616192437327	0.000790140861083005
mpayroll_rank	0.00365265339025936	0.00171445279663529	0.000432019463613729
rf_017_027	0.00362208577921093	0.000614766758248334	0.000500233063131686
rf_015_024	0.0034583589536004	0.000772551354508388	0.00118805352493776
Master_msaldototal_rank_lag1	0.0034577759251835	0.00174290694528243	0.00167691765481645
vm_mpagospesos_rank	0.00336359336152999	0.000904490616968071	0.000966359326504394
Visa_mconsumototal_rank_delta2	0.00328552755789953	0.00222315225294075	0.0043145101695108
cprestamos_personales_tend6	0.00314371541186675	0.00205358521660802	0.00025580099819234
mcaja_ahorro_rank	0.0031399545905139	0.00159447092358023	0.00110278652554031
mprestamos_personales_rank_lag2	0.00310490038288019	0.00286387504917011	0.000915199126865926
Visa_mconsumosdolares_rank_delta1	0.00295381726507091	0.00129676967438287	0.00205209245216521
mcomisiones_rank_delta2	0.00286065518864377	0.00226527183582718	0.00448504416830569
mcuenta_debitos_automaticos_rank	0.0028594438509705	0.00147124573283066	0.00049454859650519
Visa_msaldopesos_rank_lag2	0.00285273203124855	0.00158830176259744	0.00238179151650201
mprestamos_personales_rank_tend6	0.00284364926516658	0.00204756443070717	0.000443388396866722
rf_014_023	0.00280478533612512	0.00109333214308186	0.0019099807865028
mactivos_margen_rank_delta2	0.00277793459845085	0.00332141828722849	0.00534908309553315
Visa_cconsumos_delta2	0.00276558097680314	0.00174540361312155	0.0025466410486704
rf_006_015	0.00276305132635132	0.00172300259593326	0.00152343705590104
cproductos_delta1	0.00274870633086639	0.00115368714421107	0.00017621846542139
mrentabilidad_annual_rank_lag2	0.00272761915841505	0.00336880851714236	0.00498527723143737
Visa_mpagospesos_rank_tend6	0.00267285579783172	0.00201462636924532	0.00428040336975182
ctrx_quarter_lag1	0.00266314920045035	0.00128627053710956	0.00105731079252834
rf_014_022	0.0026072044555325	0.00153462070203493	0.00391091303902955
Visa_mpagominimo_rank	0.00257377517897203	0.00269620275948572	0.00347889357541582
mrentabilidad_annual_rank_delta2	0.00248815440140746	0.00284529857285797	0.00594026762468878
mactivos_margen_rank_lag1	0.00247745778300873	0.00287488164181559	0.00273991291397128
rf_001_025	0.00244696340933533	0.00149478469455647	0.00235905364999602
rf_015_027	0.00244610119336524	0.000668122317039864	0.00113689332529929
mrentabilidad_annual_rank_delta1	0.0024243127014926	0.00337369303743165	0.00567309769324344
mprestamos_personales_rank_delta1	0.00240818885136016	0.00411757004165963	0.000676451528553076
Visa_mconsumototal_rank	0.00236981228386306	0.00187520229744548	0.00346184017553633
mpasivos_margen_rank_tend6	0.00229435045993862	0.00179385605227211	0.00157459725553951
vmr_mconsumospesos	0.002254232044295	0.000821926704507181	0.000949305926624905
mcomisiones_otras_rank_lag2	0.00223375105270779	0.0026869486769797	0.00535476756215964
rf_010_023	0.00223351728261843	0.00152390965282529	0.00416102957059539
ctrx_quarter_normalizado_delta2	0.00220608860607529	0.00147283693491162	0.0019213497197558
Visa_mconsumosdolares_rank_lag1	0.00218471316894998	0.00157226644566242	0.00262622358144135
mtarjeta_visa_consumo_rank_lag1	0.00216717974801727	0.000782308537672361	0.000949305926624905
vmr_mpagospesos	0.00214622964673895	0.0011820037783286	0.00129037392421469
mpasivos_margen_rank_delta1	0.00213798876451967	0.00226632001029215	0.00365511204083721
cdescubierto_preacordado_tend6	0.0021154376002008	0.00128881817609157	0.000147796132288907
mcomisiones_otras_rank_delta2	0.00211109015120555	0.00212458471327239	0.00486021896565445
Visa_msaldototal_rank_lag1	0.00210657287396189	0.00121473512203131	0.00177923805409338
Master_fechaalta_lag1	0.00209890418742356	0.00294570532345182	0.0041439761707159
mcomisiones_rank_lag2	0.00206762147923728	0.00268788486183632	0.00580384042565286
rf_016_018	0.00205186041720346	0.00114756331422927	0.000972043793130891
ctrx_quarter	0.00202178052870776	0.0011477700319884	0.00075034959469753
rf_018_026	0.00201708986005909	0.00121093156772969	0.00259211678168237
mcuentas_saldo_rank	0.00199444216758736	0.00268590818884765	0.000818563194215487
mcuentas_saldo_rank_tend6	0.00198407038409518	0.00211332785572563	0.00188724291999682
Visa_mconsumospesos_rank_delta2	0.00198163222927392	0.00189789901546891	0.00355847610818677
rf_006_021	0.00196412734996251	0.00150007745618683	0.00434293250264328
ctarjeta_visa_transacciones	0.00195760743515268	0.000863937524471099	0.000409281597107743
mrentabilidad_rank_lag2	0.00195145741213628	0.0023004380156738	0.0047806364328835
ctarjeta_visa_transacciones_delta2	0.00194662493248657	0.00142913102932281	0.000892461260359941
foto_mes	0.00194176883071021	0.00276999320823057	0.000500233063131686
Visa_mconsumototal_rank_tend6	0.00192878641450573	0.00200052249923086	0.00372901010698166
mtarjeta_visa_consumo_rank_tend6	0.00191754546120414	0.000958660559784288	0.00115394672517878
mcomisiones_rank_delta1	0.00190398169485121	0.00258726913742657	0.00451346650143817
mcuenta_corriente_rank	0.0018794338130936	0.00270644226659886	0.00113689332529929
Master_mfinanciacion_limite_rank	0.00186213028415206	0.00175447747341879	0.00330267510999443
chomebanking_transacciones_delta1	0.00185927470943206	0.00279812951520644	0.00291044691276618
Visa_fechaalta	0.00185124805452395	0.00247302722367192	0.00290476244613968
mactivos_margen_rank	0.00182990599146051	0.00330288270850346	0.0019213497197558
Visa_mconsumospesos_rank_tend6	0.00181795821450237	0.00222909607057951	0.00432019463613729
Master_mlimitecompra_rank_delta2	0.00181598698734814	0.00237290956314223	0.00513307336372628
rf_015_016	0.00181549127793086	0.000779197697729584	0.000869723393853955
internet_lag2	0.00181310826159807	0.00128525838085313	0.000289907797951318
cproductos_tend6	0.00179546270605193	0.0015008278311592	0.000278538864698325
Visa_cconsumos_tend6	0.00179330989491362	0.00274340203780458	0.00415534510396889
mcomisiones_otras_rank	0.00177634278985957	0.00239114521748398	0.00389954410577656
mrentabilidad_rank_tend6	0.00177103114774671	0.00278618448164757	0.00198956331927375
Visa_mpagospesos_rank_lag2	0.00176335721324873	0.00233344512296585	0.00474084516649803
mpasivos_margen_rank_delta2	0.0017522061648316	0.00238955718962242	0.00475221409975102
mcomisiones_otras_rank_lag1	0.0017400913706812	0.00199551276779127	0.00298434497891063
mrentabilidad_rank	0.00171960640240244	0.00197105294140823	0.0023874759831285
mpayroll_rank_delta2	0.00171423913094424	0.00146080037365459	0.000591184529155629
rf_009_015	0.00170660357329578	0.00111900866612334	0.00187018952011733
Visa_mfinanciacion_limite_rank_delta1	0.0016899678684193	0.00242006204139989	0.00412692277083641
Master_Fvencimiento_lag1	0.00168398774308607	0.00224307236845404	0.00417239850384838
ctrx_quarter_normalizado_tend6	0.00166997943303362	0.00122743331128367	0.00114826225855228
ccaja_ahorro_tend6	0.00166733967606734	0.00316615688059112	0.000324014597710297
mcaja_ahorro_rank_delta1	0.00166094822072617	0.0019076437903207	0.00136995645698564
mcuentas_saldo_rank_delta1	0.00164975105811381	0.00230634898932342	0.0015973351220455
Master_Fvencimiento	0.00164799300909021	0.00257532882584698	0.00444525290192021
vm_status06_delta2	0.00163580675570604	0.000733037071217498	0.000204640798553872
mrentabilidad_annual_rank_lag1	0.00163327744280178	0.00214241593008971	0.00199524778590025
vmr_msaldototal	0.00163262730859391	0.00114907083234429	0.00144953898975659
mttarjeta_visa_debitos_automaticos_rank_delta2	0.0016210975464969	0.00150592295172392	0.00142111665662411
vmr_mpagominimo_delta2	0.00161765526688368	0.00118871822298415	0.00154617492240703
mrentabilidad_rank_delta1	0.00161590566110515	0.00228631727770006	0.00384838390613809
mcuenta_corriente_rank_lag2	0.00160865030790304	0.0019118814519165	0.00129605839084119
rf_012_020	0.00159749660776651	0.00109016951876642	0.000375174797348765
mcomisiones_rank_lag1	0.0015860142413823	0.00184195987818649	0.00272854398071829
Master_cconsumos_tend6	0.00154910181071514	0.00188457469176542	0.00260917018156186
rf_013_015	0.0015445489711008	0.000750916425990144	0.000926568060118919
ctrx_quarter_delta2	0.00154440204305381	0.00132344911958798	0.00172239338782842
Master_mfinanciacion_limite_rank_tend6	0.0015443589966436	0.00252296252171242	0.00409850043770393
Master_mfinanciacion_limite_rank_delta2	0.00154237855278332	0.00209407574287967	0.00420082083698087
Master_Fvencimiento_lag2	0.00154149855294288	0.00182327967572973	0.00355847610818677
Visa_mpagospesos_rank_delta2	0.00153581453130294	0.00204557841869283	0.00408144703782444
Master_mfinanciacion_limite_rank_lag2	0.00152939915257834	0.00196525209480847	0.0035016314419218
Visa_fechaalta_lag1	0.0015217301875292	0.00186123709622223	0.00310940324469355
Visa_delinquency_delta2	0.00152083260954758	0.00138196664118411	0.000721927261565047
mactivos_margen_rank_delta1	0.00151888684106219	0.00234314976099384	0.00354142270830728
Master_mlimitecompra_rank_lag1	0.00151831039513899	0.00183953912928074	0.00370058777384918
mcomisiones_mantenimiento_rank_tend6	0.00151144166541096	0.00241642942274782	0.00136995645698564
mrentabilidad_rank_lag1	0.00149095227233537	0.00168956442440033	0.00279675758023625
Master_mfinanciacion_limite_rank_delta1	0.00148449373675379	0.00219534821590616	0.00420650530360736
mtransferencias_emitidas_rank_lag1	0.00147503415569526	0.00100870270572238	0.00122216032469673
Visa_mconsumospesos_rank_lag2	0.0014703964131574	0.00189195435836717	0.00359258290794575
vmr_msaldopesos_delta2	0.00145755492910194	0.001020335432819	0.00139837879011812
Visa_msaldopesos_rank_lag1	0.00145264303527152	0.00113696420216154	0.00200661671915324
mcuenta_corriente_rank_delta2	0.0014512983004845	0.00158033617706799	0.000875407860480451
Master_fechaalta	0.00145084722305674	0.00211558595867876	0.00322877704384998
vmr_mpagominimo_lag2	0.00143452692424674	0.00138449591691341	0.00251821871553792
chomebanking_transacciones_lag1	0.00143241922014224	0.00196561358855477	0.0028649711797542
vm_status04_delta2	0.001427973556113	0.000568164338109146	0.000227378665059857
vm_msaldototal_rank_lag2	0.0014061324637036	0.000876247724426806	0.00113120885867279
ctrx_quarter_normalizado_delta1	0.00140511311966044	0.00222405181622482	0.00114826225855228
Master_mpagospesos_rank_lag1	0.00140189617752357	0.0015999521708831	0.00198387885264726
vmr_mpagominimo	0.00140088296213756	0.0012372290048119	0.00179629145397287
Visa_msaldopesos_rank	0.00139970070984761	0.00164432686613579	0.00238179151650201
Master_mpagominimo_rank_lag1	0.00139829198878322	0.00140841759505902	0.00195545651951477
internet_lag1	0.00139399050544787	0.00147874098299164	0.000221694198433361
mrentabilidad_rank_delta2	0.00139077264673275	0.00217399065120356	0.00365511204083721
Visa_mconsumosdolares_rank	0.00138895624976208	0.00146411197641597	0.00264896144794734
mrentabilidad_annual_rank	0.00138648166857922	0.0029468956294928	0.00281949544674223
thomebanking_lag2	0.00138204419970357	0.00156217145734815	0.00358689844131925
mcomisiones_rank_tend6	0.00138085125643724	0.00187147109435955	0.0019099807865028
Visa_msaldopesos_rank_delta1	0.00137794584110151	0.00222133877680228	0.00311508771132005
vm_mpagospesos_rank_tend6	0.00137204916738087	0.0015013486130062	0.00164849532168397
Visa_Fvencimiento	0.00137093175812176	0.00220904027686188	0.00333678190975341
vm_msaldopesos_rank_lag1	0.00136695149508466	0.00132035737742803	0.00130742732409418
vm_mpagominimo_rank_lag1	0.00136528004853131	0.00122645022143296	0.00155754385566002
Visa_Fvencimiento_tend6	0.00136471824798592	0.00130634776336643	0.00108573312566082
Visa_mpagospesos_rank_delta1	0.00135433516797288	0.0021139141681516	0.00401891790493298
Master_mpagominimo_rank_lag2	0.00135205603256209	0.00178138331129666	0.00269443718095931
mcomisiones_otras_rank_delta1	0.00135087805905415	0.00217423273134078	0.00370627224047568
rf_005_019	0.00132824088655762	0.000841473101594504	0.00170533998794893
cdescubierto_preacordado_delta1	0.00131596515547701	0.0012102909263089	0.000130742732409418
Visa_Fvencimiento_lag2	0.00131148784607624	0.00249478502858404	0.00272285951409179
Master_Fvencimiento_tend6	0.0013063665774431	0.00110595357393786	0.00126763605770871
Visa_mconsumospesos_rank_delta1	0.00129548636407136	0.00171921236810647	0.00344478677565684
Visa_msaldototal_rank_delta1	0.00128940778027436	0.00130495556647846	0.00229652451710456
Visa_mconsumospesos_rank	0.00127541082338451	0.00181383503512696	0.00342773337577735
rf_006_017	0.00127404386611799	0.000663087690276238	0.000500233063131686
Visa_mconsumospesos_rank_lag1	0.00127369412881953	0.00177835161697308	0.00344478677565684
Master_fultimo_cierre_tend6	0.00127125419162721	0.00230405093317902	0.00272854398071829
vm_fechaalta_lag1	0.0012684530677077	0.00182431785533857	0.00236473811662252
Visa_mlimitecompra_rank_lag1	0.0012614621141415	0.0017889547427232	0.00270012164758581
Visa_mlimitecompra_rank_delta2	0.00125313943088902	0.00217616420449455	0.00346184017553633
cmobile_app_trx_lag2	0.00124661316865414	0.00317494857639377	0.00256937891517639
chomebanking_transacciones_delta2	0.00124131668754714	0.00204168283826189	0.00246137404927296
ctarjeta_visa_transacciones_lag2	0.00123585388200032	0.00143786535307734	0.00165417978831046
cliente_edad_lag2	0.00122582752516512	0.00278710943868682	0.00184176718698485
ctrx_quarter_normalizado_lag2	0.00122129480443129	0.00169995183439748	0.00209756818517719
Master_fechaalta_lag2	0.00121640113495142	0.00172723118083558	0.0027114905808388
mautoservicio_rank	0.00121504638832349	0.00125899798507497	0.000693504928432565
vm_Fvencimiento	0.00121499629797231	0.00144273169374645	0.00244432064939347
mactivos_margen_rank_tend6	0.0012117130912073	0.00211621807430364	0.00237042258324901
rf_017_015	0.00120884662801652	0.00116098155285379	0.00171102445457543
ccomisiones_otras	0.00120785513261053	0.00160300377621926	0.000915199126865926
Master_mlimitecompra_rank_tend6	0.00120573508672709	0.00198628090482103	0.00330835957662093
rf_002_015	0.00120263277106364	0.000962569492923273	0.00146659238963608
rf_015_025	0.0011987314833067	0.00126863580709629	0.00380859263975261
Visa_mlimitecompra_rank_lag2	0.00119858635004445	0.00155763594379332	0.00259780124830887
Visa_cconsumos	0.0011967107102685	0.00158445746810801	0.00292750031264566
vm_fechaalta	0.00119344149074899	0.00204734483243791	0.00260348571493537
Visa_mfinanciacion_limite_rank_tend6	0.00119310089175747	0.00182375712030032	0.00275128184722428
rf_013_023	0.00119074875838417	0.00104841843389555	0.00172807785445492
Visa_msaldopesos_rank_delta2	0.00118695144807628	0.00116758668368925	0.00203503905228572
chomebanking_transacciones	0.0011868137078801	0.00249102349989792	0.00298434497891063
ccaja_seguridad_lag1	0.00118025596206533	0.00080466729314619	0.000102320399276936
Visa_mfinanciacion_limite_rank_delta2	0.00117983257162644	0.00186510240351941	0.00321740811059698
Visa_mconsumosdolares_rank_tend6	0.00117645551574175	0.00146463839840487	0.00242158278288748
rf_017_021	0.00117400338487486	0.00133486201231639	0.00117668459168476
Master_mlimitecompra_rank_lag2	0.00117385651319566	0.00161279055045332	0.0030298207119226
Master_mlimitecompra_rank	0.00117226961611387	0.00173497716809578	0.00337088870951239
rf_002_021	0.00117161601977733	0.00079746129044868	0.00114257779192578
chomebanking_transacciones_lag2	0.00117110060673484	0.00159348987992054	0.00309803431144056
Visa_fechaalta_lag2	0.00116113841635969	0.001915646994285	0.00277970418035676
vm_fechaalta_lag2	0.00115769053085999	0.00177392704369786	0.0027114905808388
vmr_Master_mlimitecompra	0.00115362977475798	0.00145792119926142	0.0023874759831285
Visa_fultimo_cierre_tend6	0.00115201037339004	0.00144370158828841	0.00151206812264805
Master_mpagospesos_rank_tend6	0.00114564197182597	0.00207138705222099	0.0025580099819234
Master_msaldototal_rank_lag2	0.00114433427889517	0.00136066518933517	0.00247274298252595
ctrx_quarter_lag2	0.00113950584625537	0.00181737421105592	0.0019213497197558
internet_tend6	0.00113809377821209	0.00287040200501544	0.000403597130481247
vmr_Master_mlimitecompra_lag2	0.00113631768479496	0.00165087312962969	0.0025580099819234
Master_mfinanciacion_limite_rank_lag1	0.00112906001436792	0.001774672460592	0.0028649711797542
Visa_mfinanciacion_limite_rank_lag2	0.00112795816945858	0.00157405762356545	0.00248411191577894
Visa_mfinanciacion_limite_rank_lag1	0.00112649149523537	0.0016541157390273	0.00229652451710456
Master_msaldopesos_rank_delta2	0.001117282314966	0.00150256397177052	0.00227947111722507
Visa_cconsumos_lag2	0.00111495812080335	0.00137592305861667	0.00230220898373106
Visa_mconsumosdolares_rank_delta2	0.00110288852145489	0.00147318100980106	0.00263759251469435
Visa_mpagominimo_rank_delta1	0.00110259260571262	0.00177476983829782	0.00230220898373106
Master_mpagominimo_rank	0.00109877403304179	0.00135720804467941	0.00230220898373106
Master_fultimo_cierre_lag2	0.00109800441844862	0.0014188156032763	0.00233063131686354
cproductos_delta2	0.00109779112986882	0.00121019855914775	0.000181902932047886
mcomisiones_rank	0.00109561106454789	0.00172532793462455	0.00244432064939347
mpayroll_sobre_edad_rank_lag1	0.00109342497565707	0.0012502354606109	0.000403597130481247
vm_msaldototal_rank	0.00107555201150956	0.000838595763526606	0.0012733205243352
rf_019_023	0.00107242763348785	0.000981353631390401	0.00130742732409418
vm_Fvencimiento_lag2	0.00107093989511189	0.00157003308063402	0.0025523255152969
Visa_Fvencimiento_lag1	0.00106933552627241	0.00165131353289623	0.00235905364999602
Master_msaldopesos_rank	0.00106797671032234	0.00144209852879284	0.00230220898373106
Master_mconsumospesos_rank	0.00106604750684372	0.00164826266209017	0.00243863618276697
rf_011_028	0.00106600538661263	0.000610385050051595	0.000443388396866722
Visa_mlimitecompra_rank	0.00106297981700341	0.00126930994833667	0.00232494685023704
Visa_mfinanciacion_limite_rank	0.00106171434715605	0.00180378228229393	0.00260348571493537
Master_fultimo_cierre	0.00105807078861017	0.00143146890749238	0.00225104878409259
Visa_mpagominimo_rank_tend6	0.00105717940242917	0.0014800865109845	0.00205209245216521
Visa_mlimitecompra_rank_tend6	0.00105277394485871	0.00257030700089382	0.0025523255152969
vm_mfinanciacion_limite_rank	0.00104821160349541	0.00110234010553506	0.00177355358746689
rf_016_021	0.00104776813308093	0.00129196149275843	0.00203503905228572
Visa_mconsumototal_rank_delta1	0.00104571954405131	0.00153475669503789	0.00317761684421151
mpasivos_margen_rank_lag2	0.00104399965200418	0.00130405421933556	0.00260917018156186
mpayroll_sobre_edad_rank_delta2	0.00104131733786514	0.000960219599939783	0.00041496606373424
mcomisiones_otras_rank_tend6	0.0010405685117213	0.00164860309056229	0.00213167498493616
vm_mpagominimo_rank	0.00103871221724001	0.0011187480653341	0.0014324855898771
Visa_fechaalta_delta2	0.00103829880765145	0.000742553538371596	0.000682135995179572
vm_mlimitecompra_rank_delta2	0.00103666089974703	0.00176651324767928	0.00262622358144135
Visa_mpagominimo_rank_lag1	0.00103533482790667	0.00121728097715449	0.00156322832228652
Master_fechaalta_tend6	0.00102878898679907	0.00136768879246678	0.00171102445457543
Visa_mconsumosdolares_rank_lag2	0.0010282607292416	0.00201480685378629	0.00292181584601917
Visa_msaldopesos_rank_tend6	0.00102404685126455	0.00174942348654015	0.00256369444854989
vmr_mpagospesos_delta2	0.00102334958763506	0.00181251553048652	0.00184176718698485
mtransferencias_recibidas_rank_delta2	0.00102043641017028	0.0020164333657789	0.00219988858445412
mcomisiones_mantenimiento_rank	0.00101631802128127	0.00223224114487199	0.00162575745517798
mcuenta_corriente_rank_lag1	0.00101603376679908	0.00281063342124507	0.00151775258927455
ctarjeta_visa_transacciones_delta1	0.00101338439118673	0.00127080757652845	0.000233063131686354
vmr_mpagospesos_lag1	0.00100703269275957	0.00061816954767606	0.00081287872758899
Visa_delinquency_lag2	0.00100683955902376	0.00122288982283051	0.000648029195420594
vm_mpagominimo_rank_delta1	0.0010060120568199	0.000936655690423494	0.0011084709921668
rf_019_021	0.00100565504844605	0.000993686391913729	0.00222262645096011
mrentabilidad_annual_rank_tend6	0.0010036015514765	0.00225189373402645	0.00179629145397287
Master_mlimitecompra_rank_delta1	0.00100343790083782	0.0014836992448572	0.00311508771132005
vm_fultimo_cierre_tend6	0.00100109917880788	0.00147001888391677	0.00137564092361214
mextraccion_autoservicio_rank_delta1	0.000996447464306282	0.00140453864648839	0.000630975795541104
vm_Fvencimiento_tend6	0.000994445275449046	0.000888499607938534	0.000835616594094976
Visa_mpagospesos_rank_lag1	0.000993415391022045	0.00150820878318865	0.00235905364999602
rf_012_022	0.000991629058334629	0.00120587091761365	0.00230220898373106
mtarjeta_visa_consumo_rank_delta2	0.000990887517966877	0.00204415382378043	0.00243295171614047
Visa_mlimitecompra_rank_delta1	0.000989776797933523	0.00215317438272457	0.00284223331324822
Master_mpagospesos_rank_delta2	0.000982847916122824	0.00196868195691734	0.00193840311963528
cmobile_app_trx_tend6	0.000978871588069664	0.00285284510896047	0.00180197592059937
vmr_msaldopesos_lag2	0.000973409781565029	0.00133326047434747	0.00185313612023784
tcallcenter	0.000970118155826976	0.000994938319784177	0.000670767061926579
Master_mconsumototal_rank_lag1	0.000958808577508408	0.00131079639250271	0.00226241771734558
vmr_msaldopesos2_tend6	0.00095856075745334	0.00186445160984319	0.00190429631987631
cmobile_app_trx_delta2	0.000955755844885062	0.00186555406083654	0.00187018952011733
rf_007_023	0.00094984082308015	0.00119095384406931	0.00301276731204311
vmr_mpagominimo_tend6	0.000941577547376824	0.00151795235131239	0.00165986425493696
vm_mlimitecompra_rank_tend6	0.000939769495444969	0.00200046279242631	0.00189292738662331
rf_011_018	0.000939615590143322	0.000369733232862238	0.000147796132288907
vm_mconsumototal_rank_delta2	0.000938253287474965	0.00114678623384081	0.00142680112325061
Visa_mpagominimo_rank_lag2	0.000934741492996524	0.00131170747216955	0.00184745165361134
mcuenta_corriente_rank_delta1	0.000933047485115829	0.00151664745857447	0.000954990393251401
cliente_antiguedad_lag2	0.000929963215221518	0.00175139415212186	0.00179060698734638
Visa_mpagominimo_rank_delta2	0.000926555458473322	0.00155229863815851	0.0020748303186712
mtarjeta_visa_consumo_rank_lag2	0.000916743994662387	0.00132323678792016	0.00219988858445412
Master_msaldopesos_rank_tend6	0.000916277049470513	0.00176170333466245	0.00197819438602076
Visa_msaldototal_rank_tend6	0.00090669633259987	0.0015111854139873	0.00227947111722507
mcaja_ahorro_dolares_rank_delta2	0.000904596991579317	0.00159265673914487	0.000773087461203515
Master_cconsumos	0.00090212408945543	0.00131145057026407	0.00258074784842938
rf_014_021	0.000900594259932403	0.000858760556265713	0.00152912152252754
ccomisiones_otras_tend6	0.000900053117523048	0.00169905654712797	0.00148933025614207
Visa_msaldototal_rank_lag2	0.000900047612812071	0.00130655015264457	0.00187587398674382
vm_mconsumospesos_rank_lag1	0.000897222719908424	0.000919894028143949	0.00100046612626337
vmr_mpagominimo_lag1	0.000895583666386825	0.00103773275220788	0.00151206812264805
rf_010_026	0.000893197695132714	0.000756803920909506	0.000648029195420594
vm_Fvencimiento_lag1	0.000892702914271779	0.00137812995432795	0.00196682545276777
Visa_msaldototal_rank_delta2	0.000889896339930762	0.00143943992329799	0.00226810218397208
Visa_msaldototal_rank	0.000884084717739853	0.00113217254746455	0.00177355358746689
Master_mconsumototal_rank	0.000871730943437109	0.00145150371463548	0.00219988858445412
ccomisiones_otras_delta2	0.000870037346631695	0.00104008873129798	0.00172807785445492
active_quarter_lag1	0.000869231074060268	0.00098092395751009	0.00073329619481804
rf_008_024	0.000868313259343021	0.00110775495656276	0.00241589831626099
vm_mfinanciacion_limite_rank_tend6	0.00086425604990915	0.00204546160217235	0.00186450505349083
vm_msaldototal_rank_tend6	0.000863743793880935	0.00118961600240938	0.00172807785445492
vmr_Visa_mlimitecompra	0.000860638131328756	0.00117708903737198	0.0017621846542139
thomebanking_lag1	0.000851361135987975	0.00143099285328236	0.00192703418638229
vmr_msaldopesos_tend6	0.000851225332950857	0.00149836405977566	0.00161438852192499
mautoservicio_rank_delta2	0.000848820704797741	0.00181868456030322	0.00163712638843097
Master_msaldototal_rank	0.000846638295176425	0.00153430385722594	0.00201798565240623
vm_msaldototal_rank_delta2	0.000839056381418195	0.00121422609266605	0.00184176718698485
vm_mlimitecompra_rank_delta1	0.000835807853428934	0.00133931019548795	0.00247842744915245
thomebanking	0.000831797951102225	0.00186046896136117	0.00154049045578053
Visa_delinquency_tend6	0.00083057077925084	0.00191074872778939	0.000687820461806069
Master_mpagominimo_rank_delta2	0.00082605883359445	0.00135529459374651	0.0017621846542139
mtransferencias_emitidas_rank	0.000823297536366092	0.00204189598315947	0.000920883593492423
mcuenta_debitos_automaticos_rank_lag2	0.000818748095530953	0.00211141456219204	0.000954990393251401
rf_001_017	0.000817337018049984	0.00108853755026443	0.00200093225252675
vm_mpagominimo_rank_tend6	0.000817158632389419	0.00113336552929378	0.00150069918939506
vm_msaldopesos_rank_tend6	0.000814785334579418	0.00135909080274705	0.00188724291999682
Master_status	0.000812817676072039	0.00114572601832871	0.000926568060118919
vm_fechaalta_tend6	0.000810384846266745	0.00157728648675675	0.000864038927227458
vmr_mpagospesos_tend6	0.00080417561025034	0.00122342498048106	0.00163712638843097
Master_mpagospesos_rank_lag2	0.000798740177157008	0.00144367561740243	0.00176786912084039
rf_013_025	0.000797319874752235	0.000936109777153498	0.000858354460600962
vmr_msaldopesos2_lag2	0.000794623175632335	0.00125542719811812	0.00184745165361134
mpagomiscuentas_rank_tend6	0.000794025973392436	0.00199458007195266	0.000716242794938551
vm_status02	0.000791709663290574	0.00102668130075934	0.00081287872758899
vm_status05_delta2	0.000788109432564832	0.000797503998127852	0.000198956331927375
rf_005_022	0.000786723542806757	0.000693833441696108	0.000284223331324822
ccaja_ahorro	0.00078349438738408	0.00128173688611321	0.000102320399276936
vmr_Visa_mlimitecompra_lag2	0.000783067206584971	0.00113360013296382	0.00169965552132243
vm_mfinanciacion_limite_rank_delta1	0.000781437270666892	0.00149196045252214	0.00180197592059937
Master_mpagosdolares_rank	0.000780616178666912	0.00123856784333413	0.00245568958264646
vmr_msaldototal_delta1	0.000778339271519078	0.00112350669240942	0.00148364578951557
Visa_fultimo_cierre_delta2	0.000769421134367651	0.000811170166897245	0.000932252526745416
mtransferencias_recibidas_rank_tend6	0.000769280204738684	0.00156764404768903	0.00142680112325061
vmr_msaldototal_tend6	0.00076703186041174	0.00147794071243833	0.0017508157209609
cliente_antiguedad_lag1	0.000766245942822154	0.00152910647957682	0.0014381700565036
Master_msaldopesos_rank_lag2	0.000759640470904533	0.000930941387210452	0.00167123318818995
mextraccion_autoservicio_rank_delta2	0.000752170387023477	0.0016706554945144	0.00152343705590104
ccajas_transacciones_delta2	0.000747117547218069	0.00128154357352856	0.000864038927227458
rf_005_021	0.000743957426630059	0.000975107502145518	0.000596868995782126
vmr_msaldopesos_delta1	0.000743420221923744	0.00104973439705154	0.00165986425493696
mcaja_ahorro_rank_tend6	0.000741990672576288	0.00242768494240046	0.00154617492240703
Master_mpagospesos_rank	0.000740481900896417	0.00129733914508277	0.00184745165361134
vmr_Master_mlimitecompra_tend6	0.000738532843339659	0.00200064269983648	0.00153480598915404
Master_mpagospesos_rank_delta1	0.000738128067663652	0.00117725784813087	0.00188724291999682
Master_msaldopesos_rank_delta1	0.000736583232235186	0.00156607684900268	0.0020691458520447
mcaja_ahorro_rank_delta2	0.000731981701957599	0.00167876224099079	0.00133016519060017
mtransferencias_recibidas_rank_lag2	0.000729448137675579	0.00122491056762569	0.00169965552132243
vm_mpagominimo_rank_lag2	0.000725965058871729	0.000804403885402603	0.00122216032469673
vm_mfinanciacion_limite_rank_delta2	0.000725753268928684	0.00172087093709168	0.00185313612023784
vmr_msaldopesos2_delta2	0.000723537842879347	0.00128816782838006	0.00170533998794893
ccomisiones_otras_lag1	0.000723282480963915	0.00144712504949205	0.000932252526745416
vmr_msaldototal_lag1	0.000722672434952009	0.000882353164922675	0.00142680112325061
Visa_mpagosdolares_rank_tend6	0.000722245899286128	0.00111203414534291	0.00150638365602156
Master_msaldototal_rank_delta2	0.000721070479704343	0.000990234992332745	0.00140406325674462
mcomisiones_mantenimiento_rank_lag2	0.00072047118261693	0.00115098782476164	0.00123352925794973
mplazo_fijo_dolares_rank	0.000720234267321567	0.00193535674562183	0.000233063131686354
Master_msaldototal_rank_tend6	0.000714159609905859	0.0012262839028298	0.00196682545276777
numero_de_cliente	0.000711437539361456	0.0025255083768356	0.00114826225855228
cmobile_app_trx_lag1	0.000708618568419702	0.00145541364463676	0.00110278652554031
Visa_mpagado_rank_tend6	0.000704615473870457	0.00132196287661289	0.00101183505951637
vm_mfinanciacion_limite_rank_lag1	0.000704429571496729	0.000939722222460792	0.00158596618879251
mcaja_ahorro_dolares_rank_lag1	0.000702703226899812	0.00201747561153656	0.00113689332529929
vmr_msaldopesos2	0.00069912827440728	0.000669396175880697	0.00101183505951637
vmr_mpagospesos_lag2	0.000697878697367954	0.00111464406198485	0.00177355358746689
vmr_Master_mlimitecompra_lag1	0.000696800270651417	0.0011550893884216	0.001591650655419
mcomisiones_mantenimiento_rank_delta2	0.000695394002668487	0.00131140146167966	0.00104594185927534
mextraccion_autoservicio_rank_lag2	0.000691348226043764	0.00137839868741482	0.00138700985686513
Master_mconsumospesos_rank_lag1	0.000691294183433028	0.00112608759511206	0.00184176718698485
cliente_edad_lag1	0.000691277763090593	0.00128119692778374	0.000881092327106948
Visa_fultimo_cierre_lag2	0.000690945747838208	0.00155760679868793	0.00137564092361214
Master_msaldopesos_rank_lag1	0.000689986718972558	0.00111640331406137	0.00172807785445492
ccallcenter_transacciones_tend6	0.000689862120769394	0.00216850562631727	0.000721927261565047
mcaja_ahorro_dolares_rank	0.00068678244062071	0.00157051346332504	0.000562762196023147
mpayroll_rank_tend6	0.000684475986956208	0.00111843334541578	0.000397912663854751
ccallcenter_transacciones_delta2	0.000682044438135116	0.00100790175310539	0.000500233063131686
vm_msaldopesos_rank_delta2	0.000681616843522268	0.001131417581679	0.00145522345638309
vmr_msaldopesos_lag1	0.000680661409823183	0.00121523473367125	0.00180197592059937
ccajas_transacciones_delta1	0.000679309209170583	0.00103820382210645	0.000409281597107743
vm_status02_tend6	0.000677980192188959	0.00102360288507421	0.000903830193612933
Visa_mpagosdolares_rank_delta1	0.000677211288176748	0.0011357720860285	0.00173376232108141
Visa_fultimo_cierre_delta1	0.000675776275808658	0.000970931724711367	0.00102320399276936
Master_mconsumospesos_rank_lag2	0.000671746200702178	0.00129080828048794	0.00168828658806944
ccaja_seguridad_lag2	0.000670906265354881	0.000716431050621321	8.52669993974465e-05
ccomisiones_otras_lag2	0.000670635183107626	0.00123697590672306	0.00168260212144295
Master_mconsumototal_rank_lag2	0.000668511740414699	0.00139033259808918	0.00173944678770791
rf_011_027	0.000667669582659933	0.00115853619718941	0.00211462158505667
Master_Fvencimiento_delta1	0.000667495982256379	0.000685440149777707	0.00100046612626337
Master_mconsumospesos_rank_tend6	0.000666721635119459	0.00189594781493508	0.00166554872156346
rf_009_019	0.000664730904560666	0.00108021380260739	0.00250116531565843
vm_mlimitecompra_rank_lag2	0.000662784558384228	0.000939089005040745	0.00151775258927455
vm_mpagospesos_rank_lag1	0.000662623689788764	0.000946712089673846	0.00115963119180527
vm_status01	0.000661932463702772	0.000654468084384735	0.000562762196023147
Master_cconsumos_lag2	0.00065487571834011	0.000883870258162325	0.00173376232108141
Master_mconsumospesos_rank_delta2	0.000653746769907879	0.00131298274760416	0.00146659238963608
cprestamos_personales	0.000649766980814167	0.000356038023920336	2.84223331324822e-05
Master_cconsumos_lag1	0.000649125504621516	0.000930022332645289	0.00184176718698485
rf_015_019	0.000646104605655399	0.000899607696905087	0.000761718527950522
rf_010_022	0.000645634940431372	0.00054331119708618	0.00023874759831285
vmr_mpagominimo_delta1	0.000645236503329584	0.000952933822025837	0.00123352925794973
vmr_Visa_mlimitecompra_lag1	0.0006435995665609	0.00122284543622537	0.00144953898975659
vm_msaldototal_rank_delta1	0.000643335660323974	0.000997898869620091	0.00136427199035914
mautoservicio_rank_lag2	0.000643288856616638	0.00122081802819278	0.0017508157209609
mplazo_fijo_dolares_rank_tend6	0.000643020722176289	0.00171497147982483	0.000216009731806865
ccajas_transacciones_tend6	0.000642928160259701	0.00155371515323972	0.000528655396264169
rf_009_023	0.000640661342169594	0.00095770999912411	0.0012733205243352
vm_cconsumos_tend6	0.000637647074018942	0.00118639639954409	0.000841301060721473
rf_012_019	0.000634800486529557	0.000953349146335812	0.00202935458565923
thomebanking_delta2	0.000633506887353873	0.00139122416024171	0.000920883593492423
mtransferencias_recibidas_rank_delta1	0.00063214411708967	0.000845451736394151	0.000972043793130891
Master_mconsumospesos_rank_delta1	0.000630582498714957	0.00114825122790919	0.00144953898975659
vm_status01_tend6	0.000628832300127539	0.000764606335821977	0.000608237929035119
rf_002_020	0.000627961606945604	0.000815581072665801	0.000170533998794893
vm_msaldopesos_rank	0.000624037564885051	0.00088109404915045	0.00122784479132323
vm_mpagominimo_rank_delta2	0.000620475425961288	0.00132720702809	0.00133584965722666
Visa_fultimo_cierre	0.000619975317977319	0.000832442578573679	0.00114826225855228
active_quarter_lag2	0.000619347233381159	0.00065638636222977	0.000659398128673587
mpayroll_sobre_edad_rank	0.000617608091624301	0.00103060754782231	0.000295592264577815
ctarjeta_debito_transacciones_lag2	0.000616551080006718	0.00115772873873431	0.00106867972578133
mcaja_ahorro_dolares_rank_lag2	0.000616525410431338	0.00139834721350338	0.00129605839084119
vm_mpagospesos_rank_delta2	0.000616285967162845	0.00107943527939193	0.00154049045578053
Visa_mpagosdolares_rank_lag2	0.000614478187415725	0.000891208450046164	0.00150069918939506
vm_mlimitecompra_rank_lag1	0.000611943924487116	0.000904371150892551	0.00154617492240703
mttarjeta_visa_debitos_automaticos_rank_lag2	0.000611435046286548	0.000957714222672235	0.00138132539023863
Visa_cconsumos_delta1	0.000609667417643865	0.00131226896797113	0.00179629145397287
ccajas_consultas_tend6	0.000608810844133485	0.00224017239111887	0.000426334996987233
Master_fultimo_cierre_lag1	0.000607535248217025	0.00113523050123951	0.00144953898975659
Master_mconsumototal_rank_delta2	0.000602968645145767	0.00133786902118167	0.00171670892120192
Visa_fechaalta_tend6	0.000602270761391724	0.00083560037597697	0.000756034061324026
vmr_mconsumospesos_lag2	0.000592503268887639	0.000990991427178508	0.00136995645698564
Master_cconsumos_delta2	0.00059168368835247	0.000856777036407104	0.00163144192180448
mtransferencias_recibidas_rank	0.00059101340483463	0.00172853185002537	0.000665082595300083
ctrx_quarter_delta1	0.000590290547865386	0.00145257382007084	0.00075034959469753
mcaja_ahorro_dolares_rank_delta1	0.000589964323031039	0.00170443265169244	0.00073329619481804
rf_011_015	0.000589114510873612	0.000860944602843969	0.00171670892120192
Master_fultimo_cierre_delta1	0.000585977026750452	0.00104203214056602	0.00157459725553951
vmr_mconsumospesos_tend6	0.000581510650839494	0.0011429116399844	0.00125626712445571
mtarjeta_visa_consumo_rank_delta1	0.000579785550953358	0.00134662787299519	0.00108573312566082
mcaja_ahorro_rank_lag1	0.000577887870958391	0.00122280700456076	0.000744665128071033
vm_mconsumototal_rank_delta1	0.00057639173822101	0.000787870871852577	0.00134721859047966
Master_mpagado_rank_tend6	0.000575656020081832	0.000988862444125179	0.00106867972578133
vm_status05_tend6	0.000572944660264118	0.000209902681684344	0.000108004865903432
Master_mpagominimo_rank_delta1	0.000572071085506444	0.0011431780907813	0.00163712638843097
mcaja_ahorro_dolares_rank_tend6	0.000571248631884509	0.00118842538156978	0.000568446662649644
vmr_msaldopesos2_lag1	0.000568278079942774	0.000869542251531868	0.00133016519060017
Master_mpagominimo_rank_tend6	0.00056607444306199	0.00113322381744926	0.00114257779192578
rf_017_025	0.000565666138752804	0.000984929219026174	0.00150069918939506
cmobile_app_trx_delta1	0.000564854061902589	0.00136016180011182	0.000824247660841983
rf_009_021	0.000564403945324545	0.000886098743812151	0.00104025739264885
mttarjeta_visa_debitos_automaticos_rank_delta1	0.000558102689628799	0.00152000355287387	0.000824247660841983
rf_008_017	0.000557906549938253	0.000699558894026869	0.000699189395059062
mcomisiones_mantenimiento_rank_delta1	0.000552374182838125	0.00162901550732245	0.000858354460600962
mtransferencias_emitidas_rank_tend6	0.000550622129373768	0.00121587844437856	0.00073329619481804
mcuenta_debitos_automaticos_rank_delta2	0.000549227209677257	0.00220749359255214	0.000642344728794097
rf_012_013	0.000547668679461284	0.00128449816842395	0.000642344728794097
vmr_msaldototal_lag2	0.00054496458295663	0.000884555259955028	0.00142111665662411
thomebanking_tend6	0.000544939613910485	0.00245178164857766	0.000432019463613729
mttarjeta_visa_debitos_automaticos_rank_tend6	0.000544779526389876	0.00250696395751605	0.000721927261565047
Master_delinquency_tend6	0.000539754926232382	0.00094092483188109	0.000784456394456508
vm_mconsumospesos_rank_lag2	0.000538720869538255	0.00127258815621134	0.00136995645698564
ctarjeta_debito_transacciones_delta2	0.000535600994291515	0.00207339688399742	0.00105162632590184
ccomisiones_otras_delta1	0.00053551579491986	0.00111183571728072	0.000744665128071033
ctrx_quarter_normalizado	0.000533273964623238	0.000987383992415884	0.000778771927830012
Master_mconsumototal_rank_delta1	0.000533030721300431	0.000818424648581922	0.00121079139144374
vm_Fvencimiento_delta2	0.000531751335294819	0.000601556601510288	0.000500233063131686
matm_rank_delta2	0.000531338515282867	0.00138291830363945	0.00115963119180527
cliente_antiguedad	0.000529495168398395	0.00116986871133735	0.00109141759228732
tcallcenter_tend6	0.000526654833139623	0.00134176496887766	0.000375174797348765
vmr_msaldototal_delta2	0.000526345263671784	0.000719475441822488	0.0012733205243352
cproductos_lag1	0.000522973780397819	0.000490798642760355	0.000136427199035914
mcuenta_debitos_automaticos_rank_lag1	0.000522812370275517	0.00108530790007659	0.000511601996384679
mautoservicio_rank_tend6	0.000522305577426603	0.00131120337464931	0.00108573312566082
vm_msaldopesos_rank_delta1	0.000517692033465954	0.00130229522959122	0.00117100012505827
tcallcenter_delta1	0.000516402506271159	0.000950665015919693	0.000500233063131686
mcomisiones_mantenimiento_rank_lag1	0.000515427490324854	0.00137988904900516	0.00124489819120272
rf_007_021	0.000515034023933517	0.000891414826773461	0.0017621846542139
Master_fultimo_cierre_delta2	0.000513522494078989	0.000655520403698172	0.00128468945758819
Master_Fvencimiento_delta2	0.000511782652032332	0.000843441878384505	0.00114257779192578
tcallcenter_lag1	0.000511055700838029	0.000903298632001128	0.000773087461203515
mpayroll_sobre_edad_rank_tend6	0.000510453608586723	0.000568455579297205	0.000278538864698325
mtransferencias_emitidas_rank_delta1	0.000509015446934515	0.00116337940016009	0.000557077729396651
internet_delta2	0.000506903000054584	0.00143946447759019	0.000187587398674382
vm_mfinanciacion_limite_rank_lag2	0.000504360390505355	0.000927379572014215	0.00123352925794973
ccallcenter_transacciones_delta1	0.000502886648056788	0.000791441501410117	0.000102320399276936
ccaja_seguridad	0.000501831556780238	0.00149535970046541	0.000119373799156425
mpayroll_sobre_edad_rank_delta1	0.000494683665958147	0.000846021994090604	0.000341067997589786
Master_mpagosdolares_rank_delta1	0.000490893692377573	0.000623552945075179	0.00167123318818995
ctransferencias_recibidas_tend6	0.000490550281994103	0.00164898654151219	0.000858354460600962
vm_fultimo_cierre	0.000488442885592082	0.000950982857590969	0.00115963119180527
ctarjeta_visa_debitos_automaticos_tend6	0.000487543154425653	0.00174553950119164	0.000471810729999204
rf_020_023	0.000486981936508068	0.00091372972030652	0.000920883593492423
cliente_edad	0.000484166353366366	0.00138306101234626	0.000721927261565047
vm_fultimo_cierre_lag1	0.00048338942112945	0.0013955010929651	0.0011198399254198
mpagomiscuentas_rank_lag1	0.00048321235799459	0.00120138112855807	0.000864038927227458
vmr_mconsumospesos_delta2	0.000475034503118024	0.0010254097504417	0.00105162632590184
rf_003_027	0.000470850949198532	0.000740217391594424	0.00101751952614286
vm_mconsumototal_rank_tend6	0.000470830264402344	0.000878389981488526	0.00109710205891381
vmr_Visa_mlimitecompra_tend6	0.000470133446200017	0.000804612675585972	0.000522970929637672
Visa_fultimo_cierre_lag1	0.000467332556404974	0.000844422030114772	0.000920883593492423
rf_010_021	0.000466426716620495	0.000750329090468667	0.000511601996384679
rf_004_015	0.000466380981742377	0.00045182699358719	0.000619606862288112
rf_018_015	0.000465427848569833	0.000354483154846529	0.000386543730601758
vm_fultimo_cierre_delta2	0.00046538395041604	0.000636700666753995	0.000892461260359941
mv_status07_rank_delta1	0.000462182057382786	0.00118639359258975	0.00023874759831285
matm_other_rank_lag2	0.000460628939106059	0.000785277193572688	0.000841301060721473
cprestamos_personales_delta2	0.000460021829374302	0.00118473415790834	0.000130742732409418
cextraccion_autoservicio_lag1	0.000456328987619716	0.000808382074237542	0.000136427199035914
Visa_mpagado_rank_delta2	0.00045150782184315	0.0010978904795365	0.000807194260962494
tcallcenter_delta2	0.00045097390190953	0.00118363133964994	0.000943621459998408
chomebanking_transacciones_tend6	0.000450397658515393	0.00116862934917841	0.000949305926624905
vm_msaldopesos_rank_lag2	0.000449488201878513	0.000839847533997745	0.00110278652554031
rf_012_015	0.000447956180284149	0.000507063238022125	0.000221694198433361
rf_008_021	0.000447437057586133	0.000717455221691667	0.000596868995782126
vm_status04	0.000444940406804776	0.000455409690425086	0.000466126263372708
ctarjeta_visa_transacciones_tend6	0.000443918077644465	0.00192595308130583	0.000846985527347969
mpagomiscuentas_rank_delta2	0.000442812269293591	0.00138930407230462	0.000522970929637672
ctrx_quarter_normalizado_lag1	0.000442508933572745	0.00100335021105426	0.000858354460600962
Master_msaldototal_rank_delta1	0.000440497836084147	0.000783723531226917	0.00113689332529929
vm_fultimo_cierre_lag2	0.000437919273673905	0.00105798781345069	0.000835616594094976
vm_cconsumos_delta2	0.000436569904624561	0.000554306798013245	0.000284223331324822
mtransferencias_emitidas_rank_delta2	0.000434334437261293	0.0015644496549464	0.000727611728191544
cprestamos_personales_lag1	0.000433976265052378	0.00108551146984954	0.000170533998794893
mtransferencias_recibidas_rank_lag1	0.000432399733730503	0.00133661378792573	0.000864038927227458
mautoservicio_rank_lag1	0.000430400735433219	0.00112462548669769	0.00082993212746848
vmr_mconsumospesos_delta1	0.00042913968923195	0.0008730038296015	0.000881092327106948
Master_cconsumos_delta1	0.000428821614012944	0.000827645887098801	0.00128468945758819
vmr_mconsumosdolares_tend6	0.000425987541490452	0.000774362994321586	0.000420650530360736
mtarjeta_visa_descuentos_rank_delta2	0.000424998619623152	0.00069259651922645	0.000818563194215487
vm_mconsumospesos_rank_tend6	0.00041567022546235	0.000733582145024513	0.000972043793130891
mpagomiscuentas_rank	0.000413947849908968	0.00129943499558156	0.000534339862890665
rf_014_019	0.000413741745958905	0.000640721746900632	0.000227378665059857
mtransferencias_emitidas_rank_lag2	0.000412984461372501	0.00108161743717848	0.000790140861083005
Visa_msaldodolares_rank_tend6	0.000412455752194864	0.00141115369348032	0.000875407860480451
rf_019_018	0.000411523539856502	0.00082028201289438	0.00112552439204629
vm_mpagospesos_rank_delta1	0.000408215720712746	0.00104123213234488	0.00119373799156425
mautoservicio_rank_delta1	0.000407761851340753	0.0011843804029614	0.000744665128071033
mcuenta_debitos_automaticos_rank_tend6	0.000407303969010661	0.00151076421343645	0.000568446662649644
cpagomiscuentas	0.000406619444531456	0.000221119507340188	2.27378665059857e-05
ctransferencias_emitidas_tend6	0.000405993844190171	0.00127481480553589	0.000648029195420594
Visa_mpagado_rank_delta1	0.000404798813127912	0.000932562311527596	0.000767402994577019
vm_mconsumospesos_rank_delta2	0.000404364521884287	0.000936694620519249	0.00106299525915483
vm_mconsumospesos_rank_delta1	0.000400702161584002	0.000750599764813685	0.00108573312566082
rf_005_013	0.000400653793243815	0.000828867122103996	0.000409281597107743
ccajas_otras_tend6	0.000400062614390764	0.0021292709628988	0.000289907797951318
mtarjeta_master_consumo_rank_delta2	0.000398444170469813	0.000963701666152801	0.000665082595300083
vmr_mconsumospesos_lag1	0.000397334329525085	0.000793136246003176	0.000875407860480451
mprestamos_prendarios_rank_lag1	0.000397287620936542	0.00209723826226223	0.000187587398674382
rf_020_025	0.00039584504989029	0.000957626525023912	0.000966359326504394
Visa_status_tend6	0.000394516588882601	0.000909525899562152	0.000562762196023147
Visa_msaldodolares_rank_lag1	0.000394377755741771	0.000619526933083528	0.000670767061926579
mpayroll_sobre_edad_rank_lag2	0.000389394949675003	0.00122656727405241	0.000693504928432565
vmr_msaldopesos2_delta1	0.000384404227150967	0.000732013897009442	0.00098909719301038
mttarjeta_visa_debitos_automaticos_rank	0.000383076820891149	0.000976373123755847	0.000835616594094976
rf_018_018	0.000382075147930657	0.00088226263408679	0.000534339862890665
vm_mpagospesos_rank_lag2	0.000379958902938092	0.00071212224453786	0.00101183505951637
ctarjeta_visa_debitos_automaticos_delta2	0.000379305562275406	0.000775950156486953	0.000392228197228254
mplazo_fijo_dolares_rank_delta2	0.000373856644098252	0.00136485240445244	0.000204640798553872
Master_mpagado_rank	0.000372849187440856	0.000674421437385439	0.00090951466023943
mpayroll_rank_delta1	0.000370946449031333	0.000892358619263353	0.000375174797348765
mcuenta_debitos_automaticos_rank_delta1	0.000366207136591062	0.0012372035848235	0.000500233063131686
ccajas_consultas_delta2	0.000358133430887224	0.000724739924043669	0.000267169931445332
Visa_mpagado_rank_lag1	0.000355901332852098	0.000712909634581057	0.000687820461806069
cpagomiscuentas_tend6	0.000354429198062304	0.00134522513035352	0.000352436930842779
rf_020_017	0.000353967128740333	0.000507102719015462	0.00082993212746848
mextraccion_autoservicio_rank_tend6	0.000352781787613827	0.00130523799330522	0.000585500062529133
vm_fechaalta_delta1	0.000352744005463694	0.000803264366871989	0.000488864129878694
rf_020_024	0.000349448672579695	0.000958306621204818	0.00065371366204709
vm_cconsumos_lag2	0.000348781372077785	0.000865056974589817	0.000568446662649644
rf_019_016	0.000348560970096557	0.000762366674821213	0.000886776793733444
Master_msaldodolares_rank_delta1	0.000347722090364888	0.000348252634366454	0.000687820461806069
ctransferencias_recibidas_delta2	0.000347236387777104	0.00140213274558412	0.000596868995782126
rf_008_022	0.00034588581468285	0.00071926578594292	0.000540024329517162
mtarjeta_visa_descuentos_rank_delta1	0.000342900726649098	0.000854518592422135	0.000767402994577019
mtarjeta_master_consumo_rank_tend6	0.000338411473717357	0.00098493598719646	0.000358121397469275
mpagomiscuentas_rank_lag2	0.000337024318258032	0.000818657809424965	0.000693504928432565
vmr_mpagospesos_delta1	0.000336343065831432	0.000915557336149579	0.000835616594094976
vmr_mconsumosdolares_delta2	0.000332454440173095	0.000818153816837595	0.000528655396264169
rf_003_023	0.000331528085154306	0.00074902086611204	0.000568446662649644
Master_mpagado_rank_delta2	0.000331205087359602	0.000760266574541082	0.000795825327709501
mttarjeta_visa_debitos_automaticos_rank_lag1	0.000331159296929287	0.000513809398638435	0.000716242794938551
vm_mconsumosdolares_rank_lag2	0.000328401893811134	0.000883304801144797	0.000704873861685558
ctransferencias_recibidas_lag2	0.000328121008543798	0.00126268000087683	0.000562762196023147
rf_009_018	0.000322124799472229	0.000706441939575559	0.000630975795541104
vm_mconsumototal_rank_lag2	0.000319404664479988	0.000960912130666099	0.000869723393853955
mcajeros_propios_descuentos_rank_delta2	0.000317828642480768	0.000901006766896218	0.000568446662649644
vm_mpagado_rank_tend6	0.000316928472430079	0.000809593209453744	0.000471810729999204
thomebanking_delta1	0.000315701009311893	0.000895928829089402	0.000471810729999204
vmr_mconsumosdolares_lag2	0.000310723590774606	0.000750334861776663	0.000761718527950522
Master_msaldodolares_rank_tend6	0.000309672094007497	0.000658919048277428	0.000710558328312054
vm_mconsumosdolares_rank_delta2	0.000308223354599118	0.0010199752507336	0.000596868995782126
ctarjeta_debito_tend6	0.000305167317387843	0.00235522199942758	0.000289907797951318
mcajeros_propios_descuentos_rank_delta1	0.000303381834144183	0.000458535640701525	0.000466126263372708
vmr_mconsumosdolares_lag1	0.000300929315658142	0.00104035743815163	0.000704873861685558
Master_msaldodolares_rank_lag1	0.000299998887454702	0.000381409139835954	0.000721927261565047
cextraccion_autoservicio_tend6	0.00029669262187271	0.00104196939070817	0.000562762196023147
Visa_mpagado_rank_lag2	0.000291389952926573	0.000799874011989673	0.000630975795541104
matm_rank_tend6	0.000289910109679554	0.000944139345502052	0.000534339862890665
rf_013_017	0.000289553448029672	0.000677177341886455	0.000670767061926579
vmr_mpagado_delta2	0.000289425570558569	0.00128528687012806	0.000409281597107743
vmr_mconsumosdolares	0.000286933282854568	0.00103097365861501	0.000562762196023147
ctarjeta_visa_debitos_automaticos_lag2	0.000286311851166402	0.000864967807881277	0.000562762196023147
matm_other_rank_tend6	0.000286007686452697	0.00119354091157822	0.000420650530360736
rf_012_014	0.000285957972695382	0.000544261941378885	0.000596868995782126
vm_Fvencimiento_delta1	0.00028540766048632	0.000663672008977626	0.000471810729999204
mtarjeta_master_consumo_rank_delta1	0.000277156714826706	0.000790694667922202	0.000295592264577815
rf_004_016	0.00027676965065006	0.000520758000999318	0.000699189395059062
cprestamos_personales_lag2	0.000275874229809054	0.000804874378170377	0.000142111665662411
rf_001_023	0.000272878382966556	0.00104981721532128	0.000471810729999204
Master_mpagado_rank_delta1	0.000269481317928574	0.00106273822952872	0.000699189395059062
rf_008_023	0.000268020560289437	0.000738518318520369	0.00033538353096329
rf_004_021	0.000267504280238575	0.000886604730124101	0.000517286463011176
vm_mconsumosdolares_rank_tend6	0.000262603084386131	0.000930305021804226	0.000517286463011176
mplazo_fijo_dolares_rank_delta1	0.000260718414493227	0.0017832023751106	0.000216009731806865
rf_013_022	0.000260195802356358	0.00091198041061968	0.00017621846542139
rf_020_022	0.000258599999974062	0.000987321531123435	0.000369490330722268
ccaja_ahorro_lag2	0.000258200929504759	0.000830763600144737	0.000142111665662411
ctarjeta_master_transacciones_delta2	0.000257398528641927	0.00116529219526253	0.000443388396866722
mtarjeta_master_descuentos_rank_delta2	0.000253094084542267	0.000495935054410458	0.000648029195420594
catm_trx_tend6	0.000250521461305461	0.0012062359528444	0.000477495196625701
vm_cconsumos_lag1	0.000249590217394805	0.00067584435337188	0.000477495196625701
rf_004_023	0.000248002054437149	0.000625472036149977	0.000153480598915404
rf_015_017	0.000247699305078055	0.000532980818105321	0.000369490330722268
rf_015_020	0.000247444047671094	0.00117172646914808	0.000187587398674382
ccajas_depositos_delta2	0.000246713537216914	0.00092264185281377	0.00023874759831285
vm_mconsumosdolares_rank_lag1	0.000246237449895896	0.000903978439616634	0.000540024329517162
matm_other_rank_delta2	0.000245372764671941	0.00070145222408143	0.000579815595902637
rf_011_025	0.000245301218871323	0.000381169473154807	0.000409281597107743
rf_017_023	0.000242335256357457	0.000761771469334286	0.000511601996384679
ccajas_extracciones_tend6	0.000241263685822907	0.00230508523027158	0.000403597130481247
ccomisiones_mantenimiento_delta1	0.000239932688105928	0.00110211743797928	0.000119373799156425
ctarjeta_visa_transacciones_lag1	0.000237065431275425	0.000657332227143897	0.000505917529758183
cextraccion_autoservicio	0.000232584942636834	0.000235156246549369	2.84223331324822e-05
rf_013_026	0.000232287721614026	0.00128620393096864	0.000511601996384679
ccuenta_debitos_automaticos_tend6	0.000230036439854935	0.000702569496843041	0.00017621846542139
rf_010_016	0.000228922292851383	0.00053084742787134	0.000346752464216283
Visa_msaldodolares_rank_delta1	0.000223312351068383	0.000843741356803067	0.000511601996384679
mtarjeta_master_descuentos_rank_lag2	0.000222545893995619	0.000438572712576191	0.000420650530360736
mpayroll_rank_lag1	0.000221887299269201	0.000890926652816644	0.00041496606373424
rf_010_015	0.000218021423056655	0.000556753911303251	0.000409281597107743
vm_status01_lag2	0.000216606859967582	0.00150736050584609	0.000426334996987233
matm_rank_lag1	0.000213467743701994	0.000681998561420317	0.000369490330722268
vmr_mpagado_tend6	0.000210760912169325	0.000740447719249906	0.000426334996987233
ctarjeta_debito_transacciones_delta1	0.000204741091582447	0.00192770123673108	0.000312645664457304
matm_rank	0.000200859322309082	0.000614289182511656	0.000454757330119715
mextraccion_autoservicio_rank	0.000200284779516461	0.000488017764235646	0.000375174797348765
rf_005_008	0.000200242919422161	0.000467803416947427	0.000250116531565843
mtarjeta_master_consumo_rank	0.000200114410261641	0.000982676047918056	0.000449072863493219
vm_status03_tend6	0.000196955837128047	0.00101736092691102	0.000153480598915404
catm_trx_other_tend6	0.000191851378501789	0.00088374858849648	0.000363805864095772
cextraccion_autoservicio_lag2	0.000190238819565175	0.000649896972352851	0.000483179663252197
matm_rank_delta1	0.000188426713162022	0.000681645514770263	0.000369490330722268
rf_014_020	0.000188174183438757	0.00143994302395594	0.000142111665662411
mpayroll_rank_lag2	0.000188152154538029	0.000546437960592382	0.000380859263975261
catm_trx_delta2	0.000187489666874086	0.00102870891865768	0.000375174797348765
matm_other_rank_lag1	0.000179505037713646	0.000416506850983165	0.000272854398071829
vmr_mpagado_lag1	0.00017785464477219	0.000765715240186993	0.000324014597710297
Visa_status_lag2	0.000177506956493741	0.000832127360224218	0.000329699064336793
ctarjeta_debito_transacciones_lag1	0.000177161509819139	0.000499581760300675	0.00033538353096329
minversion2_rank	0.000174777812555185	0.000981653975505162	9.0951466023943e-05
mpagomiscuentas_rank_delta1	0.000174490799956251	0.00053124824521167	0.000295592264577815
cpagomiscuentas_delta2	0.000173519201193315	0.000490087643848452	8.52669993974465e-05
mplazo_fijo_dolares_rank_lag2	0.000172772385272685	0.00132141434002108	0.000295592264577815
mcheques_emitidos_rank_lag1	0.000169722986007382	0.00175898822281567	0.000198956331927375
rf_012_018	0.000168317329378426	0.000587986000354666	0.000403597130481247
cmobile_app_trx	0.000167290587438412	0.000687244549222691	0.00023874759831285
vm_mpagado_rank_delta2	0.000165176929600685	0.00075900013970099	0.000198956331927375
vmr_msaldodolares_tend6	0.000157354369206547	0.000903716396000392	0.0003183301310838
rf_003_028	0.000155735669206943	0.00016956923992306	5.68446662649644e-05
ctarjeta_debito_lag2	0.000152511833951996	0.000770450834496767	0.000170533998794893
minversion2_rank_lag1	0.000151899401958154	0.0011449591164289	0.000153480598915404
vm_cconsumos	0.000150227173137066	0.000416537753714163	0.00023874759831285
rf_020_012	0.000148878347094542	0.000969831660940872	0.000119373799156425
catm_trx_other_lag2	0.000148063077592688	0.000265145090925548	0.000284223331324822
vmr_mpagado_lag2	0.000145106929700018	0.000487732740320293	0.000324014597710297
ccomisiones_mantenimiento_delta2	0.000143851787648933	0.000741942435554462	7.95825327709501e-05
vmr_msaldodolares2_tend6	0.000143773426268624	0.000900858391814281	0.000250116531565843
rf_005_015	0.000142904729341713	0.000520298158918119	0.000301276731204311
cforex_sell_tend6	0.000141607033286134	0.00159800388223648	0.000204640798553872
rf_010_018	0.000141541947151168	0.000454267522339437	0.00023874759831285
cpagomiscuentas_lag1	0.000141066745362507	0.000179596362901942	5.68446662649644e-05
ccajas_consultas_delta1	0.000138922578879446	0.000693065883965843	8.52669993974465e-05
rf_011_023	0.000137740336347641	0.000592631640959355	0.000221694198433361
mforex_sell_rank_tend6	0.000137706627688652	0.00100225085558065	0.000187587398674382
vm_msaldodolares_rank_tend6	0.000135021897267345	0.000987137111599741	0.000278538864698325
vmr_msaldodolares_lag2	0.0001329195093613	0.000475795052062517	0.000278538864698325
cproductos_lag2	0.000130355486968092	0.000721872134867183	0.000187587398674382
mtarjeta_visa_descuentos_rank	0.000130326998516957	0.000368290012364937	0.000216009731806865
cforex_tend6	0.000125739500231013	0.00119968840392281	0.000181902932047886
vm_mpagado_rank_lag2	0.000123911317140661	0.0005280041142874	0.000221694198433361
mv_status07_rank	0.00012381281032039	0.000855386177413259	0.000278538864698325
vm_msaldodolares_rank_lag2	0.000123642616613738	0.000641858983141266	0.00025580099819234
vm_mpagosdolares_rank_tend6	0.000121827397514327	0.000596783939663249	0.000187587398674382
mtarjeta_visa_descuentos_rank_lag1	0.000121166792712508	0.000386421573297014	0.000278538864698325
ccajas_consultas	0.00011961823023364	0.000142415209568135	1.13689332529929e-05
ctarjeta_master_transacciones_tend6	0.000119287521166179	0.000966916625738472	0.000267169931445332
mv_status07_rank_delta2	0.000118993164968991	0.000539626741595025	0.000272854398071829
mv_status07_rank_lag2	0.000118239204212594	0.00048494892367515	0.00025580099819234
vmr_msaldodolares2_lag2	0.000115711270059179	0.000808995616743965	0.00025580099819234
vm_mpagado_rank_delta1	0.000110455591292611	0.000980799349723811	0.000193271865300879
ctarjeta_master_debitos_automaticos_tend6	0.000109638594456118	0.00116123234241944	0.000153480598915404
cforex_buy_tend6	0.000102683609396369	0.00114656561247605	0.000130742732409418
vmr_mpagado	0.000101298184835309	0.000763759317673893	0.000216009731806865
matm_other_rank	0.000100463813648227	0.000607885994989624	0.000193271865300879
vm_status04_delta1	9.78736774295675e-05	0.00047351370647809	0.000125058265782922
active_quarter_tend6	9.78542390313953e-05	0.00107626250282107	0.00017621846542139
rf_007_015	9.76444020118853e-05	0.000322961608465891	0.000301276731204311
rf_016_017	9.6392752174787e-05	0.000421992715332433	0.000187587398674382
vmr_mpagosdolares_tend6	9.47845294090271e-05	0.000493168420523213	0.0001591650655419
rf_009_020	9.47627820234422e-05	0.000413970361118874	0.000210325265180368
ctarjeta_visa_descuentos_lag2	9.3471438677283e-05	0.000290067304011941	0.000204640798553872
cpagomiscuentas_lag2	9.30307358930922e-05	0.000595109184782431	0.00017621846542139
vmr_msaldodolares2_delta2	9.11830747636058e-05	0.000970384342381154	0.000198956331927375
ctarjeta_master_transacciones_delta1	9.0907912395576e-05	0.000823827747127882	0.000125058265782922
mttarjeta_master_debitos_automaticos_rank_tend6	9.0217744542761e-05	0.000596111293716302	0.000181902932047886
mv_status07_rank_lag1	8.91789529409375e-05	0.000486297520954533	0.00017621846542139
ccallcenter_transacciones_lag2	8.75528177871165e-05	0.000278142679896811	0.000198956331927375
ccajas_otras_delta2	8.71347371531554e-05	0.00055274676099546	0.000153480598915404
rf_017_018	8.37746210728309e-05	0.000733040638935168	0.000193271865300879
vmr_mpagado_delta1	8.35641151784775e-05	0.000587526735404267	0.000136427199035914
vm_mpagado_rank_lag1	8.01370598847838e-05	0.000358710506787591	0.0001591650655419
mv_status07_rank_tend6	7.94106674296181e-05	0.000582455303435556	0.000204640798553872
rf_012_021	7.50663556129436e-05	0.000389125247460665	0.000187587398674382
mforex_sell_rank_lag2	7.39663582143574e-05	0.000241662189586949	0.000119373799156425
vmr_msaldodolares_lag1	7.3209180410606e-05	0.000630699398367456	0.000153480598915404
vmr_mconsumosdolares_delta1	7.13147988859875e-05	0.000423877781923273	0.0001591650655419
mcaja_ahorro_adicional_rank_lag2	7.09685480097787e-05	0.000783839954249129	0.000130742732409418
rf_005_016	7.0293437257496e-05	0.000612623504324324	0.000142111665662411
ctransferencias_emitidas_lag1	6.85927975674319e-05	0.000538308102650786	0.000108004865903432
mforex_buy_rank_tend6	6.81054198871922e-05	0.00108396407724291	0.000125058265782922
vm_mpagado_rank	6.72532472521093e-05	0.000500612961873489	0.000142111665662411
ctransferencias_emitidas_lag2	6.72355778850019e-05	0.000522280813080529	9.66359326504394e-05
vm_mpagosdolares_rank_lag2	6.59849360791052e-05	0.00039966360339513	0.000170533998794893
vmr_msaldodolares_delta1	6.54198404709019e-05	0.000474963354113841	0.000130742732409418
rf_003_018	6.49541142912546e-05	0.000294755442430056	0.000147796132288907
mttarjeta_master_debitos_automaticos_rank_delta1	6.03720241283234e-05	0.000445650828335151	0.000108004865903432
rf_020_016	6.02925277295251e-05	0.000827014899502299	0.000142111665662411
mprestamos_prendarios_rank_delta2	5.95633138929811e-05	0.000864871479504178	0.000102320399276936
vmr_mpagosdolares_delta2	5.9461427938666e-05	0.000878732954582804	0.000153480598915404
ctransferencias_recibidas_lag1	5.94411328586233e-05	0.000621845870869584	0.000102320399276936
cpagomiscuentas_delta1	5.37219141894536e-05	0.000514549122924228	9.66359326504394e-05
ctransferencias_emitidas_delta1	5.29601191241712e-05	0.000431220879418908	5.68446662649644e-05
cseguro_accidentes_personales	5.15326399942415e-05	0.000937976139459786	0.000108004865903432
mcaja_ahorro_adicional_rank	5.023276451522e-05	0.000751069050853423	6.25291328914608e-05
ccomisiones_mantenimiento_lag2	5.0131675508155e-05	0.000117732715629326	5.11601996384679e-05
cplazo_fijo_lag2	4.84396047311493e-05	0.000438120661760787	5.68446662649644e-05
mttarjeta_master_debitos_automaticos_rank	4.77585982507688e-05	0.000696545169457735	0.000108004865903432
catm_trx_lag1	4.74728574976635e-05	0.000232097217212466	7.38980661444537e-05
cliente_edad_tend6	4.69714071695363e-05	0.000521161835159737	8.52669993974465e-05
mttarjeta_master_debitos_automaticos_rank_lag1	4.56194603167917e-05	0.000338172310421135	0.000130742732409418
vmr_mpagosdolares_delta1	4.41985193303239e-05	0.000564176941414633	9.0951466023943e-05
ctransferencias_recibidas	4.27270447116623e-05	0.000383107189814501	4.54757330119715e-05
mcaja_ahorro_adicional_rank_delta2	4.19101348373416e-05	0.00119150030823689	0.000136427199035914
ctarjeta_debito_lag1	3.96989194377351e-05	0.000201410857798519	5.11601996384679e-05
rf_013_018	3.67850014610729e-05	0.000211733156948184	6.82135995179572e-05
ccomisiones_mantenimiento_lag1	3.67384226017813e-05	0.000307617982794209	5.68446662649644e-05
cseguro_accidentes_personales_lag1	3.63871864344329e-05	0.000180040333886152	6.82135995179572e-05
ccajeros_propios_descuentos_tend6	3.57476753607399e-05	0.000666430641733331	7.95825327709501e-05
vmr_mpagosdolares	3.57344020124568e-05	0.000148587098805613	4.54757330119715e-05
mforex_sell_rank	3.51542290886515e-05	0.000651301577553014	9.0951466023943e-05
cseguro_vivienda_tend6	3.5125163642972e-05	0.000467055770229749	5.68446662649644e-05
cliente_edad_delta2	3.47049853464761e-05	0.00031024222277326	7.95825327709501e-05
mcajeros_propios_descuentos_rank_tend6	3.30678461377047e-05	0.000673856268933311	7.95825327709501e-05
vm_msaldodolares_rank_delta1	3.2472281168482e-05	0.000398809764610323	8.52669993974465e-05
ctarjeta_master_transacciones_lag1	3.1923341984223e-05	0.000286984402446509	7.95825327709501e-05
ctransferencias_recibidas_delta1	3.08325718533933e-05	0.000498678603065719	6.25291328914608e-05
mforex_buy_rank_delta2	2.9964590730317e-05	0.000476525778354479	4.54757330119715e-05
ctarjeta_visa_debitos_automaticos_lag1	2.92382929934519e-05	0.000198813297002342	6.25291328914608e-05
internet_delta1	2.46602640865775e-05	0.000421361753969149	5.11601996384679e-05
ccomisiones_mantenimiento	2.45931034939134e-05	0.000142415209568135	1.13689332529929e-05
vm_mpagosdolares_rank_delta1	2.44681267700587e-05	0.000193030446390238	5.68446662649644e-05
catm_trx_delta1	2.24934642530455e-05	0.000276966461093985	3.97912663854751e-05
cpayroll_trx_lag1	2.14319196493927e-05	0.000138762076539468	3.97912663854751e-05
ccajas_extracciones	2.03613125632408e-05	0.000353076529688568	2.84223331324822e-05
ccajas_otras	1.84944736460747e-05	7.12076047840673e-05	5.68446662649644e-06
mpagodeservicios_rank_tend6	1.78159545298495e-05	0.000323258752128036	5.11601996384679e-05
cproductos	1.6259148915148e-05	0.000282134037807267	2.84223331324822e-05
ctarjeta_visa_debitos_automaticos_delta1	1.60524237851718e-05	5.01955053314767e-05	1.70533998794893e-05
cseguro_vivienda_lag1	1.5801924591288e-05	0.000108329707143787	2.84223331324822e-05
cplazo_fijo	1.55816465015848e-05	7.12076047840673e-05	5.68446662649644e-06
ctransferencias_emitidas	1.44001726887799e-05	0.000286292763649611	2.84223331324822e-05
ccuenta_debitos_automaticos_delta1	1.42976771863737e-05	0.000174700011431259	2.27378665059857e-05
active_quarter_delta1	1.09335724087371e-05	0.00012726038436758	2.84223331324822e-05
ctarjeta_master_debitos_automaticos_delta2	8.85735599876292e-06	0.000248262834542103	2.27378665059857e-05
mpagodeservicios_rank_delta2	7.55079267430772e-06	2.15301792781144e-05	2.27378665059857e-05
catm_trx	7.38964080634938e-06	0.000100396231073368	1.13689332529929e-05
ctarjeta_visa_debitos_automaticos	6.50126644176616e-06	0.000212981176069125	1.70533998794893e-05
cpayroll_trx	5.03725006074475e-06	0.000135033890273634	1.13689332529929e-05
cprestamos_prendarios	2.86943358525663e-06	7.12076047840673e-05	5.68446662649644e-06
ctarjeta_debito	6.62284351297704e-07	7.12076047840673e-05	5.68446662649644e-06
