Feature	Gain	Cover	Frequency
rf_017_015	0.0395304351858543	0.00269718795303597	0.00102489184842925
ctrx_quarter_lag1	0.0381825319470464	0.00159328531262164	0.00104754139204095
mpasivos_margen_rank_lag1	0.0269295927535822	0.00262263026246811	0.00259903512944214
mpayroll_rank_lag1	0.0241564054436491	0.00106516239658849	0.000424678942719304
rf_005_020	0.0198640586726966	0.00194606806648257	0.00375982423954157
rf_020_017	0.0194682386480584	0.00108505256708857	0.00108717809336142
ctrx_quarter_normalizado_lag1	0.0180849655467708	0.0013449621450305	0.00100790469072048
vm_status05_tend6	0.016570985859793	0.000584222821419675	0.000158546805281874
ctarjeta_visa_transacciones	0.013673733770886	0.00122044384149288	0.000702135851962583
rf_001_025	0.0127084975059279	0.00117653790668671	0.00215736902901407
mprestamos_personales_rank	0.0126632707909871	0.00336317606810591	0.000673823922447963
rf_020_027	0.0109544829401826	0.00176823565139682	0.00109850286516727
vm_status04_delta1	0.00969085385398221	0.000753843091540738	0.00015288441937895
mcuenta_corriente_rank	0.00927913860836455	0.00209433672823058	0.00109284047926434
cdescubierto_preacordado	0.00874211724091996	0.00212023396007248	0.000741772553283051
Visa_mpagospesos_rank_lag1	0.00858807858078868	0.00204810810988658	0.00398631967565854
mcuentas_saldo_rank	0.00836193306094473	0.00398364661823072	0.00124572489864329
Master_mpagominimo_rank_delta2	0.0076584032634205	0.00156621627694481	0.00206110846866436
rf_008_021	0.00736502357653548	0.000844105890216898	0.000554913818486558
mcaja_ahorro_rank	0.00684636798943256	0.00168533222131203	0.000866345043147381
vm_msaldototal_rank_delta2	0.00581290487740053	0.000883499895175343	0.00117211388190528
rf_009_021	0.0056924772683307	0.000750341314808709	0.000662499150642115
rf_009_023	0.0055242456062654	0.0010703699620536	0.00109284047926434
rf_019_023	0.00521057085062064	0.00129484231986819	0.00139860931802224
mprestamos_personales_rank_delta1	0.00463363098447822	0.00327530119011103	0.000713460623768431
rf_010_016	0.00424434577013047	0.000485552035244856	0.000300106452854975
vm_Finiciomora	0.00419843464192598	0.00307456552951337	0.000413354170913456
vm_status04_delta2	0.00414253398642327	0.000680956421035435	0.00015288441937895
mprestamos_personales_rank_delta2	0.00389280753564152	0.00365150494375831	0.000860682657244457
rf_002_017	0.00386880521356069	0.00127244518663244	0.000979592761205862
mcuentas_saldo_rank_tend6	0.00375609972676685	0.00197464287926453	0.00099091753301171
rf_012_022	0.00373986356404833	0.000959387238293425	0.00237253969332518
cdescubierto_preacordado_delta2	0.00365343528588862	0.00125990161523465	0.000198183506602342
ctrx_quarter_delta2	0.00363348287561577	0.00180944271404087	0.00167606622726552
mactivos_margen_rank_delta2	0.00351151264508749	0.00291839465167355	0.00507916015492288
foto_mes	0.00348818920059316	0.00366719670552174	0.000753097325088899
rf_010_026	0.00337860375061107	0.000689848023435221	0.000452990872233925
Visa_status	0.00336659000983953	0.00186021866020031	0.000679486308350887
rf_003_026	0.00334277443992122	0.00082209538145074	0.000447328486331
vm_mpagospesos_rank	0.00330577318559491	0.000871136355219275	0.000951280831691241
rf_011_015	0.00325888753367502	0.00102038968354623	0.00172136531448891
Visa_msaldodolares_rank_lag1	0.00317361441440712	0.000534012692108612	0.000532264274874861
mcaja_ahorro_rank_lag2	0.00314578050048552	0.0016128481961343	0.000860682657244457
vm_status01	0.00313482915920269	0.00109405151710304	0.000645511992933342
mtransferencias_emitidas_rank	0.00308446572992709	0.00129661594159569	0.000815383570021064
matm_rank	0.00304534606943423	0.000650904437950403	0.000532264274874861
mcomisiones_otras_rank_delta2	0.00303160762742055	0.00282120614884158	0.00582659509410885
mprestamos_personales_rank_tend6	0.003028314050718	0.00286666421898023	0.000690811080156735
mtarjeta_visa_consumo_rank_tend6	0.00298132671579844	0.00158293696585719	0.00163076714004213
mcomisiones_rank_delta1	0.00288152465706925	0.00300210704331382	0.0055548005707685
mcomisiones_rank_lag2	0.00285771980775471	0.00264253886613211	0.00546420239632171
Visa_mconsumospesos_rank	0.00284945990176082	0.00194736250461009	0.00349935448800707
rf_002_021	0.00282404677241567	0.000750160313200463	0.0010588661638468
mcuentas_saldo_rank_delta2	0.00277683681166723	0.00221039300337216	0.00222531765984915
mrentabilidad_annual_rank_delta2	0.00276273102388921	0.00311185616100952	0.00626259880863401
vm_msaldopesos_rank	0.00275094305289721	0.00112189988492535	0.00142125886163394
mprestamos_personales_rank_lag1	0.00274671205453593	0.00242920270896043	0.000645511992933342
rf_002_015	0.00270556601543493	0.00096069219092839	0.0012004258114199
rf_018_026	0.00259391146094753	0.00105572500996799	0.00174967724400353
rf_006_021	0.0025829652051862	0.00203602586578062	0.0051301216280492
mttarjeta_visa_debitos_automaticos_rank_delta2	0.00256197808863915	0.00138596704594783	0.00118343865371113
mcuentas_saldo_rank_delta1	0.00255386803992707	0.00255067062540617	0.00232724060610179
vmr_mpagospesos_tend6	0.00254224400882226	0.00153592765189043	0.00131933591538131
Visa_msaldopesos_rank	0.00251856133610864	0.00207920283843833	0.00287649203868542
mcomisiones_rank_delta2	0.00249178270239228	0.00290845398461429	0.00582093270820593
cdescubierto_preacordado_tend6	0.00248409503512438	0.00223148804203108	0.000277456909243279
mpasivos_margen_rank_lag2	0.00247805439648741	0.00190953909436877	0.00344839301488075
mrentabilidad_rank_delta1	0.00243113594994312	0.00186035922946321	0.00371452515231818
Visa_cconsumos_tend6	0.00236602671435677	0.0024507142374854	0.00336345722633689
rf_017_021	0.0023286137793308	0.00111078673229253	0.00144957079114856
Visa_delinquency_lag2	0.00230012869198531	0.00109668323800937	0.000554913818486558
ctrx_quarter_normalizado_lag2	0.00228035893434721	0.00182866228970813	0.00194219836470295
mactivos_margen_rank_lag2	0.00226625456890287	0.00326310915986372	0.00453557110824217
mactivos_margen_rank	0.0022654212255993	0.00300651411651497	0.00191388643518833
ctrx_quarter_tend6	0.00222751093770041	0.00176025346211868	0.00138728454621639
mtarjeta_visa_consumo_rank_lag2	0.00215924495492338	0.00132559426498887	0.00193653597880003
mtransferencias_recibidas_rank_lag1	0.00211379810311869	0.00146585317948537	0.0012230753550316
rf_019_018	0.00210060687115895	0.00107891353687896	0.00128536159996376
mcuenta_corriente_rank_lag1	0.00209046198704693	0.00230015065993868	0.00133632307309008
mprestamos_personales_rank_lag2	0.00207386316512747	0.00245875660330864	0.000860682657244457
mrentabilidad_annual_rank_delta1	0.00203011791525163	0.00207561524130013	0.00386174718579421
mpayroll_sobre_edad_rank_tend6	0.00202130274374955	0.00106009623944923	0.000424678942719304
mpasivos_margen_rank_delta1	0.00200604040836833	0.00265055073726169	0.00403728114878485
mpasivos_margen_rank_delta2	0.00198660449235074	0.00238177585629894	0.0051074720844375
rf_014_023	0.00198214961834645	0.00129753539725189	0.00174967724400353
ccaja_ahorro_tend6	0.00198181064908914	0.00256494371528576	0.000232157822019886
Master_mlimitecompra_rank_delta2	0.00197764007378183	0.00198356327201139	0.00426943897080474
mrentabilidad_rank_lag2	0.00197656919949315	0.00279446104390042	0.00495458766505855
mrentabilidad_rank_delta2	0.00193789215917921	0.00336055986986394	0.00571334737605037
rf_010_023	0.00193742146469558	0.00161425071605657	0.00475640415845621
mcomisiones_rank	0.001936299919352	0.00217099831667508	0.00330683336730765
Master_mfinanciacion_limite_rank_delta2	0.00193392223019094	0.00223156166980392	0.00446196009150416
mextraccion_autoservicio_rank_lag2	0.00192606857376967	0.00149025097963561	0.00184593780435324
Visa_mconsumototal_rank	0.00192076993243366	0.00214099064660148	0.00432040044393106
mrentabilidad_annual_rank_lag2	0.00191441400240554	0.00282402461369314	0.00426377658490181
mcomisiones_mantenimiento_rank_tend6	0.00191033023773113	0.00262228275930802	0.001341985458993
mcomisiones_otras_rank_tend6	0.00189864650138901	0.00211490265904468	0.00264433421666553
mcuenta_corriente_rank_delta2	0.00189084970847255	0.00138858201181611	0.00083803311363276
mcomisiones_otras_rank_lag1	0.00188783978531879	0.00223236821905347	0.00349369210210414
rf_005_021	0.00186503661448857	0.00124644663794072	0.000537926660777785
Visa_mpagominimo_rank_lag1	0.00184415930360198	0.00162791789761177	0.00276890670652986
matm_rank_lag1	0.00181704200227245	0.00113649389015817	0.000566238590292406
vm_mpagospesos_rank_tend6	0.00181453902043137	0.00168489942216011	0.00145523317705148
vm_status04	0.0018129606722857	0.000462828060773878	0.000549251432583634
Visa_mlimitecompra_rank_lag1	0.00180581038461794	0.00136067118624632	0.00251409934089828
chomebanking_transacciones_lag2	0.00179385796153437	0.0021212174991606	0.00361260220606555
mpayroll_rank_delta1	0.00179030436943565	0.00114973372647054	0.000345405540078367
Master_mfinanciacion_limite_rank	0.00177603316398451	0.0024661449195714	0.00413354170913456
mactivos_margen_rank_delta1	0.00175407723419283	0.00274755739942247	0.00413920409503749
rf_015_025	0.00174704223000537	0.00139549769965809	0.00378813616905619
Visa_msaldopesos_rank_delta2	0.0017336493752923	0.00165043876641021	0.00305202600167607
Visa_mconsumototal_rank_delta1	0.00171439670279412	0.00235863282233166	0.00455255826595094
Visa_mconsumototal_rank_tend6	0.00171294142551757	0.00210071287238244	0.00403728114878485
Visa_fultimo_cierre_tend6	0.00170648737971028	0.00186282982406464	0.00177232678761523
mcomisiones_otras_rank_delta1	0.00170035639986257	0.00176049369632624	0.00319924803515209
internet_tend6	0.00168819604364739	0.00291510465967132	0.000509614731263165
mcomisiones_otras_rank_lag2	0.00167584116403466	0.00195794434685787	0.0039070462730176
vmr_mpagominimo_delta1	0.00165673555613941	0.00122408954373957	0.00142125886163394
mcaja_ahorro_dolares_rank	0.00165634150263368	0.0014085738138146	0.000753097325088899
Visa_mpagospesos_rank	0.00165582115899322	0.00165174080854561	0.00320491042105502
ccomisiones_otras_delta2	0.0016426695892496	0.000924666053501147	0.00157414328101289
rf_012_013	0.00164143470868648	0.00101803564003108	0.000668161536545039
Master_mlimitecompra_rank_tend6	0.00163483062751133	0.00237535962067106	0.00433738760163983
rf_006_015	0.00162082797864732	0.00144945566090787	0.00194786075060588
Master_fechaalta	0.00161091758671144	0.0022853614414691	0.00380512332676497
Master_fechaalta_lag1	0.0016084271902778	0.00243975465959103	0.00364091413558017
vmr_mpagominimo	0.00160720068464736	0.00104693577324669	0.00154583135149827
mrentabilidad_rank	0.00160343864139108	0.00209477707894894	0.00248578741138366
mrentabilidad_rank_tend6	0.0016033179070799	0.00259463857220763	0.00199882222373219
Master_mlimitecompra_rank_delta1	0.0015887022541847	0.00219394031640646	0.00473375461484451
chomebanking_transacciones_delta2	0.00158127441895833	0.00304575672305446	0.00373717469592988
vm_status02_tend6	0.00158085763351111	0.0014728830323284	0.00114380195239066
vm_mpagominimo_rank_lag2	0.00157478348766361	0.00131482554769228	0.00174401485810061
Visa_mpagominimo_rank	0.00156083441350531	0.00258791051981525	0.0032728590518901
Master_mpagospesos_rank_lag1	0.00154267076446079	0.00144845665159682	0.00190822404928541
Visa_mpagado_rank_lag2	0.00154115509195901	0.00077346137942805	0.000747434939185975
rf_004_026	0.00152581703430105	0.0007132000365156	0.000702135851962583
Master_Fvencimiento_lag2	0.00151865671794521	0.00218434940748894	0.00373151231002695
mcaja_ahorro_dolares_rank_lag1	0.0015161634166504	0.0015240468091104	0.00104754139204095
mrentabilidad_rank_lag1	0.00150024300781327	0.0025011465087094	0.00344273062897783
Master_mlimitecompra_rank_lag2	0.0014936015650361	0.00206450528759476	0.00386174718579421
rf_004_025	0.00149147047387248	0.0010566901421129	0.00297841498493805
mcomisiones_otras_rank	0.00149119893894998	0.00193518185415388	0.00276324432062694
Master_Fvencimiento	0.00148845889347169	0.00181804418420898	0.00292179112590881
Visa_mpagospesos_rank_tend6	0.0014822192920467	0.00217207035068249	0.00408824262191117
Visa_cconsumos_lag1	0.00147568694783584	0.00181527294286842	0.00337478199814274
Master_fechaalta_lag2	0.00146443827848465	0.0018448587216083	0.00318226087744332
Visa_msaldopesos_rank_delta1	0.00146387972971704	0.00194149307581088	0.0030123893003556
Visa_mpagospesos_rank_delta2	0.00146364181049939	0.00164902048783713	0.00360693982016262
Visa_msaldopesos_rank_lag1	0.00146170608101115	0.00164887876486269	0.00275191954882109
Visa_mpagospesos_rank_lag2	0.00146055799325125	0.00192680147707004	0.00385608479989128
Master_Fvencimiento_lag1	0.00146053634902231	0.00194128666632803	0.00367488845099771
mtransferencias_recibidas_rank	0.00144932320699168	0.00140069954900692	0.00102489184842925
Visa_mconsumospesos_rank_lag1	0.00144050763743522	0.00166951926739544	0.00347104255849245
rf_020_024	0.00143233488003303	0.000916134540205524	0.000605875291612874
vm_Fvencimiento_lag1	0.00142336186268742	0.00190484729040362	0.00286516726687957
Master_mlimitecompra_rank_lag1	0.00141900743058474	0.00163686063040936	0.0031765984915404
mtarjeta_visa_consumo_rank_delta2	0.00141492840907595	0.00181688271133648	0.002236642431655
mcaja_ahorro_rank_lag1	0.00141327034849731	0.00141263089288756	0.000747434939185975
Visa_cconsumos_lag2	0.00141183293406103	0.00168065048610215	0.00266698376027723
mcuentas_saldo_rank_lag1	0.00139776815399341	0.00250783743256675	0.0012004258114199
cprestamos_personales_tend6	0.0013962519835958	0.00226163544230464	0.000339743154175443
Visa_mconsumospesos_rank_delta2	0.00136580037242935	0.00173450500662405	0.00393535820253222
vm_Fvencimiento	0.00135796542574476	0.00183663220769079	0.00280288102194741
rf_002_020	0.00135769193047589	0.000869340734310357	0.000215170664311114
Visa_mfinanciacion_limite_rank_tend6	0.0013521478639774	0.00218562937178077	0.00322189757876379
Master_mlimitecompra_rank	0.00134979754899646	0.00182285350942694	0.00332382052501642
Visa_Fvencimiento_lag2	0.00134969351394651	0.00175084082785486	0.00278589386423864
Visa_mconsumospesos_rank_lag2	0.00134936124695721	0.00179557845757802	0.00361826459196847
Master_mfinanciacion_limite_rank_delta1	0.0013475295001261	0.00182252548825946	0.00368055083690064
rf_011_027	0.00133474310304175	0.00130790603162564	0.00261602228715091
Master_Fvencimiento_tend6	0.00132628302211573	0.00149680348432884	0.00203279653914974
Visa_mconsumototal_rank_delta2	0.00131861375596962	0.00175668450791015	0.00339176915585151
mtransferencias_recibidas_rank_lag2	0.0013139854833866	0.00216382511517316	0.00302371407216145
Visa_mfinanciacion_limite_rank	0.00130848939315728	0.00191553577230673	0.00323322235056964
vm_cconsumos_lag2	0.00130570493509544	0.000681525489252696	0.000515277117166089
vm_msaldopesos_rank_delta2	0.00130297663756395	0.00139404412800015	0.00174401485810061
rf_001_017	0.00129362358297318	0.000960103640718527	0.00182328826074155
mcuentas_saldo_rank_lag2	0.00129286599747075	0.00259982141153677	0.00202147176734389
Visa_mfinanciacion_limite_rank_delta2	0.00129089113029456	0.00186469980692648	0.00351634164571584
Visa_mlimitecompra_rank_delta2	0.00127975093835874	0.00175170199485756	0.00338044438404566
Visa_mfinanciacion_limite_rank_lag1	0.00127877990905073	0.00213096227124445	0.00300106452854975
mrentabilidad_annual_rank_lag1	0.00127773293403053	0.00190350093525678	0.00234989014971348
ctrx_quarter_lag2	0.00127592593334876	0.00185963414798083	0.00236687730742226
vmr_mpagominimo_tend6	0.00127578513227752	0.0014753583991003	0.00194219836470295
thomebanking_lag1	0.00127532901515571	0.00175275777202053	0.00293877828361759
Visa_mlimitecompra_rank_tend6	0.00127120158549351	0.00229082245638304	0.00277456909243279
mcomisiones_rank_tend6	0.00126886590279985	0.00187807397197115	0.00204412131095558
vm_fechaalta	0.00126858083913292	0.00171876392369227	0.002683970917986
active_quarter_lag2	0.00126493161273379	0.000958102973804034	0.000821045955923988
internet_lag2	0.00126087068366892	0.000989365829592063	0.000243482593825734
Master_mfinanciacion_limite_rank_lag2	0.00125901289929038	0.00172672196369021	0.00319358564924917
rf_013_017	0.0012583216823246	0.000631061228754162	0.000560576204389482
Visa_mpagominimo_rank_lag2	0.00124379680636776	0.00195409789880317	0.0028255305655591
Master_mconsumospesos_rank_tend6	0.00123377892520413	0.002705661649651	0.00239518923693688
vm_mpagominimo_rank	0.00122793937841146	0.0014415837559647	0.00167606622726552
vm_fultimo_cierre_tend6	0.00122624127991363	0.00186667071332737	0.00172136531448891
chomebanking_transacciones_delta1	0.0012225610309384	0.00295378454340702	0.00220833050214038
rf_019_021	0.00121803652967905	0.00142353420112362	0.00211206994179067
vm_fechaalta_lag2	0.00121703142529119	0.00209053414743513	0.00245747548186904
mttarjeta_visa_debitos_automaticos_rank_tend6	0.00120354661557075	0.00297104259969001	0.00096260560349709
Master_status	0.00120068082236578	0.00128462588953008	0.000872007429050305
mcomisiones_rank_lag1	0.00118986446789092	0.00168130264777103	0.00261602228715091
Visa_mlimitecompra_rank_delta1	0.00118048240285323	0.00220312989103225	0.0032728590518901
Visa_mlimitecompra_rank	0.00117859999512322	0.00165605474576059	0.00261035990124799
cliente_edad_lag1	0.00117722472093855	0.00193115429960807	0.00163642952594505
vmr_Master_mlimitecompra	0.00117453560878802	0.00182104247073653	0.00249144979728658
mcomisiones_mantenimiento_rank	0.00117121143773528	0.00204886095910807	0.00107585332155557
mrentabilidad_annual_rank	0.00116804756085273	0.00251144149631512	0.00208942039817898
ctrx_quarter	0.00116212972408075	0.00113661864832882	0.000753097325088899
vm_cconsumos_tend6	0.00115806258993687	0.00121406279406698	0.000787071640506444
Visa_mpagominimo_rank_delta1	0.00115730295986255	0.00205529478883695	0.002683970917986
chomebanking_transacciones	0.00115679559390633	0.00202821641858493	0.00233290299200471
tcallcenter	0.00115657198931289	0.00150281481964751	0.00109850286516727
mcuenta_corriente_rank_lag2	0.00114395614839626	0.00220564650299172	0.00126837444225499
vm_fechaalta_lag1	0.00113528372176881	0.00154341096581024	0.00227061674707255
ctarjeta_visa_transacciones_delta2	0.00113323592078454	0.00191693475243223	0.00108717809336142
Visa_mconsumospesos_rank_tend6	0.00112882056951364	0.00151574496307345	0.0031539489479287
mactivos_margen_rank_tend6	0.00112371187639609	0.00182649913301147	0.00185160019025617
mpasivos_margen_rank	0.00111746888110936	0.00215721227661052	0.0016251047541392
Visa_msaldopesos_rank_tend6	0.00111254527324182	0.00193650369293048	0.00266698376027723
Visa_msaldopesos_rank_lag2	0.00110855770539262	0.00170149721457273	0.00274059477701524
thomebanking	0.00110779169846498	0.00183017024313276	0.00233290299200471
ccomisiones_otras_lag2	0.0011056260524205	0.00180243517502785	0.00261602228715091
vmr_mpagospesos	0.00110383932894007	0.000930102289837685	0.00143258363343979
rf_014_022	0.00110185850934731	0.00136044453437008	0.00385042241398836
Visa_mfinanciacion_limite_rank_delta1	0.0011009229192689	0.00186827117344096	0.00326153428008426
Visa_Fvencimiento	0.00109379799502266	0.00182716267447146	0.00263867183076261
cproductos_tend6	0.00108908547847697	0.00209055585818866	0.00036239269778714
Master_msaldopesos_rank	0.00108797374547447	0.00152046330240403	0.00267830853208308
vm_Fvencimiento_lag2	0.00108540160912103	0.00146506647931846	0.00255939842812167
Visa_fechaalta_lag1	0.00108427442819679	0.00176875421851347	0.00236121492151933
rf_005_013	0.00108211024863192	0.000679356904867654	0.000402029399107608
vmr_Master_mlimitecompra_lag1	0.00107106357424677	0.00177842090530262	0.00264999660256846
Visa_mfinanciacion_limite_rank_lag2	0.00106593146704313	0.00159282820686522	0.00221965527394623
vm_msaldopesos_rank_lag2	0.00106580490629124	0.0015343394368516	0.00195918552241172
Visa_mpagominimo_rank_tend6	0.00105453062825862	0.0017233729488544	0.00240651400874272
Master_msaldopesos_rank_delta1	0.00104895307681237	0.00115587204872079	0.00172702770039184
Visa_msaldototal_rank_lag2	0.00104777080101977	0.00128401353090934	0.00199882222373219
Master_mpagominimo_rank_tend6	0.0010469681710858	0.00176669182803157	0.00206110846866436
mpayroll_sobre_edad_rank	0.00104607819022367	0.00131856475301516	0.000345405540078367
Visa_msaldototal_rank_tend6	0.00104591142204224	0.00127149012324279	0.00233290299200471
vmr_msaldototal_lag1	0.00104269377289123	0.00108537306291033	0.00144390840524563
Master_fultimo_cierre_lag2	0.0010362821433325	0.00131540741161935	0.00231025344839302
Visa_mconsumosdolares_rank_tend6	0.00102883439776262	0.00162137470127301	0.00267830853208308
Master_msaldototal_rank_tend6	0.00102867748684461	0.00142189926076741	0.00206677085456728
chomebanking_transacciones_lag1	0.00102831098381107	0.00192856314215066	0.00263300944485969
vm_msaldototal_rank_delta1	0.00102796100789114	0.00101274432559644	0.00133066068718715
cmobile_app_trx_delta2	0.00102648252700259	0.0024371125028394	0.00206110846866436
Master_msaldopesos_rank_lag1	0.00102557757695752	0.00117278226097438	0.00170437815678014
Visa_mconsumospesos_rank_delta1	0.00102336713496663	0.00149387428939012	0.00310298747480238
Master_mconsumospesos_rank	0.00102333936096222	0.00157690037998822	0.00245747548186904
Visa_msaldototal_rank_lag1	0.00102125476252619	0.00143452099612205	0.00180063871712985
Master_delinquency_tend6	0.00102024443825347	0.00103221926482486	0.000679486308350887
rf_020_023	0.00102014733153466	0.00110899014121709	0.000872007429050305
ccomisiones_otras_tend6	0.0010193478830485	0.00175703825160084	0.00172702770039184
Visa_mpagospesos_rank_delta1	0.00101578153942619	0.00168516113113475	0.00300672691445267
ctarjeta_visa_transacciones_lag2	0.00101570222522967	0.00116929959914492	0.00148920749246903
Visa_delinquency_tend6	0.0010128338482182	0.0015896295416197	0.000651174378836266
vmr_msaldopesos2_tend6	0.00101208422830872	0.00148620585720953	0.0019535231365088
Visa_mconsumosdolares_rank	0.00101141215252313	0.00155151282643997	0.00253108649860705
Master_mpagominimo_rank_lag2	0.00100903455200741	0.00127526370392543	0.00246313786777196
Master_cconsumos_lag1	0.0010079919962859	0.0014537036005786	0.0027066204615977
mpayroll_sobre_edad_rank_delta1	0.00100690357030176	0.000987927334846306	0.000288781681049127
cliente_edad_lag2	0.00100345536068865	0.00228584681315825	0.00148920749246903
vm_msaldopesos_rank_tend6	0.000997403525794715	0.00121418613631892	0.00168739099907137
ctarjeta_debito_transacciones	0.000996170554608968	0.000491935285210976	0.000243482593825734
vmr_msaldopesos_lag1	0.000988620227633403	0.00100393707524268	0.00129668637176961
rf_016_021	0.000984869744274382	0.00106643397025094	0.00159679282462458
rf_011_028	0.000983351676414748	0.000509055735172069	0.000430341328622228
rf_003_027	0.000978991426525015	0.00120234205498388	0.00131933591538131
mautoservicio_rank_tend6	0.000977675732500336	0.00150987988691324	0.000922968902176621
internet_lag1	0.000971633556032818	0.00176465408502349	0.000243482593825734
ccallcenter_transacciones_delta2	0.000969368766835899	0.00129791717088887	0.000486965187651469
Visa_msaldototal_rank_delta2	0.000967997923709491	0.00161520674961274	0.00250277456909243
vm_status02	0.000967364389658252	0.00139811560224665	0.00105320377794387
vm_mlimitecompra_rank_tend6	0.000966194745734791	0.00183670525860787	0.00176666440171231
ctrx_quarter_delta1	0.000964971657485011	0.0017833549362498	0.000639849607030418
Visa_mconsumosdolares_rank_delta1	0.000956308733221555	0.00161516322322281	0.00269529568979185
mrentabilidad_annual_rank_tend6	0.000955930222991872	0.00213221787649035	0.00171570292858599
Master_msaldototal_rank_lag1	0.000952897977571014	0.00115940704710104	0.00180630110303277
Master_msaldototal_rank	0.000937519302105713	0.00147719542252109	0.00220266811623746
ccaja_seguridad	0.000936537405023914	0.00128112607935182	0.000101922946252633
Master_cconsumos_tend6	0.000933128641235117	0.00180337353582088	0.00195918552241172
vmr_mpagominimo_delta2	0.000932286798290509	0.00129692618511717	0.00191388643518833
Visa_fechaalta	0.000931120960471411	0.00137699727959119	0.00201580938144096
rf_009_019	0.000928996301479959	0.00105803007318411	0.00224796720346085
Master_fultimo_cierre_tend6	0.000927208799157911	0.00168192436718767	0.00216869380081991
Visa_mpagominimo_rank_delta2	0.000925986836397516	0.00182260795241387	0.00196484790831465
Visa_Fvencimiento_lag1	0.000923271413145123	0.00150383881730169	0.00190822404928541
vmr_msaldototal_tend6	0.000916809114492342	0.00137272760294621	0.00171570292858599
Visa_Fvencimiento_tend6	0.000916616584591325	0.00133046657236865	0.00100790469072048
vm_mfinanciacion_limite_rank_lag2	0.000915986506936225	0.00127150601299719	0.00194219836470295
cmobile_app_trx_lag2	0.000915701436890128	0.00225463125954338	0.00171570292858599
chomebanking_transacciones_tend6	0.000909413965010446	0.00166853357820854	0.00171570292858599
thomebanking_delta2	0.000904027772448063	0.00151617805065326	0.00116078911009943
Master_mconsumospesos_rank_lag2	0.000900300069354475	0.00195589205135195	0.0024235011664515
vm_mlimitecompra_rank_lag2	0.000900009492374655	0.00135137738427115	0.00190822404928541
cmobile_app_trx_tend6	0.000891298864805695	0.00280727348252853	0.00160245521052751
Master_mconsumospesos_rank_delta2	0.000888699123181472	0.00144764218369079	0.00172702770039184
ctrx_quarter_normalizado_delta2	0.000885311007060201	0.00186143134213276	0.00169871577087722
vm_mfinanciacion_limite_rank	0.000875556225563877	0.00128786262725644	0.00201014699553804
thomebanking_lag2	0.000872648976646994	0.00131286156356062	0.0025650608140246
Visa_cconsumos_delta1	0.000868257351429566	0.00131999622060881	0.00170437815678014
vm_mfinanciacion_limite_rank_delta2	0.000865686345497398	0.00178591659540077	0.00202147176734389
Visa_delinquency_delta2	0.000863759795149662	0.00117372576102791	0.000537926660777785
mpayroll_rank_delta2	0.000860205846526058	0.00110524393496282	0.000317093610563747
Visa_fechaalta_lag2	0.000859467648799894	0.00143639121497034	0.00178365155942108
rf_016_018	0.000859106959088143	0.000916810667609583	0.00115512672419651
mtransferencias_recibidas_rank_tend6	0.000855076499196557	0.00129713096891557	0.00139294693211932
mcaja_ahorro_rank_delta1	0.000854127840188346	0.00187212034845021	0.000956943217594165
rf_009_015	0.000852880113122181	0.00100504867631177	0.00219134334443161
mcuenta_debitos_automaticos_rank_lag2	0.000851532442085906	0.00184092600739525	0.00124572489864329
Visa_msaldototal_rank	0.000842514850003979	0.00118972860537575	0.00188557450567371
ctarjeta_debito_transacciones_lag2	0.000840507086301766	0.00168852490823413	0.00124572489864329
vmr_msaldopesos	0.000839749820963405	0.00127599733336149	0.00145523317705148
vmr_mpagominimo_lag2	0.000838990592475137	0.00122602334782616	0.00194219836470295
Master_mfinanciacion_limite_rank_lag1	0.000837058895073371	0.00116346651225923	0.00206677085456728
Master_Fvencimiento_delta2	0.000833417574299034	0.00101651617571177	0.00140427170392517
Visa_msaldototal_rank_delta1	0.00083317400220161	0.00169377744222858	0.00236687730742226
cliente_antiguedad_lag2	0.000830930297630166	0.0018295653311956	0.00175533962990646
Master_mfinanciacion_limite_rank_tend6	0.00082193740136371	0.00167917858616315	0.00216303141491699
ccaja_seguridad_lag1	0.000820583418520261	0.000960245232589384	0.000107585332155557
ctrx_quarter_normalizado_tend6	0.000810774892089249	0.00152793806837016	0.00108717809336142
Visa_mlimitecompra_rank_lag2	0.000808208258638407	0.00113783560423812	0.00187424973386786
rf_012_020	0.000808181208368687	0.0011881920975905	0.00057190097619533
rf_013_015	0.000806939704162917	0.00103678966687111	0.000566238590292406
vmr_msaldototal_delta2	0.000805036164505775	0.00113835430245836	0.00181762587483862
Master_mpagospesos_rank_tend6	0.000803270174183603	0.00161214081363579	0.00201580938144096
ctransferencias_recibidas_tend6	0.000802944790705222	0.00217063904041314	0.00122873774093452
vm_mpagominimo_rank_lag1	0.000801349475080422	0.00117505968755497	0.00163076714004213
Visa_fultimo_cierre_delta1	0.000801093236794415	0.00099476011278168	0.00107585332155557
Visa_mconsumosdolares_rank_delta2	0.000798971664493406	0.00141562152296579	0.00238386446513103
mautoservicio_rank_delta2	0.00079638483725711	0.00149841052584235	0.00143824601934271
Master_fultimo_cierre_delta1	0.000794404034856339	0.0008115510086073	0.00130801114357546
mcaja_ahorro_rank_delta2	0.000793872375173213	0.00154645681671811	0.00134764784489593
tcallcenter_delta1	0.00079315604808899	0.000726709395576219	0.00041901655681638
Master_fultimo_cierre	0.000792597879629684	0.00144607935030585	0.00210074516998482
ccomisiones_mantenimiento_tend6	0.000791355022173993	0.00314083443196127	0.000413354170913456
vmr_mpagominimo_lag1	0.000788318207809519	0.000995601981336792	0.00135897261670177
Master_msaldopesos_rank_lag2	0.000788145190869999	0.00109791907283478	0.00195918552241172
rf_007_023	0.000784583486610581	0.00107530603821669	0.00258204797173337
mcomisiones_mantenimiento_rank_lag2	0.000782263714567243	0.000903025204400792	0.00100224230481756
vmr_msaldopesos_tend6	0.000780822496392278	0.00118396885783503	0.00137029738850762
vm_fechaalta_delta1	0.000779428669053582	0.000842490746501889	0.000503952345360241
rf_012_019	0.000777575599971961	0.00106528434914245	0.0020950827840819
vmr_msaldopesos2_lag2	0.000777102860343828	0.00131128284042128	0.00179497633122693
Master_mconsumototal_rank_lag1	0.000776377929275125	0.0015495796778713	0.00219700573033453
vmr_msaldototal_lag2	0.00077335613901647	0.00118552807276105	0.00171570292858599
vm_mfinanciacion_limite_rank_delta1	0.000770865555297238	0.00144281172457507	0.00200448460963512
vmr_msaldopesos_lag2	0.000770317893319513	0.0010907953236048	0.00156848089510996
rf_007_021	0.00077005013823934	0.00115729764287387	0.00226495436116962
mpasivos_margen_rank_tend6	0.000763877416870263	0.00150447493189187	0.00160245521052751
rf_011_018	0.000761318869955314	0.00032000932257659	0.00015288441937895
mtransferencias_recibidas_rank_delta2	0.000760698407090312	0.00139810954526106	0.00180063871712985
vm_mlimitecompra_rank_lag1	0.000760250155586144	0.000972378056458106	0.00159679282462458
Master_mpagominimo_rank_lag1	0.000759590199734859	0.00111872612936081	0.00189689927747956
Visa_mpagado_rank_tend6	0.000758714622094687	0.00115412178965198	0.00124006251274037
tcallcenter_delta2	0.00075869004221453	0.00119308213017485	0.00108717809336142
vm_mlimitecompra_rank_delta2	0.000757977022796445	0.00140398295960923	0.00176666440171231
Master_fechaalta_tend6	0.000756903795377447	0.00106968880027191	0.00121175058322575
mtransferencias_emitidas_rank_lag2	0.000755682069717254	0.0020792595276281	0.00151751942198365
mactivos_margen_rank_lag1	0.000754760645072401	0.00240182374441072	0.00140993408982809
Master_cconsumos_delta2	0.000750674342195412	0.000964316103759391	0.00185160019025617
rf_015_016	0.000749220479679579	0.00112272193061854	0.000877669814953229
cdescubierto_preacordado_delta1	0.000747955742935666	0.00116561603418314	0.000147222033476025
ccajas_consultas_tend6	0.000741152842281192	0.00205369973019103	0.000351067925981292
vm_mfinanciacion_limite_rank_tend6	0.000741021204040407	0.00140477034151478	0.00138162216031347
Master_msaldopesos_rank_delta2	0.000740463706481666	0.00123536264274502	0.00182895064664447
vmr_Visa_mlimitecompra_lag1	0.000738824393506404	0.0011748364181512	0.00167606622726552
Master_mconsumospesos_rank_lag1	0.000733955217748932	0.00139901825042336	0.00185726257615909
Master_mpagosdolares_rank	0.000731132112322303	0.00114256747345858	0.00246880025367489
vm_fultimo_cierre_lag2	0.000731002261406919	0.00135713288405575	0.00139860931802224
mautoservicio_rank_lag2	0.000727332148793175	0.00135826575012619	0.00163076714004213
ccomisiones_otras_lag1	0.000724661354833838	0.00115902364777962	0.000815383570021064
rf_017_025	0.00072440688719809	0.00100549799451529	0.00155715612330412
ccaja_seguridad_lag2	0.000722547246118898	0.000622529348368504	7.92734026409368e-05
Visa_mpagosdolares_rank_lag2	0.000721414228903238	0.000933410688783127	0.00182895064664447
ccaja_ahorro	0.000721399349129367	0.00128112607935182	0.000101922946252633
vm_mlimitecompra_rank_delta1	0.000718830527332442	0.00112324744622516	0.00195918552241172
mcaja_ahorro_dolares_rank_lag2	0.000715995965919878	0.00129462573674721	0.00138728454621639
Master_mpagospesos_rank_lag2	0.000714902175186111	0.00160025928911712	0.00177798917351815
cproductos_delta1	0.000714100076663269	0.00131964224093166	0.00018119634889357
Master_cconsumos_lag2	0.000713967900455856	0.000989978345537104	0.00186858734796494
mpayroll_sobre_edad_rank_delta2	0.000713883932031727	0.000807856326061586	0.000368055083690064
mcuenta_corriente_rank_tend6	0.000712840642492482	0.00276640542753232	0.000928631288079545
ccallcenter_transacciones_tend6	0.000709715142879964	0.0018628994138471	0.000685148694253811
Visa_fechaalta_tend6	0.000708874888815058	0.00100255414219587	0.000928631288079545
Master_mconsumototal_rank_lag2	0.000708478863469682	0.00127732677614597	0.00184027541845032
vmr_msaldopesos_delta2	0.000707150284100035	0.000835183950447745	0.00122873774093452
Master_mpagominimo_rank	0.000707035068637538	0.00108959003591448	0.00188557450567371
Master_fultimo_cierre_lag1	0.000703712362112024	0.00135664111451169	0.00167606622726552
vmr_msaldototal	0.000702747949039691	0.000962934193320544	0.00126837444225499
vmr_Master_mlimitecompra_lag2	0.000698025316760629	0.00123828543982883	0.00177232678761523
mtransferencias_recibidas_rank_delta1	0.000697965687903151	0.00127190884186978	0.00137029738850762
vm_msaldototal_rank_tend6	0.000696829143343551	0.00125259377035183	0.00135897261670177
ctarjeta_visa_transacciones_tend6	0.000696522604655244	0.00181847894991466	0.000928631288079545
vmr_mconsumospesos_lag1	0.000693488719087988	0.000997482321381774	0.00141559647573101
ctarjeta_debito_transacciones_tend6	0.000693152994882438	0.00185100409723138	0.000707798237865507
vm_mpagominimo_rank_delta2	0.000690623905048495	0.00128741257487285	0.00141559647573101
rf_013_023	0.000690412748535403	0.00106992677949782	0.00216869380081991
Master_mconsumototal_rank	0.000687023657218562	0.00117529882049241	0.00160245521052751
Visa_mconsumosdolares_rank_lag1	0.000685892869729027	0.00134005829412839	0.0020724332404702
vm_msaldototal_rank	0.000685563750526593	0.00088636694701518	0.00137029738850762
rf_004_021	0.000685536258465971	0.00087119876052532	0.000373717469592988
mplazo_fijo_dolares_rank_tend6	0.00068420792038481	0.00201585563180413	0.000283119295146203
vmr_mpagospesos_lag2	0.000682989802082626	0.00119945822188528	0.00171570292858599
Visa_mconsumosdolares_rank_lag2	0.000678658070432854	0.0013716865618261	0.00189689927747956
vmr_mpagospesos_delta2	0.000677977407388119	0.00147607708272777	0.00127403682815791
vmr_Master_mlimitecompra_tend6	0.000674642495675	0.00197675183773951	0.00172136531448891
Master_mpagospesos_rank_delta1	0.000672820983279913	0.00111138042176289	0.00180063871712985
vm_mpagominimo_rank_tend6	0.000671864941669561	0.000995932388589509	0.001341985458993
Visa_cconsumos_delta2	0.000670239131838626	0.00139838895321955	0.00151185703608072
ccajas_transacciones_delta1	0.00066961265650719	0.00154276187196523	0.000441666100428076
mcomisiones_mantenimiento_rank_delta1	0.000669539287356983	0.00166552454118709	0.00102489184842925
rf_014_021	0.000666700554552381	0.00118594215032115	0.00219700573033453
mcuenta_debitos_automaticos_rank	0.000666385741510085	0.00169475274801162	0.000668161536545039
vm_fultimo_cierre	0.000662752125568002	0.00133093104614649	0.0012004258114199
mcuenta_corriente_rank_delta1	0.000656826674207249	0.00124925561089279	0.000792734026409368
mextraccion_autoservicio_rank_delta2	0.000654947237212278	0.0015580550526122	0.00131367352947838
Visa_mpagosdolares_rank_tend6	0.000651591000680873	0.00128383732769228	0.00161377998233336
Master_fultimo_cierre_delta2	0.000647873996430805	0.000889284263969171	0.00174967724400353
Master_mconsumospesos_rank_delta1	0.000647379999954133	0.00118312533737475	0.00157980566691581
rf_008_024	0.000646445346997146	0.000893849736520655	0.00215736902901407
Visa_fultimo_cierre_lag1	0.000644770184583724	0.00112178742427089	0.0011777762678082
Master_mconsumototal_rank_delta2	0.000641635825530552	0.00128439679912718	0.00165341668365382
vmr_msaldopesos2	0.000641493224231342	0.000962318924200236	0.00135331023079885
Master_mpagospesos_rank_delta2	0.000639205725216838	0.00148358344465767	0.00165341668365382
vmr_Visa_mlimitecompra_lag2	0.000638086153619953	0.000998570848220062	0.00142692124753686
Visa_cconsumos	0.000637778507381231	0.00111974441089872	0.00165907906955675
mcuenta_debitos_automaticos_rank_lag1	0.000631594109393752	0.00179785281633473	0.000775746868700596
vmr_mconsumospesos_tend6	0.000630868866653987	0.000867339778967978	0.0010588661638468
vm_mfinanciacion_limite_rank_lag1	0.000627743043673399	0.000983956049958802	0.0014835451065661
mcaja_ahorro_rank_tend6	0.000617775463267125	0.00182787910311728	0.00132499830128423
vm_msaldototal_rank_lag1	0.00061692232723115	0.00115496722422458	0.00105320377794387
vm_mpagospesos_rank_lag2	0.000615570711200151	0.000928666076294292	0.00106452854974972
Master_msaldototal_rank_delta1	0.000614402712687234	0.00124773834911369	0.00140993408982809
rf_001_023	0.000611689102431319	0.000476393820596389	0.000249144979728658
Master_mconsumototal_rank_delta1	0.000610772652649866	0.00112478172524948	0.00161944236823628
mtarjeta_visa_consumo_rank_lag1	0.000609171885193809	0.000812337341684176	0.00100224230481756
Master_msaldototal_rank_lag2	0.000608905020441798	0.00114569746664674	0.00176100201580938
Master_mpagospesos_rank	0.000606401726470642	0.00160497495393458	0.00141559647573101
vm_mpagospesos_rank_delta2	0.000606396765918126	0.00101593410201896	0.00109850286516727
vm_msaldopesos_rank_delta1	0.000604547195873689	0.00136064596191674	0.00142125886163394
mtarjeta_visa_consumo_rank_delta1	0.000604218125329069	0.00134803901504638	0.00118910103961405
mplazo_fijo_dolares_rank_delta2	0.000601978736786544	0.00178805295452483	0.000215170664311114
mplazo_fijo_dolares_rank	0.000601937438508452	0.00204024315343338	0.000266132137437431
ccajas_transacciones_delta2	0.000600474424313707	0.00133162985447061	0.000939956059885393
vm_mconsumototal_rank_tend6	0.000597044551589726	0.00103171779361558	0.00115512672419651
rf_017_026	0.00059318776536062	0.00100931355456557	0.00141559647573101
vmr_msaldopesos2_lag1	0.000591757700783113	0.00111670099851752	0.00147222033476025
vmr_Visa_mlimitecompra	0.00059066492569634	0.000953810013162517	0.00148920749246903
rf_005_019	0.000589832885110767	0.000933727461263094	0.00155715612330412
vm_mconsumospesos_rank_delta1	0.000588269465663433	0.000629223969346925	0.0010362166202351
Master_msaldopesos_rank_tend6	0.000582661444219585	0.00112952552489609	0.00145523317705148
rf_015_017	0.000582608345868175	0.000392625578829272	0.000339743154175443
vm_msaldototal_rank_lag2	0.000580408444712899	0.000681307699978745	0.000883332200856153
vmr_mconsumospesos_lag2	0.000575738487574413	0.00103527594488878	0.00135897261670177
vmr_mpagado_tend6	0.000575679562265718	0.000915114659203884	0.000594550519807026
Master_Fvencimiento_delta1	0.000572149994864109	0.000640645058078138	0.00104187900613803
Master_mpagosdolares_rank_delta1	0.000564358654634049	0.000748407091190651	0.00171570292858599
Visa_fechaalta_delta2	0.000562135201887478	0.000836837979485807	0.000821045955923988
Visa_fultimo_cierre_delta2	0.00055998198406816	0.000532825391830042	0.000928631288079545
cliente_edad	0.000558463320458914	0.00135384640562958	0.00109284047926434
cliente_antiguedad_lag1	0.000557359421873002	0.00117769940577993	0.00104754139204095
Master_msaldototal_rank_delta2	0.000555212428065464	0.00106117155104624	0.00139860931802224
vm_mconsumospesos_rank_delta2	0.000554679005216489	0.00090801534768198	0.00123440012683744
cliente_antiguedad	0.000554517314839307	0.00154467118590231	0.00111549002287604
rf_015_027	0.00055071667314349	0.000794206397738066	0.00125138728454622
Visa_fultimo_cierre	0.000544070492370476	0.00112138624730346	0.00121741296912867
thomebanking_tend6	0.000542312131971767	0.00278451534246353	0.000492627573554393
vmr_msaldopesos2_delta2	0.000536807335013293	0.00124209061647524	0.00121741296912867
vmr_msaldopesos2_delta1	0.000536795645717892	0.000880521431509715	0.00121175058322575
rf_014_017	0.000536646563987954	0.000400310556282188	0.000441666100428076
vm_mpagospesos_rank_delta1	0.000532818511017294	0.00118935233808931	0.00137029738850762
Visa_fultimo_cierre_lag2	0.000531373811922114	0.00117433607443274	0.00103055423433218
Master_cconsumos_delta1	0.000529600589038594	0.00109562827368862	0.0016704038413626
rf_006_017	0.000528820323493366	0.000555777040785214	0.000583225748001178
mcaja_ahorro_dolares_rank_delta1	0.000526935293478589	0.00106458858242149	0.000436003714525152
ccomisiones_otras_delta1	0.000522648838725131	0.000962170646046589	0.000979592761205862
Master_mpagominimo_rank_delta1	0.000521783523302389	0.000887010429626791	0.00133066068718715
mttarjeta_visa_debitos_automaticos_rank	0.000520924490349244	0.000810088443243497	0.00109284047926434
mttarjeta_visa_debitos_automaticos_rank_lag2	0.000519568656086418	0.000855170246095702	0.0012004258114199
mtransferencias_emitidas_rank_lag1	0.000517622388640728	0.00120323455574319	0.000855020271341532
vm_mconsumototal_rank_lag2	0.000516315469357123	0.000810984352695986	0.00100224230481756
mcajeros_propios_descuentos_rank_delta1	0.000514679242290879	0.000648035183570352	0.000724785395574279
ccomisiones_mantenimiento_delta1	0.000513991655309124	0.000658701928499216	7.92734026409368e-05
vmr_msaldopesos_delta1	0.000507604921259891	0.000671497900517168	0.00108717809336142
cmobile_app_trx_lag1	0.000506734674281654	0.001420399435765	0.000917306516273697
vmr_mconsumospesos_delta2	0.000505670417482589	0.00119755821630268	0.00103055423433218
numero_de_cliente	0.00050437688539003	0.00258689895078085	0.000883332200856153
rf_003_019	0.000503043431681627	0.00118155361516681	0.000254807365631583
rf_003_015	0.000502891993444368	0.00089939014776514	0.0011777762678082
mpayroll_rank_tend6	0.000499035377294462	0.0015201059140337	0.00036239269778714
mtransferencias_emitidas_rank_tend6	0.00049898538702163	0.00130203537045274	0.000792734026409368
vmr_msaldototal_delta1	0.000494410655473638	0.00074359760864839	0.00107585332155557
mpagomiscuentas_rank_lag2	0.0004927961271208	0.000980648699842033	0.000872007429050305
ccomisiones_otras	0.000491459408252446	0.00178166868195076	0.000826708341826912
vm_mconsumospesos_rank	0.000490151864927268	0.000863051826483374	0.000934293673982469
mpayroll_rank_lag2	0.00048944486332499	0.000896601626972195	0.000452990872233925
Master_cconsumos	0.000488679511853112	0.00074188765082134	0.00160811759643043
mcuenta_debitos_automaticos_rank_delta2	0.000487795063489176	0.00218534589961117	0.000730447781477203
mcomisiones_mantenimiento_rank_delta2	0.000486251149623281	0.00119971898691411	0.000968267989400014
vm_Fvencimiento_delta2	0.000485656768250115	0.000603805711339273	0.000526601888971937
vm_mconsumospesos_rank_lag2	0.000481980906712042	0.000759843256834039	0.000985255147108786
ccajas_consultas_delta2	0.000480897146619062	0.000720627106997821	0.000249144979728658
mcaja_ahorro_dolares_rank_tend6	0.000478214833820366	0.00150976498773211	0.000656836764739191
Visa_msaldodolares_rank_delta1	0.000478182355030024	0.000840787107867594	0.000639849607030418
mprestamos_prendarios_rank_lag1	0.000477734339303314	0.00230495610449055	0.000215170664311114
rf_013_025	0.000476957538543384	0.000716982427359094	0.000894656972662001
mcomisiones_mantenimiento_rank_lag1	0.000475457478600767	0.00116084449301812	0.000985255147108786
cmobile_app_trx_delta1	0.000474010297320088	0.00106362531194747	0.000821045955923988
mcaja_ahorro_dolares_rank_delta2	0.000468981903535338	0.00156067222102069	0.000577563362098254
vm_mconsumototal_rank_delta2	0.000466038805290922	0.00101051805563438	0.0011777762678082
mtarjeta_master_consumo_rank_delta2	0.000458377147001797	0.00115026050067156	0.000917306516273697
Visa_mpagosdolares_rank_delta1	0.000458351882045848	0.000927929247930782	0.00139860931802224
rf_015_024	0.000457376595626374	0.000798121911160882	0.00137029738850762
rf_017_027	0.000457221231816517	0.000594268187801211	0.000611537677515798
ctrx_quarter_normalizado_delta1	0.000456534252525428	0.00203812194988364	0.000673823922447963
mtransferencias_emitidas_rank_delta2	0.000456186195126134	0.00147281674635627	0.000741772553283051
rf_015_019	0.000451884174656582	0.000773632207398167	0.000753097325088899
rf_004_016	0.0004505006160081	0.000776738418396169	0.000973930375302938
mpagomiscuentas_rank	0.000449880780772466	0.00111781259958661	0.000430341328622228
mttarjeta_visa_debitos_automaticos_rank_delta1	0.000445274806573593	0.00164443516620301	0.000707798237865507
vmr_mconsumospesos	0.000442342012272012	0.00107639291314982	0.00102489184842925
Master_mpagado_rank_delta2	0.000440504584256861	0.000808543125297394	0.00083803311363276
mpagomiscuentas_rank_lag1	0.000440411525982044	0.00105901114752485	0.000719123009671355
mcajeros_propios_descuentos_rank_delta2	0.000437929712101002	0.000895162686474252	0.000690811080156735
vm_status01_tend6	0.000433513367000351	0.000992345079879195	0.000668161536545039
vm_fultimo_cierre_lag1	0.000432994125255705	0.000983564994188068	0.000741772553283051
Master_mpagado_rank	0.000430505172776478	0.00068997398775885	0.000872007429050305
mtransferencias_emitidas_rank_delta1	0.00042912996147771	0.0010904127371256	0.000554913818486558
mpagomiscuentas_rank_tend6	0.000427891571171314	0.00164050955780421	0.000719123009671355
ctransferencias_emitidas_tend6	0.000427795537037523	0.00153529554906992	0.000588888133904102
rf_003_028	0.000422114075914315	0.000741195109248549	0.000135897261670177
mtarjeta_visa_consumo_rank	0.000419350238238733	0.000886124982240315	0.000815383570021064
mtarjeta_visa_descuentos_rank_delta2	0.000418606422604839	0.000590002968678094	0.000549251432583634
cpagomiscuentas_tend6	0.000415391996263237	0.00154890360290867	0.000373717469592988
vm_Fvencimiento_tend6	0.000414303373076959	0.000972511729672481	0.000900319358564925
cextraccion_autoservicio_tend6	0.000414221401355213	0.00141334514521388	0.000724785395574279
vm_mconsumospesos_rank_tend6	0.00041298948238391	0.000851476061743608	0.000934293673982469
mcuenta_debitos_automaticos_rank_tend6	0.000407105231243876	0.00167120916637412	0.000475640415845621
rf_019_016	0.000406515271786549	0.000652480984770245	0.000849357885438609
rf_007_016	0.000406323335978554	0.000741288061689695	0.00107585332155557
ctarjeta_visa_transacciones_lag1	0.000406311801234814	0.000880084699250271	0.000770084482797672
vm_mpagominimo_rank_delta1	0.000405896347753961	0.000859239544022699	0.000934293673982469
vm_fechaalta_tend6	0.000403812493581095	0.00154626889284063	0.000741772553283051
mtarjeta_master_descuentos_rank_delta2	0.000403774393197939	0.000435895005734507	0.000594550519807026
vm_mconsumospesos_rank_lag1	0.000400755376305873	0.000702712615069105	0.000888994586759077
vm_msaldopesos_rank_lag1	0.00040033129662721	0.000612350439876176	0.000634187221127494
mautoservicio_rank	0.000399729971469024	0.00151905330957746	0.000645511992933342
rf_005_015	0.000396469079284785	0.000729124087609385	0.000464315644039773
Visa_mpagado_rank_delta2	0.000395891320807364	0.00124784483144472	0.00083803311363276
vmr_mpagospesos_delta1	0.000393613888847828	0.000862879503932398	0.000996579918914634
ctrx_quarter_normalizado	0.000393476014554908	0.00102218525201371	0.000634187221127494
ccajas_transacciones_tend6	0.000393382885220031	0.00124747404428809	0.000413354170913456
vm_Fvencimiento_delta1	0.000389821517435297	0.000489368722785957	0.000424678942719304
mextraccion_autoservicio_rank_tend6	0.00038756473257409	0.00121977712732617	0.000764422096894748
Master_msaldodolares_rank_lag1	0.000385742163555046	0.00084457600144886	0.00096260560349709
vm_mpagospesos_rank_lag1	0.000380377779256755	0.000760478794568452	0.000951280831691241
mextraccion_autoservicio_rank	0.0003789391721057	0.000767067483850899	0.000741772553283051
tcallcenter_tend6	0.000372141638618497	0.00126449635010611	0.000447328486331
vm_status06_delta2	0.000368877796091959	0.000586023371823356	0.000198183506602342
vmr_Visa_mlimitecompra_tend6	0.000364051215133043	0.00143300452096446	0.000758759710991824
matm_rank_delta2	0.000362978087520153	0.00095261822914137	0.000775746868700596
vm_mconsumototal_rank_delta1	0.000362500231823462	0.000705099329597417	0.000815383570021064
matm_other_rank_lag2	0.000362127752492278	0.000811834480776899	0.000883332200856153
vmr_mpagospesos_lag1	0.000361842418831426	0.000693366292998133	0.000945618445788317
Master_mpagado_rank_tend6	0.000361226294460926	0.000987490733690446	0.000917306516273697
ctarjeta_visa_debitos_automaticos_tend6	0.000358316706988875	0.0014785936422458	0.00041901655681638
Visa_msaldodolares_rank_tend6	0.000352228978280416	0.0011129070443379	0.000707798237865507
vmr_mconsumospesos_delta1	0.000350061749852167	0.000984898160314337	0.000787071640506444
mpagomiscuentas_rank_delta2	0.000349424427741928	0.00106337765727706	0.000300106452854975
rf_005_022	0.000347721175394668	0.00092828021222549	0.000254807365631583
rf_013_026	0.000347673928046426	0.000837183647195716	0.000730447781477203
Master_mpagado_rank_lag2	0.000338675354160697	0.000782899841097946	0.00080972118411814
mcuenta_debitos_automaticos_rank_delta1	0.000338119434790831	0.00118854812248356	0.000447328486331
vm_mpagado_rank_tend6	0.000336411254270111	0.000736412476720317	0.000368055083690064
thomebanking_delta1	0.000333291392828112	0.000896620505888309	0.000407691785010532
rf_010_021	0.000332022830226706	0.000545287390577789	0.000447328486331
cproductos_delta2	0.000331887323918337	0.00110374460815403	0.000175533962990646
mautoservicio_rank_lag1	0.000329974156407822	0.0010089173070929	0.000702135851962583
Visa_mpagado_rank	0.000327844081358822	0.000872886089873749	0.000690811080156735
rf_020_025	0.000324648456626172	0.000977865213426718	0.000736110167380127
mautoservicio_rank_delta1	0.000324055823619729	0.00114180114678864	0.000702135851962583
vm_mconsumosdolares_rank_lag2	0.000323726751078381	0.000990365179772428	0.000554913818486558
vmr_mconsumosdolares_lag1	0.000322388693564984	0.000991211296083666	0.00078140925460352
Master_msaldodolares_rank_tend6	0.000322092670891821	0.000855180681940998	0.000815383570021064
cprestamos_personales_delta2	0.000320737566263018	0.000939587109734928	0.000135897261670177
ctarjeta_debito_tend6	0.000319599787059198	0.00291636577126775	0.000356730311884216
matm_other_rank_delta2	0.0003171911308422	0.00102112126776637	0.000696473466059659
vmr_mconsumosdolares_lag2	0.000314960076370676	0.000588566204499648	0.000679486308350887
ctarjeta_debito_transacciones_delta2	0.000314807597681561	0.0009054853107155	0.000537926660777785
ctransferencias_recibidas_delta2	0.000312476302492486	0.000887696809331129	0.000464315644039773
mpagomiscuentas_rank_delta1	0.000311364727699341	0.00102404629361111	0.000356730311884216
catm_trx_tend6	0.000308974395735719	0.00152961401792748	0.000413354170913456
ctarjeta_master_transacciones_tend6	0.000307423956663377	0.00120635893769795	0.000413354170913456
cmobile_app_trx	0.000304976527499698	0.000948750306319591	0.000407691785010532
ccaja_ahorro_lag2	0.000304680169846553	0.00088783242287855	0.00018119634889357
rf_009_018	0.000303413481255607	0.000842887964141076	0.00057190097619533
vmr_mconsumosdolares	0.0003030308334481	0.000875189842054027	0.000588888133904102
Master_mpagado_rank_delta1	0.000302416409508497	0.00118194973153589	0.000775746868700596
mtarjeta_master_consumo_rank_tend6	0.000296460744862887	0.00115415794802049	0.000339743154175443
rf_003_023	0.000295631032928017	0.000813594336628067	0.000634187221127494
rf_004_015	0.000292157142945425	0.000428606301974974	0.000436003714525152
Visa_status_tend6	0.000292050615846787	0.000884746926246841	0.000515277117166089
vm_fultimo_cierre_delta2	0.000288809164637885	0.00042896421475964	0.000679486308350887
cprestamos_personales_lag1	0.000287763059666403	0.000552392811526714	8.49357885438608e-05
vmr_mconsumosdolares_tend6	0.000287733808278397	0.00113904694891402	0.00060021290570995
internet_delta2	0.000285377306888826	0.00094998758328443	0.000135897261670177
ctransferencias_recibidas_lag2	0.000283532493120976	0.000984385466638251	0.000532264274874861
vm_mpagado_rank_delta2	0.000278195440767852	0.00110752831003336	0.000311431224660823
mttarjeta_visa_debitos_automaticos_rank_lag1	0.000277785173852095	0.000414828573877646	0.000662499150642115
mextraccion_autoservicio_rank_lag1	0.000274741448008951	0.000668385606312863	0.000617200063418722
tcallcenter_lag1	0.000273212102327108	0.000624225278112052	0.000549251432583634
mtarjeta_master_consumo_rank_delta1	0.000268524588583445	0.000960276356580256	0.000345405540078367
rf_006_022	0.000267861675241541	0.000730338814757754	0.000481302801748545
ccallcenter_transacciones_lag2	0.00026751269584571	0.000521030788987652	0.000220833050214038
rf_008_017	0.00026627685244111	0.000503403885881076	0.000583225748001178
Visa_mpagado_rank_delta1	0.000262065316492845	0.000958819402449854	0.000503952345360241
Visa_mpagado_rank_lag1	0.000254969936403361	0.000581674089082098	0.000622862449321646
ccajas_extracciones_tend6	0.000252171664485134	0.0020515316439996	0.000351067925981292
mpayroll_sobre_edad_rank_lag2	0.000249494881874916	0.0011945327651125	0.000554913818486558
vm_status05	0.000248566461911295	0.000366278740355967	0.000430341328622228
rf_017_023	0.00024729554920059	0.000739146143773663	0.000537926660777785
ccajas_otras_tend6	0.000246449496644939	0.00134013087307256	0.00018119634889357
cproductos_lag1	0.000245854089009481	0.000574850803046214	9.6260560349709e-05
vm_status01_lag2	0.000245629917612256	0.00129781302220164	0.000424678942719304
rf_018_015	0.000244824404532839	0.000438537529576169	0.000486965187651469
rf_016_017	0.000244760957241373	0.000525810694561334	0.000215170664311114
cextraccion_autoservicio_lag2	0.000240984698476552	0.000550668930499029	0.00041901655681638
vm_mconsumosdolares_rank_lag1	0.000240457394803115	0.00094736776658354	0.000515277117166089
cextraccion_autoservicio	0.000240174924815968	0.000559649421128853	6.79486308350887e-05
matm_rank_tend6	0.000238656195114894	0.00077160655214054	0.000452990872233925
mextraccion_autoservicio_rank_delta1	0.00023804000058946	0.00111838415877197	0.000475640415845621
ctarjeta_visa_debitos_automaticos_lag2	0.00023576403167261	0.000607999505229757	0.000385042241398836
mtarjeta_visa_descuentos_rank_delta1	0.000234485544250419	0.000508489157922906	0.00057190097619533
ctarjeta_debito_transacciones_delta1	0.00023429414728361	0.0015592366367745	0.000260469751534507
Master_status_tend6	0.000233742562824516	0.000536828797095657	0.000566238590292406
rf_008_022	0.000233052784423496	0.000732466206396664	0.000464315644039773
rf_005_008	0.000231094134009823	0.000621397242698851	0.000226495436116962
catm_trx_other_tend6	0.000230573518574684	0.00112048986587807	0.00039070462730176
Visa_status_lag2	0.000228569499749867	0.00113758121084348	0.000424678942719304
rf_011_025	0.000228308526691941	0.000628813195597139	0.000532264274874861
rf_012_014	0.000225535629778788	0.000576708907923328	0.000436003714525152
minversion2_rank	0.000223206049951641	0.0011649756193954	0.000124572489864329
vmr_mpagado_delta2	0.000221788921347008	0.000870256361741899	0.000288781681049127
matm_rank_delta1	0.000218682978170053	0.000893681347077203	0.000447328486331
rf_014_019	0.00021821527709024	0.000566835444561299	0.000288781681049127
rf_020_022	0.000215104794592758	0.000649134592006123	0.00036239269778714
ccajas_depositos_delta2	0.000212990076953829	0.000917236020077925	0.000266132137437431
ctarjeta_visa_debitos_automaticos_delta2	0.000209019443437682	0.000581195901869353	0.000345405540078367
vm_mconsumosdolares_rank_tend6	0.000206176427280829	0.000557632602252796	0.000373717469592988
mv_status07_rank_tend6	0.000204438829039135	0.000460305549153127	0.000198183506602342
matm_other_rank_tend6	0.000204089270644468	0.000888342048730768	0.000254807365631583
vm_status05_delta2	0.000203494348834424	0.00068535182601759	0.000175533962990646
mplazo_fijo_dolares_rank_lag2	0.000199138086715668	0.00117721804586045	0.000300106452854975
rf_011_023	0.000195868463077853	0.000419924176881906	0.000186858734796494
mcheques_emitidos_rank_lag1	0.000186369240884154	0.00169686506273836	0.00018119634889357
mpayroll_sobre_edad_rank_lag1	0.000186288566038559	0.000950402683452493	0.000317093610563747
vm_cconsumos_lag1	0.000186217226993194	0.000493577174057147	0.000328418382369595
mtarjeta_visa_descuentos_rank_lag1	0.00018561980437345	0.000491089037796153	0.000300106452854975
Master_msaldodolares_rank_delta1	0.000181172394014109	0.000294355681193996	0.000503952345360241
vm_cconsumos_delta2	0.00017994862337913	0.000706299346923648	0.000260469751534507
mtarjeta_master_consumo_rank	0.000178281655100504	0.000807622279943203	0.000441666100428076
vmr_msaldodolares_tend6	0.000174587557348167	0.00125939392971548	0.000322755996466671
vm_mconsumosdolares_rank_delta2	0.000173893382439552	0.00058439606169574	0.000305768838757899
cforex_tend6	0.000173591337026397	0.00163604403862527	0.000277456909243279
cproductos	0.000171411707811717	0.000181466711320617	2.83119295146203e-05
mplazo_fijo_dolares_rank_delta1	0.000171068049220524	0.000932875969704907	0.000135897261670177
rf_008_023	0.000170422809750284	0.000659966579892421	0.000356730311884216
rf_015_020	0.000169302908939391	0.00106517280621307	0.000141559647573101
mv_status07_rank	0.000169195243266666	0.00067802583639873	0.000288781681049127
rf_017_018	0.000168809830593611	0.000475027747470504	0.000232157822019886
cprestamos_personales_lag2	0.000168788997919174	0.000594295404905275	0.000101922946252633
rf_018_018	0.000166828228803891	0.000478482667781566	0.000311431224660823
vm_status03_tend6	0.000166620508626129	0.000565399204797189	0.000107585332155557
mforex_sell_rank_tend6	0.000163884794248534	0.00128981300283606	0.000249144979728658
vmr_mconsumosdolares_delta2	0.000163654602923717	0.000587637414268259	0.000351067925981292
ccuenta_debitos_automaticos_tend6	0.000163533118463385	0.00129820853549423	0.000220833050214038
ctarjeta_master_transacciones_delta2	0.000161107389078968	0.000793532236887769	0.000345405540078367
rf_020_012	0.000154247354467412	0.00116269609515747	0.000101922946252633
active_quarter_lag1	0.000153594798641883	0.000420684944759877	0.000447328486331
mpayroll_rank	0.000153515588391743	0.00137782268153614	0.000249144979728658
rf_012_018	0.000147216812201239	0.000507491276102683	0.000294444066952051
vmr_mpagado_lag2	0.000145965777403683	0.000478066335239813	0.000271794523340355
vmr_msaldodolares2_tend6	0.000145764265837226	0.000680129681833931	0.000311431224660823
vm_mpagado_rank_lag2	0.000145396371566245	0.000542046169108854	0.000305768838757899
rf_010_015	0.00014511929387834	0.00047371304072888	0.000368055083690064
ctarjeta_visa_transacciones_delta1	0.000143630766515956	0.00120273203570523	0.00020950827840819
cforex_buy_tend6	0.000140954910943643	0.00115570394770523	0.00015288441937895
rf_014_020	0.000139749134344775	0.000704725055085452	7.92734026409368e-05
mv_status07_rank_delta2	0.000135151653010168	0.000578851691123014	0.00023782020792281
rf_012_015	0.000133716625444268	0.000584472311540268	0.000232157822019886
minversion2_rank_lag1	0.000128845709578012	0.000740240412948937	9.6260560349709e-05
ccajas_otras_delta2	0.000128636931718155	0.000559955154687037	0.00023782020792281
mv_status07_rank_lag2	0.000127902148493819	0.000714855219265201	0.000345405540078367
matm_other_rank_lag1	0.00012545995084035	0.000449065330926575	0.000226495436116962
mv_status07_rank_delta1	0.000125175283449665	0.00132935415845733	0.000283119295146203
cproductos_lag2	0.000122237940463205	0.00050632885928438	0.000198183506602342
vm_mpagado_rank_delta1	0.000120044992233871	0.000598883689480397	0.000169871577087722
vmr_msaldodolares_lag2	0.000119844882898382	0.000679909716240483	0.000243482593825734
vmr_mpagosdolares_tend6	0.000119241477563739	0.000696692154940981	0.000169871577087722
vmr_mpagado_lag1	0.00011918424438085	0.000484687747976857	0.000232157822019886
rf_013_022	0.000118944408748795	0.000782817822695716	0.000147222033476025
catm_trx_delta2	0.000114817551965452	0.000996004390677911	0.000294444066952051
ctarjeta_debito_lag1	0.000114219291967913	0.000826572201758637	0.000158546805281874
mttarjeta_master_debitos_automaticos_rank_lag1	0.000112184331637631	0.000321025873547193	0.000192521120699418
mforex_buy_rank_tend6	0.00011047105811956	0.00176785238317898	0.000186858734796494
mv_status07_rank_lag1	0.000109376394097329	0.000867798090877369	0.000243482593825734
vmr_mpagado	0.000107282882257894	0.000785524246424281	0.000220833050214038
rf_009_020	0.000107195038868977	0.000473270199042416	0.000249144979728658
mtarjeta_visa_descuentos_rank	0.000105888479242636	0.000641108011054407	0.000220833050214038
rf_010_018	0.000105395297355011	0.000370942199726227	0.000215170664311114
vm_mpagosdolares_rank_lag2	0.000104917751496205	0.000311458248626215	0.000124572489864329
vmr_msaldodolares2_delta2	0.00010464092694057	0.000718067624166346	0.000192521120699418
vmr_mconsumosdolares_delta1	0.000102110113381496	0.000530512829488911	0.00023782020792281
vm_cconsumos	0.000101286396716581	0.000541675565497244	0.000175533962990646
mforex_sell_rank_lag2	0.000100317639385029	0.000537193212618097	0.000198183506602342
ccomisiones_mantenimiento_lag2	9.74880867766184e-05	0.000348238021896453	9.05981744467849e-05
rf_003_018	9.71926285505662e-05	0.000411238197343465	0.000135897261670177
mtarjeta_master_descuentos_rank_lag2	9.62539765121032e-05	0.000329470412725106	0.000203845892505266
vmr_msaldodolares2_lag2	9.27574982920407e-05	0.000861428921436185	0.000220833050214038
catm_trx_other_lag2	9.23446449916918e-05	0.000198142772572954	0.000192521120699418
ccajas_consultas_delta1	9.23286187974519e-05	0.000707700844237964	8.49357885438608e-05
rf_012_021	9.19967350020265e-05	0.000261396921883137	0.000175533962990646
vm_mpagado_rank_lag1	9.16887071445238e-05	0.00065366461414846	0.00018119634889357
vm_msaldodolares_rank_lag2	8.95588464131265e-05	0.000478695239132869	0.000158546805281874
ctarjeta_visa_descuentos_lag2	8.88390525934509e-05	0.000300118601441462	0.000203845892505266
rf_007_015	8.80365997350926e-05	0.000259627364366742	0.000271794523340355
ctransferencias_emitidas_delta1	8.77040774731738e-05	0.000712274602535965	0.000118910103961405
vmr_mpagado_delta1	8.71000866294559e-05	0.000817244443955178	0.00018119634889357
ctarjeta_debito_transacciones_lag1	8.70404034208939e-05	0.000371783727412021	0.000164209191184798
ctarjeta_debito_lag2	8.60616086992194e-05	0.000651673124484855	0.000141559647573101
vm_msaldodolares_rank_tend6	8.52301442802459e-05	0.000768883792905393	0.00020950827840819
vm_mpagosdolares_rank_tend6	8.50308389980756e-05	0.000702353181482862	0.00018119634889357
vmr_msaldodolares_delta1	8.43318948350822e-05	0.000719584597517561	0.000130234875767253
vmr_msaldodolares_lag1	8.26574210822444e-05	0.000447986453312078	0.000186858734796494
mttarjeta_master_debitos_automaticos_rank_delta1	7.92113797981271e-05	0.000666449652127495	0.000141559647573101
ctransferencias_recibidas_delta1	7.86332318604545e-05	0.000655327479568091	0.000118910103961405
rf_004_023	7.85869770219141e-05	0.000427023409741659	0.000113247718058481
ctransferencias_recibidas_lag1	7.80194748785372e-05	0.000801526277929905	0.000130234875767253
ccomisiones_mantenimiento_delta2	7.67034126112433e-05	0.000506864784515574	9.6260560349709e-05
ccomisiones_mantenimiento_lag1	7.65072275972035e-05	0.000395778672468957	6.22862449321646e-05
vmr_mpagosdolares_delta2	7.39829507193232e-05	0.000629932610439847	0.00015288441937895
rf_010_022	7.32765633063034e-05	0.000457895943939025	0.000169871577087722
cseguro_accidentes_personales_lag1	7.21525339711979e-05	0.000581603607795271	0.000113247718058481
rf_005_016	7.10011734511974e-05	0.000603232474028037	0.000164209191184798
cforex_sell_tend6	6.8808243785789e-05	0.00096116033560659	0.000135897261670177
internet_delta1	6.74704610563121e-05	0.000813530174533996	0.000118910103961405
mttarjeta_master_debitos_automaticos_rank	6.59860276166654e-05	0.000794822532142029	0.000158546805281874
vm_mpagado_rank	6.4483361258079e-05	0.000336873569913583	0.000118910103961405
cseguro_vivienda_tend6	6.42488083568322e-05	0.000480744597918507	6.22862449321646e-05
mttarjeta_master_debitos_automaticos_rank_tend6	6.03612214112377e-05	0.00049042987519588	0.000101922946252633
cextraccion_autoservicio_lag1	6.02110479295036e-05	0.000550268618815256	9.05981744467849e-05
mcaja_ahorro_adicional_rank	5.87304073616131e-05	0.000841171634679838	8.49357885438608e-05
catm_trx_lag1	5.85673011583343e-05	0.00029198485642008	8.49357885438608e-05
ccallcenter_transacciones_delta1	5.84847248839755e-05	0.000695210212467444	0.000113247718058481
cliente_edad_tend6	5.57763803993268e-05	0.000798492357448191	0.000113247718058481
ctarjeta_master_debitos_automaticos_tend6	5.51838186370555e-05	0.000933473697165658	0.000113247718058481
ccomisiones_mantenimiento	5.38204673851258e-05	0.000229000544506747	2.26495436116962e-05
rf_013_018	5.36589099868474e-05	0.000287970123804796	0.000101922946252633
cpagomiscuentas_delta2	5.33896579385629e-05	0.000621351539989425	9.05981744467849e-05
mforex_buy_rank_delta2	5.08999056780661e-05	0.000413849623414971	5.66238590292406e-05
vm_mpagosdolares_rank_delta1	5.0657332737354e-05	0.000305191654629251	9.05981744467849e-05
rf_020_016	4.83589611500945e-05	0.000548050949248316	7.36110167380127e-05
cpagomiscuentas_lag2	4.72467121338055e-05	0.000380993465769049	8.49357885438608e-05
ctransferencias_emitidas_lag2	4.71591904464353e-05	0.000411568132623278	0.000107585332155557
cliente_edad_delta2	4.61413081732805e-05	0.000186179832728545	7.92734026409368e-05
cplazo_fijo_lag2	4.50018580194326e-05	0.000578783281272817	7.36110167380127e-05
mcaja_ahorro_adicional_rank_lag2	4.43705476089407e-05	0.000608039832692235	9.6260560349709e-05
mpagodeservicios_rank_tend6	4.33684029733366e-05	0.000215827203932245	6.22862449321646e-05
cpagomiscuentas_lag1	4.31423108023376e-05	0.000277907792619474	6.22862449321646e-05
ctarjeta_master_transacciones_lag1	4.26226133468641e-05	0.000335370545983718	8.49357885438608e-05
vmr_mpagosdolares_delta1	4.20866366685404e-05	0.000388429792164309	7.36110167380127e-05
ctarjeta_visa_debitos_automaticos_delta1	4.18904456607669e-05	9.74645545387014e-05	2.26495436116962e-05
mforex_sell_rank	4.10253012413813e-05	0.000382974991560259	6.79486308350887e-05
active_quarter_tend6	4.08061564415263e-05	0.000804240305666349	0.000113247718058481
vmr_mpagosdolares	3.99729919807807e-05	0.000253958340506229	9.6260560349709e-05
ctarjeta_master_transacciones_delta1	3.96718200947132e-05	0.00070584696089626	8.49357885438608e-05
vm_msaldodolares_rank_delta1	3.87070969947971e-05	0.000192939900616162	6.22862449321646e-05
mprestamos_prendarios_rank_delta2	3.86672879476248e-05	0.000305569888469457	6.79486308350887e-05
matm_other_rank	3.78914906632041e-05	0.000396733657196455	9.6260560349709e-05
ctransferencias_emitidas_lag1	3.48977400190436e-05	0.000568881394653749	7.92734026409368e-05
ccajeros_propios_descuentos_tend6	3.45289405000237e-05	0.000441926059032229	6.79486308350887e-05
ccuenta_debitos_automaticos_delta1	3.23019563355819e-05	8.47028267769237e-05	1.69871577087722e-05
cplazo_fijo	3.0631304969098e-05	0.000284694684300404	2.26495436116962e-05
cpagomiscuentas_delta1	2.75892117145717e-05	0.000269395866199319	4.52990872233925e-05
mcaja_ahorro_adicional_rank_delta2	2.55261824456648e-05	0.000450829854065339	6.22862449321646e-05
cseguro_accidentes_personales	2.51423381102193e-05	0.000293343771290272	4.52990872233925e-05
mcajeros_propios_descuentos_rank_tend6	2.50829949400939e-05	0.00052190779330331	5.66238590292406e-05
ccajas_consultas	2.39876864855427e-05	7.11736710751009e-05	5.66238590292406e-06
cseguro_vivienda_lag1	2.21680390692239e-05	0.000224183615280908	5.09614731263165e-05
ctarjeta_visa_debitos_automaticos_lag1	2.17706850396884e-05	0.000247380427938397	5.09614731263165e-05
ctransferencias_recibidas	2.10113024728248e-05	0.000346213415467498	2.83119295146203e-05
ctarjeta_master_debitos_automaticos_delta2	1.70313958636159e-05	0.000426746335426966	4.52990872233925e-05
active_quarter_delta1	1.68203904046356e-05	0.00040083179791196	6.79486308350887e-05
cseguro_vida	1.66335336381156e-05	7.22786120821222e-05	1.69871577087722e-05
cpayroll_trx_lag2	1.5987843602119e-05	1.08288151795615e-05	1.13247718058481e-05
ccajas_extracciones	1.31639290343918e-05	0.000142347342150202	1.13247718058481e-05
cprestamos_prendarios	1.27177458122927e-05	0.000142347342150202	1.13247718058481e-05
ctransferencias_emitidas	1.11965578176745e-05	0.000318981811346354	2.83119295146203e-05
cpayroll_trx	1.03674054663329e-05	0.000187357929535509	1.69871577087722e-05
cprestamos_personales	1.00272612009888e-05	2.85431643767498e-05	5.66238590292406e-06
catm_trx_delta1	7.49583623567267e-06	7.22829647211152e-05	2.26495436116962e-05
ccajas_otras	6.19311807800795e-06	0.000187922487789476	1.69871577087722e-05
ctarjeta_visa_debitos_automaticos	5.60926739031546e-06	0.000206267654992049	1.69871577087722e-05
catm_trx	4.28506526942537e-06	0.000135140184819995	1.13247718058481e-05
cpagomiscuentas	3.79002373369285e-06	0.000210522044959117	1.69871577087722e-05
ctarjeta_debito	2.6668312797424e-06	5.0081070942848e-05	5.66238590292406e-06
ctarjeta_master_debitos_automaticos_lag1	1.92492074927442e-06	3.21698041623011e-05	5.66238590292406e-06
mpagodeservicios_rank_delta2	9.96164168355732e-07	6.72289739944577e-05	5.66238590292406e-06
