Feature	Gain	Cover	Frequency
cdescubierto_preacordado_tend6	0.0755712745716067	0.00421514173513094	0.000413269927536232
active_quarter_lag1	0.0283126083596634	0.00358486042468197	0.000390625
rf_017_015	0.0227328394074292	0.00138750330745348	0.0018455615942029
mtarjeta_visa_consumo_rank_lag2	0.0202492560383847	0.00221247987440983	0.00302875905797101
rf_020_027	0.018396297559764	0.00148678762999599	0.00127377717391304
mcaja_ahorro_rank_lag2	0.017588596685628	0.00202768234249848	0.00157948369565217
rf_020_017	0.0168613055869008	0.00140748226032104	0.00108129528985507
mpayroll_sobre_edad_rank_lag1	0.01480519627185	0.00205999383486039	0.000498188405797102
vm_status05_delta2	0.0114408327107279	0.000803441870921192	0.000288722826086957
rf_012_013	0.0106706236485384	0.000665793649503075	0.000645380434782609
rf_003_026	0.00990068273344836	0.000876817779715477	0.000458559782608696
ctrx_quarter_normalizado_lag1	0.00984372760548166	0.00114634665054243	0.000622735507246377
vm_mconsumospesos_rank	0.00945685406753036	0.000789726297600876	0.000877490942028986
ctrx_quarter_normalizado	0.00913307305161227	0.00147055776098016	0.000860507246376812
matm_rank_lag1	0.00827657531103651	0.0010141598654619	0.000492527173913044
mpayroll_rank_lag2	0.00801817382453878	0.000835524565223677	0.000458559782608696
mprestamos_personales_rank	0.00762460453700301	0.00280819801536444	0.000435914855072464
vmr_msaldopesos_lag2	0.00743932997513318	0.00122335246119723	0.00162477355072464
vmr_msaldopesos	0.00733789001606172	0.00085079334648064	0.00131340579710145
rf_006_022	0.00706084495451781	0.00104691188687242	0.000651041666666667
mcuentas_saldo_rank	0.00653789414753028	0.00325713963983098	0.000962409420289855
rf_010_016	0.00620451996165888	0.000843713648702874	0.000407608695652174
rf_006_015	0.00610476019604772	0.00171097486227213	0.00122848731884058
mpasivos_margen_rank	0.00546529539403676	0.00184415731357082	0.00155683876811594
vm_msaldopesos_rank_lag1	0.00521773772662312	0.0011248192204269	0.00123414855072464
mcaja_ahorro_rank_lag1	0.00471194371448205	0.0016069536044438	0.000888813405797101
rf_018_026	0.00468109585358766	0.00156359801877619	0.001953125
mprestamos_personales_rank_tend6	0.00452188179894488	0.00252736334744277	0.000503849637681159
Visa_mconsumospesos_rank_lag1	0.00446380815528837	0.00223662376741464	0.00435914855072464
mcuenta_corriente_rank	0.00437971092026888	0.00252036305205301	0.00151154891304348
mpayroll_rank	0.00416652254609028	0.00138147241119828	0.000249094202898551
rf_012_020	0.00415626688137137	0.00106903752694729	0.000407608695652174
rf_017_027	0.00403488174135529	0.000969842042033745	0.000696331521739131
cproductos_tend6	0.00402593826732875	0.00324543165578876	0.000469882246376812
mprestamos_personales_rank_delta1	0.00390190250159185	0.00448185537573458	0.000690670289855073
rf_009_019	0.003897169958729	0.00110504888831675	0.00199275362318841
rf_005_020	0.00387858110265633	0.00134661727196188	0.00253057065217391
vm_status01	0.00383950991369353	0.00141142979786996	0.000815217391304348
mcomisiones_otras_rank_delta2	0.00365668737172207	0.00296442765012127	0.00634057971014493
mpayroll_rank_lag1	0.00353635780990575	0.00168025931086345	0.000492527173913044
mcuenta_corriente_rank_delta2	0.00345964168282694	0.00183618788041049	0.00129642210144928
ctarjeta_visa_transacciones	0.00345509641368131	0.000970737997879881	0.000481204710144928
vm_status02_tend6	0.00327618335160669	0.00172726092455136	0.00122282608695652
Visa_fultimo_cierre_delta2	0.00327400595198419	0.000780514993319514	0.000877490942028986
foto_mes	0.00313808202680205	0.00380700057557722	0.000815217391304348
rf_015_016	0.00312646351239892	0.00100574676688476	0.000917119565217391
Visa_mconsumototal_rank_delta2	0.00311009104517292	0.00214763039162993	0.00441009963768116
mrentabilidad_rank	0.00309754340949281	0.00240556708881006	0.00301177536231884
mcuentas_saldo_rank_delta2	0.00307153897557109	0.00256038297946907	0.00313066123188406
mrentabilidad_annual_rank_delta1	0.00304156002550686	0.00202898560802683	0.00405344202898551
Visa_mpagospesos_rank_lag1	0.00303456375921506	0.00125104050252899	0.00267776268115942
mcomisiones_mantenimiento_rank_tend6	0.00297238371159419	0.0021780048368616	0.00102468297101449
mprestamos_personales_rank_lag1	0.00292670553486788	0.00227487405135258	0.000509510869565217
Visa_mconsumospesos_rank	0.00288653120279755	0.00158862260396862	0.00304574275362319
Visa_mpagospesos_rank	0.00280603452482821	0.00173876548898008	0.00271173007246377
mrentabilidad_annual_rank_delta2	0.0027411903568621	0.00282825869675973	0.00528192934782609
mprestamos_personales_rank_delta2	0.00273330296979703	0.00341306847074204	0.000617074275362319
mrentabilidad_annual_rank_lag2	0.00271824073192649	0.00367786351651496	0.00572350543478261
Master_mlimitecompra_rank_delta1	0.00268659672697702	0.00233774385853127	0.00489696557971015
mcuentas_saldo_rank_tend6	0.0026137662138243	0.00289591073360817	0.00200407608695652
ctrx_quarter_normalizado_delta1	0.00258441758600226	0.00145164172329202	0.000701992753623188
mactivos_margen_rank_delta2	0.00254075641334176	0.00363841652515791	0.00591598731884058
mextraccion_autoservicio_rank	0.00249281471835828	0.000914441469561958	0.000566123188405797
ctrx_quarter_delta1	0.00244328006836622	0.00130514983221716	0.000934103260869565
mcaja_ahorro_rank_delta2	0.00238429564060085	0.00249937484203847	0.00143229166666667
mrentabilidad_annual_rank_lag1	0.00230222715920734	0.00204322539915362	0.0022758152173913
vm_status04	0.00226770229496071	0.000612281562727392	0.000685009057971015
Master_Fvencimiento_tend6	0.0022670077315635	0.00171589135463679	0.001953125
ctarjeta_visa_transacciones_tend6	0.00226690783239564	0.00182752047464599	0.00110960144927536
mcuenta_debitos_automaticos_rank	0.00225835863790153	0.00131144611749399	0.000452898550724638
mcuenta_debitos_automaticos_rank_lag1	0.0022351859671251	0.00166548772237373	0.000690670289855073
mcomisiones_otras_rank_lag1	0.00223270376031034	0.00186620888308361	0.00306838768115942
rf_001_025	0.0021903923741988	0.00102779807503354	0.00226449275362319
vm_Finiciomora	0.00218544221293157	0.00371126549795996	0.00047554347826087
Visa_mpagospesos_rank_tend6	0.00218064277422139	0.00221151097186689	0.00430819746376812
vmr_msaldototal_lag1	0.00214878460767068	0.001345695754715	0.00155117753623188
Visa_msaldopesos_rank_lag2	0.00211895765857153	0.00124858841146923	0.00189651268115942
mrentabilidad_rank_lag1	0.0020834078486039	0.00253834220429013	0.00317595108695652
mcomisiones_rank_delta1	0.00207567722580807	0.00300010522350616	0.00514039855072464
ccomisiones_mantenimiento_tend6	0.00206838783608702	0.00264733214887707	0.000458559782608696
Visa_delinquency_tend6	0.0020680398407582	0.0012228918593922	0.000696331521739131
cprestamos_personales_tend6	0.00202265247061269	0.00285383622366397	0.000350996376811594
mrentabilidad_rank_delta2	0.00198110957102148	0.00292494153257106	0.00534420289855073
mcomisiones_rank_delta2	0.00194063714093077	0.00264540312562212	0.00541779891304348
mcuentas_saldo_rank_delta1	0.00193353780034879	0.00238842100823687	0.0018851902173913
mcuenta_corriente_rank_tend6	0.00191980641698797	0.00344389235753527	0.00148890398550725
Master_mlimitecompra_rank_tend6	0.00190092971019117	0.00267478707964314	0.0049026268115942
ctrx_quarter_delta2	0.00188667479695137	0.00157878520218743	0.00165307971014493
mcomisiones_rank_lag2	0.00187549561299367	0.00256269738396531	0.00477241847826087
mcomisiones_otras_rank_lag2	0.00185123460940654	0.00218030450042735	0.00410439311594203
rf_010_023	0.00184283335824163	0.00116386073164985	0.00307404891304348
Visa_mconsumototal_rank	0.00183987489591614	0.00239873709821298	0.00395153985507246
rf_001_017	0.00183683678204783	0.00131954991789483	0.00220788043478261
mtarjeta_visa_consumo_rank_delta2	0.00181911149538841	0.001705474665651	0.001953125
mpasivos_margen_rank_delta2	0.00177996579637737	0.00264952768501893	0.00547441123188406
mactivos_margen_rank_lag1	0.00176834453132112	0.00268876574198176	0.00165874094202899
Visa_mconsumospesos_rank_delta1	0.00175086472574098	0.00189822317842316	0.00428555253623188
Visa_fechaalta	0.0017479176468062	0.00217731705745404	0.00287590579710145
vm_status02	0.00173893017811945	0.00185868050169993	0.000922780797101449
Master_mfinanciacion_limite_rank_lag2	0.00172628169231596	0.00235718408788948	0.00424026268115942
Master_Fvencimiento_lag1	0.00172557992426223	0.00189017996220118	0.00324388586956522
Visa_mfinanciacion_limite_rank_delta2	0.00171952832592035	0.00233523431966084	0.00463088768115942
chomebanking_transacciones_delta1	0.00169804472645817	0.0031707387075825	0.00306272644927536
Visa_cconsumos_tend6	0.00168999109602002	0.00242393337342738	0.00345901268115942
vm_Fvencimiento_delta2	0.00168104232268334	0.000324346523134315	0.000345335144927536
Visa_mpagospesos_rank_delta1	0.00166667742463247	0.00200420801182933	0.00425724637681159
Master_mfinanciacion_limite_rank_delta2	0.00166539041975082	0.00214510697433026	0.00463654891304348
cdescubierto_preacordado	0.00166105782078781	0.00289670802453835	0.000588768115942029
vm_mpagospesos_rank	0.00165790563101855	0.000890381631224626	0.00105298913043478
mprestamos_personales_rank_lag2	0.00165030295573333	0.00236570246389218	0.000701992753623188
mcomisiones_rank_lag1	0.00164374277299768	0.00264548485414986	0.00339107789855072
Master_mpagospesos_rank	0.00163543036587049	0.0013848340751694	0.00178328804347826
Master_fechaalta	0.00161678815864303	0.00222813876759677	0.00400815217391304
Visa_fechaalta_lag1	0.00161648528538845	0.00231691510670277	0.00334578804347826
mpasivos_margen_rank_lag2	0.00161535099348297	0.00206048180147787	0.00395720108695652
mcomisiones_otras_rank_delta1	0.00161210569039183	0.00176683350131799	0.00306838768115942
mpayroll_rank_delta2	0.00160644611553673	0.00169032869934506	0.000469882246376812
ccaja_ahorro_tend6	0.00159632198296974	0.00297232175817225	0.000271739130434783
Visa_mconsumospesos_rank_tend6	0.0015909188735804	0.00198345965557208	0.00404211956521739
mpasivos_margen_rank_delta1	0.00158857344584044	0.00256115494422612	0.00380434782608696
mcuenta_corriente_rank_delta1	0.00158778762677066	0.00113511996833529	0.000775588768115942
Master_mlimitecompra_rank_lag2	0.00157204501314069	0.00153570472828284	0.00296082427536232
chomebanking_transacciones_lag1	0.0015714515379389	0.00162210782985265	0.0024513134057971
rf_012_015	0.00154755824141206	0.000703159451475174	0.000243432971014493
Master_mpagominimo_rank	0.00154723818131439	0.00143897356626499	0.00219655797101449
Master_mfinanciacion_limite_rank_lag1	0.00154657244734062	0.00190449625457539	0.00380434782608696
Visa_cconsumos	0.00152629909073524	0.00175644796692288	0.00298913043478261
Visa_mpagominimo_rank	0.00152320489274564	0.00165726975817078	0.00254755434782609
vmr_mpagominimo_delta1	0.00152105924171033	0.00134358999711257	0.00164741847826087
mrentabilidad_rank_delta1	0.00151897738311944	0.00201662609576605	0.00376471920289855
rf_017_021	0.00150636593468954	0.00141915702499685	0.00124547101449275
ctarjeta_debito_transacciones_tend6	0.00150470042499261	0.00197991890497734	0.000481204710144928
mactivos_margen_rank_lag2	0.00149351153010788	0.00363024730534392	0.00375905797101449
Visa_mconsumototal_rank_tend6	0.00149289909639798	0.00230173714944129	0.00453464673913044
vm_fechaalta_lag2	0.00147215350399234	0.00187075601582115	0.00268342391304348
rf_015_027	0.00146654448041344	0.000823858347151186	0.00135869565217391
Master_mpagominimo_rank_lag2	0.00143369916020571	0.0016633274965104	0.00271739130434783
mcomisiones_rank	0.00143153665575784	0.0017430904100314	0.00287024456521739
cmobile_app_trx_lag2	0.0014312198272464	0.00296504120214834	0.00253057065217391
chomebanking_transacciones_lag2	0.00141253138120686	0.00195548578655265	0.00352128623188406
rf_013_025	0.00141241073690742	0.000981592027273298	0.00075294384057971
Visa_mfinanciacion_limite_rank_delta1	0.00140598613027928	0.00171710144389351	0.00302309782608696
mcuentas_saldo_rank_lag2	0.00139944929988086	0.00272276308451833	0.00233808876811594
mcomisiones_mantenimiento_rank_delta2	0.00139777586074527	0.0011757579693759	0.00101336050724638
Visa_mpagominimo_rank_delta2	0.0013968146992491	0.00182209602131664	0.0025192481884058
rf_015_024	0.00139638254146284	0.00109457347083661	0.00162477355072464
Visa_mconsumospesos_rank_lag2	0.00139355916851508	0.00180010461780029	0.00339673913043478
Visa_mpagominimo_rank_lag1	0.00139261510661009	0.0017040149737592	0.00266077898550725
Visa_mpagominimo_rank_lag2	0.00139023322537249	0.00209100062419187	0.00292119565217391
mpasivos_margen_rank_lag1	0.00137842229687974	0.00192850580647608	0.00265511775362319
mrentabilidad_annual_rank	0.00137315292735181	0.00207957627237959	0.00249660326086957
Visa_msaldopesos_rank_delta2	0.00137249298041476	0.00173870155934182	0.00280797101449275
Master_mlimitecompra_rank_delta2	0.00137090283149489	0.00179037876618103	0.0039741847826087
Visa_mconsumospesos_rank_delta2	0.00135524498716819	0.00166995887659188	0.00337975543478261
Visa_mlimitecompra_rank_delta1	0.00135148209128485	0.00241764976430531	0.00350430253623188
Visa_mpagominimo_rank_tend6	0.00132983505791925	0.00190924994329461	0.00250792572463768
cliente_edad_lag1	0.00132853833777784	0.00208535662508925	0.00163609601449275
rf_014_023	0.00132747808571915	0.000945000542334384	0.00150588768115942
Master_mlimitecompra_rank_lag1	0.00132654717675078	0.00157147474612012	0.00357223731884058
ctrx_quarter_normalizado_tend6	0.00131742653170561	0.00194936738562497	0.00140398550724638
Visa_Fvencimiento_lag2	0.0013171837608464	0.00168866493442973	0.00287590579710145
mcaja_ahorro_rank_delta1	0.00131593298862373	0.00257287615328753	0.00170403079710145
Visa_mpagospesos_rank_delta2	0.00131209148749663	0.00206025402273811	0.00387228260869565
Master_fechaalta_lag2	0.00131181898238029	0.00181652745186898	0.0030174365942029
mactivos_margen_rank_delta1	0.00130473523938165	0.0023428136670276	0.00332314311594203
mrentabilidad_rank_lag2	0.00130112144080363	0.00224191024668006	0.00349298007246377
Visa_mconsumosdolares_rank_lag2	0.00129201275496247	0.00204000340811254	0.00303442028985507
vm_fechaalta_lag1	0.00129052365272965	0.00154985123859239	0.00212296195652174
Master_fultimo_cierre_tend6	0.00128854775998631	0.00199982825660749	0.00245697463768116
Visa_cconsumos_delta2	0.0012869290835158	0.00155220497837301	0.00246263586956522
Master_mfinanciacion_limite_rank_delta1	0.00128265695958173	0.00210119172989563	0.003515625
ctarjeta_debito_transacciones_lag2	0.00127275838025531	0.00118628589488682	0.00108129528985507
Master_mfinanciacion_limite_rank	0.00127126836537642	0.00199395305489651	0.00322690217391304
Visa_status	0.00126988337466803	0.00132575002121385	0.000560461956521739
vm_status05_tend6	0.00126905339067308	0.000487774305840873	0.000147192028985507
mtransferencias_recibidas_rank_lag2	0.00126831661437758	0.00135051650944068	0.00221920289855072
rf_014_022	0.00125675744782927	0.00129092948657314	0.0033004981884058
Master_mpagospesos_rank_tend6	0.0012538489948606	0.00154961284847359	0.00272305253623188
mpagomiscuentas_rank_lag2	0.00125179705058425	0.00112670347202595	0.00102468297101449
Visa_mpagospesos_rank_lag2	0.00123381922473118	0.00160998804066715	0.0034476902173913
rf_019_023	0.00123233790638263	0.0012268854231443	0.00121716485507246
internet_tend6	0.00122914757781586	0.00238468028803365	0.000379302536231884
Visa_mconsumototal_rank_delta1	0.00122869712565287	0.00173863378765252	0.00335144927536232
rf_012_019	0.00121970827729987	0.0015073235495812	0.00335144927536232
thomebanking_lag2	0.00121899204110656	0.0012972559593938	0.00306838768115942
rf_011_015	0.00121690388946004	0.00107386941578004	0.00182857789855072
mv_status07_rank_tend6	0.00121447358446077	0.000725844985544669	0.000198143115942029
Master_Fvencimiento	0.00121363733536309	0.00160343716070254	0.00293251811594203
rf_005_019	0.00120987922220825	0.0011907922809743	0.00221354166666667
rf_003_027	0.00120590862632327	0.000824243127255235	0.000815217391304348
Master_mlimitecompra_rank	0.00120059496927023	0.00166664334336955	0.00316462862318841
ctrx_quarter_lag2	0.00119909692621865	0.00178770313047857	0.00201539855072464
Visa_mlimitecompra_rank_tend6	0.00119869830098352	0.00212258539390787	0.00291553442028986
ctarjeta_debito_transacciones_delta2	0.00119638333508644	0.0015532342298672	0.000826539855072464
Master_mpagospesos_rank_lag1	0.00119568831901917	0.00216170505297154	0.00226449275362319
rf_003_015	0.00119443480552386	0.0007278894794218	0.00100203804347826
internet_lag1	0.00119309473847658	0.0020425200299478	0.000249094202898551
Visa_fechaalta_lag2	0.00119153940089727	0.00161288366646171	0.00261548913043478
Visa_mpagominimo_rank_delta1	0.00119134556797723	0.00195139708629881	0.00252490942028986
rf_004_025	0.00118634850386281	0.0013984981336422	0.00330615942028986
Visa_msaldototal_rank_delta1	0.00118183584564101	0.00189352918524514	0.00275135869565217
thomebanking_lag1	0.0011779221561902	0.00149767532307464	0.00248528079710145
Visa_msaldopesos_rank	0.00117454930255615	0.00150293872389747	0.00243999094202899
Master_mfinanciacion_limite_rank_tend6	0.00117390900669906	0.0018730524123367	0.00296648550724638
vmr_Master_mlimitecompra_lag2	0.00116703258428405	0.00189390735283959	0.0026268115942029
vm_Fvencimiento_tend6	0.0011657371574087	0.00112945963398169	0.00107563405797101
Visa_Fvencimiento	0.00116049087193379	0.00145847537298532	0.00226449275362319
vm_fechaalta	0.00115872885379947	0.00179136243579087	0.00230978260869565
Visa_msaldototal_rank_lag2	0.00115492333030361	0.00151885670723325	0.00240036231884058
vm_cconsumos_tend6	0.00115188668927177	0.00139559636579328	0.000979393115942029
vm_Fvencimiento	0.00114712910751585	0.0017018220251211	0.00243432971014493
vm_mlimitecompra_rank_delta1	0.00114330382189273	0.00168982478952261	0.00319859601449275
vm_mpagospesos_rank_delta2	0.00113529625835265	0.00119588992473831	0.00166440217391304
Visa_mconsumosdolares_rank_tend6	0.00113218323517422	0.0019377859279028	0.00276268115942029
Visa_Fvencimiento_lag1	0.00113175631031123	0.00184230087110305	0.00250226449275362
mcomisiones_otras_rank_tend6	0.00113119962155732	0.00162683708103639	0.00233242753623188
vmr_msaldopesos_tend6	0.00112962558641256	0.00119437124298814	0.00135869565217391
mcomisiones_mantenimiento_rank	0.00112924551592797	0.00203128289318003	0.00185688405797101
ctrx_quarter_normalizado_delta2	0.00112678206224206	0.00187602035755443	0.00242866847826087
vmr_mpagominimo	0.00112503033351784	0.00091691661292791	0.00164741847826087
Visa_cconsumos_lag1	0.00112282068151163	0.00155896680523477	0.00289855072463768
Visa_mlimitecompra_rank_lag1	0.00111849209140947	0.00161177833190252	0.00261548913043478
mcaja_ahorro_rank_tend6	0.00111832722484175	0.00196897541068132	0.00185122282608696
Visa_msaldototal_rank_tend6	0.00111414926331086	0.00173593081327401	0.00253623188405797
vm_Fvencimiento_lag1	0.00111355481055302	0.00184079039618298	0.00247395833333333
Visa_mlimitecompra_rank_delta2	0.0011132826183883	0.00151845878051921	0.00304008152173913
mtarjeta_visa_consumo_rank_delta1	0.00110697919035308	0.00139965422509326	0.00111526268115942
Master_fechaalta_lag1	0.00110523478130618	0.00203728104052405	0.00265511775362319
chomebanking_transacciones	0.00110036757139947	0.0019461553786893	0.00225883152173913
rf_006_021	0.00109852913352631	0.0012095156933828	0.0037307518115942
cliente_edad_lag2	0.001095586215772	0.00219235994179215	0.00172101449275362
mpayroll_sobre_edad_rank_tend6	0.00109253603836228	0.00146506663369038	0.000543478260869565
chomebanking_transacciones_delta2	0.00109113908542128	0.00278499422258803	0.00296082427536232
Master_mconsumototal_rank	0.00108755760473688	0.00176244046880416	0.00282495471014493
ccallcenter_transacciones_tend6	0.00108223852039199	0.00222015621396285	0.000707653985507246
vmr_Master_mlimitecompra	0.00107863936360792	0.00161953770680336	0.00232676630434783
mactivos_margen_rank_tend6	0.00107799965723092	0.0018012964899851	0.00170403079710145
mcomisiones_rank_tend6	0.00107647103289882	0.00190572827227303	0.00237205615942029
rf_015_025	0.00107509214832919	0.0010909470712539	0.00356091485507246
Master_msaldototal_rank_lag2	0.00107435214484947	0.001508908983701	0.00268908514492754
mtransferencias_recibidas_rank_delta2	0.00107152360701445	0.00166793163273979	0.00232110507246377
mrentabilidad_rank_tend6	0.00107146977477819	0.00247102094974008	0.00191349637681159
Visa_msaldototal_rank_delta2	0.00106480977373523	0.00133138424530228	0.00249660326086957
vmr_msaldopesos_delta2	0.00105896595984778	0.00124441468950105	0.00190217391304348
mactivos_margen_rank	0.00105794673826752	0.00254398403407142	0.00125113224637681
Visa_msaldopesos_rank_lag1	0.00105325015758433	0.00125580610944733	0.00206634963768116
vm_fechaalta_tend6	0.00105284201025416	0.00149156855284566	0.000945425724637681
vm_msaldototal_rank_lag1	0.00104449251227264	0.00116650283434909	0.00133038949275362
Visa_mfinanciacion_limite_rank_lag1	0.00104153125002102	0.00162425396819552	0.00243432971014493
mcomisiones_otras_rank	0.00103580357849323	0.00145469309590359	0.00231544384057971
mpayroll_rank_tend6	0.00103341495007724	0.00112035987986226	0.000458559782608696
vmr_msaldopesos_lag1	0.00103106385972757	0.00153598130368435	0.00165874094202899
vm_msaldopesos_rank_delta2	0.00102582952272232	0.000987799318102752	0.00121150362318841
tcallcenter_delta2	0.00102431463578767	0.00121093557953499	0.000917119565217391
Visa_fechaalta_tend6	0.00102420024784579	0.000995020675177077	0.000962409420289855
rf_007_023	0.0010200742343889	0.00126547906098979	0.00311367753623188
Visa_mfinanciacion_limite_rank	0.00101816780028876	0.00163071606280397	0.00220788043478261
Master_mpagosdolares_rank_delta1	0.00101801716175622	0.000957859155319721	0.0028419384057971
vmr_Master_mlimitecompra_lag1	0.00101478640567937	0.00155124370765933	0.00221354166666667
vmr_mpagominimo_lag2	0.00101186723185204	0.00138560815697497	0.00215692934782609
Visa_mfinanciacion_limite_rank_tend6	0.00100958983895296	0.00148491568864209	0.00224750905797101
Visa_msaldototal_rank_lag1	0.00100664779987101	0.00126483521687329	0.00213428442028986
cprestamos_personales_delta2	0.00100188613283213	0.000874578674192187	0.000124547101449275
mrentabilidad_annual_rank_tend6	0.000993490455927849	0.00202005268255868	0.00194746376811594
Visa_mfinanciacion_limite_rank_lag2	0.000993038167787041	0.00159526509202077	0.00233242753623188
Visa_msaldopesos_rank_tend6	0.000991889006690242	0.00153334748622441	0.00180027173913043
Visa_mlimitecompra_rank	0.000991535257931819	0.0013368345736692	0.0022361865942029
ccomisiones_otras_delta2	0.000991115884807147	0.00117455898808986	0.00228713768115942
Master_status	0.000989577193179326	0.00149131960362062	0.000826539855072464
Visa_mconsumosdolares_rank_lag1	0.000986337409253377	0.00166071009271065	0.00284759963768116
ccomisiones_otras_tend6	0.000982981403275054	0.00145890803497706	0.00163609601449275
Visa_mconsumosdolares_rank	0.000981739110273745	0.00131418730329162	0.00253057065217391
Master_msaldopesos_rank_tend6	0.000975563201921321	0.00147372794967331	0.00189651268115942
Master_mpagospesos_rank_lag2	0.000975156999332559	0.00167969202026717	0.00245697463768116
rf_014_021	0.000971727409274784	0.00120849114644089	0.00254189311594203
Master_Fvencimiento_lag2	0.000968701341441695	0.00142787638992768	0.00249660326086957
mautoservicio_rank_delta2	0.000963664603710064	0.00152064945529038	0.0016700634057971
vm_mpagominimo_rank_lag2	0.00096365419840181	0.00113246317697836	0.00142096920289855
ccomisiones_otras	0.00096270231931341	0.00123491679957637	0.000537817028985507
rf_010_022	0.000961269369385254	0.000715394476055233	0.000249094202898551
ccaja_seguridad_lag2	0.000956041582807005	0.00108037016612642	0.000130208333333333
Visa_mlimitecompra_rank_lag2	0.00093830761492593	0.00139636038508424	0.00218523550724638
Visa_fultimo_cierre_tend6	0.000937427851953187	0.00120650728901542	0.00155683876811594
mcuenta_corriente_rank_lag1	0.000931766279307378	0.00203762340124834	0.00107563405797101
tcallcenter	0.000930872674628977	0.00131338860099576	0.000996376811594203
cmobile_app_trx_delta2	0.000930757449478005	0.00187128833591211	0.00185688405797101
ccaja_ahorro	0.000930264989303658	0.00177362013162485	0.000141530797101449
vm_msaldototal_rank	0.000928608435368118	0.000753252478741872	0.00114923007246377
vmr_mpagominimo_lag1	0.000928247217586137	0.0011481253372155	0.00204936594202899
mcaja_ahorro_dolares_rank_lag1	0.00092112041745018	0.00189993367522451	0.00086616847826087
cliente_antiguedad_lag1	0.000917146547623552	0.0017973988468268	0.00170403079710145
Master_cconsumos_lag1	0.000911318023973677	0.0014213723725311	0.00242300724637681
mautoservicio_rank_tend6	0.000910484969771242	0.00149274902955939	0.000877490942028986
Master_msaldopesos_rank_lag1	0.000910060300623181	0.00124624361033795	0.0020606884057971
Master_mpagominimo_rank_lag1	0.000907925269158742	0.00138697744305371	0.00215692934782609
mpasivos_margen_rank_tend6	0.000905182904694553	0.00182451489300999	0.00164175724637681
vm_Fvencimiento_lag2	0.000900875934410179	0.00150848502513098	0.00219655797101449
cliente_antiguedad_lag2	0.000888339575624543	0.00133740019153577	0.00172101449275362
Visa_cconsumos_lag2	0.000887383274277058	0.00136053576830406	0.00270606884057971
rf_012_022	0.000885792347918211	0.00114712624712873	0.0026268115942029
ctrx_quarter_normalizado_lag2	0.000882111092653512	0.00134160229763607	0.00170969202898551
vm_mfinanciacion_limite_rank_lag1	0.000881638366440591	0.00158991172970371	0.00198709239130435
Master_fultimo_cierre_lag2	0.000877621432628564	0.00141462549569104	0.00219655797101449
Master_msaldopesos_rank	0.000863540951377336	0.00151803720036174	0.00243432971014493
Visa_mpagado_rank_tend6	0.000861326396037718	0.00109414308271181	0.00122282608695652
vmr_Visa_mlimitecompra_lag2	0.000859592078212801	0.00121902905605721	0.00191349637681159
vm_mlimitecompra_rank_tend6	0.000858592792031346	0.00166127968331027	0.00172667572463768
Master_msaldototal_rank_tend6	0.00085250170125424	0.0017915499383358	0.00203804347826087
Master_mconsumospesos_rank_tend6	0.00084901687485081	0.00221630370837007	0.00232110507246377
Visa_msaldopesos_rank_delta1	0.000848061355325842	0.00148037015022504	0.00208899456521739
rf_013_017	0.000847437530905033	0.000563375494002013	0.000464221014492754
mttarjeta_visa_debitos_automaticos_rank_lag2	0.000846916744718717	0.00121369417217607	0.00155683876811594
ctarjeta_visa_transacciones_lag2	0.000845601947781835	0.000928669420898833	0.00146625905797101
mttarjeta_visa_debitos_automaticos_rank_tend6	0.000843331541056463	0.00293787693430424	0.00126245471014493
Visa_mpagado_rank_delta1	0.000842350082982412	0.000682833276512635	0.000492527173913044
Visa_fultimo_cierre_delta1	0.000840012993761763	0.001145714071215	0.00120018115942029
mtarjeta_visa_consumo_rank_tend6	0.000837901675291921	0.00100074282212042	0.00103600543478261
mpagomiscuentas_rank_lag1	0.000832178296877799	0.000826025080978504	0.000645380434782609
vm_mpagospesos_rank_lag2	0.000829549600519809	0.000922612414378459	0.00126245471014493
mautoservicio_rank_lag2	0.000828698476707024	0.00126419312389569	0.00160778985507246
Visa_mpagosdolares_rank_lag2	0.000825178829618923	0.000722667112749457	0.00134171195652174
vm_mpagominimo_rank_delta2	0.000824776930478913	0.00174747839821973	0.00185122282608696
vm_mfinanciacion_limite_rank_lag2	0.000822406606887423	0.00110598496353931	0.00177196557971015
thomebanking	0.000819917951116383	0.00201903723108453	0.00213994565217391
rf_016_018	0.000816045565973213	0.000880991266456045	0.000707653985507246
mcuenta_corriente_rank_lag2	0.000815251814439563	0.00155409730612015	0.00130774456521739
cproductos_delta2	0.000810767751465341	0.000987795528324523	0.000186820652173913
Visa_fultimo_cierre_lag2	0.000810020979718668	0.00130286017889321	0.00139832427536232
vm_mfinanciacion_limite_rank_delta2	0.000809090001595722	0.0020340975745389	0.00186820652173913
Master_msaldopesos_rank_delta2	0.000806306687108727	0.00154841350127792	0.00208333333333333
vm_msaldopesos_rank_tend6	0.000805273788700223	0.00123193152592439	0.00176630434782609
Master_fechaalta_tend6	0.000795709190088096	0.000950983556701887	0.00131340579710145
vm_msaldopesos_rank_delta1	0.000795465508186416	0.00175860293936949	0.00156816123188406
rf_013_023	0.000793457356993319	0.00116160380110069	0.00191915760869565
rf_016_021	0.000792122512943117	0.00105115324984789	0.00169270833333333
mtransferencias_emitidas_rank_delta2	0.000789865331005064	0.00154796680403853	0.000803894927536232
vmr_Master_mlimitecompra_tend6	0.000788691403538589	0.00215172092143188	0.00164741847826087
vm_mpagospesos_rank_tend6	0.000781919654577335	0.000957582396963399	0.0011039402173913
Visa_msaldototal_rank	0.00077972228678359	0.00108939449059089	0.0016304347826087
Master_cconsumos_lag2	0.00077916911210668	0.00138660620160568	0.00234375
vm_mlimitecompra_rank_delta2	0.000775769262396276	0.00159729683133393	0.00204936594202899
cmobile_app_trx_tend6	0.000772590000884192	0.00273064890733	0.0014945652173913
rf_002_015	0.000768177639598595	0.00113423310795691	0.0014549365942029
vmr_msaldopesos2_delta2	0.000767859779068207	0.00119444102718036	0.00166440217391304
Master_mconsumospesos_rank_lag2	0.000766046107638163	0.00156043154145207	0.00193614130434783
vmr_msaldopesos2_tend6	0.000764443931514769	0.00166372905618426	0.00157948369565217
vm_mpagominimo_rank	0.000754802920153725	0.00150155827757526	0.00136435688405797
rf_005_021	0.0007514892402169	0.000942189938254163	0.000611413043478261
mtransferencias_recibidas_rank_tend6	0.000750164152583596	0.0014769105270208	0.00128509963768116
vmr_mconsumospesos_lag2	0.000749969040265096	0.00131951526102634	0.00181159420289855
vm_msaldopesos_rank_lag2	0.000749786935131018	0.000978074015347934	0.00109827898550725
Master_msaldototal_rank	0.000749430901186996	0.00147731916965949	0.00194180253623188
rf_011_027	0.00074917497155805	0.00127221916850184	0.00251358695652174
Visa_mconsumosdolares_rank_delta2	0.000748768279788671	0.00117857738142346	0.00232110507246377
Master_mconsumototal_rank_lag1	0.00074621476597223	0.00139506239910901	0.0020210597826087
mcaja_ahorro_dolares_rank_delta2	0.000744396728212574	0.00154598511593439	0.000679347826086957
Master_msaldototal_rank_delta2	0.000744371216267327	0.00109160468925403	0.0017776268115942
vm_fultimo_cierre_tend6	0.000744198795614469	0.00157571346931903	0.00152853260869565
vmr_mpagospesos_delta2	0.000742265245433977	0.00161105814335701	0.00171535326086957
mttarjeta_visa_debitos_automaticos_rank_delta1	0.000740945017746461	0.00146466222514874	0.000905797101449275
vmr_Visa_mlimitecompra	0.000740526135298039	0.00129023154010537	0.00180027173913043
Master_mpagominimo_rank_tend6	0.000739466356935464	0.00153513129563219	0.00168704710144928
mcaja_ahorro_dolares_rank_delta1	0.000735938951467326	0.0019196384311031	0.000803894927536232
vm_fultimo_cierre	0.000733513564958327	0.00115206223724897	0.00154551630434783
rf_003_019	0.000733089347563583	0.00127134605587068	0.000186820652173913
rf_008_024	0.000727128018620973	0.00113440299456717	0.00236073369565217
Master_mconsumospesos_rank_lag1	0.000725407697128749	0.00116757965409416	0.00182291666666667
Visa_mconsumosdolares_rank_delta1	0.000725262088457826	0.00110819035310456	0.00186254528985507
Visa_Fvencimiento_tend6	0.000724061621027325	0.001110769467076	0.000979393115942029
vmr_Visa_mlimitecompra_lag1	0.000721632990860297	0.00106358487244063	0.00161345108695652
vm_mconsumototal_rank_tend6	0.000721100806022883	0.000844704479686742	0.00112092391304348
vm_mlimitecompra_rank_lag1	0.000717908279873026	0.000963104887935076	0.00167572463768116
mpagomiscuentas_rank_tend6	0.00071695251658844	0.00179922031878925	0.000611413043478261
vm_mconsumospesos_rank_delta2	0.000716280948136559	0.00129503130730058	0.00160778985507246
Master_cconsumos	0.000715572246208526	0.000890563645125223	0.00178328804347826
mpayroll_sobre_edad_rank_delta2	0.00071471335527287	0.00118121564207166	0.000537817028985507
vm_mfinanciacion_limite_rank	0.000714478759580607	0.00125521898132226	0.00169836956521739
mextraccion_autoservicio_rank_delta1	0.000710506123265086	0.00106756858276933	0.000515172101449275
Master_fultimo_cierre_delta1	0.000709984158863414	0.0011085020558298	0.00190783514492754
vmr_msaldototal	0.000708528539990933	0.00103463321450173	0.00159080615942029
Master_cconsumos_tend6	0.000707686945501537	0.00114982370672651	0.00166440217391304
ctarjeta_visa_debitos_automaticos_tend6	0.00070743302491036	0.00138104136966344	0.000486865942028986
mtransferencias_emitidas_rank_tend6	0.00070642119104479	0.00172557787097166	0.000934103260869565
Master_fultimo_cierre	0.000704905843754166	0.000887399676895651	0.00152853260869565
Master_mconsumototal_rank_delta1	0.000701101219497712	0.00159300497283061	0.00212296195652174
thomebanking_delta1	0.000696415105656264	0.00100627971424937	0.000588768115942029
Master_fultimo_cierre_lag1	0.000696268768349575	0.00128072107857153	0.00172667572463768
rf_017_025	0.000693279912141616	0.00105667843286893	0.00176630434782609
ccaja_seguridad_lag1	0.000690814107831451	0.000566267852746373	7.35960144927536e-05
Master_mconsumospesos_rank_delta1	0.000690648396617393	0.00113414996806348	0.00194746376811594
vm_mpagominimo_rank_lag1	0.000688332881267451	0.00115716408897363	0.00104166666666667
mtarjeta_visa_consumo_rank	0.000687859818674786	0.000784933221324471	0.00078125
rf_013_026	0.000687843174630101	0.000784997882781978	0.000735960144927536
vm_status05	0.000687520897588289	0.000758339929309263	0.000662364130434783
mcuentas_saldo_rank_lag1	0.000685804543230426	0.00205726887976814	0.000996376811594203
vm_mconsumospesos_rank_delta1	0.000685318895082113	0.000727986184107643	0.0010643115942029
vm_mfinanciacion_limite_rank_delta1	0.00068366809867115	0.00145971191228044	0.0017776268115942
cliente_edad	0.00068136957836924	0.00158823586363445	0.00108129528985507
rf_007_021	0.000679993730264519	0.00107324198532373	0.00208333333333333
chomebanking_transacciones_tend6	0.000679173974625806	0.00129729511172336	0.00113790760869565
thomebanking_delta2	0.000674700981976383	0.0015114495726165	0.000985054347826087
ctransferencias_recibidas_tend6	0.000674466151550674	0.00179704851450003	0.00100769927536232
vmr_mpagospesos_tend6	0.000670724688101887	0.00109249915532528	0.00104166666666667
vm_mlimitecompra_rank_lag2	0.000669378898323959	0.000956704187733936	0.00142663043478261
mcomisiones_mantenimiento_rank_lag1	0.000667428300008072	0.00104071554719523	0.00125679347826087
internet_lag2	0.000664557211291434	0.00159100514606377	0.000322690217391304
vmr_msaldopesos2_delta1	0.000664530600580472	0.000832643288313586	0.00104732789855072
vm_status06_delta2	0.000658543951814236	0.000756659803006547	0.000198143115942029
cmobile_app_trx_lag1	0.000652436639408341	0.00185956681321388	0.0012398097826087
vm_msaldototal_rank_delta2	0.000650671892601839	0.00106793315943496	0.00147192028985507
Master_mpagospesos_rank_delta1	0.000650574818315195	0.00113577269882833	0.00178894927536232
Master_Fvencimiento_delta1	0.000650202218893156	0.000842324159185719	0.00142096920289855
rf_002_017	0.000649280270565822	0.000912669421534888	0.00147192028985507
Master_msaldototal_rank_lag1	0.000647196291376024	0.00108103120799517	0.00139266304347826
ctrx_quarter_tend6	0.000645212630034323	0.00217864983097977	0.00124547101449275
vm_msaldototal_rank_tend6	0.000643597772924445	0.00107707666589063	0.00144361413043478
vmr_mconsumospesos_tend6	0.000639978158928775	0.00129196720626144	0.00148890398550725
rf_004_023	0.000638123033512709	0.000588569808986292	0.000107563405797101
vm_fultimo_cierre_lag1	0.000636315280670354	0.00149770922198749	0.00118885869565217
vm_cconsumos_lag2	0.000636059529011941	0.000954952107917673	0.000905797101449275
ccallcenter_transacciones_delta2	0.000634333559821921	0.00103342743775127	0.000390625
Master_msaldopesos_rank_lag2	0.000632262952084542	0.00114030908950483	0.00183990036231884
cliente_antiguedad	0.000628281636028576	0.0010956673576519	0.00110960144927536
Master_cconsumos_delta2	0.000627996386025265	0.000814627858751066	0.00166440217391304
vmr_msaldopesos2_lag2	0.000626613458261092	0.00137600091234609	0.00140964673913044
vmr_msaldototal_tend6	0.000622961144360106	0.0011843856739464	0.00135303442028986
mtransferencias_recibidas_rank_lag1	0.000621944936665292	0.00154785640387826	0.00101902173913043
Visa_delinquency_delta2	0.000617239413656711	0.00123544269011254	0.000685009057971015
vmr_mpagominimo_delta2	0.00061622160951535	0.000979754559833075	0.00126811594202899
vmr_msaldopesos2	0.000615848867890512	0.000773510176332273	0.00105865036231884
vm_mfinanciacion_limite_rank_tend6	0.000612882890368153	0.00148086159298393	0.00147192028985507
Master_mconsumototal_rank_delta2	0.000611590277955528	0.00148464107347069	0.00147758152173913
Master_mconsumospesos_rank_delta2	0.000610015981285156	0.00116116510160018	0.00155117753623188
Master_mconsumototal_rank_lag2	0.000608823137644112	0.00139196573211351	0.0016700634057971
vm_fultimo_cierre_lag2	0.000605157320861838	0.00130484806132452	0.00129076086956522
cpagomiscuentas_tend6	0.000604921667983569	0.00110740288946138	0.00047554347826087
ctarjeta_visa_transacciones_lag1	0.000604645876021188	0.0008010041287459	0.000679347826086957
mextraccion_autoservicio_rank_delta2	0.000604213346305939	0.00141916870796835	0.00120584239130435
Master_mconsumospesos_rank	0.000604076430805256	0.00114142895590329	0.00150022644927536
mpayroll_rank_delta1	0.000604042294288015	0.00125896958108528	0.00036231884057971
vm_mpagominimo_rank_tend6	0.000603593953797647	0.000901306228902306	0.00143229166666667
vm_msaldopesos_rank	0.000603059962040653	0.000670468249471121	0.000945425724637681
vmr_mpagospesos	0.000600935958755387	0.00109358935690795	0.00116621376811594
tcallcenter_delta1	0.000599445886450801	0.000697871273343654	0.000486865942028986
ccomisiones_otras_lag2	0.000598239963656293	0.000847802322820318	0.00115489130434783
mplazo_fijo_dolares_rank_lag2	0.000592006284903295	0.00163679816026986	0.000356657608695652
mcaja_ahorro_dolares_rank_tend6	0.000589781721602537	0.00146204142361679	0.000798233695652174
vmr_mpagospesos_lag2	0.000587636765750024	0.000884732404841691	0.0012398097826087
ctarjeta_visa_transacciones_delta2	0.000586938661105821	0.00156039526412668	0.000911458333333333
vmr_msaldototal_delta2	0.000584045011372959	0.00105874519496021	0.0014549365942029
rf_011_018	0.000583174787638709	0.000539310454520766	0.000175498188405797
mcaja_ahorro_dolares_rank_lag2	0.000580105138962713	0.00134979639930437	0.00112092391304348
Visa_mpagosdolares_rank_tend6	0.000578175221615428	0.00101640064371489	0.00165307971014493
ctransferencias_emitidas_tend6	0.000577380589988233	0.00169305443852935	0.000820878623188406
mcomisiones_mantenimiento_rank_lag2	0.000575865474253777	0.00101059232505554	0.000917119565217391
vmr_mpagominimo_tend6	0.00057189648665618	0.00104993560717112	0.00126811594202899
Master_mpagospesos_rank_delta2	0.000567135964713507	0.00123760498075159	0.0013473731884058
numero_de_cliente	0.000565381865468606	0.00231942548193805	0.000877490942028986
vmr_msaldototal_lag2	0.000565092256416996	0.000866785661742521	0.00135303442028986
vmr_msaldototal_delta1	0.000559671603436975	0.000977522720229424	0.0013870018115942
Master_msaldototal_rank_delta1	0.000554191914806015	0.00101484808918828	0.00137001811594203
mv_status07_rank_delta2	0.00054884588014318	0.000687905646376315	0.00030570652173913
vmr_mconsumosdolares	0.000546997579201684	0.000838837615487857	0.00044723731884058
vm_msaldototal_rank_delta1	0.000546994902309766	0.000956857399319993	0.00125679347826087
Visa_cconsumos_delta1	0.000545806814915122	0.000738679709858962	0.00139832427536232
ccajas_transacciones_delta2	0.000544991258739623	0.000966105007063148	0.000849184782608696
vmr_mpagospesos_lag1	0.000543636516906421	0.000645669195287924	0.000979393115942029
mcuenta_debitos_automaticos_rank_delta2	0.000543224347543548	0.00177209311236259	0.000758605072463768
vmr_mconsumospesos_delta2	0.000541248303465463	0.00134681551656786	0.00121716485507246
vm_mpagominimo_rank_delta1	0.000533933318570831	0.00099364025499127	0.00121716485507246
vm_msaldototal_rank_lag2	0.000526374530671542	0.000614807855031235	0.000934103260869565
mtransferencias_recibidas_rank_delta1	0.000524707380860134	0.00115606615101609	0.00110960144927536
cmobile_app_trx_delta1	0.000521896348914692	0.0015340507122453	0.000990715579710145
mextraccion_autoservicio_rank_lag2	0.000520791159337178	0.000842217993122504	0.0011039402173913
mtransferencias_recibidas_rank	0.000520347811725214	0.00197690874947106	0.000979393115942029
Visa_mpagosdolares_rank_delta1	0.000517903626581493	0.00104084920875291	0.00174365942028986
Master_mpagominimo_rank_delta1	0.000517514859550241	0.00100330484288522	0.00141530797101449
Master_Fvencimiento_delta2	0.000516885520938275	0.000691066321419288	0.000956748188405797
Master_mpagominimo_rank_delta2	0.000512898589472783	0.000926037798896626	0.0015625
thomebanking_tend6	0.000511414134095723	0.00270524845454647	0.000532155797101449
rf_019_021	0.000511184164862744	0.00100972616470721	0.00151721014492754
ccajas_transacciones_delta1	0.00051090279256363	0.00111186758798835	0.000345335144927536
rf_008_022	0.000504719912320441	0.000942011112994558	0.000549139492753623
Visa_fultimo_cierre_lag1	0.00050423386204621	0.000770618810771172	0.000917119565217391
mttarjeta_visa_debitos_automaticos_rank_delta2	0.00050401581648774	0.000989001226665773	0.000990715579710145
vm_mconsumototal_rank_delta2	0.000499492894488406	0.00100407604968662	0.00121150362318841
ccaja_seguridad	0.000497821979016926	0.00127700649476989	0.000101902173913043
mtransferencias_emitidas_rank	0.000497817094899196	0.00233949983267137	0.000985054347826087
vm_mconsumospesos_rank_tend6	0.000497590671893893	0.00102549470009876	0.0012794384057971
Master_cconsumos_delta1	0.000497308104207217	0.000934511089606595	0.00171535326086957
Master_mpagosdolares_rank	0.0004962813227465	0.00117715851459093	0.00192481884057971
mplazo_fijo_dolares_rank_delta2	0.00049583095081172	0.0014014804538808	0.000243432971014493
mtransferencias_emitidas_rank_lag2	0.000494652425858131	0.00120924742935699	0.000917119565217391
ccajas_consultas_tend6	0.000494618968339608	0.00196074709646335	0.000384963768115942
vm_mpagospesos_rank_delta1	0.000492886120089575	0.00129763744631125	0.00131906702898551
mttarjeta_visa_debitos_automaticos_rank_lag1	0.000492462572514901	0.00078042074545542	0.0010643115942029
rf_002_021	0.000490959223306419	0.000942062967615291	0.00139266304347826
rf_009_023	0.00048926604552909	0.000745454343557496	0.00108129528985507
rf_009_015	0.000488875416465085	0.000732338679062628	0.0013870018115942
ccomisiones_otras_lag1	0.000486520564771435	0.0012857832029658	0.000826539855072464
rf_019_018	0.000486171091648157	0.000905403528032272	0.00113224637681159
mcuenta_debitos_automaticos_rank_tend6	0.000485465274033571	0.00198896907834297	0.000611413043478261
Visa_mpagado_rank	0.000481243345329641	0.000757205478798718	0.000668025362318841
vmr_msaldopesos_delta1	0.000479910377344262	0.000652180426331343	0.00108695652173913
mcaja_ahorro_rank	0.000476714829857804	0.00153204275705758	0.000792572463768116
mplazo_fijo_dolares_rank_tend6	0.00047410449062254	0.00181717712440303	0.000277400362318841
mcaja_ahorro_dolares_rank	0.000472372522413194	0.00195011219466077	0.000775588768115942
Master_mpagado_rank_lag2	0.000470840483017868	0.000544880644425325	0.000860507246376812
mplazo_fijo_dolares_rank	0.000470286770773129	0.00189591460234447	0.000203804347826087
rf_007_016	0.000466791289213633	0.000745871402117496	0.00114923007246377
Master_mpagado_rank_delta1	0.000464168066127042	0.00106737491203363	0.000979393115942029
mttarjeta_visa_debitos_automaticos_rank	0.000464001952008083	0.00100288509227586	0.00111526268115942
mpayroll_sobre_edad_rank_delta1	0.000463877258674782	0.000875271628607256	0.00033401268115942
Master_msaldopesos_rank_delta1	0.000463548211515633	0.000867237324898211	0.00122282608695652
mpagomiscuentas_rank_delta2	0.000462831844992256	0.00112762161767703	0.000509510869565217
rf_015_019	0.000459117961258933	0.000793897641156515	0.000600090579710145
Master_delinquency_tend6	0.000456887353495531	0.00125710652610791	0.000798233695652174
mcomisiones_mantenimiento_rank_delta1	0.00045492566782952	0.00161397462600003	0.000786911231884058
vmr_mpagospesos_delta1	0.000451036263106498	0.00113066287550119	0.000973731884057971
vmr_msaldopesos2_lag1	0.000450984436860397	0.00079828921003186	0.00120584239130435
Master_mpagado_rank_tend6	0.000450981648147117	0.00109571874181741	0.00100203804347826
ccajas_transacciones_tend6	0.000446485968970095	0.00136857927202646	0.00047554347826087
rf_004_021	0.000445733432156851	0.000902639681974476	0.000549139492753623
mcuenta_debitos_automaticos_rank_lag2	0.000445446608061281	0.00133064581354846	0.000741621376811594
vm_mconsumospesos_rank_lag2	0.000444370307428038	0.000768448809893657	0.000979393115942029
ccomisiones_otras_delta1	0.000442723945728222	0.0012160498460504	0.00112092391304348
Visa_mpagado_rank_delta2	0.000439740284789734	0.000872017986383866	0.000639719202898551
Visa_fultimo_cierre	0.000434822020857935	0.000791893214383004	0.00101902173913043
rf_020_023	0.000434393347379189	0.000851864390080955	0.000820878623188406
matm_rank_tend6	0.000429132542869703	0.00128988486687482	0.000668025362318841
vm_fultimo_cierre_delta2	0.000428654934193267	0.000612795221427628	0.000815217391304348
vmr_mconsumospesos_lag1	0.000417099126735239	0.00098668577671347	0.000956748188405797
vm_mconsumototal_rank_lag2	0.000415718597080704	0.000647186073626376	0.000820878623188406
active_quarter_lag2	0.000411401659643747	0.00117119207070202	0.000701992753623188
mextraccion_autoservicio_rank_tend6	0.000411386353323104	0.00147203258584847	0.000651041666666667
rf_005_022	0.000407144418356316	0.000642602376063022	0.000220788043478261
rf_018_015	0.000403866778661962	0.000473980218770213	0.000554800724637681
mpayroll_sobre_edad_rank_lag2	0.000403346759694116	0.00116908490173391	0.000469882246376812
mautoservicio_rank_lag1	0.000401281394162542	0.000957666503903681	0.00086616847826087
mtarjeta_visa_descuentos_rank_delta2	0.000400805045596915	0.000540483978951672	0.000758605072463768
mtarjeta_master_consumo_rank_delta2	0.000399575190758826	0.00118028471572022	0.000826539855072464
matm_rank_delta2	0.000399140713717503	0.00106248975721446	0.00078125
vm_Fvencimiento_delta1	0.000398899590731723	0.000489736260961817	0.000396286231884058
mautoservicio_rank	0.000398551541235941	0.00168686954659605	0.000815217391304348
rf_019_016	0.00039390932295576	0.000799171810176788	0.00109261775362319
rf_017_026	0.000391793774870398	0.000652380500485432	0.00106997282608696
rf_015_017	0.000384665650150393	0.000566487633747253	0.000464221014492754
mtransferencias_emitidas_rank_lag1	0.000382868934604464	0.000945903424326937	0.000758605072463768
rf_009_021	0.000381782438157438	0.000827761034634993	0.00103600543478261
ctarjeta_debito_tend6	0.000379335827971726	0.00238557901433835	0.000300045289855073
mtransferencias_emitidas_rank_delta1	0.00037429621493505	0.00163987172268637	0.000611413043478261
vmr_mconsumospesos	0.000367661947936919	0.000612895585209693	0.000832201086956522
mpagomiscuentas_rank_delta1	0.000366025940307298	0.000800117738822742	0.000435914855072464
rf_003_023	0.000365907830943834	0.000673014274758156	0.000532155797101449
vm_mpagado_rank_tend6	0.000361707082086325	0.0009634114679256	0.000526494565217391
mprestamos_prendarios_rank_lag1	0.000360421147648913	0.0023159738303363	0.000209465579710145
rf_003_028	0.000358014907190619	0.000351363329400712	0.000113224637681159
mpagomiscuentas_rank	0.000357749495564296	0.00141312414237513	0.000532155797101449
vmr_mconsumosdolares_lag2	0.000357398967904189	0.000537381300583803	0.000685009057971015
mplazo_fijo_dolares_rank_delta1	0.000357222188201629	0.00141698791275699	0.000181159420289855
rf_002_020	0.000349779377236505	0.000713973675128986	0.000130208333333333
rf_020_024	0.000343846204286676	0.00084762509188121	0.000628396739130435
vmr_mconsumospesos_delta1	0.000343349511241085	0.00073541378352683	0.000651041666666667
rf_006_017	0.000343014929058512	0.000697029053939166	0.000532155797101449
ctrx_quarter_lag1	0.000341393223313665	0.000909165131220353	0.000730298913043478
matm_other_rank_lag2	0.000340054134380882	0.00070578179505482	0.000713315217391304
vmr_Visa_mlimitecompra_tend6	0.000339835301497978	0.00116272588909328	0.000713315217391304
tcallcenter_tend6	0.000339772093071946	0.00117424009785419	0.000407608695652174
vm_mconsumospesos_rank_lag1	0.000339768353934262	0.000687950862351048	0.000792572463768116
rf_014_017	0.000337264913690175	0.000649649298793208	0.000492527173913044
vmr_mpagado_tend6	0.000334966452744476	0.00102860895689253	0.000560461956521739
Master_mpagado_rank	0.000333017858667834	0.000732048538868697	0.000792572463768116
mtarjeta_master_consumo_rank_tend6	0.000331695194295825	0.00128636873677037	0.000435914855072464
cproductos_lag2	0.000330983206167756	0.000557339265920894	0.000260416666666667
rf_011_028	0.000328943815479268	0.000470818838044397	0.000322690217391304
cpayroll_trx_lag1	0.000327088136318738	0.000204389927399553	3.39673913043478e-05
Visa_delinquency_lag2	0.000326972529506179	0.000775655530583098	0.000560461956521739
rf_014_019	0.000323194892790989	0.000725174430025753	0.000277400362318841
matm_other_rank	0.00031848072962053	0.000720199418257955	0.000226449275362319
rf_008_021	0.000318441606183863	0.000446839578233134	0.00044723731884058
tcallcenter_lag1	0.00031826172114207	0.000794956531330094	0.000639719202898551
mtarjeta_visa_consumo_rank_lag1	0.000316813728702284	0.00061491585064256	0.000820878623188406
ccajas_consultas_delta2	0.000315020147313095	0.000822875226405785	0.000243432971014493
cpagomiscuentas_lag1	0.000314617194046905	0.000484025091307139	0.000107563405797101
rf_004_026	0.000313181025017433	0.000891792892364296	0.000583106884057971
cproductos	0.000312928502415595	0.000333881265385219	4.52898550724638e-05
ctransferencias_recibidas_lag2	0.000312350756615891	0.00129030059247834	0.000560461956521739
Master_fultimo_cierre_delta2	0.000310933538404495	0.000480204498260693	0.00101336050724638
cprestamos_personales_lag1	0.000309620781565976	0.00100662100338119	0.000169836956521739
cprestamos_personales_lag2	0.000308790016781942	0.000760683711120878	0.000158514492753623
vm_mconsumototal_rank_delta1	0.000306984942489613	0.000558382552662731	0.000696331521739131
Visa_mpagado_rank_lag2	0.000306852581034168	0.000938493780615635	0.000673686594202899
rf_010_026	0.000305098577085077	0.000649944796949463	0.000345335144927536
mpayroll_sobre_edad_rank	0.000304345551104498	0.00111158526257849	0.000271739130434783
rf_009_018	0.000300368009199108	0.000852867400627958	0.000594429347826087
rf_017_023	0.00030019558997918	0.000442188135116886	0.000384963768115942
ccaja_ahorro_lag2	0.000299356152956366	0.000552793701367444	0.000141530797101449
rf_007_015	0.000299276459770134	0.000401610221663506	0.000317028985507246
mextraccion_autoservicio_rank_lag1	0.000297318095543383	0.000833266171036022	0.000605751811594203
ctarjeta_visa_debitos_automaticos_delta2	0.000295732180838841	0.000602919712772935	0.000430253623188406
vm_mpagospesos_rank_lag1	0.000291398912033092	0.000523106748042913	0.000735960144927536
rf_005_013	0.000291298812644725	0.000891173067600845	0.000294384057971015
catm_trx_tend6	0.000290811262538211	0.00157196629342462	0.000600090579710145
Master_msaldodolares_rank_tend6	0.00028798650474708	0.000586348763716493	0.000645380434782609
Master_mpagado_rank_delta2	0.000284496117790313	0.000860947547585373	0.000690670289855073
ctransferencias_recibidas_delta2	0.000282573962098268	0.00109012824392882	0.000520833333333333
matm_other_rank_delta2	0.000282456476981736	0.000578868525584525	0.000583106884057971
vmr_mconsumosdolares_tend6	0.000281235025865268	0.0010108266640321	0.000566123188405797
internet_delta2	0.000276141278317813	0.00131647449979381	0.000243432971014493
cextraccion_autoservicio_tend6	0.000275255763362218	0.000945115699319742	0.000509510869565217
rf_010_021	0.000274340345726214	0.000704319750886881	0.000537817028985507
Master_status_tend6	0.000273798855202158	0.000551955062649973	0.000560461956521739
vm_mconsumosdolares_rank_lag2	0.000271907431960902	0.00101904972483335	0.000617074275362319
rf_013_015	0.000268697550867975	0.000674879342238446	0.000634057971014493
rf_005_008	0.000266220265029827	0.000755741605082668	0.000237771739130435
mtarjeta_master_consumo_rank_delta1	0.000265551172613063	0.00102259361179628	0.000367980072463768
vm_status04_delta2	0.000261838378128602	0.00068759606069961	0.000169836956521739
cmobile_app_trx	0.000259628467791289	0.00133292817481637	0.00041893115942029
cproductos_delta1	0.000259282712769916	0.00144882685897834	0.000175498188405797
Visa_msaldodolares_rank_delta1	0.000256858251379082	0.000681035771630427	0.000492527173913044
vm_status04_delta1	0.000256811498959166	0.000703899712777102	0.000152853260869565
rf_004_015	0.000255854602866214	0.000565102064690335	0.000498188405797102
vm_cconsumos_lag1	0.000255835120601718	0.00054083778741985	0.000367980072463768
cproductos_lag1	0.000255595441669149	0.000402347686370465	0.000107563405797101
mautoservicio_rank_delta1	0.000255584722486933	0.000898764934303958	0.000577445652173913
Visa_fechaalta_delta2	0.000255067977604748	0.000478607198214582	0.000617074275362319
mcajeros_propios_descuentos_rank_delta1	0.000255050228331564	0.000458467375795303	0.000537817028985507
matm_rank	0.000254598517667943	0.000517205540612353	0.000498188405797102
rf_004_016	0.000254467682553142	0.000576969062599757	0.000662364130434783
matm_other_rank_tend6	0.000254390456481997	0.00105220327978134	0.000396286231884058
rf_020_012	0.000253479789780383	0.000777494984389841	7.92572463768116e-05
rf_011_025	0.00025345726821398	0.000460650549419214	0.000441576086956522
rf_012_014	0.000253373392770219	0.000927577964768885	0.000515172101449275
catm_trx_other_tend6	0.000249862239688903	0.00109190507491738	0.000356657608695652
ctarjeta_visa_debitos_automaticos_lag2	0.000249584543806835	0.000699684120293589	0.000390625
rf_020_025	0.000249126141823094	0.000835970504507422	0.000622735507246377
mtarjeta_visa_descuentos_rank_delta1	0.000246276536255348	0.000539941674755305	0.000577445652173913
mtarjeta_master_descuentos_rank_delta2	0.000243768526414698	0.000457500982346912	0.000566123188405797
Visa_status_tend6	0.000242979968662677	0.00103441560282218	0.000458559782608696
mcuenta_debitos_automaticos_rank_delta1	0.000239003102901295	0.000877916658583473	0.000345335144927536
ccajas_consultas_delta1	0.000237575177174089	0.00075030052900191	9.62409420289855e-05
Visa_msaldodolares_rank_lag1	0.00023736374723642	0.000541463257646042	0.000515172101449275
vm_status01_lag2	0.000234954908284162	0.00142831958488926	0.000464221014492754
vm_status01_tend6	0.000232532860658224	0.000438749394897512	0.000345335144927536
vmr_mpagado_delta2	0.000232308957505606	0.000831498435515212	0.000294384057971015
rf_010_018	0.000230161495641703	0.000732505586123112	0.000260416666666667
vmr_mpagado_lag2	0.000229659925394574	0.000532471812774765	0.000413269927536232
ccajas_extracciones_tend6	0.000229416959997214	0.00211075835855646	0.000300045289855073
ccomisiones_mantenimiento_delta2	0.000227632915555558	0.000832527791555008	0.000118885869565217
ctarjeta_debito_transacciones_delta1	0.000223490483000499	0.00177202102816703	0.000266077898550725
vmr_mconsumosdolares_lag1	0.000222308728556596	0.00102651749590176	0.000617074275362319
ctarjeta_master_transacciones_tend6	0.000220779153594923	0.00103267060597074	0.000345335144927536
Master_msaldodolares_rank_lag1	0.000220019323983815	0.000381817542930002	0.000611413043478261
rf_008_023	0.000212996100848947	0.000448045302710785	0.000271739130434783
mv_status07_rank_delta1	0.000212074958112022	0.000858638318096646	0.000226449275362319
ccajas_depositos_delta2	0.000209854861306539	0.00115100726753563	0.000350996376811594
Visa_mpagado_rank_lag1	0.0002080665867691	0.000574830373131334	0.000543478260869565
rf_012_018	0.000207616419651575	0.000576767838443999	0.000345335144927536
vm_status03_tend6	0.000206901852099144	0.000704134940391314	0.000141530797101449
vm_mconsumosdolares_rank_lag1	0.000206110717535052	0.000719862729132812	0.000492527173913044
rf_005_015	0.000205846523881966	0.000599539570365902	0.000498188405797102
rf_008_017	0.000201685866335841	0.000456608973097415	0.000396286231884058
Visa_msaldodolares_rank_tend6	0.000201675860918441	0.000943873331607076	0.000464221014492754
catm_trx_delta2	0.00019855437009419	0.000940250957030207	0.000407608695652174
matm_other_rank_lag1	0.000196457231657842	0.000298002650799378	0.000169836956521739
mcheques_emitidos_rank_lag1	0.000196114951472323	0.00184119545813466	0.000220788043478261
ccajas_otras_tend6	0.000192506911268143	0.00181784054468432	0.000277400362318841
Visa_status_lag2	0.000187099108291824	0.000988674364827623	0.000407608695652174
ctrx_quarter	0.000186750970501968	0.000689074806028158	0.00041893115942029
ccuenta_debitos_automaticos_tend6	0.000186479053918983	0.000850336691272249	0.000186820652173913
cextraccion_autoservicio_lag2	0.000185530280427274	0.000526587280368412	0.000373641304347826
rf_020_022	0.000184665891861154	0.00108197232754323	0.000384963768115942
vm_mconsumosdolares_rank_delta2	0.000183822901117578	0.00078363549671326	0.000356657608695652
matm_rank_delta1	0.000183333966302455	0.00103913087103108	0.000424592391304348
vm_fechaalta_delta1	0.000183035575058331	0.000625450937527506	0.000339673913043478
vm_mpagado_rank_delta2	0.000181695409676237	0.000771777672680792	0.000243432971014493
vm_mconsumosdolares_rank_tend6	0.000176548969585965	0.000563589995449773	0.000339673913043478
ctarjeta_visa_transacciones_delta1	0.000176306238792498	0.00157068634156648	0.000220788043478261
vmr_msaldodolares2_lag2	0.000172780562387149	0.00105728848261819	0.00036231884057971
ccallcenter_transacciones_lag2	0.00016891594754208	0.000544778817004773	0.000322690217391304
Master_msaldodolares_rank_delta1	0.000168092963529682	0.000371095319409749	0.000509510869565217
vmr_msaldodolares2_tend6	0.000163058283055772	0.000854111231979112	0.000300045289855073
rf_001_023	0.000159602062447027	0.000548251848183019	0.000266077898550725
ctarjeta_master_transacciones_delta2	0.000159097869052514	0.000706173161532067	0.00030570652173913
vm_cconsumos_delta2	0.000158706714538181	0.00049574724127901	0.000175498188405797
vmr_mpagado	0.000158184545547238	0.00114612226953487	0.000249094202898551
cdescubierto_preacordado_delta2	0.000157271122828827	0.000562367909584733	0.000135869565217391
rf_018_018	0.000154023147710314	0.000574526824963393	0.000367980072463768
mcajeros_propios_descuentos_rank_delta2	0.000153468526343076	0.00059545424170786	0.000379302536231884
mtarjeta_master_consumo_rank	0.000152068210134877	0.00101151465253087	0.000384963768115942
mforex_sell_rank_tend6	0.000151754998301121	0.00138731128331108	0.000226449275362319
cdescubierto_preacordado_delta1	0.000149488715517001	0.000389077346651051	7.35960144927536e-05
vmr_mpagado_lag1	0.000148593425783901	0.000618977630402779	0.000266077898550725
minversion2_rank_lag1	0.000142310460036125	0.0012503885299916	0.000118885869565217
cprestamos_personales	0.000140925251174232	0.00017984962359199	1.69836956521739e-05
ccajas_otras_delta2	0.000140187559799044	0.000310231141279042	0.000175498188405797
mv_status07_rank_lag2	0.000139749174005368	0.000694115942891951	0.000345335144927536
catm_trx_other_lag2	0.000135813159595271	0.000252470268789841	0.000198143115942029
vmr_msaldodolares_lag2	0.000132518420589154	0.000623401294779263	0.000277400362318841
cforex_tend6	0.000131304919594104	0.00108754419017749	0.000158514492753623
rf_009_020	0.000130781356768938	0.000450754471416477	0.000237771739130435
rf_013_022	0.000130703414070328	0.000763126628303683	0.000141530797101449
rf_017_018	0.000128984417357977	0.000417957051076407	0.000209465579710145
vm_msaldodolares_rank_tend6	0.000128015812388298	0.000746680402155577	0.000226449275362319
vmr_mconsumosdolares_delta1	0.000127632174224093	0.000617193455085376	0.000254755434782609
vmr_msaldodolares_tend6	0.000126309848129274	0.0011415498890334	0.000266077898550725
cforex_buy_tend6	0.000125173783970312	0.00121168083288962	0.000152853260869565
ctarjeta_debito_transacciones_lag1	0.000123430415729615	0.000524108896088664	0.000266077898550725
vm_mpagado_rank_delta1	0.000119541396444821	0.000594671142843744	0.000135869565217391
ctarjeta_debito_lag2	0.000119091275296878	0.000608361886582559	0.000152853260869565
minversion2_rank	0.00011593619324221	0.000906672502601745	8.49184782608696e-05
mttarjeta_master_debitos_automaticos_rank_tend6	0.000115147072795274	0.000522223886533969	0.000181159420289855
mforex_buy_rank_tend6	0.000114619995415056	0.0013646757220414	0.000152853260869565
rf_010_015	0.000111002930354874	0.000319441687604757	0.000283061594202899
cpagomiscuentas_delta2	0.000110071225960113	0.000826130306131262	0.000141530797101449
mtarjeta_visa_descuentos_rank_lag1	0.000110068912809931	0.000338701628064872	0.000243432971014493
mv_status07_rank	0.000108816117278931	0.000463725340246597	0.000209465579710145
rf_015_020	0.000106758076294487	0.000977387856397275	0.000118885869565217
vm_cconsumos	0.000103391190128516	0.000428225180755623	0.000220788043478261
ccomisiones_mantenimiento_delta1	0.000101590692467989	0.000654743388006601	9.05797101449275e-05
mttarjeta_master_debitos_automaticos_rank_lag1	0.00010037473242608	0.000478831605358541	0.000215126811594203
ctarjeta_visa_descuentos_lag2	0.000100254017992729	0.000269747162052938	0.000232110507246377
vmr_msaldodolares2_delta2	9.93503847989585e-05	0.00113251207818572	0.000220788043478261
cforex_sell_tend6	9.88253391249643e-05	0.00108211879593768	0.000147192028985507
active_quarter_tend6	9.82871846972546e-05	0.00121095473751734	0.000158514492753623
ctransferencias_emitidas_lag2	9.61756843642917e-05	0.000562141986529482	0.000158514492753623
mtarjeta_master_descuentos_rank_lag2	9.60467785694186e-05	0.000348914322436339	0.000226449275362319
internet_delta1	9.55194673509512e-05	0.000671280307468187	9.62409420289855e-05
vmr_mconsumosdolares_delta2	9.52748113865735e-05	0.00030930097288324	0.000220788043478261
cpagomiscuentas_lag2	9.47016442593669e-05	0.00035227622163507	0.000135869565217391
ccallcenter_transacciones_delta1	9.34917538511217e-05	0.000638530037196565	0.000113224637681159
ctarjeta_master_debitos_automaticos_tend6	9.26433827845273e-05	0.000939408946716931	0.000135869565217391
vm_msaldodolares_rank_lag2	8.90153004710629e-05	0.000416794399388558	0.000215126811594203
vm_mpagado_rank_lag2	8.89864253151213e-05	0.000300174272133791	0.000226449275362319
mtarjeta_visa_descuentos_rank	8.85385344354503e-05	0.000604099640622228	0.000215126811594203
rf_011_023	8.8448680503199e-05	0.000383787548062633	0.000141530797101449
rf_005_016	8.67093765575153e-05	0.00065798542566769	0.000215126811594203
vmr_mpagosdolares_tend6	8.54504609433217e-05	0.000856340327260598	0.000175498188405797
vm_mpagado_rank_lag1	8.53058923966982e-05	0.000227999540083282	0.000198143115942029
rf_012_021	8.33842524605563e-05	0.000302884381749939	0.000152853260869565
mv_status07_rank_lag1	8.32757422743275e-05	0.000419620789855333	0.000254755434782609
ctransferencias_recibidas_lag1	8.14621528796353e-05	0.000633972528307594	0.000124547101449275
vm_mpagosdolares_rank_lag2	8.1324268610998e-05	0.00049146913052292	0.000130208333333333
rf_003_018	8.07757231830259e-05	0.00034793786647334	0.000147192028985507
ctarjeta_debito_lag1	7.85239303631467e-05	0.000503116530386273	0.000101902173913043
mcaja_ahorro_adicional_rank_lag2	7.77706221852229e-05	0.000608989735221295	0.000113224637681159
vm_mpagosdolares_rank_tend6	7.72310280893113e-05	0.000393029745570661	0.000152853260869565
rf_016_017	7.66840578664508e-05	0.000357511630371802	0.000158514492753623
ctarjeta_visa_debitos_automaticos_lag1	7.57718956621379e-05	0.000292940186631896	8.49184782608696e-05
vmr_mpagado_delta1	7.55247426973035e-05	0.000948958978762759	0.000192481884057971
cseguro_vivienda_tend6	7.22027289104326e-05	0.000585075790277578	6.79347826086957e-05
vm_mpagado_rank	7.17830723237871e-05	0.000308929156434374	8.49184782608696e-05
mforex_sell_rank_lag2	6.48129667162712e-05	0.000512557678183122	0.000141530797101449
vmr_msaldodolares_lag1	6.43174910635549e-05	0.000267415690486467	0.000135869565217391
rf_013_018	6.24181080732826e-05	0.000448157349464355	0.000113224637681159
cseguro_accidentes_personales_lag1	6.19748828209245e-05	0.000441930142696898	9.62409420289855e-05
mttarjeta_master_debitos_automaticos_rank_delta1	6.17561749350675e-05	0.000372154575492951	0.000101902173913043
ctarjeta_debito_transacciones	6.01887249603447e-05	0.000302617319998603	9.62409420289855e-05
ctransferencias_emitidas_lag1	5.9355103350973e-05	0.000724919469428348	0.000113224637681159
vmr_msaldodolares_delta1	5.85581152515325e-05	0.000747504848806991	0.000135869565217391
ccuenta_debitos_automaticos_delta1	5.68154262691028e-05	0.00027387718395768	3.39673913043478e-05
mcajeros_propios_descuentos_rank_tend6	5.44267435221181e-05	0.000605592970062857	9.05797101449275e-05
ctransferencias_recibidas_delta1	5.31913107988753e-05	0.000664799107150183	0.000101902173913043
mttarjeta_master_debitos_automaticos_rank	5.08549435602792e-05	0.000415966737959749	0.000107563405797101
cextraccion_autoservicio_lag1	5.07478569024383e-05	0.000305388144475621	8.49184782608696e-05
rf_020_016	5.01029162341088e-05	0.000579773054170378	0.000101902173913043
ctransferencias_emitidas_delta1	4.96168891719097e-05	0.000499754239141519	8.49184782608696e-05
ccajeros_propios_descuentos_tend6	4.83102301379462e-05	0.0005864084592577	8.49184782608696e-05
cliente_edad_tend6	4.74066503883921e-05	0.000403490944848342	7.92572463768116e-05
ccomisiones_mantenimiento	4.71419681957149e-05	0.000496613636854959	3.96286231884058e-05
mforex_buy_rank_delta2	4.70254184962971e-05	0.000644584090303561	6.79347826086957e-05
vmr_mpagosdolares_delta2	4.66845381871767e-05	0.000268005954979731	8.49184782608696e-05
ccomisiones_mantenimiento_lag2	4.51338483037173e-05	0.000157234135078728	5.09510869565217e-05
ctarjeta_master_debitos_automaticos_delta2	4.41238320544586e-05	0.000171359579448609	2.83061594202899e-05
ccomisiones_mantenimiento_lag1	4.34481996359927e-05	0.000420784460862843	6.22735507246377e-05
ctarjeta_master_transacciones_lag1	4.21533018297852e-05	0.000313365131056002	7.35960144927536e-05
rf_014_020	4.14406049984334e-05	0.000483452573430547	5.09510869565217e-05
vmr_mpagosdolares_delta1	4.10564912071016e-05	0.000267075682038323	5.66123188405797e-05
active_quarter_delta1	3.71494853975349e-05	0.000376378897534591	5.09510869565217e-05
cliente_edad_delta2	3.66210814239896e-05	0.000288016376074792	8.49184782608696e-05
ctarjeta_master_transacciones_delta1	3.65032999956723e-05	0.000803439309553837	9.62409420289855e-05
ccajas_extracciones	3.49734568568041e-05	0.000425079272779542	3.39673913043478e-05
vmr_mpagosdolares	3.28323001375389e-05	0.00025433282717558	6.79347826086957e-05
cseguro_accidentes_personales	3.26930936355967e-05	0.000550301909113686	8.49184782608696e-05
mprestamos_prendarios_rank_delta2	3.13194314853506e-05	0.000655992708002087	6.79347826086957e-05
catm_trx_delta1	2.9795411161779e-05	3.08966766716247e-05	2.26449275362319e-05
vm_msaldodolares_rank_delta1	2.80185995896038e-05	0.000178099347187436	4.52898550724638e-05
cpagomiscuentas_delta1	2.42750750600751e-05	0.000345445054899921	3.39673913043478e-05
vm_mpagosdolares_rank_delta1	2.40615675793742e-05	0.00019790940662799	5.09510869565217e-05
mcaja_ahorro_adicional_rank_delta2	2.35767327192297e-05	0.000608091662326632	7.35960144927536e-05
mpagodeservicios_rank_tend6	2.34158499218994e-05	0.000385936744364491	5.66123188405797e-05
cpayroll_trx_lag2	2.32045738522799e-05	4.00923252484399e-05	3.96286231884058e-05
mcaja_ahorro_adicional_rank	2.26481879653674e-05	0.000510504141111044	4.52898550724638e-05
ctransferencias_recibidas	2.14331025831356e-05	0.000397749352422227	3.39673913043478e-05
ctransferencias_emitidas	2.06119125285306e-05	0.000428252205794856	3.96286231884058e-05
cplazo_fijo	1.70248785190266e-05	0.000141889610529988	1.13224637681159e-05
catm_trx_lag1	1.61628144481995e-05	0.000147644610930114	3.39673913043478e-05
cplazo_fijo_lag2	1.27088822306709e-05	0.000149756798087336	2.26449275362319e-05
mforex_sell_rank	1.21556969772129e-05	0.0004080482185097	4.52898550724638e-05
ctarjeta_visa_debitos_automaticos	9.92300136381511e-06	0.000204397637638019	1.69836956521739e-05
cpagomiscuentas	9.12865335587547e-06	0.000277717483850917	2.26449275362319e-05
ccajas_otras	7.8272745350868e-06	0.000141889610529988	1.13224637681159e-05
ctarjeta_visa_debitos_automaticos_delta1	6.41183644748787e-06	1.69120029606492e-05	5.66123188405797e-06
cextraccion_autoservicio	5.76982260623642e-06	0.000143749293911553	1.69836956521739e-05
ctarjeta_master_debitos_automaticos_lag1	5.66131930514646e-06	3.25612518154008e-06	5.66123188405797e-06
cpayroll_trx	4.10040915250146e-06	0.000212834415794982	1.69836956521739e-05
cprestamos_prendarios	1.32178927651542e-06	6.10342215593814e-05	5.66123188405797e-06
cseguro_vivienda_lag1	7.34063716030004e-07	5.86217532844164e-05	5.66123188405797e-06
mpagodeservicios_rank_delta2	7.22131738339105e-07	7.09448052649941e-05	5.66123188405797e-06
cseguro_vida	7.00802147691583e-07	6.63420804012904e-05	5.66123188405797e-06
