Feature	Gain	Cover	Frequency
rf_017_015	0.0802360220642584	0.00393093020156371	0.000834342926372094
rf_002_015	0.0238928618425851	0.000742975830772034	0.00105150067433195
rf_019_016	0.0224423718411796	0.00172164697970213	0.00115436487073399
cdescubierto_preacordado	0.0183869634743445	0.00171557657594806	0.000937207122774133
mcuenta_corriente_rank_lag1	0.0182996302284042	0.00277038549516348	0.000897204379728896
rf_006_015	0.0177719774745477	0.00195469810646921	0.00177155004914623
Visa_mfinanciacion_limite_rank	0.0166251197402554	0.00174930845772706	0.00280019201316662
rf_001_017	0.0137632671348237	0.00152790295977194	0.00253731684458363
vm_status02	0.0137063925721537	0.001665379203846	0.000914348412462569
mprestamos_personales_rank	0.0119352517262977	0.00273669517068701	0.000554323725055432
mpayroll_rank_lag1	0.00960847124143538	0.00152137723252929	0.000502891626854413
rf_001_025	0.00937945842484885	0.00156177024974966	0.00244588200333737
Master_status_tend6	0.00887243357602928	0.000640769795694601	0.000794340183326857
rf_008_021	0.00879091552238328	0.00100728349574484	0.000600041145678561
rf_012_022	0.00857029532984267	0.00086286123790917	0.00192584634374929
mcuentas_saldo_rank	0.00824743316833112	0.00354354989121978	0.00110293277253297
rf_004_025	0.00772224139081512	0.00201401632449857	0.00258303426520676
rf_010_026	0.0072496832534076	0.000738980621164678	0.000474318238964958
vm_msaldopesos_rank_lag1	0.00715608757278915	0.0011813153185395	0.00120579696893501
rf_011_028	0.00678558926396025	0.000617414355998529	0.000360024687407137
mpayroll_rank	0.00653130079796361	0.00143767464532164	0.000354310009829245
rf_003_026	0.00647279772501461	0.00099763130815048	0.00054289436989965
ctrx_quarter	0.00617283052387407	0.00100388988504631	0.000525750337165977
vm_fultimo_cierre_delta2	0.00614208572004662	0.00131263560894937	0.00102864196402039
mprestamos_personales_rank_delta1	0.00582940548469397	0.00353206514965844	0.00076005211785951
vm_status04	0.00537519115417672	0.000707288556143788	0.00059432646810067
ctrx_quarter_normalizado_lag2	0.00522202904551651	0.00286275842304783	0.00262303700825199
Visa_mpagospesos_rank_lag1	0.00500773971176424	0.00207885956887824	0.00353167074313667
Visa_msaldototal_rank	0.00475125769667171	0.00155859340738783	0.00201156650741765
mcuentas_saldo_rank_delta2	0.00454306580563125	0.00285730187328613	0.00341737719157885
rf_007_023	0.00447778932655023	0.00168892190017117	0.00226301232084486
mtransferencias_recibidas_rank	0.00446175658017773	0.00180258072979729	0.00140009600658331
rf_014_022	0.0043659428051406	0.00139515385231405	0.0028744828216792
rf_006_022	0.00427119320978499	0.0011850948072532	0.000582897112944888
Visa_msaldopesos_rank_lag1	0.00407204982481948	0.00105783930285447	0.0017258326285231
mprestamos_personales_rank_lag1	0.00406114557025828	0.00265559835989692	0.000742908085125837
mprestamos_personales_rank_tend6	0.00405139358061922	0.00232935360743921	0.000548609047477541
ctrx_quarter_tend6	0.00392388810769362	0.00218398948882385	0.0017258326285231
ccomisiones_otras	0.00391865255664494	0.00087317470247944	0.000537179692321759
mrentabilidad_annual_rank_delta2	0.00385348068794445	0.0030314666166023	0.00598326742405194
mactivos_margen_rank	0.00382601257636427	0.00338565413791277	0.00225158296568908
mactivos_margen_rank_lag1	0.00364557813427426	0.00322991960001195	0.00296591766292546
ccomisiones_otras_lag1	0.0035410472688947	0.00155506376002475	0.000965780510663588
mtarjeta_visa_consumo_rank_delta2	0.00342497573050884	0.00157564585860326	0.00212014538139758
vm_status04_delta2	0.00340314557901283	0.000914887602671882	0.000234301780693533
ctrx_quarter_normalizado_delta2	0.00302308745024548	0.00182283791154545	0.0022344389329554
vm_mpagospesos_rank	0.00298513276532585	0.00084708619585062	0.000965780510663588
mcomisiones_otras_rank_lag2	0.0029820726706989	0.00262968658309467	0.00572039225546895
Visa_msaldototal_rank_delta1	0.0029400096617283	0.00151188093064505	0.00217729215717649
vm_Finiciomora	0.00293771780039475	0.00475876769382308	0.000565753080211215
mcaja_ahorro_dolares_rank_lag1	0.00292298586966689	0.00167940519933377	0.00119436761377923
Master_mpagominimo_rank_tend6	0.00275638770316801	0.00182521503114784	0.00176012069399045
ccaja_ahorro_tend6	0.00269562962134469	0.00319096456496618	0.000320021944361899
mrentabilidad_rank_delta2	0.00262835113861358	0.0035529176456572	0.0054975198299312
mcomisiones_rank_delta2	0.00252782633925019	0.00274041458854248	0.00505177497885569
rf_002_020	0.00250962691972985	0.00101370031509762	0.000234301780693533
mcomisiones_otras_rank	0.00248477565361564	0.00211937202079101	0.00317736073330743
Master_mfinanciacion_limite_rank	0.00245477027427204	0.0026135911543969	0.00452602464168972
mactivos_margen_rank_lag2	0.00244128905835437	0.00211467413402167	0.00372025510320708
mcuenta_corriente_rank_lag2	0.00243237957579442	0.0019743106132136	0.00124008503440236
Visa_mpagospesos_rank_tend6	0.00241541991196375	0.00183697095571169	0.00369168171531762
rf_004_026	0.00239412708740184	0.000621144850564129	0.000480032916542849
ctarjeta_debito_transacciones_tend6	0.00239000916324432	0.00206919360740793	0.000742908085125837
mcuenta_corriente_rank_tend6	0.00238992945974334	0.00313714141641623	0.00145152810478433
vm_msaldototal_rank	0.00237376263883581	0.000928000070714136	0.00101721260886461
mcaja_ahorro_rank	0.00235220864036041	0.0022146075843119	0.00109721809495508
mrentabilidad_annual_rank	0.00231234637350305	0.00298933549859089	0.00315450202299586
vm_mpagospesos_rank_lag2	0.00229848264723174	0.000610322721468573	0.000800054860904748
vm_Finiciomora_tend6	0.00228662169972818	0.00287466143480028	0.000680046631769036
ctrx_quarter_normalizado_delta1	0.00224171464124734	0.00182014771121902	0.000908633734884678
mpayroll_rank_delta1	0.00221549916791276	0.00113915175597999	0.000440030173497611
mrentabilidad_annual_rank_delta1	0.00221081148346292	0.00261027539490216	0.00516035385283562
mactivos_margen_rank_delta2	0.00217477909118543	0.00306537577811546	0.0053032207922829
vmr_mpagominimo_delta1	0.00217070867198092	0.00130505788229159	0.00152010423571902
mcuenta_corriente_rank	0.0021447949158151	0.00262684573427332	0.00107435938464352
mpasivos_margen_rank_delta2	0.00211634447524568	0.0025522785524512	0.00616042242896656
mrentabilidad_rank_delta1	0.00210741784161413	0.00257085919687287	0.00493748142729787
mcomisiones_rank_lag2	0.00210583986966075	0.00262862073124537	0.00508034836674515
mcomisiones_otras_rank_delta2	0.00210429208781849	0.00231049669991629	0.0053032207922829
Master_mpagospesos_rank_tend6	0.00208196006765691	0.0015592197783245	0.0024287379706037
mcuentas_saldo_rank_delta1	0.00203059430327026	0.00265567846310325	0.00178297940430201
Visa_mconsumospesos_rank_delta2	0.00201409974152399	0.0022993670415448	0.00473746771207169
rf_007_021	0.00200667295524337	0.00124507885863569	0.00259446362036254
Master_fechaalta_lag1	0.00199927647039895	0.00262226597289259	0.00353167074313667
mtransferencias_emitidas_rank_lag1	0.00197179138985812	0.00116478894558985	0.00136580794111596
Visa_mconsumospesos_rank_tend6	0.00196151803526371	0.00198230113717262	0.00437172834708666
Master_fechaalta_tend6	0.00194528119426312	0.00142309499763011	0.00207442796077445
mprestamos_personales_rank_delta2	0.00193993938274321	0.00310060822679057	0.000691475986924818
mrentabilidad_rank_lag2	0.0019202202806322	0.00208974519920797	0.00350309735524722
mcomisiones_otras_rank_delta1	0.00190449389585484	0.0023135063441832	0.00432601092646353
mpasivos_margen_rank_tend6	0.00189161141336277	0.00208298086444128	0.00224015361053329
mrentabilidad_annual_rank_lag2	0.00188626895534722	0.00298259894725079	0.00450888060895604
rf_019_024	0.00188118186631443	0.000775019155815688	0.000645758566301689
mcuentas_saldo_rank_tend6	0.00187131609958482	0.00246264044596669	0.00184584085765881
internet_lag1	0.00187084926598795	0.00148841773524645	0.00021715774795986
Master_mlimitecompra_rank	0.00185586350458061	0.00226221436792044	0.00486319061878529
internet_tend6	0.00185113260818843	0.00269474664818319	0.000422886140763938
mpasivos_margen_rank_delta1	0.00184049193907489	0.00307729149011475	0.00486890529636318
Visa_fechaalta_tend6	0.00183858612454061	0.000739407663691235	0.000822913571216312
mrentabilidad_annual_rank_lag1	0.00183537891321966	0.00253733345188374	0.00275447459254349
rf_002_017	0.00182185124386207	0.00109190154816763	0.00136580794111596
cproductos_delta2	0.00181915830336596	0.00121417593719956	0.000200013715226187
mcomisiones_rank	0.00176967220504601	0.00194550053533938	0.00312592863510641
mactivos_margen_rank_delta1	0.0017506506269198	0.00262715588215685	0.0037716872014081
mpagomiscuentas_rank	0.00172558933925336	0.00102828661405244	0.000480032916542849
rf_011_018	0.00170214611045424	0.000544018896330765	0.000114293551557821
rf_020_024	0.00169364379382163	0.000961146719881775	0.000611470500834343
cdescubierto_preacordado_delta2	0.00167425618941357	0.00153457391499179	0.000200013715226187
Visa_mpagominimo_rank_lag1	0.00165395628751489	0.00171821741552132	0.00292020024230233
cdescubierto_preacordado_tend6	0.00165313707769291	0.0012366196039172	0.000171440327336732
tcallcenter	0.00164956642110739	0.0013053413727498	0.000891489702151005
rf_006_017	0.00163944239891539	0.000696263956309004	0.000708620019658491
mprestamos_personales_rank_lag2	0.00163768999975263	0.00236041254551584	0.000891489702151005
mcaja_ahorro_rank_delta1	0.00163015689313429	0.00234353383891431	0.00164582714243262
vmr_mpagospesos	0.00162695044147995	0.00119244269872238	0.00132009052049283
Visa_Fvencimiento_lag2	0.00161570998805942	0.0021701855774462	0.00337165977095572
Master_mfinanciacion_limite_rank_tend6	0.00161380397366141	0.00242085569118184	0.00413171188881523
mcomisiones_rank_delta1	0.00160028101884892	0.00231348107461991	0.00374311381351864
mcomisiones_mantenimiento_rank_delta1	0.00159311456872067	0.00145854688562166	0.00109150341737719
rf_006_021	0.00159234513048411	0.00170739604582197	0.00354310009829245
Visa_mpagosdolares_rank_tend6	0.00159093095932097	0.00131742881303516	0.00193727569890507
Master_mlimitecompra_rank_lag1	0.00158757784568606	0.0018655568807758	0.0038345486547649
Master_Fvencimiento_lag2	0.0015692816661363	0.00190354012435708	0.00396598623905639
Visa_mconsumospesos_rank_delta1	0.00156453549850786	0.00223848795008642	0.00476032642238325
cprestamos_personales_tend6	0.00156394071042615	0.00244200924849577	0.000354310009829245
vm_cconsumos_tend6	0.00155127682266566	0.00100827016090048	0.000862916314261549
Visa_cconsumos_lag1	0.00154231592872851	0.00234915797956208	0.00341166251400096
Visa_mpagospesos_rank_lag2	0.00153447945662347	0.00225138529951476	0.00402884769241319
Master_Fvencimiento_lag1	0.00153086408280692	0.00181860037599127	0.00337737444853361
Visa_mconsumototal_rank_tend6	0.00152966681873603	0.0018062569929996	0.00390312478569959
rf_014_021	0.00152605378462198	0.00120486592305961	0.0022344389329554
Visa_mfinanciacion_limite_rank_lag1	0.00151085899952223	0.00210887234703467	0.00315450202299586
rf_016_021	0.00151076335015504	0.00197717277750077	0.00308021121448328
mpasivos_margen_rank_lag2	0.00151026605676699	0.00175117243498517	0.0031945047660411
mcomisiones_otras_rank_tend6	0.00150514905599433	0.00161906169168674	0.00212586005897547
chomebanking_transacciones	0.00148748274258084	0.00211589917102666	0.00233730312935744
rf_010_023	0.00148634187254034	0.00162096507898916	0.0036402496171166
Visa_fechaalta_lag1	0.00148497733700655	0.00187851930260288	0.00257731958762887
rf_005_019	0.0014839260394957	0.00130161564405003	0.00232587377420166
Master_mlimitecompra_rank_lag2	0.00146801331623221	0.00194006807676755	0.00369739639289551
Visa_mpagominimo_rank_tend6	0.0014565894238433	0.00212911672379169	0.00241730861544792
Master_mfinanciacion_limite_rank_lag2	0.00145495573320544	0.00194048040271942	0.00392598349601116
vm_mpagominimo_rank_lag2	0.00145380815481799	0.00146186712293538	0.00182869682492514
rf_018_026	0.00145311785434567	0.00208765382206632	0.00466889158113699
foto_mes	0.00145012970868068	0.00349096157326723	0.000674331954191145
Visa_msaldopesos_rank_lag2	0.00144004504831241	0.00175434678966979	0.00252588748942785
mtransferencias_recibidas_rank_lag2	0.0014396241941232	0.00154226960992171	0.00216586280202071
Master_fechaalta_lag2	0.00143131428754669	0.00225806746237512	0.00333165702791049
vm_mpagospesos_rank_tend6	0.00141738853976071	0.00156342596914577	0.00176012069399045
Master_Fvencimiento_tend6	0.00140879645533284	0.00121289352650217	0.00158868036665371
Master_mlimitecompra_rank_delta2	0.00140747123744351	0.00188396333542027	0.00417171463186047
vm_fultimo_cierre_tend6	0.00140631463903191	0.00178693502076785	0.00206871328319656
Master_mpagominimo_rank	0.0014052290912279	0.00124020539422712	0.00199442247468398
mcaja_ahorro_rank_lag2	0.00140180344599642	0.00141122746801056	0.00112579148284454
Master_mfinanciacion_limite_rank_delta2	0.00140145648445364	0.00239118694569121	0.00404599172514687
rf_009_023	0.00140094130836699	0.00121356396860466	0.00152010423571902
Visa_cconsumos	0.00139379801418839	0.00155257040043122	0.00302877911628226
chomebanking_transacciones_delta1	0.00139328317909093	0.00319343380718375	0.00262303700825199
rf_015_020	0.0013915487956566	0.000836279856958861	0.000194299037648296
Visa_cconsumos_tend6	0.00139026510975893	0.00186384952243793	0.00341166251400096
Visa_mpagominimo_rank	0.0013824768451299	0.0020783286461884	0.00250874345669417
thomebanking_lag2	0.00137353112776141	0.00156400439337738	0.00390312478569959
mcomisiones_rank_lag1	0.00137033379646147	0.00168871796301169	0.00256589023247308
vm_fechaalta	0.00136875627726928	0.00241991788924392	0.00292591491988022
Visa_fechaalta_lag2	0.00136801592372853	0.00212770264950443	0.00294305895261389
rf_005_022	0.00136750439239498	0.000861809683657334	0.000257160491005098
vm_fechaalta_lag2	0.00136485365580568	0.0017236422015729	0.00272018652707614
Master_Fvencimiento_delta2	0.00136215716601941	0.000668271957633463	0.00112007680526665
catm_trx_lag2	0.00135163167167941	0.000660771348969354	0.000480032916542849
Master_fultimo_cierre_tend6	0.00134713736945864	0.00214601402250714	0.00312592863510641
Visa_msaldototal_rank_tend6	0.00134663138510983	0.00166476561171439	0.00248017006880472
cdescubierto_preacordado_delta1	0.00134596081530728	0.00132605678464097	0.00016001097218095
mcomisiones_rank_tend6	0.00134389433991699	0.00158966090831129	0.00202871054015132
Visa_mconsumospesos_rank	0.00134231822654803	0.00195724739952095	0.00329165428486525
Visa_mfinanciacion_limite_rank_tend6	0.00133805833973128	0.00272195128392713	0.00342309186915674
matm_rank	0.0013218208136548	0.000615124933564488	0.000405742108030265
Master_fechaalta	0.00131772319394025	0.00194775596824684	0.00317736073330743
Visa_mconsumototal_rank_delta2	0.00131027336917483	0.00184507358226184	0.00375454316867442
vmr_mpagominimo_lag2	0.00130886335208571	0.00170864860439278	0.00258303426520676
Visa_mfinanciacion_limite_rank_delta1	0.00129800499595721	0.0014465850861287	0.00256017555489519
Visa_mpagospesos_rank_delta2	0.00129463234545805	0.00195294306328703	0.00422886140763938
Visa_cconsumos_lag2	0.00129250204988922	0.00131824932753891	0.00261160765309621
rf_008_024	0.00126993223186318	0.0012348650320844	0.00226301232084486
ctrx_quarter_normalizado	0.0012621348880085	0.00128123242871833	0.000548609047477541
Visa_mconsumosdolares_rank_tend6	0.00125414256959027	0.00176882907753095	0.00285733878894553
Visa_msaldototal_rank_delta2	0.00124966735211839	0.00169115931705838	0.00278304798043294
Visa_mfinanciacion_limite_rank_delta2	0.0012460346035472	0.00181461441006872	0.0031945047660411
rf_005_020	0.0012435219974459	0.00140377352293379	0.00288591217683498
Visa_mconsumospesos_rank_lag2	0.00123867623712999	0.00175611901091779	0.00352024138798089
mcuentas_saldo_rank_lag2	0.0012386480615273	0.00278191278909823	0.00225729764326697
cliente_edad_lag1	0.00123534387641011	0.00234049224763475	0.0018515555352367
vm_status05_delta2	0.00123055994951454	0.000520838091575189	0.000222872425537751
Visa_mconsumospesos_rank_lag1	0.00122885463984118	0.00171958155296175	0.00334308638306627
mcuenta_corriente_rank_delta2	0.00122644731044208	0.00194124097729533	0.00142866939447276
cmobile_app_trx_lag2	0.00122436290230153	0.00259124086722609	0.00227444167600064
Visa_mlimitecompra_rank_tend6	0.00122431700204919	0.0020738238555431	0.00313735799026219
Visa_mconsumototal_rank_delta1	0.00122315021123117	0.00158743616548484	0.00338308912611151
Master_mfinanciacion_limite_rank_lag1	0.00121385904795268	0.00142979336967148	0.00301734976112648
Visa_mlimitecompra_rank_lag2	0.00121176973297823	0.00261350277639058	0.00309735524721695
vmr_msaldototal_tend6	0.00120208674057214	0.00151252170392349	0.00177155004914623
thomebanking	0.00120157963529336	0.00163732187091097	0.00179440875945779
ctarjeta_visa_transacciones_tend6	0.00119687047312189	0.00167161581062411	0.000822913571216312
Visa_fechaalta	0.0011846967863554	0.00147060316447663	0.00212586005897547
chomebanking_transacciones_delta2	0.00118152792046881	0.00195424212832873	0.00268018378403091
mautoservicio_rank	0.00116042034182899	0.00141775070757599	0.000771481473015292
Visa_Fvencimiento	0.00115835495820172	0.0015819779136282	0.00246302603607104
Visa_mpagospesos_rank	0.00115774228517458	0.00178404392086675	0.0030002057283928
Master_msaldototal_rank	0.00115740663413885	0.00163162359748219	0.00240016458271424
Master_fultimo_cierre	0.00115658022087305	0.00153922217914721	0.00281733604590029
rf_015_023	0.00115539580523672	0.00154329471623684	0.00408599446819211
mpasivos_margen_rank_lag1	0.00114893119493295	0.00157319313979961	0.00213157473655336
ctrx_quarter_lag2	0.00114270331699457	0.00162017454754237	0.002045854572885
Visa_mfinanciacion_limite_rank_lag2	0.00114004989407023	0.00149295968393352	0.00256017555489519
Visa_cconsumos_delta2	0.00113795465953907	0.00167018042087103	0.00254874619973941
Visa_mpagominimo_rank_delta2	0.00113568005124533	0.0020572655355808	0.00256589023247308
mcomisiones_otras_rank_lag1	0.00113327824654931	0.00189276117610076	0.00304020847143804
vm_mpagospesos_rank_delta2	0.00113296671512282	0.00106977491627148	0.00161153907696528
Master_mfinanciacion_limite_rank_delta1	0.00112721074311198	0.00156994784703525	0.00313735799026219
Master_mlimitecompra_rank_tend6	0.00112287415046975	0.00226844112873399	0.00285162411136764
vm_fechaalta_lag1	0.00111366709944414	0.0016982484900972	0.00226872699842275
mrentabilidad_rank	0.00111057507855905	0.00242895224256237	0.0024915994239605
mpayroll_rank_delta2	0.00110774401995077	0.00140034471814919	0.000508606304432304
ctarjeta_visa_transacciones_delta2	0.00110585180297671	0.00175794698232148	0.00100006857613093
Master_mconsumototal_rank_tend6	0.00110549451735427	0.00225559916285628	0.00262303700825199
mcomisiones_mantenimiento_rank_lag2	0.0011040838792999	0.00126548909799776	0.00114293551557821
mtarjeta_visa_consumo_rank_tend6	0.0011017474983505	0.00114146351513682	0.00137152261869385
mpayroll_sobre_edad_rank_delta2	0.00109837858201206	0.00123051803873276	0.000405742108030265
Master_Fvencimiento	0.00109823103485705	0.00163598504554776	0.00282305072347818
Master_fultimo_cierre_lag2	0.0010895739439235	0.00180591379828823	0.00237730587240268
Visa_mlimitecompra_rank_delta2	0.00108836582124921	0.0018584009594294	0.00317736073330743
mrentabilidad_rank_lag1	0.00108775736062445	0.00174687320503606	0.0023658765172469
Master_mpagosdolares_rank	0.001083107639611	0.00127133647494298	0.00269161313918669
Visa_mconsumosdolares_rank_lag2	0.0010792783741401	0.00186204506613044	0.00286305346652342
Visa_mpagospesos_rank_delta1	0.00107725891990263	0.00166319997241955	0.00326308089697579
mactivos_margen_rank_tend6	0.00107675120302943	0.00178511705244517	0.002045854572885
Master_msaldopesos_rank_lag1	0.00107008321391666	0.00180873437908679	0.00268018378403091
cproductos_tend6	0.00106822550882619	0.00184523211276563	0.000274304523738771
Visa_mconsumosdolares_rank	0.00106787554583917	0.00131134843238615	0.00233158845177955
vmr_msaldopesos	0.00106183778280355	0.00120670253586836	0.00165725649758841
chomebanking_transacciones_lag2	0.00106175125849367	0.00178536529644515	0.00291448556472444
Visa_msaldopesos_rank_tend6	0.00105635510205357	0.00194781454649873	0.00239444990513635
cmobile_app_trx_delta2	0.00103877871700933	0.00218838668088308	0.00208014263835234
Master_msaldototal_rank_lag1	0.00103808573454992	0.00151579098313342	0.00218872151233227
Master_mlimitecompra_rank_delta1	0.00103653402580673	0.00192346749247867	0.00367453768258395
vmr_msaldopesos2_lag2	0.00102990565166729	0.00139095190363709	0.00181726746976936
rf_009_015	0.00102701559852777	0.000883139211401629	0.00169725924063364
mrentabilidad_annual_rank_tend6	0.00102574415645308	0.00235502591257692	0.00196584908679452
Visa_msaldototal_rank_lag2	0.00102542427133921	0.00139282567448761	0.00240016458271424
Visa_mconsumosdolares_rank_delta2	0.00102462725633403	0.00128916426968115	0.00233158845177955
mrentabilidad_rank_tend6	0.00101790521121993	0.00253211433127266	0.00173154730610099
vmr_Master_mlimitecompra	0.00101639663905382	0.00175672197150256	0.00249731410153839
Visa_fechaalta_delta2	0.00100714052741082	0.000797277032324484	0.000674331954191145
mttarjeta_visa_debitos_automaticos_rank_tend6	0.00100556776721072	0.00301193989544271	0.00110293277253297
Visa_msaldototal_rank_lag1	0.00099876783451098	0.00127914175860074	0.00214300409170915
Master_msaldopesos_rank_lag2	0.00099394789895166	0.00125302847994407	0.00217729215717649
Visa_mlimitecompra_rank	0.00098735410108714	0.00136850936292071	0.00228587103115642
mcuenta_corriente_rank_delta1	0.000986577710795329	0.001904364147795	0.00106864470706563
vm_Fvencimiento_lag2	0.00098467527325902	0.00135579130955438	0.00225729764326697
Visa_msaldopesos_rank_delta2	0.000983131479548068	0.00132385288593098	0.00242302329302581
Visa_fechaalta_delta1	0.000975590158332962	0.000998676237325101	0.00086863099183944
vm_mconsumototal_rank_tend6	0.000975412665121944	0.00108443966870985	0.00136580794111596
rf_014_023	0.000970333355657447	0.00107356343918138	0.00160582439938739
Visa_mlimitecompra_rank_delta1	0.000969735625282989	0.0018954755199892	0.00260589297551832
mpasivos_margen_rank	0.00095998040275949	0.00160584733362298	0.00130294648775916
vm_mconsumospesos_rank_delta2	0.000957033225989012	0.00126504417038133	0.00141152536173909
Visa_Fvencimiento_lag1	0.000952010244412747	0.00158805379027214	0.00231444441904588
Master_mpagominimo_rank_lag2	0.000951939020103068	0.00123511474250464	0.00213157473655336
Visa_mpagominimo_rank_delta1	0.00095162822433254	0.00149721434518137	0.00237159119482479
vmr_mpagospesos_tend6	0.000947828534683714	0.00168329943543227	0.00142866939447276
vm_mpagominimo_rank	0.000946210260608635	0.00122180315554087	0.00174869133883466
vm_status01_delta1	0.000942416775668651	0.00104295885570853	0.000748622762703728
ccaja_seguridad_lag2	0.000942218987672196	0.000733160399180216	0.000114293551557821
cliente_edad	0.000941774314156454	0.00138041782137696	0.00100006857613093
mtransferencias_recibidas_rank_tend6	0.000940208963952957	0.00171115560693187	0.00152010423571902
vm_Fvencimiento_lag1	0.000939949897276977	0.00133317038928865	0.00212014538139758
Master_cconsumos_delta2	0.00093993975486818	0.000825907133298721	0.00186298489039248
vm_Fvencimiento	0.000932304400856568	0.001658863008335	0.00221729490022173
mpayroll_sobre_edad_rank_delta1	0.000931817939429145	0.00101573958194813	0.000297163234050335
mtransferencias_recibidas_rank_delta2	0.000927250557992328	0.00146717121736291	0.00189155827828194
vmr_Master_mlimitecompra_lag1	0.000915601407780196	0.00113095135062226	0.00206871328319656
tcallcenter_delta1	0.000914740432630658	0.000826791541827783	0.000508606304432304
Master_msaldopesos_rank	0.00091348634982254	0.00141700369738743	0.00195441973163874
ctrx_quarter_normalizado_tend6	0.000910127976681092	0.00121535768862101	0.00121722632409079
vm_mlimitecompra_rank_lag2	0.000909151377134445	0.00114349665444556	0.00196584908679452
mcaja_ahorro_rank_tend6	0.000908253132167251	0.00181382730899788	0.00162296843212106
Master_mpagominimo_rank_lag1	0.000907388984149765	0.00168138274560327	0.00247445539122683
Visa_mpagado_rank_tend6	0.00090413541705254	0.00114755667459088	0.00127437309986971
thomebanking_delta2	0.000899935900221757	0.00128112886278796	0.00113722083800032
rf_008_015	0.000899861123799347	0.000733769408748534	0.000537179692321759
mextraccion_autoservicio_rank_lag2	0.000898911127947227	0.000959384344598336	0.00121722632409079
mtarjeta_visa_consumo_rank_lag2	0.000896962002966318	0.00179446430318512	0.0019144169885935
Visa_mconsumosdolares_rank_lag1	0.000893659506039195	0.00171197386943309	0.00282876540105607
mcomisiones_mantenimiento_rank_lag1	0.00089345146163745	0.00145284934540301	0.00115436487073399
Master_mconsumospesos_rank	0.000891337858393731	0.00146768765915276	0.00224015361053329
ctrx_quarter_delta1	0.000886999349150837	0.00132090213414887	0.000862916314261549
Master_cconsumos_lag2	0.000884561547762372	0.00155049486586553	0.00271447184949825
vmr_msaldototal_lag1	0.000880834119066016	0.000819232014492791	0.00127437309986971
Visa_mpagominimo_rank_lag2	0.000878415374306504	0.00128204684186639	0.00197156376437241
Master_mconsumospesos_rank_tend6	0.000874283359718602	0.00169445952202401	0.00238302054998057
cprestamos_personales_delta2	0.000870612601897214	0.000759980073421651	8.57201636683658e-05
vmr_mpagominimo_tend6	0.000868778854382993	0.000994195694986128	0.00102864196402039
vm_mlimitecompra_rank	0.000865718897838029	0.000884519086673698	0.00147438681509589
vmr_mpagospesos_delta1	0.00086072966010654	0.00142005175662776	0.00125151438955814
Visa_fultimo_cierre_delta1	0.000860430496495055	0.000825154309801298	0.00110293277253297
ccallcenter_transacciones_tend6	0.000859116155255294	0.00201678929901106	0.000805769538482639
vm_mlimitecompra_rank_tend6	0.000856805988547979	0.00188836508385672	0.00178297940430201
cmobile_app_trx_tend6	0.000855772075037837	0.00252348206515039	0.00150867488056324
ccomisiones_otras_tend6	0.000850667632129624	0.00143876767831778	0.00138866665142753
Master_status	0.000849782640152494	0.00141703195216338	0.000800054860904748
rf_012_019	0.000849155332059185	0.00102996048039918	0.0019144169885935
Visa_mlimitecompra_rank_lag1	0.000843468281731136	0.00121574634236022	0.00206871328319656
mtransferencias_emitidas_rank	0.00084222877661682	0.00235892203407289	0.00138866665142753
vm_mpagominimo_rank_delta2	0.0008398779321154	0.00127112161818982	0.00133723455322651
vmr_mconsumospesos_lag1	0.000839435751476674	0.0011942060690767	0.00165154182001052
mpagomiscuentas_rank_tend6	0.000838549481379484	0.00190977811899721	0.000737193407547946
Master_cconsumos_tend6	0.000838079233739534	0.0015511613014984	0.00224586828811119
ccomisiones_otras_lag2	0.000834813751304866	0.00179272436936876	0.00222300957779962
Master_mpagospesos_rank	0.000834121330034733	0.00169102836049257	0.00211443070381969
ccajas_consultas_tend6	0.000832989845805508	0.00261379862667664	0.000411456785608156
Visa_Fvencimiento_tend6	0.000831177101126592	0.0010091479705384	0.000828628248794203
Master_mpagospesos_rank_lag1	0.000830601695525682	0.00147863102977995	0.00213157473655336
vm_mfinanciacion_limite_rank_tend6	0.000827328197627219	0.00113609900943207	0.00171440327336732
ccallcenter_transacciones_delta2	0.000825251577152279	0.000920896861938612	0.000537179692321759
ccaja_seguridad_lag1	0.000823013292329352	0.000801117141804001	9.71495188241479e-05
vmr_mpagominimo_delta2	0.00082298727324741	0.00115593415019418	0.00165725649758841
vm_mfinanciacion_limite_rank_delta2	0.000821996566210611	0.00201586977495416	0.00203442521772922
Master_mpagominimo_rank_delta2	0.000821771276482397	0.00170424169729937	0.0022973003863122
Master_fultimo_cierre_lag1	0.000812697359461872	0.00151655116491819	0.00194299037648296
Master_msaldopesos_rank_tend6	0.000812610021276964	0.00156357756033943	0.00205156925046289
vm_mlimitecompra_rank_delta2	0.000808743052612252	0.00190035267663448	0.00213157473655336
mautoservicio_rank_lag2	0.000807532186060834	0.0016147816561313	0.00179440875945779
Master_msaldopesos_rank_delta2	0.000807493991393612	0.00133858315593136	0.00207442796077445
vmr_msaldopesos_delta2	0.000804621822113381	0.000941160799694362	0.00164582714243262
Master_mconsumospesos_rank_delta1	0.000801220598816977	0.00163966735773361	0.0021715774795986
mcomisiones_mantenimiento_rank_delta2	0.000795976996674428	0.00239020674849633	0.00136580794111596
vm_mlimitecompra_rank_lag1	0.000793392050488671	0.00123865185289936	0.00180012343703568
Master_msaldototal_rank_lag2	0.000790735433583757	0.00131988794742741	0.00213728941413125
mcaja_ahorro_rank_delta2	0.00078535735922595	0.00163747330498817	0.00139438132900542
rf_017_026	0.0007852164136957	0.000961296635166576	0.00158868036665371
cliente_antiguedad_lag2	0.000780389004525858	0.00152765903647449	0.00148581617025167
Master_msaldototal_rank_tend6	0.000779831068428947	0.00140056588574664	0.00189727295585983
mttarjeta_visa_debitos_automaticos_rank_lag2	0.000776882550737258	0.00133687708071121	0.00165154182001052
Master_mconsumototal_rank_delta2	0.000775056593213319	0.00150542472743404	0.00173726198367888
mextraccion_autoservicio_rank_delta2	0.000772982072778797	0.00162501635298512	0.00135437858596018
mttarjeta_visa_debitos_automaticos_rank_delta2	0.000768193308376964	0.00113391215785752	0.000942921800352024
mcuenta_debitos_automaticos_rank	0.00076649412305506	0.0017310937113446	0.000480032916542849
cliente_edad_lag2	0.000764777864843727	0.00176452733371855	0.00147438681509589
Master_mconsumosdolares_rank_delta1	0.000762664167064992	0.000589438409387543	0.00155439230118637
Master_mconsumototal_rank_lag2	0.000760251316002121	0.00145765878485589	0.00181726746976936
vmr_msaldopesos_tend6	0.000759737304600442	0.0012465724600356	0.00167440053032208
vmr_mpagominimo_lag1	0.000756632204551341	0.000904719889800339	0.00145724278236222
Visa_fultimo_cierre_lag1	0.000755196662654426	0.00115742165023839	0.00139438132900542
vmr_Visa_mlimitecompra	0.00075282317941268	0.00139209427120031	0.00169154456305575
vmr_Visa_mlimitecompra_lag2	0.000752114422533525	0.0012993874970337	0.00172011795094521
chomebanking_transacciones_lag1	0.000751585456890827	0.00128592539250539	0.00153724826845269
vm_status02_tend6	0.000744323136795438	0.000933562805013804	0.00100006857613093
mtransferencias_emitidas_rank_lag2	0.000742512453147345	0.00185186753348042	0.00158296568907582
mplazo_fijo_dolares_rank	0.000740614933728518	0.00226049323570662	0.00026858984616088
mpayroll_sobre_edad_rank_tend6	0.000740428465348404	0.00124830925152283	0.000428600818341829
rf_018_015	0.000739169745349125	0.00103985865999099	0.0012115116465129
vmr_mconsumospesos_lag2	0.000738927483791403	0.00123685643078808	0.00169154456305575
mcaja_ahorro_dolares_rank_delta2	0.000733521238308355	0.00204677214648269	0.00092006309004046
Master_mpagominimo_rank_delta1	0.000732171411969546	0.0014396020452557	0.00206299860561867
rf_015_014	0.00073168686386719	0.00118280692979764	0.0010857887397993
vmr_msaldototal_delta1	0.00072892411778665	0.00120421310418623	0.00152581891329691
vmr_msaldopesos_lag1	0.00072866957550057	0.0010496137850499	0.00169154456305575
vmr_Master_mlimitecompra_lag2	0.000728022100679954	0.00112962547103879	0.00186298489039248
Master_mconsumospesos_rank_delta2	0.000726971427819375	0.000952493190665836	0.00142866939447276
vm_status04_tend6	0.000726263789385385	0.000517890220261441	0.000165725649758841
mcomisiones_mantenimiento_rank_tend6	0.000725684538252186	0.00282474831255263	0.000925777767618351
ctrx_quarter_delta2	0.000715180153547689	0.00162395924728518	0.00162296843212106
vm_mconsumospesos_rank_tend6	0.000713872602627174	0.000902970083833354	0.00145152810478433
vmr_msaldopesos2_tend6	0.000713260705829713	0.00159482742109579	0.00148581617025167
Master_fechaalta_delta2	0.000711700009547723	0.0007127026320903	0.0010857887397993
Master_mconsumospesos_rank_lag1	0.000707236914238685	0.00110435239881499	0.0018515555352367
cproductos_lag2	0.000705707118929903	0.000525147665024298	0.000228587103115642
mautoservicio_rank_delta2	0.000702342277653518	0.00146806947832615	0.00156582165634215
Visa_fultimo_cierre	0.000696982212555622	0.00109937568270895	0.00122294100166869
mcuenta_debitos_automaticos_rank_lag1	0.000696530186912259	0.00148105324180512	0.000731478729970055
Master_fultimo_cierre_delta1	0.000692433547442438	0.000811369697561616	0.00135437858596018
Visa_msaldopesos_rank_delta1	0.000692247735016333	0.00115293031923613	0.00184584085765881
rf_004_016	0.000692184009084373	0.000863029273958527	0.000731478729970055
vm_mfinanciacion_limite_rank	0.000688825763517625	0.0010920604190904	0.00155439230118637
Master_mpagado_rank_tend6	0.00068254233403986	0.0013746840396292	0.000817198893638421
ccaja_ahorro	0.000679282239934257	0.00127943355004502	0.000102864196402039
thomebanking_lag1	0.000678225975797963	0.00113806495526993	0.00187441424554827
vm_fultimo_cierre_lag1	0.000675107913393656	0.00165701201937055	0.00150296020298535
Visa_mpagosdolares_rank_delta1	0.000673142939781852	0.000891264986442915	0.00170297391821153
rf_013_023	0.000666841623943042	0.00110833184440462	0.00211443070381969
thomebanking_tend6	0.000665023386283684	0.00263697181128411	0.000577182435366997
ctarjeta_visa_transacciones_lag2	0.000662719307302051	0.00106180827401373	0.00154296294603059
vm_mconsumospesos_rank_lag2	0.000658062487159109	0.0010178054538518	0.00132580519807072
Visa_mconsumosdolares_rank_delta1	0.000655674106483061	0.00103467028183308	0.0018515555352367
ctransferencias_recibidas_tend6	0.00064608211035448	0.00163120849580627	0.00106864470706563
vm_msaldopesos_rank_tend6	0.000645805868291859	0.00128958115201024	0.00136009326353807
Master_mpagospesos_rank_delta2	0.000642790150136195	0.00126242493432072	0.00155439230118637
numero_de_cliente	0.000639107659229227	0.00257743436342691	0.00112579148284454
Visa_msaldopesos_rank	0.000637710917151391	0.00103291819767748	0.00144581342720644
vmr_msaldopesos_lag2	0.000637456356800715	0.0011577907167928	0.00176583537156834
vm_mfinanciacion_limite_rank_lag2	0.000634868306274273	0.00107843263525957	0.00158296568907582
vmr_mconsumospesos_tend6	0.000634025721458524	0.0020187070362831	0.00149153084782957
Visa_cconsumos_delta1	0.000629421730674812	0.001146450627115	0.0021087160262418
mtarjeta_visa_consumo_rank_lag1	0.000627609509466045	0.000680505385292225	0.000982924543397261
rf_013_017	0.000627378848516633	0.000563720069128321	0.000571467757789106
Master_msaldototal_rank_delta1	0.000627026343532936	0.00104658389894629	0.00138866665142753
ccomisiones_mantenimiento_tend6	0.00062517716097779	0.00309170333743161	0.000405742108030265
vm_mconsumospesos_rank_lag1	0.000621045673880257	0.000849219444527707	0.0010229272864425
mcuenta_debitos_automaticos_rank_lag2	0.000618025989993019	0.00170533148322209	0.000891489702151005
vm_fultimo_cierre	0.000614918898261525	0.00114887289151232	0.00131437584291494
vmr_mpagospesos_delta2	0.000614150302881463	0.00132841083431045	0.00152010423571902
vmr_Visa_mlimitecompra_lag1	0.000612491261338484	0.00102168078360347	0.00140009600658331
vm_msaldototal_rank_lag2	0.000610644233079316	0.000901973520341009	0.00139438132900542
vm_mfinanciacion_limite_rank_lag1	0.000610560975758835	0.00110530638374784	0.00154296294603059
mcaja_ahorro_rank_lag1	0.000610063975987708	0.00180213480710997	0.000862916314261549
ccomisiones_otras_delta2	0.000608541346244847	0.00105037548562707	0.00175440601641255
vm_mpagominimo_rank_lag1	0.000607989352471668	0.000922299047747389	0.000988639220975153
vm_msaldototal_rank_tend6	0.000606799005676697	0.00127102999311008	0.00148010149267378
vmr_msaldopesos2_delta2	0.000602526545703781	0.00136095538703382	0.00158868036665371
mcaja_ahorro_dolares_rank_delta1	0.000600223316696945	0.00183975550446975	0.000805769538482639
Master_mconsumototal_rank_lag1	0.000599075576926738	0.00106523558619201	0.00158868036665371
vm_mfinanciacion_limite_rank_delta1	0.000599003419250376	0.000914761595274422	0.00164011246485473
Master_cconsumos_lag1	0.000595322987560335	0.00107799695132795	0.00206299860561867
vmr_Master_mlimitecompra_tend6	0.000590283696144985	0.00154351284624949	0.00125151438955814
vm_status01	0.000589849190079629	0.0010107381461864	0.000645758566301689
vmr_msaldototal	0.000588189684293133	0.00107516113023319	0.00124008503440236
Master_cconsumos	0.000586512482820958	0.000799010000644633	0.00157153633392004
mplazo_fijo_dolares_rank_delta1	0.000586361226352953	0.00122112449101054	0.00016001097218095
Visa_mpagado_rank_delta2	0.000584302545395578	0.0014479719007109	0.000925777767618351
ctarjeta_debito_transacciones_lag2	0.000582005572082379	0.00118515042647851	0.0010857887397993
mcomisiones_mantenimiento_rank	0.000581403539785107	0.00151082652211094	0.000937207122774133
vmr_msaldototal_delta2	0.000581200650109569	0.000722259999903653	0.00104007131917617
vm_mlimitecompra_rank_delta1	0.000580778101480052	0.00129368720727708	0.00154867762360848
vm_msaldopesos_rank_delta2	0.000580657604931376	0.00105616239892293	0.00123437035682447
rf_011_015	0.000580437039774543	0.000822170799238185	0.00122294100166869
mtransferencias_emitidas_rank_tend6	0.000578918818930562	0.0013019161554576	0.000988639220975153
mtransferencias_recibidas_rank_delta1	0.000576740854618447	0.000918277311645097	0.0011486501931561
vmr_mpagominimo	0.000576366324800348	0.000919437695228572	0.00140009600658331
ccajas_transacciones_tend6	0.000575168079545866	0.00208738347701824	0.000634329211145907
vmr_mpagospesos_lag2	0.000573177747088863	0.00111422122381566	0.00141152536173909
Master_msaldototal_rank_delta2	0.000571566585867006	0.000917035567923653	0.00132580519807072
vmr_msaldopesos2_lag1	0.000570541954418141	0.00111806099287619	0.001468672137518
ctransferencias_emitidas_tend6	0.00056707147937739	0.00165782287121227	0.000817198893638421
vmr_msaldototal_lag2	0.000564326696294569	0.000939644416408377	0.00142295471689487
Visa_msaldodolares_rank_delta1	0.000563943537488127	0.000828937883542844	0.000565753080211215
mttarjeta_visa_debitos_automaticos_rank_lag1	0.00055989953488853	0.000807492246737797	0.00127437309986971
Visa_fultimo_cierre_tend6	0.000559534871263288	0.000799696651928137	0.00130866116533705
vm_fultimo_cierre_lag2	0.000558524176989486	0.00140657367859312	0.00124008503440236
cmobile_app_trx_lag1	0.000558349142110106	0.00167481603715176	0.000977209865819371
mcuentas_saldo_rank_lag1	0.000557620387542957	0.00157662726035763	0.000885775024573114
vm_msaldopesos_rank	0.000557347961815245	0.00108438166655162	0.00107435938464352
cliente_antiguedad_lag1	0.000555760435496034	0.00159480712688693	0.0012115116465129
rf_020_015	0.000554319760076558	0.00120590179185195	0.000977209865819371
vm_mconsumototal_rank_delta2	0.000552064149452362	0.000969172254624333	0.00130866116533705
mtransferencias_recibidas_rank_lag1	0.000550854022660206	0.00133274279685449	0.00121722632409079
Visa_fultimo_cierre_delta2	0.000549652679539719	0.000743643811383387	0.000891489702151005
mcaja_ahorro_dolares_rank	0.000548556375250007	0.00169615213760112	0.0007029053420806
vmr_mconsumospesos	0.000544819331792432	0.000863801396593924	0.00123437035682447
rf_012_013	0.000541269820841861	0.00111167462792974	0.000662902599035362
rf_013_018	0.00054104006952235	0.00034596800011729	0.000142866939447276
vm_msaldototal_rank_delta2	0.000537912372229749	0.000859376368735961	0.00115436487073399
vmr_Master_mlimitecompra_delta2	0.000535052804478467	0.0011155630245333	0.0012115116465129
vm_msaldototal_rank_delta1	0.000532814597573243	0.00117684150602204	0.0012800877774476
vmr_Visa_mlimitecompra_tend6	0.000531658349595994	0.00172718470629927	0.000897204379728896
vmr_msaldopesos2	0.000528398970955784	0.0008700080988733	0.00126865842229181
Visa_mpagado_rank_delta1	0.000527573103041991	0.00158150499309658	0.00101721260886461
matm_rank_lag2	0.000523508257429086	0.000992484775341927	0.00106293002948774
Master_mconsumototal_rank_delta1	0.00052148507744628	0.00111834799226858	0.00133151987564862
vm_mconsumospesos_rank_delta1	0.000521416877973283	0.000778972362957224	0.00100578325370883
Master_mpagospesos_rank_lag2	0.000519913827491417	0.00125059647432649	0.00142866939447276
rf_005_021	0.000519804080396401	0.000903195231714354	0.000491462271698631
vm_Fvencimiento_tend6	0.000519421206294728	0.00116261144244441	0.00112007680526665
mttarjeta_visa_debitos_automaticos_rank	0.000519037917702835	0.00114953835826038	0.00121722632409079
cdescubierto_preacordado_lag1	0.000516678243452305	0.000909414765170944	0.000605755823256452
Master_mconsumototal_rank	0.000515089688083503	0.00100342293494001	0.0015943950442316
vm_msaldopesos_rank_lag2	0.00051499147300644	0.000644384835851347	0.000948636477929915
rf_008_017	0.000514671501982538	0.000763562433355614	0.000914348412462569
cliente_antiguedad	0.000510877408671322	0.000738931208039365	0.00111436212768876
Visa_msaldodolares_rank_delta2	0.000502167827109767	0.000612782824745641	0.000622899855990125
chomebanking_transacciones_tend6	0.000501364462707435	0.000923706208910596	0.000937207122774133
ctarjeta_visa_debitos_automaticos_tend6	0.000501016447524921	0.00118579845329999	0.000365739364985028
vmr_msaldopesos2_delta1	0.000500364871602408	0.00100627457242465	0.00142866939447276
vm_mpagominimo_rank_delta1	0.000500000264458828	0.00111376377925493	0.00120579696893501
vm_mpagospesos_rank_lag1	0.000496890265979627	0.000461393342426844	0.000674331954191145
vmr_mconsumospesos_delta2	0.000495995942745562	0.00116186736509636	0.0012115116465129
tcallcenter_delta2	0.000490860794001887	0.00111155422435253	0.00086863099183944
Visa_mpagosdolares_rank_lag2	0.000489778751987381	0.000698490610718998	0.00144009874962855
Visa_status_tend6	0.000489009355311852	0.000626732409263794	0.000600041145678561
mautoservicio_rank_tend6	0.000487941309232659	0.00121340635461353	0.00081148421606053
vm_fechaalta_tend6	0.000483908852865878	0.00116021078155975	0.00081148421606053
mplazo_fijo_dolares_rank_tend6	0.000482765511350818	0.00194870906285311	0.000285733878894553
vm_mpagominimo_rank_tend6	0.000481250675513165	0.00093167968573417	0.00118865293620134
ccajeros_propios_descuentos_delta2	0.000480698152325074	0.000430875461051454	0.00043431549591972
vm_msaldopesos_rank_delta1	0.000479975564003847	0.00117808000267007	0.00106864470706563
vm_mconsumototal_rank_lag2	0.000479607486279741	0.000768247436575587	0.00106293002948774
vm_mpagospesos_rank_delta1	0.000475095663431585	0.00138818293559422	0.00129723181018127
mtarjeta_visa_consumo_rank_delta1	0.000474695850477247	0.00107755147380393	0.00112007680526665
Master_mpagospesos_rank_delta1	0.000474676893322679	0.00101211812620278	0.00142295471689487
vm_msaldototal_rank_lag1	0.000473689387281363	0.000774560244834703	0.000948636477929915
Master_msaldopesos_rank_delta1	0.000470452408095584	0.00121057927966813	0.001468672137518
Master_cconsumos_delta1	0.00046981307342887	0.00076782330070346	0.00148581617025167
mttarjeta_visa_debitos_automaticos_rank_delta1	0.000469061938210801	0.00146604992959083	0.00100006857613093
rf_016_018	0.000465559013880856	0.00119483987685894	0.000828628248794203
internet_lag2	0.000463653797122815	0.00191112327153257	0.00037716872014081
rf_018_020	0.000462472302092649	0.000931689453140498	0.000240016458271424
mcaja_ahorro_dolares_rank_lag2	0.000461510806311533	0.00109804092604574	0.000971495188241479
Master_fultimo_cierre_delta2	0.000460012243821309	0.000637889720131482	0.00120008229135712
cpagomiscuentas_tend6	0.000459823713742204	0.00129478841032892	0.000348595332251354
rf_007_016	0.000459191194129763	0.000695563216916641	0.0013429492308044
cprestamos_personales_lag1	0.000457895863743395	0.000817092507343552	0.000125722906713603
mpayroll_sobre_edad_rank	0.000456332420776806	0.00141367303801548	0.000348595332251354
matm_other_rank_lag2	0.000453857375498294	0.000679267438551793	0.000720049374814273
rf_013_015	0.000451822769088084	0.000517457050193113	0.000605755823256452
rf_008_022	0.000446884628486502	0.000634138381449428	0.000394312752874483
cdescubierto_preacordado_lag2	0.000445707327348037	0.000949043620323005	0.000708620019658491
mpagomiscuentas_rank_delta2	0.000444403146593995	0.000965124620492929	0.000480032916542849
mplazo_fijo_dolares_rank_delta2	0.000439273144948663	0.00145866063793557	0.000245731135849315
ctarjeta_debito_transacciones_delta2	0.000439068561923316	0.00166475728454224	0.000720049374814273
ctarjeta_visa_transacciones	0.000438823035829383	0.00166834632192557	0.000771481473015292
rf_002_021	0.000438140601480738	0.000820464226482591	0.00110293277253297
vm_mconsumototal_rank_delta1	0.000430273122786625	0.000746168201476907	0.000942921800352024
rf_017_025	0.000427880430142236	0.000663729851829937	0.00092006309004046
mextraccion_autoservicio_rank	0.000426814185721177	0.000633271439033024	0.000577182435366997
ctrx_quarter_normalizado_lag1	0.00042466044457466	0.000721865611413803	0.000474318238964958
mtarjeta_visa_consumo_rank	0.000420833204354745	0.00114531786984165	0.000851486959105767
mcaja_ahorro_dolares_rank_tend6	0.000420282706317598	0.00140785072114494	0.000582897112944888
mcuenta_debitos_automaticos_rank_tend6	0.00041696223272821	0.00176715285443738	0.000628614533568016
vmr_msaldopesos_delta1	0.000415873335019054	0.000852332995143977	0.00104578599675406
mpagomiscuentas_rank_lag1	0.000415061445172634	0.00111359123920051	0.000662902599035362
mautoservicio_rank_delta1	0.000411985616210713	0.000817280549554934	0.000714334697236382
Visa_mpagado_rank	0.000409733851324145	0.00116576683841005	0.000885775024573114
mpayroll_rank_lag2	0.000409681651289361	0.000777603904814268	0.000422886140763938
matm_rank_delta2	0.000406046612828383	0.00102277394752999	0.000845772281527876
rf_015_017	0.00040556520578167	0.000589776419255877	0.00054289436989965
mextraccion_autoservicio_rank_delta1	0.000402881262946135	0.000760825019534258	0.000394312752874483
mtarjeta_master_consumo_rank_delta2	0.000401461597351205	0.000940600077250092	0.000845772281527876
cproductos_delta1	0.000400356414166533	0.0011595387682927	0.000148581617025167
mextraccion_autoservicio_rank_tend6	0.000393260057975082	0.000950462591406464	0.000680046631769036
vm_mconsumosdolares_rank_lag2	0.000390464233972655	0.00113958709949263	0.000817198893638421
Master_msaldodolares_rank_tend6	0.000386642747082397	0.000972995814503851	0.000885775024573114
thomebanking_delta1	0.000384864639653826	0.000954780884818864	0.000531465014743868
rf_020_025	0.000382252627920066	0.00148775496566421	0.000771481473015292
ccomisiones_otras_delta1	0.000380645683125989	0.00083089660202374	0.000822913571216312
mtarjeta_visa_descuentos_rank_delta1	0.000379655427965132	0.000704676992603438	0.00076005211785951
cproductos_lag1	0.000379041640102694	0.000709655934525925	0.000200013715226187
cmobile_app_trx	0.000372956015019544	0.00132198212647919	0.000422886140763938
Visa_mpagado_rank_lag2	0.000370322374252704	0.000779501923971116	0.000617185178412234
mcuenta_debitos_automaticos_rank_delta1	0.000368515866717795	0.001420879681791	0.000491462271698631
mautoservicio_rank_lag1	0.000367838776589078	0.00114715573958205	0.00076005211785951
ctransferencias_recibidas_lag2	0.000367239179721757	0.00151961454301294	0.000691475986924818
cmobile_app_trx_delta1	0.000367144265846255	0.000801147989001468	0.000640043888723798
rf_010_021	0.000366172454630515	0.000781258014596328	0.000628614533568016
ccajas_transacciones_delta2	0.000365833638324095	0.000972909400453224	0.000628614533568016
ctrx_quarter_lag1	0.000363972233070863	0.000687122397195627	0.000742908085125837
mpayroll_sobre_edad_rank_lag2	0.0003610946687199	0.00126831428754569	0.000668617276613254
vm_status01_tend6	0.000360995614994291	0.000646547412933496	0.000548609047477541
mtransferencias_emitidas_rank_delta2	0.000358011705338578	0.00148744633657309	0.000628614533568016
rf_017_023	0.000357645366139146	0.000637246406803672	0.000440030173497611
Visa_status	0.000357584235909732	0.00104510223839701	0.000554323725055432
Master_delinquency_tend6	0.000356316064703964	0.00117218530748561	0.000805769538482639
vm_cconsumos_lag2	0.000355117233275289	0.000834631076872883	0.00065147324387958
mcuenta_debitos_automaticos_rank_delta2	0.000353538178672528	0.000875814625540041	0.000417171463186047
Master_mpagado_rank_lag2	0.000351466457483057	0.000765219121636527	0.000771481473015292
vmr_mpagospesos_lag1	0.000350554462857444	0.000684704767733746	0.000782910828171075
rf_004_015	0.000347565378689572	0.000569967281267188	0.000445744851075502
mpagomiscuentas_rank_delta1	0.000347201235605425	0.00117362857924755	0.000571467757789106
ctarjeta_visa_debitos_automaticos_lag2	0.000345303134448144	0.00102956703460806	0.000537179692321759
rf_015_024	0.000344127351484779	0.000896829579953975	0.000828628248794203
mv_status07_rank	0.000340847060168139	0.000437478384845996	0.000262875168582989
vmr_mconsumosdolares_tend6	0.000340667339125401	0.00127248143492772	0.000605755823256452
vm_status06_delta2	0.000340557184975168	0.000533052560514965	0.000200013715226187
vmr_mconsumosdolares	0.00033742682539286	0.000862430293657297	0.000548609047477541
cextraccion_autoservicio_tend6	0.00033622652874624	0.000963269284639876	0.000537179692321759
ccuenta_debitos_automaticos_tend6	0.000332923080386008	0.000832730072503377	0.000165725649758841
Master_mpagado_rank_lag1	0.000332855135225211	0.000566843596639527	0.000680046631769036
vm_status01_lag2	0.000324970512614397	0.0020384225328642	0.000554323725055432
mtarjeta_master_consumo_rank_lag2	0.000323726134748232	0.000728536802308341	0.000874345669417332
Master_mpagado_rank_delta2	0.000322922758224041	0.000972921367489932	0.000908633734884678
vmr_mconsumosdolares_lag1	0.000321297297156284	0.000753436173042295	0.000600041145678561
mpagomiscuentas_rank_lag2	0.000319741483458807	0.000703922309894622	0.0007029053420806
Visa_fultimo_cierre_lag2	0.000319375233234457	0.000938465100291992	0.000794340183326857
Master_msaldodolares_rank_delta2	0.000317026022995363	0.000867585598801293	0.000851486959105767
ctarjeta_visa_transacciones_lag1	0.000313631978052916	0.000761711418205091	0.000520035659588086
mtarjeta_master_descuentos_rank_delta1	0.000313256266267716	0.000732579382527086	0.000754337440281619
Master_mpagado_rank_delta1	0.000312406609621113	0.00088133760937642	0.000628614533568016
vmr_mpagado_tend6	0.0003074910434532	0.00113929991679771	0.000668617276613254
tcallcenter_tend6	0.000303845214063734	0.00121970104210809	0.000360024687407137
vm_fechaalta_delta2	0.000302102747823297	0.000360870914916399	0.000462888883809176
ctarjeta_visa_descuentos_delta1	0.000301899445199735	0.000554802898499741	0.000525750337165977
rf_005_013	0.000301231514975743	0.00063826913018589	0.000417171463186047
ctarjeta_debito_tend6	0.000300159897614913	0.00299906909869537	0.000348595332251354
catm_trx_tend6	0.00029888131839499	0.00193781531483984	0.000588611790522779
rf_007_017	0.000297505388374269	0.000703955487652848	0.000462888883809176
mtransferencias_emitidas_rank_delta1	0.000296094660683092	0.000902202386644793	0.000548609047477541
mtarjeta_master_descuentos_rank_delta2	0.000295529137307665	0.000343268398989603	0.000600041145678561
rf_009_018	0.000292336810798437	0.000591274446102623	0.000560038402633323
matm_rank_tend6	0.00029133967216284	0.00117375317259691	0.000588611790522779
ccaja_seguridad	0.000291177691140689	0.00135051319171419	0.00010857887397993
ccajas_otras_tend6	0.000289283611771593	0.0017444753722476	0.000251445813427206
vm_mconsumospesos_rank	0.000288035469643951	0.000451255088890742	0.000600041145678561
rf_014_017	0.000286141810401439	0.000568673401068531	0.000605755823256452
vmr_mconsumospesos_delta1	0.000285100150376172	0.00106536837578314	0.000794340183326857
rf_007_015	0.000284480564047526	0.000289644840710531	0.000405742108030265
rf_013_026	0.000284372581131505	0.00107503179720408	0.000600041145678561
ccajas_extracciones_tend6	0.000282193201199654	0.00208215678863121	0.000371454042562919
rf_010_022	0.000281423808367924	0.000601230208875446	0.00021715774795986
rf_001_023	0.000281362003200937	0.000790288492375535	0.000422886140763938
vm_status06	0.000281317615690415	0.000404188916820138	0.000531465014743868
rf_009_021	0.000279246718415813	0.000606287866142232	0.00065147324387958
rf_012_020	0.000276345654267712	0.000695988269301426	0.000297163234050335
vm_mpagado_rank_tend6	0.000275661339388474	0.00106930330504366	0.000525750337165977
rf_020_027	0.000275556909823663	0.000558060708208407	0.000708620019658491
cextraccion_autoservicio_lag2	0.000274761159195007	0.000737171398991369	0.000525750337165977
matm_rank_delta1	0.000273065565218956	0.000792650633542482	0.00037716872014081
rf_013_019	0.000272289801084906	0.00076197508580381	0.00054289436989965
rf_004_021	0.000267802242168396	0.000850343874628906	0.000560038402633323
vm_cconsumos	0.00026170837586563	0.000407013661204779	0.000262875168582989
cpayroll_trx_tend6	0.000260818755826633	0.00120746816435692	0.000302877911628226
ctarjeta_debito_transacciones_lag1	0.000258474378692912	0.000426664556736516	0.000228587103115642
mprestamos_prendarios_rank_lag1	0.000252817588158772	0.0013379551352719	0.000131437584291494
vm_cconsumos_delta2	0.000252348214363549	0.000570114970735534	0.000211443070381969
mextraccion_autoservicio_rank_lag1	0.000251974675509061	0.000511732197897252	0.00054289436989965
matm_rank_lag1	0.000251255546849745	0.00089432880970096	0.000474318238964958
rf_012_018	0.000241722815483612	0.000591487312714003	0.000320021944361899
mtarjeta_master_consumo_rank	0.00024072145470131	0.000802847124911493	0.000411456785608156
ccajas_consultas_delta1	0.00023538911462915	0.00119158141249838	0.000142866939447276
rf_011_025	0.000235127581763207	0.000584347312501772	0.000514320982010195
Visa_mpagado_rank_lag1	0.000232483420074332	0.000572197785030346	0.000520035659588086
ccomisiones_mantenimiento	0.000232227847072562	0.00035539820834584	2.85733878894553e-05
vm_Fvencimiento_delta1	0.000231082853728064	0.000352139403566288	0.000422886140763938
ccallcenter_transacciones_delta1	0.000229034164736335	0.000572206845412624	0.000102864196402039
rf_003_023	0.000226995932172136	0.000638975944747873	0.00054289436989965
rf_019_023	0.000224306514279146	0.000834167740445063	0.000457174206231284
rf_018_018	0.000222900541542555	0.000678518647710065	0.00048574759412074
rf_010_016	0.000221136929368479	0.00042404856774933	0.000388598075296592
ctarjeta_master_transacciones_tend6	0.00021866601456159	0.00104159445640734	0.000291448556472444
internet_delta2	0.000217002770428863	0.00130184608151837	0.000234301780693533
rf_004_019	0.000216703128205886	0.000448404132244077	0.000274304523738771
catm_trx_delta2	0.000216322783954662	0.00123538330689956	0.00043431549591972
rf_015_015	0.000215982374679764	0.000386967329740155	0.000354310009829245
mprestamos_prendarios_rank_lag2	0.00021483100420264	0.00125290831204155	0.000142866939447276
matm_other_rank_tend6	0.000209432322061123	0.00137994765038332	0.000371454042562919
vm_mconsumosdolares_rank_lag1	0.000208179007790825	0.000784454548887276	0.000502891626854413
rf_017_017	0.000206733829497863	0.000648232120315674	0.000114293551557821
active_quarter	0.000204972818467367	0.000851581454764275	0.00054289436989965
matm_other_rank_delta2	0.00020484648214568	0.000563818266913126	0.000480032916542849
rf_003_028	0.00020298132019311	0.000355258741305342	0.00010857887397993
vm_mpagado_rank_delta2	0.000201095873232591	0.000652306726105303	0.000257160491005098
mcheques_emitidos_rank_lag1	0.000200529859124079	0.00164203209132208	0.000200013715226187
vmr_mpagado_lag2	0.000198954102320648	0.000501525258283939	0.00043431549591972
cpagomiscuentas	0.00019710602680057	0.000271263236652136	2.28587103115642e-05
tcuentas_lag1	0.000196685924954898	0.00153077447248822	0.000154296294603059
Visa_msaldodolares_rank_tend6	0.000195553711659937	0.000968614255531961	0.000422886140763938
ccajas_otras_delta2	0.000194266494342366	0.000658437802997342	0.000251445813427206
cprestamos_personales	0.000193659269557299	0.000421966303362113	4.57174206231284e-05
cforex_tend6	0.000190849614005417	0.0016395365059121	0.000308592589206117
Master_msaldodolares_rank_delta1	0.000190772060837556	0.000398012826063545	0.000582897112944888
vm_Finiciomora_lag2	0.000190023533137609	0.00133938107185157	0.000234301780693533
ctarjeta_master_descuentos_delta2	0.000188669118823961	0.000419053914181275	0.000365739364985028
ctarjeta_visa_debitos_automaticos_delta2	0.000187251660574011	0.000547737999953328	0.000285733878894553
ctarjeta_visa_transacciones_delta1	0.000187128306263588	0.00108302095948715	0.000205728392804078
rf_005_008	0.000181579326161789	0.000588797609923025	0.00026858984616088
vm_cconsumos_lag1	0.000179477127004165	0.000478983289037185	0.000371454042562919
vmr_mconsumosdolares_delta2	0.000179134882726868	0.000709423271241129	0.000440030173497611
rf_017_018	0.000178816689782452	0.00063635160240246	0.000302877911628226
ctransferencias_recibidas_delta2	0.000176559440271062	0.000919758527031085	0.000360024687407137
rf_019_009	0.000176207474083196	0.000599035239617349	0.000194299037648296
vm_msaldodolares_rank_lag2	0.000175144908362598	0.000873738017345229	0.000320021944361899
vmr_msaldodolares2_tend6	0.000174308299036516	0.00117356421387287	0.000365739364985028
vm_status05_tend6	0.000173317525957649	0.000787408312068112	0.00021715774795986
vm_mpagado_rank_lag2	0.000172287980399007	0.000574262635677058	0.00032573662193979
rf_003_018	0.000167675572383324	0.00042091343980648	0.000165725649758841
vm_mconsumosdolares_rank_delta2	0.000166425263451497	0.000645276000388002	0.000337165977095572
mtarjeta_master_consumo_rank_lag1	0.000165318306073277	0.000363615870327627	0.000365739364985028
mtarjeta_master_consumo_rank_tend6	0.000161172994749445	0.000964555754179039	0.000302877911628226
ctransferencias_recibidas_lag1	0.000160112873363398	0.000689371859677771	0.000120008229135712
vm_msaldodolares_rank_tend6	0.000156828285647504	0.000991807629603992	0.000280019201316662
mcajeros_propios_descuentos_rank_delta2	0.000154316567042539	0.000608078888992758	0.000508606304432304
ccajas_depositos_delta2	0.000152035612781404	0.000725033498137664	0.000308592589206117
ccomisiones_mantenimiento_delta2	0.00014844451398429	0.000592323224630409	7.42908085125837e-05
vmr_msaldodolares2_lag2	0.000148040450757239	0.000708721693894335	0.000285733878894553
rf_010_017	0.000146391356926479	0.000348715390833581	0.000417171463186047
ctarjeta_debito_lag2	0.000143798537819076	0.000829624377709892	0.000165725649758841
vmr_mpagado	0.000143698071626402	0.000483081881272383	0.000182869682492514
mv_status07_rank_tend6	0.000142546819095223	0.000424656582246762	0.000240016458271424
mtarjeta_visa_descuentos_rank_lag2	0.000139781208334646	0.000485725836988681	0.000342880654673463
cprestamos_personales_lag2	0.000137627172619867	0.000694178287731914	0.000154296294603059
mtarjeta_master_consumo_rank_delta1	0.000137316798486123	0.00134365264930448	0.000262875168582989
mv_status07_rank_delta1	0.000137184984229695	0.000582913886704389	0.000205728392804078
matm_other_rank_lag1	0.00013436249989019	0.000380200926273471	0.000234301780693533
cpagomiscuentas_delta2	0.000132359231103929	0.000703793631517415	0.000177155004914623
matm_other_rank	0.000131135749487474	0.000855343215504557	0.000205728392804078
ctarjeta_debito_transacciones_delta1	0.000130764447550061	0.00127966304481463	0.000171440327336732
ctransferencias_emitidas_delta1	0.00013060400531633	0.000811590629484387	0.00010857887397993
ctarjeta_master_transacciones_delta2	0.000130516245463546	0.000581928583224701	0.000280019201316662
vmr_msaldodolares_tend6	0.000130336915136395	0.000657621399707517	0.000211443070381969
ctarjeta_visa_descuentos_tend6	0.000128659505599167	0.00158379637948632	0.000228587103115642
vmr_mpagado_lag1	0.000128408881634979	0.000529884542860724	0.000234301780693533
cproductos	0.000128290629004527	0.000294424035245688	3.42880654673463e-05
mforex_sell_rank_tend6	0.000127769222995182	0.00136660309514994	0.000222872425537751
ccomisiones_mantenimiento_delta1	0.000125350641006466	0.000781198938808989	8.00054860904748e-05
minversion2_rank_lag1	0.000124930428883514	0.00074663397320979	0.000102864196402039
vm_mpagado_rank_delta1	0.000122557262320605	0.000863062451716753	0.000165725649758841
vm_mpagado_rank_lag1	0.000120559487012982	0.000343124873107333	0.000211443070381969
vm_cconsumos_delta1	0.000119167240471673	0.000431669056269128	0.000137152261869385
vm_status03_tend6	0.000117884661341978	0.000452540144381804	0.000114293551557821
mforex_buy_rank_tend6	0.000117166709589672	0.00186523432069228	0.000188584360070405
ctarjeta_visa_descuentos_delta2	0.000115698036239598	0.000312116159924377	0.000337165977095572
mplazo_fijo_dolares_rank_lag2	0.000115441173358202	0.00122448298618122	0.000234301780693533
cseguro_vida_lag2	0.000115239503955555	0.00120841196290623	0.000182869682492514
mtarjeta_visa_descuentos_rank_lag1	0.000114793746344523	0.000325108250575499	0.00026858984616088
rf_020_012	0.000111973036614617	0.000423280975305072	5.71467757789106e-05
mtarjeta_visa_descuentos_rank	0.00011191851982534	0.000329083061229692	0.000234301780693533
ccajas_depositos_lag2	0.000111585452039804	0.000595882881236525	0.000222872425537751
active_quarter_delta2	0.000111003928256508	0.000529726195659468	0.000297163234050335
ccajas_extracciones_delta2	0.000110729573750901	0.000624710006246194	0.000182869682492514
catm_trx_other_lag2	0.000110213153244108	0.000443922280601307	0.000245731135849315
vmr_mpagado_delta2	0.000108278898695305	0.00072002106422404	0.000222872425537751
mv_status07_rank_delta2	0.000107737459818177	0.000698942477645553	0.000245731135849315
mforex_sell_rank_lag1	0.000107163455105773	0.00129389776951378	0.00021715774795986
rf_015_021	0.000106214450561838	0.000290353985833273	0.000262875168582989
vmr_mpagado_delta1	0.000105361686254155	0.000779140739425568	0.000234301780693533
mttarjeta_master_debitos_automaticos_rank_tend6	0.000104951825354345	0.00070085110216316	0.000182869682492514
rf_018_017	0.000102795643773674	0.000293379813095117	0.000222872425537751
catm_trx_other_tend6	0.000102709646099857	0.000752717181954996	0.000194299037648296
mtarjeta_master_descuentos_rank_lag2	0.000101648682041256	0.000272370541059665	0.000245731135849315
vmr_mpagosdolares_tend6	0.000101572906543536	0.000466565328101219	0.000177155004914623
rf_011_023	0.000101267714012389	0.000506483329903895	0.000234301780693533
mttarjeta_master_debitos_automaticos_rank_lag2	0.000100720080572221	0.000455470025861376	0.000222872425537751
ctransferencias_recibidas_delta1	9.66181187130756e-05	0.000806992564036561	0.000137152261869385
ccuenta_debitos_automaticos_lag1	9.42380367649085e-05	0.000170272418801212	5.71467757789106e-05
vmr_mpagosdolares_lag1	9.34636236811645e-05	0.000741636020196165	0.000200013715226187
ctarjeta_visa_descuentos_lag2	9.32160803915789e-05	0.000275104838737982	0.000245731135849315
minversion2_rank	9.18103672617621e-05	0.000643028554233706	6.28614533568016e-05
rf_012_015	9.17020221966833e-05	0.000378345747536873	0.000205728392804078
cforex_buy_tend6	8.93205067650525e-05	0.00120350728469513	0.000125722906713603
cextraccion_autoservicio_lag1	8.40832137328502e-05	0.000570068752311486	9.71495188241479e-05
vm_mconsumosdolares_rank_delta1	8.31178976794684e-05	0.000429627170811022	0.000154296294603059
ctarjeta_debito_transacciones	8.27835947623537e-05	0.000452677856955214	0.000188584360070405
vmr_msaldodolares2_lag1	8.0417311144835e-05	0.000388789199788147	0.000177155004914623
vm_mpagosdolares_rank_lag2	7.9870273544705e-05	0.000387697947445175	0.000142866939447276
vm_mpagosdolares_rank_tend6	7.96944821487895e-05	0.000689535077489154	0.000205728392804078
mv_status07_rank_lag2	7.8015173850376e-05	0.000272736151052048	0.000188584360070405
ccajeros_propios_descuentos_tend6	7.74389980653717e-05	0.000864460788172366	0.00010857887397993
cpagomiscuentas_lag2	7.70201873727614e-05	0.000478235833685331	0.000142866939447276
vmr_mconsumosdolares_delta1	7.54243560900522e-05	0.000386230715423743	0.000171440327336732
ctransferencias_emitidas_delta2	7.506685320329e-05	0.000402664913386052	0.000102864196402039
minversion2_rank_lag2	7.45703446531186e-05	0.000695128423311604	9.14348412462569e-05
vmr_mpagosdolares_delta2	7.38615361295069e-05	0.000622867187337443	0.000142866939447276
ctransferencias_emitidas_lag2	7.31401361823544e-05	0.000683945738136323	0.000148581617025167
rf_006_014	6.9165481323368e-05	0.000174749295089552	8.00054860904748e-05
rf_009_020	6.80662212438143e-05	0.000406209539184574	0.00021715774795986
ccheques_emitidos_delta1	6.51665092049583e-05	0.000668967774043548	6.28614533568016e-05
mv_status07_rank_lag1	6.23235137068889e-05	0.00025763684068333	0.000188584360070405
ccuenta_debitos_automaticos_delta2	6.16615543387029e-05	0.000447299865421358	5.71467757789106e-05
ctarjeta_master_debitos_automaticos_tend6	6.10059846868523e-05	0.00130642848769278	0.000142866939447276
ccajas_depositos_delta1	6.0653298917718e-05	0.000623030012357687	8.00054860904748e-05
vm_mpagado_rank	5.99989100053165e-05	0.000260231645135074	0.00010857887397993
ctransferencias_emitidas_lag1	5.86542076446451e-05	0.00084988328773906	0.000114293551557821
matm_other_rank_delta1	5.74285425645428e-05	0.000400841603103882	0.000114293551557821
mttarjeta_master_debitos_automaticos_rank_delta1	5.73547053826925e-05	0.000597642637912369	0.000125722906713603
ctarjeta_visa_descuentos	5.72487636035112e-05	0.000334194033347108	0.000142866939447276
cseguro_accidentes_personales	5.7130939600248e-05	0.00103956644956949	0.000114293551557821
cliente_edad_tend6	5.60110109140459e-05	0.000755394027382684	0.00010857887397993
cpagomiscuentas_lag1	5.59678642387885e-05	0.000421565263608972	0.00010857887397993
mttarjeta_master_debitos_automaticos_rank_lag1	5.52277354224002e-05	0.00025031369505592	0.000125722906713603
vm_status04_delta1	5.29549210939255e-05	0.000332097288059891	6.85761309346927e-05
cliente_edad_delta2	5.25076285669711e-05	0.000219180126662845	7.42908085125837e-05
ctarjeta_master_transacciones_delta1	5.19802007515953e-05	0.000752427642513241	0.00010857887397993
mtarjeta_visa_descuentos_rank_tend6	5.16428667917551e-05	0.000734809729173788	0.000120008229135712
cpayroll_trx	5.1602624491357e-05	0.000147075273934245	1.71440327336732e-05
mttarjeta_master_debitos_automaticos_rank	5.12838710111592e-05	0.000704409344721176	0.000125722906713603
ctarjeta_master_descuentos_tend6	4.64905759721541e-05	0.000697473072179818	7.42908085125837e-05
ctarjeta_visa_debitos_automaticos_delta1	4.59421968670834e-05	0.000271315320757196	4.57174206231284e-05
ctarjeta_master_transacciones_lag1	4.5157944474756e-05	0.000228273110605339	8.57201636683658e-05
rf_008_020	4.08643526036159e-05	0.000264718733993034	8.00054860904748e-05
catm_trx_lag1	3.84492426526644e-05	0.000227037887216805	6.85761309346927e-05
rf_006_023	3.69682934843914e-05	0.000195155685098458	2.85733878894553e-05
ccomisiones_mantenimiento_lag2	3.50087866653236e-05	0.000185514574214225	5.14320982010195e-05
cplazo_fijo_lag2	3.37784466768119e-05	0.00026235256017039	4.57174206231284e-05
mforex_sell_rank	3.34238582004443e-05	0.000169257315567096	5.14320982010195e-05
ccallcenter_transacciones_lag1	3.17485764088117e-05	0.000127677204965784	4.00027430452374e-05
vmr_mpagosdolares_delta1	3.03090374803444e-05	0.000303063005003399	5.71467757789106e-05
mforex_sell_rank_delta1	2.96246614335709e-05	0.000247609799411778	5.14320982010195e-05
catm_trx_other_lag1	2.74037973383604e-05	0.000292897675064767	5.14320982010195e-05
ctarjeta_visa_debitos_automaticos_lag1	2.63049318626894e-05	0.00017557724643887	4.57174206231284e-05
ccajas_depositos	2.57964293858256e-05	0.00035539820834584	2.85733878894553e-05
internet_delta1	2.52145258056848e-05	0.000372019374890416	6.28614533568016e-05
ccuenta_debitos_automaticos_delta1	2.36614133587395e-05	0.000378652595974829	4.57174206231284e-05
mpagodeservicios_rank_tend6	2.36454186768288e-05	0.000366925816513505	4.57174206231284e-05
cpayroll_trx_lag1	2.08421033111813e-05	6.35247230835437e-05	2.28587103115642e-05
ccuenta_debitos_automaticos	1.82018890129724e-05	0.000142159283338336	1.14293551557821e-05
tcuentas_tend6	1.78490752737191e-05	0.00025781377999851	4.00027430452374e-05
ctransferencias_recibidas	1.71703337597679e-05	0.000409688830723607	3.42880654673463e-05
mcajeros_propios_descuentos_rank_tend6	1.706123687024e-05	0.000533778962261757	5.14320982010195e-05
active_quarter_delta1	1.66953905377318e-05	0.000151260934871969	6.28614533568016e-05
ccomisiones_mantenimiento_lag1	1.6503945240182e-05	0.000249527693800271	5.14320982010195e-05
cliente_edad_delta1	1.61837240117941e-05	0.000104037803462134	4.00027430452374e-05
ctransferencias_emitidas	1.41301823619674e-05	0.00035800699616214	3.42880654673463e-05
cseguro_vida_tend6	1.39248481862567e-05	0.000364693060747816	4.57174206231284e-05
cpayroll_trx_lag2	1.2663841055488e-05	7.39144153208972e-05	1.71440327336732e-05
ccuenta_debitos_automaticos_lag2	9.39268474881672e-06	5.29189957196209e-05	1.71440327336732e-05
ctarjeta_visa_debitos_automaticos	8.78370827807093e-06	0.000207659693479989	1.71440327336732e-05
cextraccion_autoservicio	6.8708626848256e-06	0.000416379713547257	3.42880654673463e-05
cseguro_vida	4.58695476488476e-06	0.000154579758137593	1.71440327336732e-05
catm_trx	4.35544451946443e-06	8.18731231976366e-05	1.14293551557821e-05
ctarjeta_debito	2.8635193686273e-06	0.000142159283338336	1.14293551557821e-05
rf_014_020	1.26620464442265e-06	0.000142159283338336	1.14293551557821e-05
