Feature	Gain	Cover	Frequency
rf_006_015	0.0347012642937008	0.00203132205641261	0.0003533871013708
ctrx_quarter_normalizado	0.0339274396111779	0.000890559330136328	0.000501581692268232
rf_002_015	0.0311038527092074	0.00122825057574765	0.000729573370571974
Visa_status	0.0301354030266758	0.00179178751381284	0.000906266921257374
rf_008_024	0.0301083147566677	0.00150031387637623	0.00231981532674057
ctrx_quarter_lag2	0.0260169769555971	0.00193422665681687	0.00165293966770213
rf_019_024	0.0197538223756337	0.0011737260405575	0.000729573370571974
mautoservicio_rank	0.0156517950927775	0.00134620598823872	0.000598478155547323
mcuentas_saldo_rank_tend6	0.0134028061527772	0.00380027064733672	0.0015902419561686
rf_015_023	0.0129179317558301	0.00131032113581027	0.00323178203995554
mcuenta_corriente_rank	0.0121806244011448	0.00200687973096339	0.00113995839151871
active_quarter	0.0105744684987064	0.00285334883827381	0.000381886061158768
rf_011_015	0.00942814404113511	0.000821920971837812	0.00148764570093192
vm_status02_tend6	0.00808640429506213	0.00156721821055932	0.00125965402262817
Visa_mpagominimo_rank_lag2	0.00777938015413545	0.0021309171718638	0.00298669098577902
cdescubierto_preacordado_delta1	0.00731752740392376	0.00113743921506249	0.000148194590897432
mcuentas_saldo_rank	0.00727830167817517	0.00257097793475318	0.00119125651913705
rf_006_022	0.00705645827432034	0.00109757692972231	0.000649776283165665
rf_012_022	0.00670400943031721	0.00145445061362974	0.00304368890535496
rf_010_026	0.00656057213679397	0.00111775923335613	0.00060987773946251
vm_msaldototal_rank	0.00547493764210035	0.00102996576882958	0.00139074923765283
mpayroll_rank	0.00513952898991099	0.00112564320908946	0.000313488557667645
vm_status04_delta1	0.00508900535004347	0.000587171011464716	0.000113995839151871
Visa_mpagospesos_rank_tend6	0.00484505786974497	0.00252608581373011	0.00383026019550286
mpasivos_margen_rank_lag1	0.00476462396331036	0.00164601564388331	0.00169853800336288
vm_status02	0.00459702959649884	0.00165253881869788	0.00108866026390037
mactivos_margen_rank_delta2	0.00452560602991007	0.00373199858075939	0.00456553335803243
ctrx_quarter_delta2	0.00437830416409634	0.00203365990656229	0.00180683405055715
vm_status04_delta2	0.00421148040578665	0.000905596562307431	0.000267890222006897
rf_011_028	0.00410639252754693	0.000638595076669063	0.00045028356464989
ctrx_quarter_normalizado_lag2	0.00409395178528651	0.00165856838844054	0.00166433925161732
mpasivos_margen_rank_lag2	0.00394432299103676	0.00133114945820975	0.00284989597879677
mcomisiones_otras_rank_delta2	0.00380015377116981	0.00373460694224185	0.00756362392772664
mprestamos_personales_rank_lag1	0.00357540586378751	0.00230046521044016	0.000666875659038445
cproductos_tend6	0.00357540568491582	0.00208782219339195	0.000376186269201174
rf_020_027	0.00342231901945965	0.000715682535997089	0.000843569209723845
mprestamos_personales_rank_delta2	0.00341200926014881	0.0032321580165104	0.000638376699250477
mprestamos_personales_rank	0.00327806786023104	0.00341820370188103	0.000587078571632135
mcuenta_debitos_automaticos_rank	0.00318562958512266	0.00140358484726844	0.000461683148565077
cprestamos_personales_tend6	0.00317320965409244	0.00293067354310343	0.000398985437031548
Visa_msaldototal_rank	0.00313894777113099	0.00118334695477663	0.00201202656103052
mprestamos_personales_rank_tend6	0.00310276585453167	0.00329491037062655	0.000701074410784006
ctrx_quarter_lag1	0.00305647995103053	0.00141761740932906	0.000883467753427
mcomisiones_otras_rank_tend6	0.00298828102208322	0.0017630337318495	0.0021203226082248
mextraccion_autoservicio_rank_lag2	0.00298177138998135	0.00116863959782487	0.00163014049987175
Visa_mpagosdolares_rank_tend6	0.00293401158424789	0.00135481700748517	0.00155034341246545
rf_018_026	0.00290462967520657	0.00185795422348047	0.00381886061158768
mcomisiones_otras_rank_lag2	0.00283474442672835	0.00338938803549458	0.00687394910085782
mrentabilidad_annual_rank_delta2	0.00281024437744947	0.003333845413588	0.00734703183333808
cpayroll_trx_lag2	0.00280756219165257	0.000116778978317791	3.98985437031548e-05
cdescubierto_preacordado_lag1	0.00279764029995766	0.00162746677920372	0.000792271082105503
mcaja_ahorro_rank	0.00278931020900512	0.00182616870866315	0.000934765881045342
foto_mes	0.00278131334269316	0.00318825155655143	0.000740972954487161
Master_mfinanciacion_limite_rank	0.00273260871977858	0.00161289085773016	0.00310068682493089
ctrx_quarter	0.00267394879541066	0.00113231323141294	0.000797970874063097
mcaja_ahorro_rank_lag2	0.00266441360024532	0.00177689329583465	0.00138504944569523
mcomisiones_rank_delta2	0.00260874178248706	0.00293415256617046	0.0060075807233036
Master_status	0.00256370367597132	0.00110334160682823	0.000655476075123258
mextraccion_autoservicio_rank_lag1	0.00251559060625351	0.00112591272270985	0.00080367066602069
vm_Finiciomora_tend6	0.00251074848755135	0.00288879327945352	0.000638376699250477
rf_004_025	0.00245749145473827	0.00161638825970944	0.00345407392630169
vm_mconsumospesos_rank	0.00240277395665042	0.000909020553660058	0.00102026276040925
rf_017_015	0.00240252490055778	0.00138098511279489	0.00243381116589245
mrentabilidad_rank_lag1	0.00238038464180916	0.00256914839280521	0.00389295790703639
mactivos_margen_rank_delta1	0.00230293631543785	0.00291300295412921	0.00500441733876713
mcomisiones_rank_lag2	0.0023027872716673	0.00242660493634636	0.00508421442617344
mrentabilidad_rank_delta2	0.00228704045168423	0.00282052956215348	0.00509561401008863
mpasivos_margen_rank_delta1	0.00220148257730367	0.00288058588737572	0.00474222690871783
Master_mfinanciacion_limite_rank_tend6	0.00219468213804883	0.00281893190956696	0.00462823106956596
cdescubierto_preacordado	0.00216403990075878	0.00144848896709565	0.000541480235971387
vm_mpagominimo_rank_lag2	0.00209258595060829	0.00128037613777709	0.00190373051383624
mcuentas_saldo_rank_delta1	0.00208985260216918	0.00278654569313047	0.00230271595086779
mcuenta_corriente_rank_delta2	0.00206758860972921	0.00213434066436024	0.00155034341246545
mprestamos_personales_rank_delta1	0.0020561548644513	0.00436324172494924	0.000592778363589729
ccaja_ahorro_tend6	0.00205048590574632	0.00332043899481223	0.000341987517455613
Visa_msaldototal_rank_lag1	0.00202382543527469	0.00147881853073992	0.00225141782324945
Master_fechaalta_tend6	0.00199709124970458	0.00138918706996578	0.00200062697711534
vm_Finiciomora	0.00199612731609112	0.00402747926741204	0.000473082732480265
Master_fechaalta	0.00197055419566863	0.00248803962747636	0.00437744022343184
vmr_mconsumospesos	0.0019656845260738	0.000986468029623519	0.00119125651913705
Visa_cconsumos	0.00191073664962402	0.00189955667674389	0.0033571774630226
vm_status06_delta2	0.0019083685216979	0.00070964839778196	0.000170993758727806
Visa_mconsumototal_rank_tend6	0.00190678956330314	0.00169193632760279	0.00376186269201174
rf_002_017	0.00189839788326232	0.00100832142272609	0.0013280515261193
Visa_mpagominimo_rank_lag1	0.00189714422396509	0.0023504735480337	0.00349967226196244
vm_status05_delta2	0.00187606274792221	0.000804068405376705	0.000227991678303742
mrentabilidad_annual_rank_delta1	0.00186302474556631	0.0022530478531292	0.0043261420958135
Master_mlimitecompra_rank_lag1	0.00185728082566949	0.00239246928376373	0.00491892045940323
mactivos_margen_rank	0.00185058655705417	0.00290420588777959	0.00165293966770213
vmr_mpagospesos	0.00184605956331825	0.00104853813226126	0.00127675339850095
mcomisiones_otras_rank_delta1	0.00184536372557319	0.00210404037569763	0.00422354584057682
mpasivos_margen_rank_delta2	0.00184524796714571	0.00223377299516005	0.00483342358003933
cdescubierto_preacordado_tend6	0.00184367309160056	0.00167619108722054	0.000239391262218929
mpayroll_rank_lag2	0.00183619974423953	0.00112425877814066	0.000512981276183419
mcuenta_corriente_rank_lag1	0.00183450056537655	0.00192735577923806	0.0010601613041124
mrentabilidad_annual_rank	0.00182652016167579	0.00266906009814775	0.00275299951551768
mprestamos_personales_rank_lag2	0.00180105327906429	0.00259162630134612	0.000746672746444755
Master_fechaalta_lag2	0.00179809763465553	0.00258106743246798	0.00425774459232238
Visa_mpagospesos_rank_delta2	0.0017950870037036	0.00231545463118382	0.00532360568839237
mactivos_margen_rank_lag1	0.00177723877437221	0.00356645430945046	0.00285559577075437
vmr_msaldopesos2_tend6	0.0017551435143255	0.00118493846355534	0.0015902419561686
Visa_mpagominimo_rank	0.00175166303256946	0.00191898363333971	0.00225711761520705
mrentabilidad_annual_rank_lag2	0.00174841884967147	0.00258777471147215	0.00363646726894468
Visa_mconsumospesos_rank_lag1	0.0017457563404813	0.00216959816574675	0.00392715665878195
mcomisiones_rank	0.00174341715619909	0.00215991786138545	0.0028270968109664
Visa_mpagospesos_rank_delta1	0.00173719267568764	0.00231859907928109	0.00461683148565077
cproductos_delta2	0.00173306518014601	0.00125514420174633	0.000222291886346148
thomebanking	0.00173266298431853	0.00183189775693489	0.00205192510473368
mpasivos_margen_rank	0.00172770118901238	0.00222368796089537	0.00117985693522186
Visa_mconsumototal_rank_delta1	0.00167349998882037	0.00215506771895321	0.00490182108353045
Visa_mconsumospesos_rank_delta1	0.00166968736798539	0.00246001123492404	0.00474222690871783
mcomisiones_mantenimiento_rank_tend6	0.00166629457949023	0.00170763352025729	0.00112285901564593
Visa_msaldopesos_rank	0.00166325532550185	0.00222659437582338	0.00253070762917154
mcomisiones_rank_lag1	0.00165088319421737	0.00176087746535287	0.00303798911339736
Visa_Fvencimiento	0.0016504459296467	0.00211339873402744	0.00308358744905811
mcomisiones_rank_delta1	0.0016336356683058	0.00197297573144192	0.00349967226196244
Master_Fvencimiento_lag2	0.00162347932310382	0.00220344269635929	0.00433754167972869
Master_delinquency_tend6	0.00162111866687504	0.000814235383334447	0.00080367066602069
rf_014_023	0.00160473167578243	0.000998823699730226	0.00179543446664197
rf_007_021	0.00159173970374942	0.00102617427799868	0.00210322323235202
rf_013_017	0.0015869980531386	0.000703882985519552	0.000740972954487161
Visa_cconsumos_tend6	0.0015855904411285	0.00254954295071583	0.00369916498047821
ctrx_quarter_tend6	0.00157226697524895	0.00167073664615345	0.00135655048590726
mpayroll_sobre_edad_rank	0.00156118247609544	0.0012405603510849	0.00027359001396449
Master_mfinanciacion_limite_rank_lag2	0.00156059857657534	0.00213677873209288	0.00430904271994072
Master_mfinanciacion_limite_rank_lag1	0.00155659388025946	0.00200625508424711	0.00377326227592693
Master_mlimitecompra_rank_tend6	0.00155261904319096	0.00235277028193112	0.0037960614437573
mrentabilidad_annual_rank_lag1	0.00155085457904112	0.00218515948572852	0.00231411553478298
rf_001_017	0.00154655974785422	0.0014580246819287	0.00253070762917154
mcomisiones_otras_rank_lag1	0.00153722823022891	0.00212526778304888	0.00348257288608966
rf_019_016	0.00152546432320216	0.00106036559242984	0.00165293966770213
mpagomiscuentas_rank_lag1	0.00152311624073518	0.00115231936004502	0.000775171706232723
Visa_fechaalta	0.00151863333186737	0.00151756713276437	0.00248510929351079
Master_mfinanciacion_limite_rank_delta1	0.00151817486476	0.00221581766432387	0.00349967226196244
rf_005_019	0.00150257138105132	0.00123768756956632	0.00220011969563111
Master_mlimitecompra_rank	0.00149431785742634	0.00179260684572105	0.00350537205392003
mactivos_margen_rank_lag2	0.00148670932648414	0.00219725005315378	0.00318618370429479
Visa_msaldopesos_rank_lag1	0.00148605996422553	0.00179837834928009	0.00247940950155319
internet_lag2	0.00148091043068826	0.00123986717728151	0.000290689389837271
Visa_msaldototal_rank_delta2	0.0014802459945176	0.00177112604568101	0.00341987517455613
mrentabilidad_rank	0.00147497344158495	0.00229101209568989	0.00288979452249993
internet_lag1	0.00147414556859266	0.00177323137633512	0.00027359001396449
Visa_mconsumospesos_rank	0.00147069606150553	0.00184060101206526	0.00275299951551768
vm_mpagospesos_rank_lag2	0.00146564884177596	0.000789998796680104	0.000997463592578871
Master_Fvencimiento	0.00146344839041765	0.0022154959020815	0.00333437829519223
cliente_edad_lag2	0.00146254058492283	0.00260749399779515	0.00223431844737667
Master_mlimitecompra_rank_delta1	0.00145559211778253	0.0019597677524073	0.00464533044543874
Visa_mconsumospesos_rank_delta2	0.00145415097927644	0.00134319074389459	0.00315198495254923
Master_mlimitecompra_rank_delta2	0.00145101921399337	0.00228235982891323	0.00440023939126222
internet_tend6	0.00144871941843828	0.00261309381605816	0.000421784604861923
mcomisiones_rank_tend6	0.00144574348650792	0.00183622564944768	0.00226851719912223
rf_010_022	0.00144329491580368	0.00108696302912977	0.000210892302430961
vm_fechaalta	0.00142424047281033	0.00195602286524674	0.00262190430049303
mcomisiones_otras_rank	0.0013955585998638	0.0023004888404702	0.00345407392630169
vm_mpagospesos_rank_lag1	0.00139150510875659	0.000845725785332168	0.00101456296845165
Master_Fvencimiento_lag1	0.00137964717255079	0.00185498122437893	0.00340277579868335
vmr_Master_mlimitecompra	0.00137092408064478	0.00207909538699831	0.00305508848927014
vm_Fvencimiento_lag2	0.00136994735383678	0.00165735916103668	0.00290119410641512
Visa_mconsumosdolares_rank	0.00136970724122422	0.0015875673422052	0.00237111345435892
Visa_mconsumospesos_rank_lag2	0.00135416645262915	0.00181494305284849	0.00340277579868335
rf_007_023	0.00134936414164438	0.00127315661223285	0.00305508848927014
mtarjeta_visa_consumo_rank_delta2	0.00134732037952204	0.00191865336428654	0.00213172219213999
mpagomiscuentas_rank_lag2	0.00134008259200636	0.00107643372404477	0.00108296047194277
rf_015_014	0.0013347499750587	0.00110451717456708	0.000940465673002935
Visa_mpagospesos_rank_lag2	0.00133447967924571	0.00158283907821679	0.00327738037561629
Visa_mfinanciacion_limite_rank_delta2	0.00132926437381603	0.00191333687008369	0.003533871013708
mrentabilidad_rank_lag2	0.00132119518902194	0.00209981091538774	0.00343127475847132
ccaja_seguridad_lag2	0.00131144937446591	0.000895826201276096	0.000113995839151871
rf_017_017	0.0013073535304607	0.000668801239045351	0.000125395423067058
vmr_mpagominimo_delta1	0.00130319662654699	0.00140892780710494	0.00146484653310154
mrentabilidad_rank_delta1	0.00129812958874646	0.00220852407176326	0.00343127475847132
vmr_mpagominimo_lag2	0.00129522060134892	0.00134778310895469	0.00219441990367352
Visa_msaldopesos_rank_tend6	0.00129240969099521	0.00170716603949635	0.0022970161589102
Visa_mlimitecompra_rank	0.00128738000527608	0.00147493333371211	0.00283849639488159
Master_fultimo_cierre_tend6	0.00128484921187093	0.00196734569299604	0.00265610305223859
cmobile_app_trx_lag2	0.00128451136689575	0.00259085827285868	0.00240531220610448
Visa_cconsumos_delta2	0.00128424765207742	0.00182882377883832	0.00273020034768731
mtransferencias_recibidas_rank_lag2	0.00127817972839996	0.00194138083220024	0.00294109265011827
chomebanking_transacciones_lag2	0.00126969365152777	0.00148031441666374	0.00258200575678988
mcuentas_saldo_rank_lag2	0.00126831993728448	0.00232399854114496	0.00226851719912223
Master_fultimo_cierre_delta2	0.0012589762651447	0.000764925234361785	0.00148194590897432
Visa_mlimitecompra_rank_lag1	0.00125165405163569	0.00197676013326381	0.00290689389837271
mactivos_margen_rank_tend6	0.0012480144200922	0.0019651251528177	0.00225141782324945
Visa_mpagominimo_rank_delta2	0.0012423169263413	0.00162079754454792	0.00270170138789934
mcaja_ahorro_rank_delta2	0.00123997009293503	0.00211210940082176	0.00186953176209068
chomebanking_transacciones_delta2	0.00123397360602066	0.00262999372473046	0.0030037903616518
rf_008_021	0.00122941091814496	0.000642637702208107	0.000587078571632135
rf_005_020	0.00122669794068443	0.00137772240952507	0.00265610305223859
Master_fechaalta_lag1	0.00121822967511947	0.00226701503877337	0.00284419618683918
vm_Fvencimiento_tend6	0.00121482403824928	0.00141763602454161	0.0010601613041124
rf_014_022	0.0012148166555628	0.00117441257169689	0.00283849639488159
chomebanking_transacciones_delta1	0.00121402843525081	0.00248513056073387	0.00227421699107983
Visa_mfinanciacion_limite_rank_tend6	0.00120586861265103	0.00179163189693724	0.00283279660292399
vm_fechaalta_lag1	0.0011877991944606	0.00182540524864819	0.0024737097095956
Visa_mconsumosdolares_rank_lag1	0.00118590646188714	0.00173455810159531	0.00316338453646442
mpayroll_sobre_edad_rank_delta1	0.00118577881548165	0.00125466228041148	0.000398985437031548
Visa_mlimitecompra_rank_delta2	0.0011844933882225	0.0021623098768151	0.00358516914132634
Master_Fvencimiento_tend6	0.00118163871711803	0.0012396449237212	0.00169853800336288
vm_mpagospesos_rank_tend6	0.00117950069632954	0.00164142553680385	0.00157884237225341
Master_mconsumototal_rank_tend6	0.00117849708482306	0.00205344189123166	0.00245091054176523
vm_Fvencimiento	0.00117655560293759	0.00172904377152986	0.00258200575678988
mtransferencias_recibidas_rank	0.00117468000378273	0.00233165485466666	0.00107156088802759
Visa_msaldototal_rank_delta1	0.00117164525355408	0.00123298566618919	0.00175553592293881
Visa_mpagospesos_rank_lag1	0.00117145794748476	0.00171910537472936	0.00303798911339736
ctarjeta_visa_debitos_automaticos_tend6	0.00116972474883774	0.00140316399643345	0.00045028356464989
Master_mlimitecompra_rank_lag2	0.00116958283716664	0.00167212824487802	0.0031804839123372
ctrx_quarter_delta1	0.00116577963544098	0.00196762114037953	0.000883467753427
mrentabilidad_rank_tend6	0.00116335259178686	0.00264806599795975	0.00180683405055715
cdescubierto_preacordado_lag2	0.00115824684131517	0.000750666690447229	0.000598478155547323
Visa_fechaalta_lag2	0.00115525345226683	0.00157049564321452	0.00241101199806207
vm_status01_tend6	0.00115296216263652	0.000832711992633291	0.00045028356464989
chomebanking_transacciones	0.00115111252907621	0.00212634237179269	0.00209752344039443
vm_mconsumospesos_rank_lag2	0.00114280089772291	0.00100170451545903	0.0011513579754339
Visa_mconsumototal_rank_delta2	0.00113576708965086	0.00172049765609925	0.00330587933540426
Master_mpagominimo_rank_lag2	0.00113575407704117	0.00128805151285636	0.00224571803129186
vm_msaldopesos_rank_lag1	0.0011289254693942	0.00102057372457917	0.00103736213628203
Visa_Fvencimiento_lag1	0.00112706169670915	0.00150638424730408	0.002650403260281
Visa_mpagominimo_rank_tend6	0.00112195060061592	0.00146599404083724	0.00223431844737667
Master_mfinanciacion_limite_rank_delta2	0.00111862823362731	0.00224833332081379	0.0030949870329733
Visa_mconsumospesos_rank_tend6	0.00111516997646305	0.00154800930662957	0.00287269514662715
Visa_fechaalta_lag1	0.00111282420648189	0.00194099939100424	0.00245661033372282
Visa_mlimitecompra_rank_tend6	0.00109296827158426	0.00214124517534846	0.00263330388440822
mttarjeta_visa_debitos_automaticos_rank_tend6	0.00109273202208163	0.00287585111200125	0.00116275755934908
Visa_cconsumos_lag2	0.00108851600138773	0.00154238060721873	0.00258200575678988
chomebanking_transacciones_lag1	0.00108614668001389	0.00162326215668097	0.00228561657499501
rf_016_018	0.00108469654817864	0.000993656652339578	0.000940465673002935
Visa_mconsumosdolares_rank_delta2	0.00107333155958526	0.00175720016007823	0.00268460201202656
vm_Fvencimiento_lag1	0.001073035898148	0.00150742199945662	0.00246800991763801
tcallcenter_delta2	0.00107033333939346	0.00145113655442797	0.00128245319045855
mrentabilidad_annual_rank_tend6	0.00106917975611856	0.00204843668329119	0.00202342614494571
thomebanking_lag2	0.0010668652345079	0.0012339753181028	0.00272450055572972
Master_mconsumototal_rank_lag2	0.0010645154064515	0.00193813934344628	0.00254780700504432
rf_014_021	0.00106248259934003	0.00122319435319789	0.0023825130382741
ctarjeta_debito_transacciones	0.00105936748366585	0.000642477306815322	0.000148194590897432
Visa_mconsumosdolares_rank_tend6	0.00104996356899122	0.00184656961633041	0.00267890222006897
rf_016_021	0.00104720023611199	0.00134264531029011	0.0020291259369033
vm_msaldopesos_rank	0.0010462468098277	0.00100966830818272	0.00124825443871299
rf_006_021	0.00103471417317714	0.00163169571440183	0.00364216706090228
mcuentas_saldo_rank_delta2	0.00103403862842593	0.00275241602682212	0.00245091054176523
Visa_mfinanciacion_limite_rank_lag2	0.00103090238598051	0.00161505930682005	0.00261050471657785
tcallcenter	0.00103079187513558	0.0013228313988246	0.000775171706232723
mtransferencias_recibidas_rank_delta2	0.00102528704196936	0.00155358376199367	0.00202342614494571
Visa_mfinanciacion_limite_rank_lag1	0.00102170570621656	0.00174046839219745	0.00246231012568041
rf_006_017	0.0010202687947884	0.00111401069666871	0.000678275242953632
rf_010_023	0.0010175445030605	0.00133504389720486	0.00349397247000484
rf_001_025	0.00101678522427222	0.00112579593785028	0.00207472427256405
Master_mpagospesos_rank	0.00101339137649039	0.0015513837011747	0.00192652968166662
rf_002_020	0.00101195483674557	0.00102278307987662	0.000267890222006897
Visa_Fvencimiento_tend6	0.00100643691170436	0.00141606549397847	0.00127675339850095
Master_msaldototal_rank_lag1	0.00100601206254113	0.00121407184882345	0.00217732052780074
mcuentas_saldo_rank_lag1	0.00100516394705133	0.00172444794073202	0.00128815298241614
vm_mpagominimo_rank	0.00100232859118123	0.00174018982039888	0.00200632676907293
rf_004_021	0.00100158961759564	0.000738166877157286	0.000524380860098606
vmr_mpagominimo_lag1	0.0009981604501341	0.00138501713107601	0.00192652968166662
vm_fechaalta_lag2	0.00099388626706741	0.0015068088264327	0.00219441990367352
cliente_edad_lag1	0.000989687813280673	0.00171040201457664	0.00141924819744079
mtarjeta_visa_consumo_rank_tend6	0.000987994861996094	0.00114091766050657	0.00122545527088261
Visa_Fvencimiento_lag2	0.000987715595972006	0.00167678918953642	0.00218872011171592
Visa_cconsumos_delta1	0.000987166080094969	0.00149482803362477	0.00241671179001966
thomebanking_lag1	0.000980826557749485	0.00155432566617013	0.00281569722705121
Master_mconsumospesos_rank_tend6	0.000980109020353649	0.00217837782464091	0.0025592065889595
Visa_mpagospesos_rank	0.000979730919806408	0.00126280413853931	0.00254780700504432
thomebanking_delta2	0.000977827787380296	0.00119886427039136	0.00100316338453646
Visa_msaldopesos_rank_delta1	0.000976876071438957	0.00160968862108165	0.00223431844737667
Visa_mlimitecompra_rank_lag2	0.000975102553804898	0.00147676773294403	0.00227991678303742
vm_mpagospesos_rank_delta2	0.000972396083178164	0.00118014419301634	0.00147054632505914
Master_msaldopesos_rank_lag2	0.00096872019818311	0.00140141634566737	0.00225141782324945
ctarjeta_visa_transacciones_delta2	0.000961920276677599	0.00203545956965005	0.000866368377554219
vmr_msaldopesos_lag2	0.000958157676430594	0.00139108558534587	0.00189803072187865
mcaja_ahorro_rank_tend6	0.000953032166171743	0.0020938126423071	0.00136225027786486
ccajas_consultas_tend6	0.000939952735413788	0.00245609589648014	0.000512981276183419
rf_012_019	0.000937557433022257	0.00125713461168768	0.00269600159594175
Master_Fvencimiento_delta2	0.000935208087200524	0.000813130495641009	0.00135655048590726
cmobile_app_trx_delta2	0.000931260106900521	0.00210216065931922	0.00184103280230272
Master_cconsumos_tend6	0.000925090231678032	0.001596051809513	0.00249080908546838
Master_msaldototal_rank	0.000924693302693142	0.0013695144660799	0.00204052552081849
mttarjeta_visa_debitos_automaticos_rank_delta2	0.000924461794547864	0.00166835915006447	0.00147054632505914
Visa_msaldopesos_rank_lag2	0.00092249284831329	0.00159041854162969	0.00206902448060646
ctarjeta_visa_transacciones_tend6	0.000921723842007883	0.00178658197572881	0.000849269001681439
mcuenta_corriente_rank_lag2	0.000919414320814028	0.00186135227431123	0.00112855880760352
Master_fultimo_cierre_lag2	0.000918816816000277	0.00160369945869036	0.00241671179001966
Master_mpagominimo_rank	0.000918244341346891	0.000996152088534035	0.00169283821140528
Visa_msaldototal_rank_tend6	0.000917562638688359	0.00131956754030887	0.00218872011171592
Visa_msaldopesos_rank_delta2	0.000916141474517897	0.00127751685163121	0.0021203226082248
Master_mpagospesos_rank_tend6	0.000914937050851366	0.00207612162648469	0.00247940950155319
Visa_fultimo_cierre_tend6	0.000914765919843249	0.0014565145392201	0.00155034341246545
Master_mpagosdolares_rank	0.000914298061954359	0.00118515793402322	0.00239961241414688
vmr_Master_mlimitecompra_lag1	0.000914176064207519	0.00160986070021151	0.00222861865541908
Master_msaldototal_rank_lag2	0.000912338600408247	0.00146193025329352	0.00265610305223859
ctarjeta_debito_transacciones_lag2	0.000910212222471304	0.00152148669835809	0.00139644902961042
cliente_antiguedad_lag1	0.000908358969206127	0.00192248394968937	0.00180113425859956
vm_msaldototal_rank_delta2	0.000906467662969991	0.00120796490386021	0.00178973467468437
mcaja_ahorro_rank_lag1	0.000902144741748015	0.00161544754821359	0.0010601613041124
ccaja_ahorro	0.00090187839405108	0.00149663489074389	0.000119695631109465
Visa_mlimitecompra_rank_delta1	0.00090164203459785	0.00207108958533233	0.00261620450853544
Visa_mfinanciacion_limite_rank	0.000899338718735563	0.00125977146048412	0.00205762489669127
vm_fultimo_cierre_tend6	0.000897849265148276	0.00127090640323902	0.00135655048590726
ccomisiones_otras_delta2	0.000896146272360553	0.00116976149913994	0.00208612385647924
rf_013_026	0.000895948141934211	0.00133038032698758	0.000552879819886574
mcaja_ahorro_rank_delta1	0.000889172334417379	0.00264833070680736	0.00125395423067058
rf_004_026	0.000884564800078687	0.00091237486267966	0.000712473994699194
vm_status01_lag2	0.000879293374727	0.00202776534305793	0.000461683148565077
Visa_mconsumosdolares_rank_lag2	0.000877763177334183	0.00162416130557953	0.00270740117985694
vmr_Visa_mlimitecompra	0.000869207618521748	0.0012441642194773	0.0020291259369033
ccomisiones_otras_lag2	0.000869008176313648	0.001541790224046	0.00177263529881159
mcomisiones_mantenimiento_rank_delta2	0.00086695361346788	0.0022538204763447	0.0016757388355325
vm_fultimo_cierre	0.000864569256357816	0.0012063266863888	0.00127675339850095
vm_mpagominimo_rank_lag1	0.00086156051227326	0.00174403676303361	0.00175553592293881
mcaja_ahorro_dolares_rank_delta2	0.000861541279295062	0.00179667932386471	0.000797970874063097
Visa_fechaalta_tend6	0.000860471478241912	0.000882598084204767	0.000911966713214968
vmr_Master_mlimitecompra_lag2	0.000855034541757386	0.00121481096990747	0.00182393342642994
vmr_msaldototal_lag1	0.000853948069888574	0.00137391148955835	0.00174413633902363
ctrx_quarter_normalizado_delta2	0.000851366717287614	0.00156915589927809	0.00156174299638063
mcaja_ahorro_dolares_rank_tend6	0.000851056154579892	0.00173248845228657	0.000820770041893471
vmr_msaldototal_delta2	0.000846387293162866	0.00130203833768105	0.00188093134600587
Master_mpagospesos_rank_lag2	0.000840197876854541	0.00177056832446092	0.00211462281626721
vmr_Visa_mlimitecompra_lag1	0.000834991220760228	0.00120753071518604	0.00180113425859956
vm_mlimitecompra_rank_lag2	0.000833761680750171	0.00114419057720048	0.00173273675510844
Master_msaldopesos_rank_delta2	0.00082610700929348	0.00143462310176916	0.00204622531277608
Visa_cconsumos_lag1	0.000824967818069077	0.00127256286834474	0.00224001823933426
mpayroll_sobre_edad_rank_tend6	0.000820058756188051	0.00125014868211817	0.000416084812904329
Master_mpagospesos_rank_lag1	0.000818932760489441	0.00147188143656583	0.00210892302430961
Master_mpagospesos_rank_delta1	0.000816174922286623	0.00117486918264401	0.00234261449457095
Master_mpagominimo_rank_lag1	0.000815628153516129	0.00169407930877142	0.00186953176209068
vmr_mpagominimo_tend6	0.000814707630622899	0.00117461476598726	0.00147054632505914
mtarjeta_visa_consumo_rank_lag2	0.000812948138817272	0.00122076400460839	0.00178973467468437
Visa_mfinanciacion_limite_rank_delta1	0.00081153182252283	0.00119240024941864	0.00227421699107983
Master_cconsumos_lag2	0.000810447985773796	0.00136784686860448	0.00227991678303742
mpayroll_rank_delta2	0.000808548904325325	0.00180435703569139	0.000478782524437858
vm_mfinanciacion_limite_rank_tend6	0.000808384357962582	0.00155703928630861	0.0018581321781755
Master_msaldopesos_rank_tend6	0.000807043812086029	0.00164732886967492	0.0020348257288609
vmr_msaldopesos_delta1	0.000805534787662786	0.00110925541567928	0.00127675339850095
Master_msaldopesos_rank	0.000804736081327787	0.00131970443694957	0.0019436290575394
cliente_antiguedad	0.00080071063147181	0.00156820820379559	0.0016814386274901
Visa_fechaalta_delta1	0.000800363009795379	0.000627113533884672	0.000558579611844168
Master_mpagospesos_rank_delta2	0.000800290414741848	0.00142900332925856	0.00176123571489641
vm_mconsumospesos_rank_delta2	0.000799849415362121	0.00116090656547231	0.00117415714326427
vm_msaldopesos_rank_delta1	0.000789887055265732	0.00140439774655737	0.00148764570093192
mpasivos_margen_rank_tend6	0.000789842681538292	0.00149135817375827	0.00163584029182935
mautoservicio_rank_tend6	0.000786627591516772	0.00175776649313149	0.00126535381458577
mtransferencias_emitidas_rank_lag2	0.000784885342651474	0.00145116640703259	0.00120265610305224
Master_msaldototal_rank_tend6	0.000784086989807955	0.00143692537559585	0.00201772635298812
cliente_antiguedad_lag2	0.000783385444176275	0.00129089654221744	0.00135085069394967
rf_004_015	0.00078323342878423	0.000497284530155278	0.000427484396819516
cmobile_app_trx_lag1	0.00078270203409253	0.00151858267268867	0.00103166234432443
Master_cconsumos	0.000780681833675975	0.00120531876058529	0.0020348257288609
Visa_mconsumosdolares_rank_delta1	0.000779815220486894	0.00107152996769993	0.00217162073584314
rf_018_020	0.000778550955604566	0.000505257774890982	0.000165293966770213
ccallcenter_transacciones_tend6	0.000776467893632451	0.00169180549600314	0.000604177947504916
vm_mpagospesos_rank_delta1	0.000776144106219928	0.00144756650323412	0.00164723987574454
Visa_mpagominimo_rank_delta1	0.000774073280963329	0.00151091317886132	0.00192082988970903
vmr_mpagominimo	0.000769944470325536	0.00102041298786373	0.0015902419561686
vm_mlimitecompra_rank_delta2	0.000769891354022197	0.00111145986118161	0.00186953176209068
mautoservicio_rank_lag2	0.000767540607361319	0.00166967166695519	0.00182393342642994
mpayroll_sobre_edad_rank_delta2	0.000766271667486599	0.00160620844276871	0.000416084812904329
mtarjeta_master_consumo_rank_delta2	0.000764963137580581	0.00095045473485401	0.000701074410784006
vmr_msaldopesos	0.000763818837592008	0.00103609206416186	0.00158454216421101
Master_msaldototal_rank_delta2	0.00076367263395275	0.00122687869497036	0.00181823363447234
Visa_fultimo_cierre	0.000760218435484533	0.00129765310296204	0.00157314258029582
vm_fechaalta_tend6	0.000760159775784825	0.00113240147644734	0.000712473994699194
mautoservicio_rank_delta2	0.000758273616997305	0.00120194273819364	0.00140784861352561
Master_fultimo_cierre_lag1	0.000757526491112031	0.00117535071014502	0.00186383197013309
vmr_msaldopesos2_delta2	0.000757357034257921	0.00135131732126965	0.00179543446664197
mcaja_ahorro_dolares_rank_lag1	0.000756895353350536	0.00113140289763348	0.000729573370571974
Visa_fultimo_cierre_delta2	0.000756698929955444	0.000751536012996769	0.000974664424748497
tcallcenter_tend6	0.000756306710305795	0.000825863301027135	0.000296389181794864
cmobile_app_trx_tend6	0.000755505024589175	0.00236897489009732	0.00140214882156801
vm_mfinanciacion_limite_rank_delta1	0.000754117315180252	0.00131894323491525	0.0020348257288609
mcomisiones_mantenimiento_rank_delta1	0.00074694929718907	0.00130417118419236	0.000877767961469406
ctarjeta_debito_transacciones_tend6	0.000746819822450218	0.00241187245279599	0.000883467753427
Master_mconsumototal_rank	0.000743898476531945	0.00126953725304298	0.00202342614494571
mcaja_ahorro_dolares_rank_delta1	0.000740299343891974	0.00146450261836355	0.000758072330359942
ccajas_transacciones_delta2	0.000740256556965187	0.00119231796440293	0.00102596255236684
cliente_edad	0.000739996725776269	0.00200126192762196	0.0011513579754339
cproductos_delta1	0.000738386587536032	0.000736035553470138	0.000108296047194277
Master_mpagominimo_rank_tend6	0.000738319028472325	0.00119277063701171	0.00124825443871299
rf_005_022	0.000736050774767912	0.000498478503061962	0.0001766935506854
rf_009_021	0.000731919340130227	0.00079392335083572	0.000951865256918122
Master_cconsumos_delta1	0.000728635524087832	0.00111306525916686	0.00247940950155319
Master_mconsumospesos_rank_lag1	0.000727060680441608	0.00112248938774695	0.00201202656103052
chomebanking_transacciones_tend6	0.00072540405299843	0.00160740703665904	0.00147624611701673
Master_fultimo_cierre_delta1	0.00072492615795778	0.000912999141817697	0.00168713841944769
vm_mfinanciacion_limite_rank_lag2	0.000724557172933541	0.00115277956800782	0.0018524323862179
vm_msaldopesos_rank_tend6	0.000724055819378497	0.00106417407062678	0.00142494798939839
vm_mlimitecompra_rank	0.000723054977593144	0.00108134260022944	0.00169283821140528
vmr_mconsumospesos_tend6	0.00071894044913247	0.00131924354634145	0.0014990452848471
Visa_msaldototal_rank_lag2	0.000716184555141634	0.00107893312483315	0.00151614466071988
ctrx_quarter_normalizado_delta1	0.000713486016571993	0.00172264746372101	0.000906266921257374
rf_015_024	0.000713053179980525	0.000945753540377784	0.000427484396819516
rf_009_015	0.000711178031255459	0.000935461585816724	0.00181253384251475
mtransferencias_emitidas_rank_delta2	0.000707528350913586	0.00125550440217089	0.000780871498190316
mcomisiones_mantenimiento_rank_lag1	0.000706903184373944	0.00163303482820413	0.00127105360654336
vmr_mpagospesos_tend6	0.000703838474271812	0.00132287133357537	0.00108866026390037
ctarjeta_visa_transacciones_lag2	0.000698676818068739	0.00117343465603153	0.00149334549288951
vm_msaldopesos_rank_delta2	0.000697280897068141	0.000947559110973051	0.00154464362050785
vmr_msaldopesos_lag1	0.000696467805829165	0.000868270514346908	0.00120265610305224
mcomisiones_mantenimiento_rank	0.000695263146052677	0.00213036155109082	0.00129955256633133
Master_fultimo_cierre	0.00069175806045952	0.00125680148077531	0.00176123571489641
vmr_msaldototal_tend6	0.000691021815740257	0.000847047544190184	0.00119125651913705
mtransferencias_recibidas_rank_tend6	0.000690734611750834	0.00132155928928526	0.00144774715722876
vm_mpagominimo_rank_delta2	0.000687551554239003	0.00160965729816405	0.00163014049987175
vm_msaldototal_rank_lag1	0.000685333780932846	0.000992903852093719	0.00124825443871299
vm_mlimitecompra_rank_delta1	0.000684927074279407	0.00180612729251955	0.00164154008378694
vmr_Visa_mlimitecompra_lag2	0.000683327352631198	0.00130395935410085	0.00156174299638063
vm_mlimitecompra_rank_tend6	0.000676124668466111	0.00116464586019242	0.00119695631109464
Master_mpagominimo_rank_delta2	0.000672701332584775	0.00133588113542473	0.00182393342642994
ccomisiones_mantenimiento_tend6	0.000672376029531883	0.00300738168793815	0.000398985437031548
cdescubierto_preacordado_delta2	0.000670704047595239	0.00135541172283007	0.000188093134600587
vm_mfinanciacion_limite_rank_lag1	0.000670026257156676	0.000975078959023346	0.0016814386274901
Visa_fultimo_cierre_lag2	0.000669531664775951	0.00135333713747061	0.00130525235828892
rf_017_025	0.000666525731191572	0.00110743808258018	0.00149334549288951
vm_cconsumos_tend6	0.000663305066285845	0.0011690091189835	0.000968964632790903
vm_mpagominimo_rank_tend6	0.000662078269208846	0.00115872937327129	0.00148194590897432
vm_status01_delta1	0.00066191274674952	0.000489824897250262	0.000512981276183419
vmr_msaldototal	0.00065618299600991	0.00126390075572223	0.00151614466071988
mpagomiscuentas_rank_delta2	0.000655521785789822	0.00151411389268567	0.000712473994699194
vm_mconsumospesos_rank_tend6	0.000652574219294375	0.00109130491587146	0.0016757388355325
rf_018_018	0.000646997503408455	0.000917483255084633	0.000455983356607484
rf_002_021	0.000646244927533738	0.000859015603037487	0.00101456296845165
mcuenta_corriente_rank_tend6	0.000640982761048087	0.00284050434161237	0.00105446151215481
vmr_mconsumospesos_delta1	0.000640977677098646	0.00114198101185831	0.000911966713214968
Master_mconsumospesos_rank_delta1	0.000639176434522773	0.00114458514619095	0.00161874091595657
ccomisiones_otras_delta1	0.000639019128438838	0.000921735085156288	0.000929066089087748
vmr_msaldopesos_tend6	0.00063637890844614	0.00121500232063961	0.00143634757331357
Master_mconsumototal_rank_delta1	0.000634456871380479	0.000924903137028005	0.00133375131807689
vm_mlimitecompra_rank_lag1	0.000633141411209424	0.00108118601189705	0.00145344694918635
Master_mconsumosdolares_rank_delta1	0.000632398195754118	0.000858626626487459	0.00219441990367352
vmr_msaldopesos2_lag2	0.000631785803262554	0.00117655505400933	0.00152754424463507
rf_001_023	0.000630851880960659	0.000418978181366672	0.000296389181794864
ccomisiones_otras_lag1	0.000629578870093734	0.00110471104583575	0.000906266921257374
mcuenta_corriente_rank_delta1	0.000628253073658716	0.00179179468158861	0.000923366297130155
Master_mconsumospesos_rank_delta2	0.000628231911045169	0.00122380710613238	0.00159594174812619
vm_mconsumototal_rank_tend6	0.000627462595603148	0.000849751712316651	0.00104876172019721
vmr_msaldopesos_delta2	0.00062695225853794	0.000816264651547416	0.00119125651913705
Master_cconsumos_lag1	0.000622207844720584	0.00111702780515966	0.0019436290575394
rf_013_023	0.000620889096490336	0.0010566538660781	0.00183533301034512
mttarjeta_visa_debitos_automaticos_rank_lag1	0.000620553156058595	0.00108247954599697	0.00137364986178005
mplazo_fijo_dolares_rank	0.000619624527990913	0.00190831123529503	0.000188093134600587
vm_mpagospesos_rank	0.000614375698203576	0.000769851176679269	0.00116275755934908
vm_mfinanciacion_limite_rank_delta2	0.000612225326219458	0.00128905418754208	0.00133375131807689
ccomisiones_mantenimiento_delta1	0.000610693447933709	0.00121612212150756	0.000148194590897432
ccaja_seguridad	0.000610009039197305	0.00121156157822125	9.68964632790903e-05
mttarjeta_visa_debitos_automaticos_rank_lag2	0.000607314647467974	0.000833739872684391	0.00129385277437374
mcaja_ahorro_dolares_rank_lag2	0.000607061769326626	0.00141194782996625	0.0011513579754339
numero_de_cliente	0.000604575141268596	0.00259064447359801	0.00111715922368834
mextraccion_autoservicio_rank_delta2	0.000603144580131102	0.00155928692225473	0.00110005984781555
ccaja_seguridad_lag1	0.000601386018228318	0.000900810641045721	9.11966713214968e-05
vm_mfinanciacion_limite_rank	0.000601249416942092	0.00108832319991439	0.00165293966770213
Visa_fechaalta_delta2	0.000598020805767589	0.000763509900584814	0.000729573370571974
rf_018_017	0.000597597822697326	0.00035063028864851	0.000267890222006897
rf_005_021	0.000597020611372012	0.0010406855319567	0.000575678987716948
vmr_Master_mlimitecompra_tend6	0.000595588213369065	0.00190338075076066	0.00140784861352561
Master_cconsumos_delta2	0.000595463381715568	0.000878948924921458	0.00184673259426031
vmr_mpagominimo_delta2	0.000595350123819314	0.00119570013060239	0.00120835589500983
rf_017_026	0.000595313844587344	0.00104405842993327	0.00139074923765283
rf_020_015	0.000593748596337066	0.000940952049551837	0.000729573370571974
ctrx_quarter_normalizado_tend6	0.000589060743712217	0.00201749176740912	0.00107726067998518
Master_mconsumototal_rank_lag1	0.000588697988385535	0.000928412642833784	0.00145914674114395
Visa_mpagosdolares_rank_lag2	0.000584620301281522	0.00105436923600718	0.00148764570093192
vm_msaldototal_rank_delta1	0.000579854839625802	0.000989378409145458	0.00141924819744079
vm_msaldototal_rank_tend6	0.000577016628769146	0.000886222852045957	0.0013280515261193
Master_msaldopesos_rank_lag1	0.000576360625695905	0.00095693994408699	0.00152754424463507
tcallcenter_delta1	0.000576106496961636	0.000740568370854544	0.000421784604861923
ctransferencias_emitidas_tend6	0.000575274730217751	0.00138254246305239	0.000683975034911226
vmr_mconsumospesos_lag2	0.000573753861213369	0.00090369962226268	0.00124825443871299
vm_status06	0.000573548529163105	0.000635370601536731	0.000655476075123258
vmr_Visa_mlimitecompra_tend6	0.000572692630562754	0.001428824843765	0.000832169625808658
Master_mconsumospesos_rank	0.000567868994719204	0.00118304853375283	0.00157314258029582
vmr_msaldopesos2_lag1	0.000566378472189938	0.0010793097087452	0.00160734133204138
vmr_msaldototal_lag2	0.000566191416585642	0.00105237906236613	0.0015047450768047
ccomisiones_otras	0.000565931282959195	0.00100187000443607	0.000512981276183419
cprestamos_personales_lag1	0.000558145439355222	0.000723936242933764	0.000119695631109465
vm_msaldopesos_rank_lag2	0.000556824725741494	0.000825725669229953	0.0013223517341617
ccajas_transacciones_tend6	0.000555675629031749	0.0017528872857623	0.000535780444013794
vm_mpagominimo_rank_delta1	0.000554851640201656	0.00130387155541147	0.00117985693522186
mttarjeta_visa_debitos_automaticos_rank_delta1	0.00055345815331513	0.00103811020000513	0.000809370457978284
rf_008_022	0.000552334668427612	0.000688431151343624	0.000484482316395452
vmr_mpagospesos_delta2	0.00055184192175817	0.00123529453016869	0.00124825443871299
vm_msaldototal_rank_lag2	0.000551467338614442	0.000762373112350824	0.00110005984781555
mttarjeta_visa_debitos_automaticos_rank	0.000549764043107359	0.000971574415523875	0.00127675339850095
Visa_status_tend6	0.000545127851044644	0.00111899671177367	0.000501581692268232
Master_mpagado_rank_tend6	0.000541281967550856	0.000993443509468628	0.00110005984781555
ctrx_quarter_normalizado_lag1	0.00054088248927245	0.000713652873950286	0.000575678987716948
ctarjeta_debito_transacciones_delta2	0.000539231010592481	0.00169374328974427	0.000986064008663684
matm_rank_lag2	0.000536083319044899	0.00123503341833677	0.00110005984781555
rf_003_018	0.000534596602258365	0.000626838165267952	0.000199492718515774
matm_rank	0.00053442384881222	0.000612802846370497	0.000421784604861923
cpayroll_trx_tend6	0.000533572953473603	0.00121226438782578	0.000296389181794864
vm_fultimo_cierre_lag1	0.00053186603222467	0.00136386381699672	0.00110005984781555
Master_msaldopesos_rank_delta1	0.000528867521743186	0.00116124712671634	0.00137364986178005
Master_fechaalta_delta2	0.000528388320379209	0.000670227206335839	0.00116275755934908
vm_fultimo_cierre_lag2	0.000524677932334518	0.00105213057947248	0.0012368548547978
mplazo_fijo_dolares_rank_lag2	0.000521591956318869	0.00143063836980372	0.00027359001396449
vmr_msaldototal_delta1	0.000520754875923862	0.000707069416303522	0.00109436005585796
vmr_mconsumospesos_lag1	0.000519101834856572	0.00118216295899374	0.00116275755934908
thomebanking_tend6	0.000519025015894526	0.00272122005499869	0.000638376699250477
Master_msaldototal_rank_delta1	0.000514869719542736	0.00104025630558884	0.00137934965373764
rf_018_015	0.000512067461190762	0.000798500645187776	0.00107726067998518
mplazo_fijo_dolares_rank_delta2	0.000511647053323145	0.00159186464695689	0.000233691470261336
Master_mpagominimo_rank_delta1	0.000506158527243466	0.000886043421351196	0.00137934965373764
rf_009_023	0.000498265815998395	0.000574907288430449	0.00100316338453646
ccallcenter_transacciones_delta2	0.000497566638265921	0.00113779080365388	0.000495881900310639
mtransferencias_emitidas_rank_tend6	0.000492796055875355	0.00113097464272241	0.000849269001681439
ctransferencias_recibidas_tend6	0.000491840796964561	0.00109448942999744	0.000746672746444755
Visa_mpagosdolares_rank_delta1	0.000491553611731321	0.000763639997027972	0.00142494798939839
vm_mconsumototal_rank_delta2	0.000490835982074959	0.000974247628310991	0.00105446151215481
mcuenta_debitos_automaticos_rank_delta2	0.000488375177624249	0.0016017724034851	0.000581378779674542
mtarjeta_visa_consumo_rank_delta1	0.000484335401894761	0.000911161854471	0.000820770041893471
Visa_mpagado_rank_tend6	0.0004843263827812	0.00112780344018002	0.00104876172019721
vmr_msaldopesos2_delta1	0.000478631065729712	0.000765115298570064	0.00128245319045855
vmr_mpagospesos_delta1	0.000476522168647301	0.00131917885257032	0.00112855880760352
ccomisiones_otras_tend6	0.000476136170398331	0.00147853701831539	0.00117985693522186
mtransferencias_recibidas_rank_delta1	0.00047433347269793	0.000889906852495778	0.000866368377554219
vmr_mconsumospesos_delta2	0.000474282252845993	0.00119936160375691	0.000889167545384593
rf_007_016	0.000473210370779045	0.000876921678388838	0.00144204736527117
rf_010_021	0.000470566020641741	0.00081531853140025	0.000547180027928981
Master_mconsumototal_rank_delta2	0.000463059039637936	0.00113503120997918	0.00119695631109464
rf_015_020	0.000457817484216802	0.000553382615301307	0.000142494798939839
vmr_mpagospesos_lag2	0.000455019246135154	0.000593769618586294	0.0011456581834763
mtransferencias_emitidas_rank	0.000454419406064171	0.00206976281165683	0.000649776283165665
vm_mconsumosdolares_rank_lag2	0.000452261970374217	0.00128567903158487	0.000883467753427
mcuenta_debitos_automaticos_rank_delta1	0.000450941753690145	0.0014495803069052	0.000592778363589729
vm_status04	0.000448969150943351	0.000734088360228171	0.00062697711533529
mtarjeta_visa_consumo_rank_lag1	0.000446182759931749	0.000772835413172874	0.000968964632790903
cmobile_app_trx_delta1	0.000446178859216126	0.0012425587164697	0.000866368377554219
mcomisiones_mantenimiento_rank_lag2	0.000442868230591153	0.00094260922355846	0.000815070249935877
mcaja_ahorro_dolares_rank	0.000442092711181872	0.00152373898154345	0.000467382940522671
vm_status01	0.000441468943280335	0.000742504116659736	0.000666875659038445
vmr_msaldopesos2	0.000439614911496605	0.000855046913236876	0.00127675339850095
vm_mconsumototal_rank_lag2	0.000438872182106857	0.000750814509412916	0.000923366297130155
mcuenta_debitos_automaticos_rank_lag2	0.000438552646267782	0.00147437269812165	0.000718173786656787
mtarjeta_master_consumo_rank_lag2	0.00043650309774542	0.000738311256640823	0.000997463592578871
Visa_fultimo_cierre_lag1	0.000435611015258958	0.00105570270485786	0.00098036421670609
cprestamos_personales_lag2	0.000434946451377164	0.000512066610513138	0.000108296047194277
Visa_msaldodolares_rank_delta1	0.000434085404601875	0.000898853313146426	0.000621277323377697
cpagomiscuentas_tend6	0.000428395428595342	0.00150566689210328	0.000444583772692297
rf_013_015	0.000426630889298397	0.000835577238797855	0.000758072330359942
rf_015_015	0.000419696519909062	0.000587267054409029	0.0005300806520562
vmr_mpagospesos_lag1	0.000417672839255137	0.000672754044214659	0.00109436005585796
Visa_mpagado_rank	0.000416027380284759	0.0010273052900031	0.000797970874063097
mpagomiscuentas_rank_tend6	0.000415994829834326	0.0015424342998981	0.000484482316395452
ctarjeta_debito_tend6	0.000413145230974282	0.00222621361727268	0.000307788765710052
matm_other_rank_lag2	0.000412534000655034	0.000820540164160287	0.00080367066602069
Visa_fultimo_cierre_delta1	0.000409195545616823	0.000705367345239825	0.000689674826868819
Master_status_tend6	0.000408217582475258	0.000627107285054506	0.000638376699250477
mpayroll_rank_delta1	0.000406289045048483	0.00112359548319747	0.000319188349625239
vm_fultimo_cierre_delta2	0.000406056489579716	0.000571416450348401	0.000672575450996039
mcuenta_debitos_automaticos_rank_lag1	0.00040499425464711	0.00149333805520846	0.000632676907292884
mtransferencias_recibidas_rank_lag1	0.000390791936954277	0.00135748053195997	0.000837869417766252
mcajeros_propios_descuentos_rank_delta2	0.000390524579451637	0.000932751982783349	0.000587078571632135
mplazo_fijo_dolares_rank_tend6	0.000389651335120413	0.00203361170130101	0.000222291886346148
Visa_mpagado_rank_delta2	0.00038780057289584	0.00131651692968645	0.000758072330359942
vm_fechaalta_delta2	0.000387241208645185	0.000470914440599906	0.000461683148565077
cprestamos_personales_delta2	0.000385437627245792	0.0010499888848277	0.000125395423067058
matm_rank_tend6	0.000384787959403084	0.00118661632696604	0.000729573370571974
vm_Fvencimiento_delta1	0.000384730034033686	0.000494053464870123	0.000473082732480265
vmr_mconsumosdolares	0.000384573718253895	0.000681594143474543	0.000490182108353045
Visa_mpagado_rank_lag2	0.000384399195382649	0.000689939587438947	0.000758072330359942
ctarjeta_visa_transacciones_lag1	0.000382351546072893	0.000854019505786376	0.000495881900310639
vm_mconsumospesos_rank_lag1	0.000381305919615616	0.000770011099471454	0.000923366297130155
vm_cconsumos_lag2	0.000376482064574493	0.000934495485166381	0.00060987773946251
mtarjeta_visa_descuentos_rank_delta1	0.00037567207869602	0.000719030359886224	0.000832169625808658
cproductos_lag2	0.000374973776929405	0.000430183935444921	0.000170993758727806
mextraccion_autoservicio_rank_tend6	0.000374345636132497	0.000824311753254785	0.000564279403801761
rf_008_017	0.000373535843617906	0.000551016645415874	0.000507281484225826
rf_005_013	0.00037211317240965	0.00093857954202476	0.00045028356464989
mtransferencias_emitidas_rank_lag1	0.000370635320803698	0.00102864406248275	0.000735273162529568
ctarjeta_master_transacciones_tend6	0.000366920686116886	0.00143764792940326	0.00043318418877711
vmr_mconsumosdolares_lag1	0.000362649985785177	0.00121503574400432	0.000849269001681439
rf_007_017	0.000362456276101797	0.000772043098265672	0.000512981276183419
rf_006_014	0.000361354197800966	0.000272140570826802	7.40972954487161e-05
vm_cconsumos_delta2	0.000359247182585155	0.000875061811235659	0.000313488557667645
mtarjeta_visa_consumo_rank	0.000357268362739591	0.0010880570207538	0.000826469833851065
mpayroll_sobre_edad_rank_lag2	0.000349336998398704	0.00112453674606069	0.000444583772692297
rf_015_017	0.000348865847232459	0.000754608231968884	0.000769471914275129
mautoservicio_rank_delta1	0.000345728751966255	0.000868351801650242	0.000672575450996039
mplazo_fijo_dolares_rank_delta1	0.000345329350368347	0.00146171910584733	0.000182393342642994
ccajas_consultas_delta1	0.000344552496979323	0.000997458750428416	0.000113995839151871
Master_msaldodolares_rank_delta2	0.000341867589971387	0.000706579907103473	0.000632676907292884
internet_delta2	0.000341703268251483	0.00114070533155887	0.0001766935506854
matm_rank_delta2	0.000338912149157814	0.000949794748115025	0.000792271082105503
ctarjeta_visa_transacciones	0.00033776188765427	0.00122139358737539	0.000564279403801761
mcuenta_debitos_automaticos_rank_tend6	0.000335627956612236	0.00224833991096662	0.000552879819886574
cextraccion_autoservicio_tend6	0.000333047831569995	0.00095437624336131	0.000598478155547323
vm_mconsumospesos_rank_delta1	0.000331889106302077	0.000871926211271861	0.000974664424748497
rf_008_015	0.000331482562929306	0.000704133595115908	0.000587078571632135
rf_012_013	0.000329972249964291	0.000890955500717724	0.000752372538402348
rf_020_025	0.000328398148650877	0.00105763474862501	0.000632676907292884
Visa_msaldodolares_rank_tend6	0.000323223550255005	0.0010573475124821	0.000689674826868819
Master_mpagado_rank_delta1	0.000315532543428493	0.000867106236511306	0.000712473994699194
mpagomiscuentas_rank	0.000314744975710551	0.00101615803337699	0.000484482316395452
ctarjeta_visa_debitos_automaticos_lag2	0.000313083499318348	0.000613516578300025	0.000484482316395452
Master_mpagado_rank_delta2	0.000312645386957006	0.000642996406064097	0.000775171706232723
ctransferencias_recibidas_lag2	0.000312111913875028	0.00110707882735682	0.000581378779674542
mtransferencias_emitidas_rank_delta1	0.000311714880741907	0.00127014338956907	0.000518681068141013
mextraccion_autoservicio_rank	0.000310935489086117	0.000626462369023568	0.000689674826868819
mautoservicio_rank_lag1	0.000310216479581341	0.000860985454852702	0.000683975034911226
rf_010_017	0.000309759036307666	0.000704745901705392	0.000621277323377697
vmr_mpagado_tend6	0.000306512164718173	0.000945374908529795	0.000649776283165665
mtarjeta_master_descuentos_rank_delta1	0.000305955526949277	0.000578659002044126	0.000718173786656787
rf_019_023	0.000303060387708398	0.00134026193294922	0.000455983356607484
tcuentas_lag1	0.000301313305138501	0.00141547673865225	0.000125395423067058
vm_mconsumototal_rank_delta1	0.000300673180492141	0.000593334117132678	0.000740972954487161
Visa_mpagado_rank_delta1	0.000296631585181058	0.000881581756612796	0.000484482316395452
Master_mpagado_rank_lag2	0.00029311733243794	0.000635907187007735	0.0007067742027416
rf_004_016	0.000280020439526478	0.00068355533094541	0.000735273162529568
matm_other_rank_tend6	0.000277384963610633	0.000942382716592744	0.000427484396819516
rf_012_020	0.000276585901429244	0.000848630703691608	0.000490182108353045
mpayroll_rank_lag1	0.000273285082801041	0.000958055307760413	0.000364786685285987
ccuenta_debitos_automaticos_tend6	0.00027218798849287	0.000928214045559102	0.000210892302430961
vm_mconsumosdolares_rank_delta2	0.000271922322735009	0.00106619577723014	0.000473082732480265
ccajeros_propios_descuentos_delta2	0.00026612035205074	0.00044262609146157	0.000461683148565077
vmr_Master_mlimitecompra_delta2	0.000265823420246833	0.000752316565400129	0.000723873578614381
rf_020_012	0.000262782288641792	0.000610692500898906	7.40972954487161e-05
mpagomiscuentas_rank_delta1	0.000261923055483151	0.000915152126365713	0.000398985437031548
rf_020_024	0.000260999296560261	0.000695253298549369	0.000558579611844168
cproductos_lag1	0.000259540700720297	0.000404101370843944	0.000131095215024652
ctarjeta_visa_descuentos_delta1	0.000259464955447914	0.00046170437383638	0.000444583772692297
rf_011_025	0.000259310760188091	0.000583106646298036	0.000604177947504916
catm_trx_tend6	0.000258790089775034	0.001256882873101	0.000501581692268232
vm_cconsumos_lag1	0.00025750230908709	0.000727183612939646	0.00045028356464989
rf_012_018	0.000257327770912664	0.000544477979803828	0.000370486477243581
rf_017_023	0.000257122862699763	0.000643802662689022	0.000501581692268232
rf_003_023	0.00025401736685739	0.000774429600021649	0.000701074410784006
matm_rank_lag1	0.000253065737047128	0.000798242263937096	0.000501581692268232
mprestamos_prendarios_rank_lag2	0.000251591601307447	0.00114497286247271	0.000131095215024652
vmr_mconsumosdolares_tend6	0.000248031636551498	0.00115296847697018	0.000587078571632135
Master_mpagado_rank_lag1	0.000247668705579777	0.000656825618588436	0.000735273162529568
ctransferencias_emitidas_delta2	0.000246462099289336	0.000619510414186143	0.000159594174812619
rf_003_026	0.000246441201909204	0.000533954949804578	0.000387585853116361
vm_mpagado_rank_tend6	0.000244905152267316	0.000866744723307301	0.000387585853116361
ctarjeta_master_transacciones_delta2	0.000244501377736599	0.000811119973918538	0.000393285645073955
ctarjeta_debito_transacciones_delta1	0.000243763809448026	0.00175825794524512	0.000330587933540426
cextraccion_autoservicio_lag2	0.000241022642207574	0.000583509223243131	0.000461683148565077
vmr_mconsumosdolares_delta2	0.00024076676586538	0.000812038000585547	0.000495881900310639
rf_017_018	0.000239100584977966	0.00041033568166909	0.000193792926558181
Master_msaldodolares_rank_tend6	0.000238037725312367	0.000536370752797804	0.000672575450996039
vm_mconsumosdolares_rank_lag1	0.000237958608088132	0.000913804768308488	0.000518681068141013
rf_013_019	0.000235185778015623	0.000621221884750678	0.000547180027928981
ctarjeta_master_descuentos_delta2	0.000235114530810394	0.000562354491362041	0.000541480235971387
thomebanking_delta1	0.00023357283601797	0.000818332069131102	0.000444583772692297
mprestamos_prendarios_rank_lag1	0.000232213043935372	0.00117069488532647	0.000125395423067058
ccajas_otras_tend6	0.000231991264797247	0.0015153478528543	0.000222291886346148
mextraccion_autoservicio_rank_delta1	0.000231216868177039	0.000961917347358782	0.000484482316395452
catm_trx_delta2	0.000230806818932834	0.00102057614009335	0.000381886061158768
ctarjeta_debito_transacciones_lag1	0.000226177995317943	0.000681760945231028	0.000393285645073955
ccajas_extracciones_tend6	0.000224551371221164	0.00170701441347027	0.000227991678303742
mtarjeta_master_consumo_rank	0.000221089290190393	0.000723645331008398	0.000376186269201174
Visa_mpagado_rank_lag1	0.000219200888320863	0.00041633020020052	0.000490182108353045
Visa_msaldodolares_rank_delta2	0.000216605133294125	0.000602580941720708	0.000507281484225826
mtarjeta_master_descuentos_rank_delta2	0.000216427639778881	0.000379427733656238	0.000569979195759355
rf_009_020	0.000215714474955434	0.000423031440419233	0.000239391262218929
cproductos	0.000215287465293972	0.000110743343534093	1.13995839151871e-05
rf_003_028	0.00021115089242292	0.000528769313456967	0.000131095215024652
cmobile_app_trx	0.000209241539760447	0.000983487783979433	0.000324888141582832
mtarjeta_visa_descuentos_rank_lag2	0.000205335012919068	0.000549600366437702	0.000421784604861923
active_quarter_delta2	0.000204652196609179	0.000748446937936558	0.000279289805922084
vmr_mpagado_lag2	0.000201961462784325	0.000425143728804405	0.000364786685285987
ctarjeta_visa_transacciones_delta1	0.000199422163959371	0.000733205988650932	0.000148194590897432
vmr_mpagado_delta2	0.000196902081962527	0.00103023979841127	0.000296389181794864
catm_trx_other_tend6	0.000196068097573833	0.000775177542983556	0.000296389181794864
rf_005_008	0.000194714263961208	0.000463229849808921	0.00027359001396449
rf_014_017	0.000192320822711625	0.000390503023713084	0.000507281484225826
matm_rank_delta1	0.000189654476837449	0.000822508650684877	0.000393285645073955
ccallcenter_transacciones_delta1	0.000188051755939713	0.000913005390647863	0.000131095215024652
ctransferencias_recibidas_delta2	0.000185768868807917	0.00077939718370318	0.000341987517455613
mforex_sell_rank_tend6	0.000179735309190626	0.00137934182799481	0.000227991678303742
vmr_msaldodolares2_lag2	0.000178992262190762	0.00117671970280753	0.000359086893328394
vm_status05_tend6	0.000173891549885145	0.000192251062536772	9.68964632790903e-05
ctarjeta_visa_debitos_automaticos_delta2	0.000172103961856713	0.000395012893712763	0.000250790846134116
matm_other_rank_delta2	0.000168704894183604	0.000892251319053876	0.00045028356464989
ctarjeta_visa_descuentos_delta2	0.000168092545308892	0.00042632785586524	0.000398985437031548
mtarjeta_master_consumo_rank_lag1	0.000167868161612368	0.000403298553701169	0.000393285645073955
rf_004_019	0.000164594151939914	0.000551336648533778	0.000319188349625239
rf_009_018	0.000164049762119371	0.000419253339938679	0.000336287725498019
Master_msaldodolares_rank_delta1	0.000163947675378882	0.000343912848731425	0.000535780444013794
minversion2_rank_lag1	0.000163569459747706	0.000908398663780614	0.000113995839151871
ccomisiones_mantenimiento_lag2	0.000163042701627011	0.000480665950118388	0.000108296047194277
vm_Finiciomora_lag2	0.000162467844011608	0.001887941099178	0.000284989597879677
mcheques_emitidos_rank_lag1	0.000158943201265186	0.00165860294079557	0.000205192510473368
vm_mpagado_rank_delta2	0.00015892696438899	0.000633720122705285	0.000222291886346148
vmr_msaldodolares_tend6	0.000158757723221539	0.00103058159366799	0.000250790846134116
vm_msaldodolares_rank_lag2	0.000154751337271215	0.000820857200396641	0.000319188349625239
mv_status07_rank_delta2	0.000154437424638692	0.000590175307228264	0.000222291886346148
rf_019_009	0.000154047706471987	0.000504419381425204	0.000205192510473368
cpagomiscuentas_delta2	0.000152685980716427	0.000525538878305947	9.11966713214968e-05
mtarjeta_visa_descuentos_rank	0.000151595329885139	0.000415164110729281	0.000313488557667645
ctarjeta_visa_descuentos_lag2	0.000150043356912607	0.000276799730105149	0.000222291886346148
mtarjeta_master_consumo_rank_tend6	0.000146646679205256	0.000768634991544348	0.000341987517455613
vm_cconsumos	0.000145308435544725	0.000386204143626064	0.000193792926558181
catm_trx_other_lag2	0.000144944822486466	0.000511268571887549	0.000313488557667645
mv_status07_rank_tend6	0.000141730575426267	0.000669831823422112	0.000227991678303742
rf_010_016	0.000139026555093634	0.000704115321226011	0.000336287725498019
rf_007_015	0.000137400778901253	0.000340666292648801	0.000461683148565077
vm_mpagado_rank_lag2	0.000134799681075529	0.000393171589260959	0.000296389181794864
vmr_msaldodolares2_tend6	0.000133197843819338	0.000540734431678309	0.000227991678303742
matm_other_rank_lag1	0.0001305506842431	0.000367252518212261	0.000245091054176523
mttarjeta_master_debitos_automaticos_rank_lag2	0.000130501609288385	0.000658932367044343	0.000262190430049303
vm_mconsumosdolares_rank_delta1	0.000127354796105641	0.000654919620365504	0.00025649063809171
mtarjeta_visa_descuentos_rank_lag1	0.000124598032798816	0.000402909288339663	0.000279289805922084
mtarjeta_master_descuentos_rank_lag2	0.000123616694968792	0.000382092019543117	0.000302088973752458
mtarjeta_master_consumo_rank_delta1	0.000122266693697784	0.000721159373081545	0.000239391262218929
ccajas_depositos_delta2	0.000122203909685076	0.000762460832273446	0.000222291886346148
vm_mpagado_rank_lag1	0.000121728542085772	0.000532236731553688	0.000245091054176523
cseguro_vida_lag2	0.000120141286208545	0.00115951578067099	0.0001766935506854
mv_status07_rank_lag2	0.0001195121764642	0.000339016391440312	0.00027359001396449
rf_015_021	0.000119151678874357	0.000448607718498834	0.000296389181794864
vm_status04_tend6	0.000118918112647537	0.000550788195536577	0.000119695631109465
ccajas_depositos_lag2	0.000118266373843909	0.000629712968466888	0.000267890222006897
rf_012_015	0.000117056183458199	0.00031339119919853	0.000250790846134116
ctarjeta_debito_lag2	0.00011554832081735	0.000587699904048163	0.000102596255236684
mforex_sell_rank	0.000111454890971134	0.000506579848816066	8.54968793639032e-05
vmr_mpagado	0.000111012895917007	0.000825641940156849	0.000210892302430961
rf_011_018	0.000110660318339852	0.000444187143757113	0.000131095215024652
vmr_mpagado_lag1	0.00010792723991051	0.000652862626250623	0.000250790846134116
catm_trx_lag2	0.000105980941325476	0.000459534296899969	0.000279289805922084
vm_cconsumos_delta1	0.000105346491075296	0.000363614963899261	0.000148194590897432
matm_other_rank_delta1	0.000104485889556757	0.000483647954886933	0.000182393342642994
cpagomiscuentas_lag2	0.000104398181773968	0.000582932466721061	0.000170993758727806
cforex_tend6	0.000102047881258086	0.00117340141645594	0.000170993758727806
minversion2_rank	0.000102034887393351	0.000845630398777578	7.40972954487161e-05
vmr_mpagosdolares_tend6	0.000101382587390463	0.00081182501524813	0.000188093134600587
vm_mpagado_rank_delta1	0.000100559018883716	0.000743998453503803	0.000199492718515774
ctarjeta_visa_descuentos_tend6	0.000100446333686409	0.00123735709046843	0.0001766935506854
vmr_mpagosdolares_lag1	9.48014227714488e-05	0.000656508424818548	0.000165293966770213
vm_mpagosdolares_rank_tend6	9.44762605529274e-05	0.000550219814547376	0.000142494798939839
mforex_sell_rank_lag1	9.41257627744195e-05	0.00102586787527584	0.000193792926558181
rf_013_018	9.33998535298368e-05	0.000374866901558442	0.000125395423067058
rf_014_020	9.1111436238616e-05	0.000537434182916319	6.2697711533529e-05
ccajas_otras_delta2	9.09684768853436e-05	0.000348320637001336	0.000142494798939839
vmr_mconsumosdolares_delta1	9.09063347471822e-05	0.000270484131976669	0.000142494798939839
ccomisiones_mantenimiento_delta2	8.85667571254236e-05	0.000547334167790211	9.68964632790903e-05
mv_status07_rank	8.77223168471539e-05	0.000242445998600855	0.000210892302430961
rf_011_023	8.77142934684256e-05	0.000411649800150728	0.000188093134600587
vm_mpagado_rank	8.53756131828376e-05	0.000438310959165	0.000159594174812619
active_quarter_delta1	8.39904383823089e-05	0.000662945717601728	0.000102596255236684
mttarjeta_master_debitos_automaticos_rank_tend6	8.37992552971199e-05	0.000578030915845694	0.000136795006982245
mv_status07_rank_lag1	8.33174902800142e-05	0.000350690125135686	0.000199492718515774
mttarjeta_master_debitos_automaticos_rank_lag1	8.26720215977057e-05	0.000422459068580515	0.000193792926558181
mforex_buy_rank_tend6	8.20583359112556e-05	0.00153243766820134	0.000148194590897432
ccajas_extracciones_delta2	8.12844427605175e-05	0.000492915495134631	0.000165293966770213
cextraccion_autoservicio_lag1	7.97562047621313e-05	0.000631523002512274	0.000136795006982245
ccuenta_debitos_automaticos_delta2	7.70585904331466e-05	0.000329955325143975	6.2697711533529e-05
vm_msaldodolares_rank_tend6	7.50255390084775e-05	0.00068906430487072	0.000165293966770213
ctransferencias_recibidas_lag1	7.08994452911323e-05	0.00055423539682982	0.000125395423067058
mttarjeta_master_debitos_automaticos_rank	7.05689238787521e-05	0.000800740614501924	0.000142494798939839
vmr_mpagosdolares_delta2	7.04314025207487e-05	0.000921545309759487	0.000182393342642994
ctarjeta_master_debitos_automaticos_tend6	6.9218095371221e-05	0.00125085994602234	0.000131095215024652
ctarjeta_visa_descuentos	6.88651238110778e-05	0.000260363888967225	0.000142494798939839
cliente_edad_delta2	6.49000223155999e-05	0.000389246142415319	9.68964632790903e-05
vm_status03_tend6	6.43839949031663e-05	0.000362605489016002	6.83975034911226e-05
cforex_buy_tend6	6.42831937960781e-05	0.000815995951850285	9.68964632790903e-05
vm_mpagosdolares_rank_lag2	6.30274826798621e-05	0.000348930055476038	0.000119695631109465
catm_trx_lag1	6.25419809020825e-05	0.000359443055840316	8.54968793639032e-05
ctransferencias_recibidas_delta1	6.04472836508201e-05	0.00103759162586813	0.000108296047194277
vmr_mpagado_delta1	6.00498190786502e-05	0.000516226178445286	0.000125395423067058
ccheques_emitidos_delta1	5.88987383310044e-05	0.000622190085848135	6.2697711533529e-05
cpagomiscuentas_lag1	5.83724689884415e-05	0.000230793479421338	0.000102596255236684
mttarjeta_master_debitos_automaticos_rank_delta1	5.83554695889242e-05	0.000506701569726354	0.000131095215024652
matm_other_rank	5.63717094895145e-05	0.000825129614850018	0.000131095215024652
minversion2_rank_lag2	5.59930993249705e-05	0.000371381603405659	5.12981276183419e-05
ctransferencias_emitidas_lag1	5.53493759986879e-05	0.000573377296496613	9.68964632790903e-05
mv_status07_rank_delta1	5.33283077899943e-05	0.000510446115564253	0.000125395423067058
ccomisiones_mantenimiento_lag1	5.24603712746715e-05	0.000313013565062921	6.83975034911226e-05
ccajeros_propios_descuentos_tend6	5.16584009697976e-05	0.000635325520690534	0.000102596255236684
vmr_msaldodolares2_lag1	4.8717961798313e-05	0.000239072155423088	0.000131095215024652
ccajas_depositos_delta1	4.81022588788332e-05	0.000660676945906521	6.83975034911226e-05
ctarjeta_visa_debitos_automaticos_lag1	4.55732413619538e-05	0.000373090921011901	8.54968793639032e-05
cseguro_vida_tend6	4.3789083573249e-05	0.000637738120501911	8.54968793639032e-05
cliente_edad_tend6	4.34306804057051e-05	0.000560058571387879	7.97970874063097e-05
tcuentas_tend6	4.0683331591205e-05	0.000226085773559057	6.2697711533529e-05
ctransferencias_emitidas_lag2	3.78572000445231e-05	0.00047954333990242	0.000102596255236684
mpagodeservicios_rank_tend6	3.74594185521538e-05	0.000290795849408329	4.55983356607484e-05
mtarjeta_visa_descuentos_rank_tend6	3.56209182731032e-05	0.000422376310964201	7.40972954487161e-05
ctransferencias_emitidas_delta1	3.5409727550061e-05	0.000400736717122303	6.2697711533529e-05
cpayroll_trx_lag1	3.527877840568e-05	0.000120994391887596	2.84989597879677e-05
mforex_sell_rank_delta1	3.48320793485188e-05	0.000393147197818841	7.97970874063097e-05
cseguro_accidentes_personales	3.45799393990519e-05	0.000683364190257985	7.40972954487161e-05
rf_008_020	3.44786964821123e-05	0.000193541734777493	7.40972954487161e-05
ctarjeta_visa_debitos_automaticos_delta1	3.30817780030806e-05	7.9263365005179e-05	2.27991678303742e-05
ctarjeta_master_descuentos_tend6	3.12201668415772e-05	0.000638726879725502	6.83975034911226e-05
ccuenta_debitos_automaticos_lag1	2.8947833929474e-05	0.000351188219913316	6.2697711533529e-05
ccuenta_debitos_automaticos_lag2	2.85965100372504e-05	0.000161552371567708	6.2697711533529e-05
vmr_mpagosdolares_delta1	2.81553847346281e-05	0.000316299767084833	5.12981276183419e-05
ccuenta_debitos_automaticos_delta1	2.77707811716724e-05	0.000169638095246397	2.84989597879677e-05
cplazo_fijo_lag2	2.75865731985842e-05	0.000448677742154516	4.55983356607484e-05
ccallcenter_transacciones_lag1	2.62322382824462e-05	0.000179308343717134	3.98985437031548e-05
ctarjeta_master_transacciones_lag1	2.55615557244894e-05	0.000171013861850847	5.69979195759355e-05
ctarjeta_master_transacciones_delta1	2.51459394708926e-05	0.00051303496914413	5.69979195759355e-05
cpagomiscuentas	2.50316739513972e-05	0.000355607403108823	3.41987517455613e-05
ctarjeta_debito	2.48568865818305e-05	0.000342481105211372	2.84989597879677e-05
internet_delta1	2.28652513788598e-05	0.000574659015581508	7.40972954487161e-05
mcajeros_propios_descuentos_rank_tend6	2.18291276488264e-05	0.000351074979558252	3.41987517455613e-05
ctransferencias_emitidas	2.12080855943045e-05	0.000782633421339354	6.2697711533529e-05
catm_trx_other_lag1	2.02363856852416e-05	0.000176227355378315	2.84989597879677e-05
ctransferencias_recibidas	1.68235393499886e-05	0.000307188027501858	3.41987517455613e-05
rf_006_023	1.60485691834226e-05	0.000170004071900521	3.98985437031548e-05
cextraccion_autoservicio	1.52147657489252e-05	0.00038234073873707	3.98985437031548e-05
ctarjeta_visa_debitos_automaticos	1.46731495680842e-05	0.000512861288423345	4.55983356607484e-05
cpayroll_trx	8.69424384876761e-06	0.000285073312522646	2.27991678303742e-05
cliente_edad_delta1	3.67674540752545e-06	5.38621329369881e-05	1.13995839151871e-05
ccomisiones_mantenimiento	3.61620176890592e-06	7.12683281306615e-05	5.69979195759355e-06
cseguro_vida	2.93761643168347e-06	0.000142536656261323	1.13995839151871e-05
ccuenta_debitos_automaticos	1.25138624112769e-06	7.12683281306615e-05	5.69979195759355e-06
