Feature	Gain	Cover	Frequency
rf_015_014	0.0683980313759193	0.00239948790164207	0.000732380292725022
vm_status01_tend6	0.0369063730575875	0.00143127583157082	0.000527995094755249
rf_020_027	0.0233350055912427	0.00113179653844181	0.000505285628314163
mpasivos_margen_rank	0.0165926902417277	0.00273899849155812	0.00216875404512371
Visa_mpagospesos_rank_lag1	0.0164300704005971	0.0020965219314866	0.00283300593852547
rf_011_015	0.01352667620764	0.000888427530862625	0.00139095481951652
vm_status04	0.0125821320265305	0.000712743170765018	0.000584768760857964
mttarjeta_visa_debitos_automaticos_rank	0.0122062588789152	0.00089659635953036	0.00116386015510566
rf_012_022	0.0116910708540314	0.00143385787305647	0.00285571540496656
rf_001_025	0.0109422644249428	0.00136485885317052	0.00186217624816905
rf_008_017	0.00921610501558192	0.00315466782515427	0.000357674096447104
Visa_status_tend6	0.00913796592432829	0.00122578126217181	0.000562059294416878
vmr_mpagominimo	0.00852299593401205	0.00128618045216428	0.00189624044783068
mcaja_ahorro_rank_lag1	0.00840579159165234	0.00161052005462855	0.00112979595544403
rf_010_016	0.00800196363427151	0.00231393200580582	0.000425802495770362
rf_011_028	0.00764439567984589	0.000520172845882406	0.000323609896785475
mcuentas_saldo_rank_lag2	0.0070067849674955	0.0030205433694357	0.00181107994867661
mtransferencias_recibidas_rank_lag1	0.00659267325383849	0.00142913254040977	0.00118089225493647
cproductos_delta2	0.00631297032570794	0.000995428079368263	0.000158966265087602
rf_008_015	0.00576392349496495	0.00168156241012764	0.000584768760857964
Visa_mconsumospesos_rank_delta1	0.00554659528118731	0.00134634106384037	0.00277623227242276
rf_001_017	0.00538446430586834	0.00107492618892279	0.00220281824478534
rf_004_026	0.00536799914580118	0.00052415674370667	0.000391738296108733
vm_Finiciomora	0.00522446786225773	0.00376916121514179	0.00053367246136552
ctrx_quarter_normalizado_lag2	0.00517963142774484	0.00182081157713341	0.00148179268528086
mpasivos_margen_rank_tend6	0.00517958505577315	0.00245073248366353	0.0021517219452929
mprestamos_personales_rank_lag1	0.00512307415498467	0.00244861241370781	0.000817540791879095
Visa_msaldototal_rank	0.00509045088014092	0.00133827918317338	0.00177133838240471
rf_008_021	0.00488556551532294	0.000923661378810218	0.000692638726453122
ctrx_quarter_lag1	0.00476139738838362	0.00103930321619278	0.000783476592217466
mprestamos_personales_rank_delta2	0.00471999904267112	0.0034110419079174	0.000726702926114751
vm_fultimo_cierre_delta2	0.00450298628348949	0.000338355843729918	0.000403093029329276
vm_status02	0.00442893601735735	0.0017044088930444	0.00124334328764946
mprestamos_personales_rank_delta1	0.00398397710769771	0.00404848836354504	0.00076076712577638
Visa_mconsumospesos_rank_tend6	0.00363856773452557	0.0024399121064416	0.00460434432093018
mpagomiscuentas_rank	0.00363303170395639	0.00108063983172323	0.000545027194586063
mcuentas_saldo_rank_lag1	0.00343854242391269	0.00214080343940446	0.000868637091371538
rf_006_022	0.00342097317025226	0.000952448133054974	0.000510962994924434
mprestamos_personales_rank	0.00339710144998633	0.00314481175414349	0.000539349827975792
mautoservicio_rank_lag1	0.00327137221244993	0.00129584655284243	0.000743735025945565
rf_019_024	0.00326582028317499	0.000689455563220649	0.000783476592217466
vm_status01_delta1	0.00325547145156903	0.000909736848260022	0.00053367246136552
vm_cconsumos	0.00325436311631639	0.000537217262779761	0.000283868330513575
mautoservicio_rank_delta1	0.00324325072661354	0.00170550464693248	0.000794831325438009
mcomisiones_otras_rank	0.00319465885617971	0.00207580018885786	0.00378680352905109
rf_014_022	0.00317888097667405	0.00156593160934042	0.00412744552566737
rf_020_015	0.00317184733975546	0.00135559309650882	0.000715348192894208
cdescubierto_preacordado_delta2	0.00316015280045682	0.00135638089546819	0.000204385197969774
mcuentas_saldo_rank	0.00305564659825804	0.00315202316468795	0.000862959724761267
vm_Finiciomora_tend6	0.0029774357661109	0.00211764049581411	0.000584768760857964
mcuentas_saldo_rank_delta2	0.00297144629841812	0.00254122972153857	0.00295223063734118
mrentabilidad_annual_rank_lag2	0.00294919740597473	0.00332320164557488	0.0053367246136552
mactivos_margen_rank_lag2	0.00284439761085673	0.00292899392395538	0.00397983399380032
Master_msaldopesos_rank_delta2	0.00283894609634647	0.000982784550523983	0.0013739227196857
ctrx_quarter_lag2	0.00279765000410409	0.0018043022916084	0.00194733674732312
matm_other_rank_tend6	0.00273223525519461	0.00166709758213919	0.000386060929498461
rf_009_021	0.00272231860655558	0.000789022612530369	0.000925410757474253
rf_016_021	0.00264085615474515	0.0018215552297114	0.00256049234123244
cdescubierto_preacordado	0.00262449017552712	0.0020050621876961	0.00064721979357095
vm_mfinanciacion_limite_rank_tend6	0.00261311417287349	0.00181015395707875	0.00181675731528688
mcomisiones_otras_rank_lag2	0.00260986134648344	0.00286154365410022	0.00555814191145579
mactivos_margen_rank_delta1	0.00260194484291467	0.003174579486903	0.00545027194586063
rf_006_015	0.00258328659846748	0.00145358042548356	0.0013341811534138
ctarjeta_visa_transacciones_tend6	0.00257974280127519	0.00170384216517805	0.000879991824592081
mprestamos_personales_rank_tend6	0.00250450387360034	0.00203191448508036	0.000442834595601176
mrentabilidad_annual_rank_delta2	0.00247780428109068	0.00279751339814835	0.00561491557755851
Visa_mconsumototal_rank_tend6	0.00245410615155509	0.00265946888987456	0.0048598258183924
mrentabilidad_rank_delta2	0.00243797168144063	0.00294935430288313	0.00439995912296041
mactivos_margen_rank_delta2	0.00243396672092239	0.00354331333754159	0.00638703743655543
mcuenta_corriente_rank	0.00241703244201184	0.00237712809866137	0.00109005438917213
ctrx_quarter_normalizado_delta2	0.00241354556059245	0.00130176939522081	0.00170888734969172
Visa_msaldototal_rank_delta2	0.00241300526088868	0.00145534111467269	0.00277055490581249
cprestamos_personales_tend6	0.00237571588094038	0.00306138346863187	0.000391738296108733
cdescubierto_preacordado_delta1	0.00237481768002349	0.00129830891380126	0.00015328889847733
mrentabilidad_rank_lag2	0.00236017085925189	0.00315794013653689	0.00534807934687575
chomebanking_transacciones_delta2	0.00234883820773978	0.00287927635796016	0.00390602822786679
Visa_mpagospesos_rank_delta1	0.00233425564460643	0.00176111288480476	0.00361080516413267
rf_018_026	0.00229835310649491	0.00154865226690056	0.00365622409701484
Visa_mpagospesos_rank_tend6	0.00226771043980154	0.00284412464524222	0.00470653691991507
mcomisiones_otras_rank_delta1	0.0022071240521956	0.00213142444675269	0.00376409406261
mpasivos_margen_rank_delta2	0.00218794354001004	0.0019261478957714	0.00438860438973986
vm_mpagominimo_rank_lag2	0.00217538882230934	0.00146172175398228	0.00228230137732914
mcomisiones_rank_delta2	0.00214376143958616	0.00252673603663652	0.00435454019007823
mactivos_margen_rank_lag1	0.00206619023164263	0.00227670731782387	0.00208359354596964
matm_rank_lag1	0.00206123725339103	0.000788316374793324	0.000397415662719004
mpasivos_margen_rank_lag2	0.0020587512012672	0.00267348573123877	0.00486550318500267
vm_mconsumototal_rank_lag2	0.00205443368448406	0.000895840678889824	0.00115818278849538
mautoservicio_rank_lag2	0.00204777991373051	0.00154084942008363	0.00160101738409656
mcomisiones_mantenimiento_rank_tend6	0.00201932772372909	0.00188191455228618	0.000959474957135882
mrentabilidad_rank	0.00196349586101662	0.00173436505675326	0.0021914635115648
Visa_mpagospesos_rank	0.00193670797808937	0.00168019595960435	0.00316229320192122
mrentabilidad_annual_rank	0.00193581156256089	0.00234475583376565	0.00250371867512973
Visa_mpagominimo_rank_lag2	0.00192663066264743	0.00149013963024838	0.00262294337394543
mcomisiones_otras_rank_delta2	0.0019204673657109	0.00269037474869909	0.00583065550874882
Visa_mpagospesos_rank_delta2	0.00191754831689448	0.00259589624821522	0.00511530731585461
Visa_fechaalta_lag1	0.00191104761100541	0.00247644869009965	0.00357674096447104
internet_tend6	0.00187578896917835	0.00282510339930745	0.000476898795262805
Master_mpagospesos_rank	0.00186883181377058	0.00142698971889107	0.00164643631697873
Master_mpagominimo_rank	0.00186019261595358	0.00168285684882316	0.00285571540496656
mrentabilidad_annual_rank_lag1	0.00185377056115837	0.00275915608935345	0.00336667839989099
mrentabilidad_annual_rank_delta1	0.00184815728364586	0.00254911256410332	0.00436589492329878
mcomisiones_rank	0.00182689609599072	0.00226749585703666	0.00358809569769158
Visa_Fvencimiento	0.00178596940108698	0.00264465827465658	0.00404796239312357
mpayroll_rank_lag1	0.00176842678915733	0.00110554058248351	0.000374706196277918
mrentabilidad_rank_delta1	0.00175739610420594	0.00219924586452456	0.0034859030987067
mpasivos_margen_rank_delta1	0.00175556582410793	0.00237277276591674	0.00411609079244683
foto_mes	0.0017426179870306	0.00422985899673028	0.000931088124084525
mcomisiones_rank_lag2	0.00173738216187507	0.00242084903624598	0.00480305215228968
Visa_Fvencimiento_tend6	0.0017287914926264	0.000792508846005719	0.000953797590525611
Visa_mconsumospesos_rank	0.00172631266094873	0.00244244397446898	0.00453053855499665
mactivos_margen_rank_tend6	0.00171898549521531	0.00199963453099865	0.00198707831359502
mtarjeta_visa_consumo_rank_tend6	0.00171750979366585	0.00102943417783476	0.00122063382120837
vm_mpagospesos_rank_tend6	0.00169208064774442	0.00144429669195615	0.00177701574901498
Master_Fvencimiento_lag2	0.00169006682748801	0.00192309840359502	0.00376977142922027
vmr_msaldopesos	0.00166717286528235	0.000842094312042952	0.0014534058522295
rf_010_023	0.00166081393996711	0.00144433214995396	0.00376409406261
Master_mlimitecompra_rank_lag2	0.00165831954185966	0.00214716764123162	0.00402525292668249
Visa_mfinanciacion_limite_rank	0.00165386817117511	0.0018436065820298	0.00299197220361308
ctrx_quarter_tend6	0.00164484042771463	0.00188103525134129	0.00136824535307543
ccomisiones_mantenimiento_tend6	0.00164116843565958	0.0023364378414677	0.000323609896785475
Master_fechaalta	0.00163618106663844	0.00224719060890314	0.00337803313311154
Visa_cconsumos_tend6	0.00162763645071504	0.00226990188700412	0.00392873769430787
mextraccion_autoservicio_rank_lag1	0.00162619389288099	0.000953436704121138	0.000630187693740136
Master_fechaalta_lag1	0.00162418883596361	0.00250760888635068	0.00399686609363113
chomebanking_transacciones_lag1	0.00162371695128527	0.00214234997167967	0.00329855000056774
Visa_mconsumosdolares_rank	0.00162015937357668	0.00228448819581509	0.00363351463057376
Master_Fvencimiento_lag1	0.00161996875172909	0.00226258363282389	0.00390035086125652
mtransferencias_recibidas_rank_lag2	0.00161749510293782	0.00179544454978827	0.00266268494021733
mcomisiones_otras_rank_tend6	0.00161705030771469	0.00197127016786979	0.00315093846870068
ccaja_ahorro_tend6	0.00161438594601849	0.00238945305344147	0.000261158864072489
Master_mlimitecompra_rank_delta2	0.00160990857748127	0.00234102676910149	0.0052572414811114
rf_006_021	0.00160890259646039	0.00191190424324094	0.00453053855499665
mcomisiones_rank_tend6	0.00159522799785868	0.00193763902664133	0.00230501084377023
Visa_mpagominimo_rank_lag1	0.00159324836725579	0.00200036111990441	0.00312255163564932
rf_010_026	0.00158501777716566	0.00083918012904731	0.000499608261703891
rf_015_023	0.00158105413897394	0.0017202025740765	0.00446241015567339
mcuentas_saldo_rank_tend6	0.00157867411191422	0.00250665806931161	0.00199275568020529
Visa_mpagospesos_rank_lag2	0.00157429114335651	0.00162247341794083	0.00348022573209642
internet_lag1	0.00157356753860582	0.00142530119807717	0.000193030464749231
Visa_fechaalta	0.0015710297313415	0.00211098138467921	0.00321906686802394
mpayroll_sobre_edad_rank_lag2	0.00156083926622861	0.00115159232898505	0.00053367246136552
mtarjeta_visa_consumo_rank_delta2	0.00153601010965847	0.00124295480462556	0.00185082151494851
mcaja_ahorro_rank_delta1	0.00153340702466476	0.00205389606941778	0.00128308485392136
chomebanking_transacciones_lag2	0.00152598202825425	0.00239757450041383	0.00378112616244081
rf_016_018	0.00151664200255289	0.00113668376724479	0.00108437702256186
Master_mfinanciacion_limite_rank_delta1	0.00150081301059576	0.00223035784416047	0.004161509725329
Master_mfinanciacion_limite_rank	0.00149155155179023	0.00233545801096759	0.00379248089566136
rf_017_026	0.00149070149354229	0.00142976045223849	0.00175430628257389
Master_mfinanciacion_limite_rank_tend6	0.00149017289122051	0.00208997305584892	0.00376977142922027
mcaja_ahorro_rank_delta2	0.001488156134157	0.00203654014918281	0.00190191781444095
Master_mlimitecompra_rank	0.00148727742533686	0.00184333559839093	0.00391170559447706
Visa_msaldopesos_rank	0.00148266921495577	0.00192093001265921	0.00308848743598769
mcomisiones_otras_rank_lag1	0.0014776213261366	0.00172676833074771	0.00260591127411461
mactivos_margen_rank	0.00147343616260463	0.00335505052015712	0.00161804948392738
cmobile_app_trx_lag2	0.00146683674258879	0.00233988663401086	0.00239584870953457
ccomisiones_otras_lag1	0.00146532287824735	0.000930429838340127	0.000857282358150995
rf_013_026	0.00145941368344593	0.000973120615418908	0.000703993459673665
rf_002_015	0.00144966934426454	0.000717607439275087	0.00126037538748027
Master_fultimo_cierre_tend6	0.00144613274308416	0.00210102587994536	0.0029465532707309
Master_fechaalta_lag2	0.00143419747133412	0.00188229738907928	0.00339506523294235
mcuentas_saldo_rank_delta1	0.00141923675206948	0.00274058616972189	0.00126037538748027
Visa_mpagominimo_rank_delta2	0.00141470851120516	0.00233939617084472	0.00327584053412665
rf_004_025	0.00140141915316791	0.00148255480184916	0.00397415662719004
Visa_fechaalta_lag2	0.00139589551908763	0.00231017322321708	0.00265133020699679
mcuenta_corriente_rank_lag1	0.00139222717053928	0.00228652558262507	0.00148179268528086
Master_mlimitecompra_rank_lag1	0.00138500907567405	0.00175792343920656	0.00344048416582452
thomebanking	0.00137944587830876	0.00191253773859543	0.00224255981105724
Visa_cconsumos_delta2	0.00136733069790898	0.00159406248194509	0.00210630301241072
rf_017_015	0.0013646453070788	0.00158569744713791	0.00284436067174602
Master_mlimitecompra_rank_delta1	0.00136354006218354	0.00211187699265031	0.00421260602482145
ctrx_quarter_delta2	0.00136162917326888	0.00174297041799002	0.00185649888155878
ctarjeta_debito_transacciones	0.00136081834646429	0.000539546271400997	0.000238449397631403
rf_014_021	0.00135537671894157	0.00115685109707337	0.00232204294360104
Visa_mconsumospesos_rank_lag2	0.00135255464472616	0.00141312992071215	0.00315093846870068
vm_status01	0.0013508022848503	0.00168887041044979	0.000908378657643439
Visa_mconsumospesos_rank_lag1	0.00135029172162638	0.00211362711488645	0.00383789982854353
Visa_fechaalta_tend6	0.00134532050467267	0.000793211117873988	0.000806186058658552
mttarjeta_visa_debitos_automaticos_rank_delta2	0.00134156563897521	0.00127466847439203	0.00123198855442891
Master_delinquency_tend6	0.0013384720654798	0.00094979123579618	0.000965152323746154
Visa_msaldopesos_rank_delta2	0.00133586891259988	0.00148440091376443	0.00257752444106326
Visa_mconsumototal_rank_delta2	0.00133355059147636	0.00235756626828467	0.00416718709193928
vm_fechaalta_lag2	0.00133302443561261	0.00186507437763079	0.00259455654089407
Visa_mconsumosdolares_rank_lag2	0.00133237049049935	0.00195238086534554	0.00308281006937742
vm_mpagominimo_rank_lag1	0.00133192782361726	0.00148840445829388	0.00159534001748629
Visa_mfinanciacion_limite_rank_delta2	0.0013259001344508	0.00198063277522161	0.00380951299549217
vm_msaldopesos_rank	0.00132358698730785	0.0011476075701498	0.00154424371799385
Visa_Fvencimiento_lag2	0.0013201122972742	0.00180218655279885	0.0027081038730995
Master_mfinanciacion_limite_rank_lag1	0.00131297457739553	0.00154483441374006	0.00336100103328072
Visa_mconsumospesos_rank_delta2	0.00131288321595638	0.00181005754993975	0.00359945043091213
Master_Fvencimiento	0.0013067052816666	0.00198768672512091	0.00327016316751638
chomebanking_transacciones	0.00129966328968097	0.00183244994088164	0.00204385197969774
ccaja_seguridad_lag1	0.0012967301329859	0.00106186812242644	0.000130579432036244
rf_008_024	0.00129093022428632	0.00144666068893284	0.00284436067174602
mprestamos_personales_rank_lag2	0.00128712347805666	0.002670970535515	0.000681283993232579
vm_fultimo_cierre_tend6	0.00128646942922998	0.00166886557687606	0.00153856635138357
cproductos_tend6	0.00128543339861475	0.00171804141041471	0.000329287263395747
mpayroll_rank	0.00128444863206668	0.00116872540392254	0.000272513597293032
vm_Fvencimiento	0.00127764006586967	0.00183192060176501	0.00280461910547412
vmr_msaldototal	0.00127601336195206	0.000902315742404029	0.00135121325324461
Visa_msaldopesos_rank_tend6	0.00127441269582014	0.00204915265554042	0.00285003803835629
Visa_mfinanciacion_limite_rank_delta1	0.00126755410683459	0.00174315394378588	0.00316797056853149
vmr_mpagominimo_lag1	0.00126025502276904	0.0016449263144728	0.00241855817597566
Visa_mlimitecompra_rank_lag1	0.00126016727340508	0.00174795822853072	0.00285003803835629
mcuenta_corriente_rank_tend6	0.00125942679960385	0.00287487515681219	0.0012944395871419
Master_mfinanciacion_limite_rank_delta2	0.00125555134425137	0.0025334743085995	0.00336667839989099
Visa_mconsumosdolares_rank_tend6	0.00124811306263148	0.00172014420796826	0.00295223063734118
mcomisiones_rank_lag1	0.00124586270067939	0.00152181147575401	0.0021914635115648
vm_mfinanciacion_limite_rank_delta2	0.00124454264053346	0.00248752614432849	0.00273081333954059
Visa_mlimitecompra_rank	0.00123608100077149	0.0016406139800949	0.00285003803835629
rf_012_019	0.00123061625202969	0.00166888433647902	0.0028670701381871
Master_msaldototal_rank	0.00122647893411562	0.00187594299755908	0.00264565284038652
Visa_cconsumos	0.00121807409680849	0.00167079231072894	0.00258320180767353
vm_fechaalta	0.00121409877467358	0.00185568847079991	0.0023901713429243
vm_status06_delta2	0.00121359649756118	0.00048360565719755	0.000175998364918416
Visa_mlimitecompra_rank_tend6	0.00121059470351758	0.00239418329124165	0.00288977960462819
Visa_mconsumototal_rank_delta1	0.00120886155641426	0.00157722350748683	0.00338938786633208
cprestamos_personales	0.00120879409332277	0.000434922321941906	5.10962994924434e-05
Visa_msaldototal_rank_lag2	0.00120723933302822	0.00162222098517498	0.00253210550818109
internet_lag2	0.00120623441664787	0.00161184742047141	0.000329287263395747
mtransferencias_emitidas_rank	0.00120048120032376	0.00249876739937429	0.00110708648900294
cdescubierto_preacordado_tend6	0.00119882258726464	0.00189376754259068	0.000244126764241674
Visa_mpagosdolares_rank_delta1	0.00119818358983759	0.000699512014969588	0.00138527745290624
Visa_msaldototal_rank_lag1	0.00118982151079042	0.00152947956130628	0.00257752444106326
Visa_mfinanciacion_limite_rank_tend6	0.00118192909303753	0.00230271911194002	0.00279894173886385
mcaja_ahorro_rank_lag2	0.00116901464096852	0.00189848037753248	0.00116953752171593
Visa_msaldopesos_rank_lag2	0.00116628003184128	0.0015625739013229	0.00235610714326267
mcuenta_corriente_rank_lag2	0.00116134041017733	0.00181963671459974	0.00124334328764946
cproductos_delta1	0.00115950404926631	0.000900510619829865	0.000136256798646516
mtransferencias_recibidas_rank_delta2	0.00115414198413444	0.00170082873109804	0.00224823717766751
ctrx_quarter_normalizado_tend6	0.00114633321074998	0.00150965501821441	0.00110708648900294
mrentabilidad_annual_rank_tend6	0.00114117583236912	0.00186620164973915	0.00185082151494851
mcomisiones_rank_delta1	0.00113735500711186	0.00182156490956217	0.00338938786633208
vmr_Master_mlimitecompra_lag1	0.00113674185974609	0.00164576332151449	0.00249236394190919
vm_status05_delta2	0.00113608621564545	0.000579215082563648	0.000221417297800588
cmobile_app_trx_delta2	0.00111481340135435	0.00178674254659133	0.00172024208291226
thomebanking_lag1	0.00110895666706804	0.00163974889887687	0.00270242650648923
vmr_Master_mlimitecompra_lag2	0.00110676268882766	0.00183594535847416	0.00288410223801792
tcallcenter_delta2	0.00110608671531466	0.00126308897248563	0.000794831325438009
mpasivos_margen_rank_lag1	0.00110152763686799	0.00127867042735573	0.00198707831359502
vmr_msaldototal_delta2	0.00110025152878441	0.00148348709410645	0.00174862891596362
rf_018_020	0.00109878001902596	0.000233204120628706	9.08378657643439e-05
rf_007_015	0.00109334460251741	0.000398698702731021	0.000448511962211448
mextraccion_autoservicio_rank	0.00108646864387491	0.000808189082317829	0.000652897160181222
mcaja_ahorro_dolares_rank_delta2	0.00108626202201854	0.00169215928977105	0.000840250258320181
mtarjeta_visa_consumo_rank_delta1	0.00108609109729825	0.00135271037955096	0.0012149564545981
mrentabilidad_rank_lag1	0.0010831449593118	0.00186436362610889	0.00260591127411461
tcallcenter_tend6	0.00107704213766853	0.00206969742127501	0.000590446127468235
ccaja_ahorro	0.00107302966902635	0.00127480002643393	0.000102192598984887
chomebanking_transacciones_delta1	0.00107076553978022	0.00241485804354363	0.00216307667851344
vm_fechaalta_lag1	0.00106725545121579	0.00167398491336741	0.00195301411393339
Master_mconsumototal_rank_tend6	0.0010631418975937	0.0020836231259311	0.00278190963903303
Visa_mfinanciacion_limite_rank_lag2	0.00106288015776001	0.00200978992073705	0.00237313924309348
vmr_msaldopesos2_tend6	0.0010576470315592	0.00120272286618795	0.00153856635138357
mtransferencias_recibidas_rank	0.00105656560046635	0.00162241974825614	0.000982184423576968
mtarjeta_visa_consumo_rank_lag2	0.00105545374682013	0.00157709258163474	0.00210062564580045
rf_007_016	0.00105321185298295	0.00106700966256469	0.00172024208291226
thomebanking_lag2	0.00104676482309002	0.00129175742903939	0.00279326437225357
cliente_antiguedad_lag1	0.00102965870929857	0.00191457674306242	0.00214036721207235
mcomisiones_mantenimiento_rank	0.00102840307915826	0.00157300395356529	0.0012944395871419
Visa_mlimitecompra_rank_lag2	0.00102445091429457	0.00151612452429408	0.00233339767682158
cdescubierto_preacordado_lag2	0.00102040779672171	0.00101240807698925	0.000703993459673665
Master_fechaalta_delta2	0.00102032287104765	0.00101044648523712	0.00142501901917814
Visa_mfinanciacion_limite_rank_lag1	0.00101923238415196	0.00160196095316376	0.0025888791742838
Visa_mlimitecompra_rank_delta1	0.00100752795845292	0.00215345109066496	0.00303739113649525
Master_Fvencimiento_tend6	0.00100599530894396	0.0013198486429563	0.00149882478511167
Master_msaldopesos_rank	0.000999712257467388	0.000870329158246785	0.00140230955273706
ctrx_quarter_delta1	0.000998277370856852	0.00157152111001167	0.00091405602425371
vm_mpagospesos_rank_delta2	0.000996807543310189	0.00115852933793794	0.00179972521545606
Master_mpagominimo_rank_lag1	0.000995183088770101	0.00164033981332451	0.00202681987986692
vmr_Visa_mlimitecompra	0.00099403647271158	0.00159274414367195	0.00230501084377023
vm_status02_tend6	0.000990663095880162	0.00155734292040726	0.000976507056966697
Visa_msaldopesos_rank_lag1	0.00098863341922326	0.00132059480029353	0.00200411041342584
vmr_msaldopesos_lag2	0.000988261662184335	0.00119425811065404	0.00199275568020529
Master_mlimitecompra_rank_tend6	0.000986723123574228	0.00173982663206524	0.00247533184207837
rf_017_025	0.000984710056062529	0.000938138026131273	0.00112411858883376
vm_mfinanciacion_limite_rank_lag2	0.000984649611890927	0.000996709994267647	0.00156695318443493
rf_005_019	0.000982710869992172	0.00116800340707536	0.00236178450987294
Master_cconsumos	0.000982217422398449	0.00113848708952326	0.00190759518105122
vm_msaldototal_rank_lag1	0.000982126120014471	0.00112839776280946	0.00151017951833222
Visa_mconsumosdolares_rank_delta2	0.000977989231247154	0.00140176726311757	0.00253778287479136
vmr_mpagominimo_tend6	0.000975962921088502	0.00117201151757215	0.00143637375239869
Master_mpagospesos_rank_tend6	0.000972042994913053	0.00164784323704885	0.00241855817597566
Visa_mconsumosdolares_rank_lag1	0.000971604344586226	0.00139475685950108	0.00245829974224756
Master_Fvencimiento_delta2	0.000970542309031092	0.00108750456793593	0.00152721161816303
Master_msaldototal_rank_lag1	0.000966630603005794	0.00141531412294058	0.00206656144613882
ccomisiones_otras_tend6	0.000966090579686688	0.00175026385939917	0.00195301411393339
rf_007_021	0.000965292915675198	0.00116459727371279	0.00203817461308747
Visa_mpagominimo_rank_delta1	0.000960255711132666	0.00168560903129755	0.00203817461308747
Visa_cconsumos_lag1	0.000959915191504546	0.00132735378870261	0.00231636557699077
Visa_msaldototal_rank_tend6	0.000955803382017943	0.00164160502982905	0.00213468984546208
vm_mlimitecompra_rank_tend6	0.00095123526337995	0.00200162670168634	0.00194165938071285
Visa_Fvencimiento_lag1	0.000950951252616971	0.00128571931555409	0.00193030464749231
Visa_msaldopesos_rank_delta1	0.000946949506881727	0.0016696465138388	0.00212333511224154
Visa_mlimitecompra_rank_delta2	0.00094378638059868	0.0015482602459903	0.00271945860632005
Master_msaldopesos_rank_delta1	0.000940595072310929	0.00136010014982538	0.00172591944952253
thomebanking_delta2	0.000935645798805259	0.00141323347685144	0.00116953752171593
vm_msaldopesos_rank_lag2	0.000931646045268442	0.00109248400318795	0.0014534058522295
Master_fultimo_cierre_lag2	0.000930854354206713	0.0011856999745652	0.00178269311562525
vmr_Master_mlimitecompra	0.000930296361502368	0.00168567830354492	0.00245262237563728
mtarjeta_visa_consumo_rank	0.000924665406573727	0.00123091925390115	0.0013739227196857
vmr_msaldototal_tend6	0.000923485401636714	0.00152298166795537	0.00190191781444095
Master_msaldototal_rank_lag2	0.000923363695610914	0.00130710787205328	0.00225959191088805
Master_msaldopesos_rank_lag2	0.000920940026603615	0.00126417123720163	0.0021914635115648
vm_msaldopesos_rank_lag1	0.000913721544941227	0.0010469888089684	0.00112979595544403
Master_mconsumospesos_rank_tend6	0.000913077265674209	0.00188333078489911	0.00217443141173398
ccajas_transacciones_delta2	0.000904782593326192	0.00117429345759291	0.000845927624930452
Visa_mpagominimo_rank	0.000901923241537267	0.00143202384138622	0.00220281824478534
Master_msaldopesos_rank_tend6	0.000899797211658039	0.0015494025988365	0.00202114251325665
mcaja_ahorro_rank_tend6	0.000888013656322399	0.00229611348785111	0.00166914578341982
cmobile_app_trx_tend6	0.000887563064816549	0.00305951969294581	0.00157830791765547
Visa_msaldototal_rank_delta1	0.000887191576301656	0.00136402529017277	0.00218578614495452
rf_010_017	0.000883957869307006	0.000879790860135522	0.00060747822729905
vmr_mpagominimo_lag2	0.000881704302811356	0.0013788618661765	0.00185082151494851
Master_cconsumos_tend6	0.000878404668136522	0.00154664428492026	0.00245829974224756
rf_005_013	0.000877803044691122	0.000629922080636012	0.000340641996616289
vmr_mpagominimo_delta1	0.000877204724930295	0.00113482385306253	0.00137960008629597
Visa_cconsumos_lag2	0.000876472673724941	0.00143185077817838	0.00228797874393941
mpayroll_rank_delta2	0.000875675399511221	0.0012800508627847	0.00038038356288819
ctarjeta_debito_transacciones_tend6	0.000870751971587666	0.00225535771554891	0.00072102555950448
ccomisiones_otras_delta2	0.000869935309784851	0.00127153429004429	0.00229365611054968
Master_mpagominimo_rank_lag2	0.00086457703114735	0.00119381479436211	0.00204385197969774
vmr_msaldototal_lag1	0.000858380613864039	0.000962518700165807	0.00152153425155276
mttarjeta_visa_debitos_automaticos_rank_tend6	0.000855264971048939	0.00248712392174263	0.000982184423576968
Visa_mpagominimo_rank_tend6	0.000853055423353488	0.00133198790636746	0.00191894991427176
ccajas_transacciones_tend6	0.000846718678402202	0.00230702998520838	0.000601800860688778
mtransferencias_recibidas_rank_tend6	0.000844899907131363	0.0014843151257609	0.00164075895036846
vm_msaldototal_rank_tend6	0.000843906800755366	0.00091224202494689	0.00147611531867059
Visa_mconsumosdolares_rank_delta1	0.000843524239016748	0.00108978068960973	0.00201546514664638
vm_Fvencimiento_lag1	0.000834083997676742	0.00138536917846575	0.00202114251325665
vmr_mpagospesos_delta2	0.000818493846515723	0.00131980303546538	0.00151017951833222
rf_002_020	0.000816796271934172	0.00124681489950679	0.000170320998308145
vm_status06	0.000808475149681846	0.000477694503695565	0.00049393089509362
ctarjeta_visa_transacciones_lag2	0.000806707255979701	0.00118151504372173	0.00170888734969172
Master_cconsumos_delta1	0.000804007440235787	0.00118028468511644	0.00197572358037448
rf_007_023	0.000802727190951378	0.00107884571965317	0.00250371867512973
Visa_status	0.000798928245813657	0.00135405413069376	0.000772121858996923
vm_msaldototal_rank_lag2	0.000796509535706851	0.00123335414078221	0.00162940421714792
mcomisiones_mantenimiento_rank_lag2	0.000791801576224266	0.00120114327630919	0.00120927908798783
vm_mlimitecompra_rank_delta2	0.000791008747647681	0.00163994578338861	0.00179972521545606
vm_cconsumos_tend6	0.000788779425480092	0.00124322270949789	0.000868637091371538
vm_fechaalta_delta2	0.000787267240756359	0.00032636707460232	0.000442834595601176
mextraccion_autoservicio_rank_delta2	0.00078611502154427	0.00137822328302983	0.000987861790187239
mtarjeta_visa_consumo_rank_lag1	0.000785497468472749	0.00087365660042364	0.000925410757474253
vmr_msaldototal_lag2	0.000779451772670092	0.000992744099400327	0.00174862891596362
rf_008_022	0.000778755267522234	0.000803385945587644	0.000562059294416878
Master_fultimo_cierre	0.000776874691927303	0.00106915590203608	0.00198140094698475
vm_mfinanciacion_limite_rank_delta1	0.000775289123324764	0.00113240921298523	0.00198140094698475
vm_mpagominimo_rank_tend6	0.000774516662065591	0.00105889092908149	0.0013341811534138
rf_015_017	0.000774151484131556	0.00124044289639827	0.000749412392555837
Visa_fultimo_cierre_lag1	0.000771594832917138	0.00137489025732719	0.00153856635138357
ctrx_quarter_normalizado	0.000770128638899889	0.00145548508614576	0.00072102555950448
Master_mconsumototal_rank	0.000769433850536475	0.00146639873955765	0.0021517219452929
cliente_antiguedad	0.000768507584027391	0.00148147788583777	0.00135689061985489
mcuenta_debitos_automaticos_rank	0.00076725886630134	0.00137355451619567	0.000425802495770362
Master_msaldopesos_rank_lag1	0.000766355221229705	0.00132446460111675	0.00175998364918416
Visa_mpagosdolares_rank_tend6	0.000757192425341143	0.00100042992699712	0.00123198855442891
mpayroll_rank_delta1	0.000755148613017206	0.00134553969743519	0.000317932530175204
cdescubierto_preacordado_lag1	0.000753586444478581	0.000943035847978487	0.000692638726453122
cliente_edad_lag1	0.000749702521349111	0.00156236399728143	0.00125469802087
mcuenta_corriente_rank_delta1	0.000748775319204704	0.00199965386460893	0.00108437702256186
vmr_msaldopesos2_delta2	0.000747428961302512	0.0014613466401968	0.00173727418274308
vm_Fvencimiento_lag2	0.000746308941214556	0.00104800240153559	0.00155559845121439
Master_mfinanciacion_limite_rank_lag2	0.00074628358769846	0.00136910828156409	0.00214036721207235
rf_011_018	0.000742947556544826	0.000275025720164478	6.24510327129864e-05
mpayroll_rank_lag2	0.000742641190486381	0.00121049513406932	0.000471221428652534
cliente_edad_lag2	0.000737915183552491	0.00220509385112979	0.0012149564545981
mcaja_ahorro_dolares_rank_tend6	0.000737527358528859	0.00145297941372529	0.00091405602425371
Visa_cconsumos_delta1	0.00073601707398663	0.00104585277020275	0.00195301411393339
ccomisiones_otras_lag2	0.000724530131604811	0.00114625186921819	0.00151585688494249
Master_cconsumos_lag2	0.00072226924551036	0.00107263128155478	0.00212901247885181
vmr_msaldopesos_delta2	0.00072195481110307	0.0011216012812857	0.00140230955273706
Visa_fultimo_cierre_delta1	0.000720336148916244	0.00107678409407941	0.00106166755612077
mcaja_ahorro_dolares_rank_lag2	0.000713940525328713	0.00119200497536439	0.00107869965595158
chomebanking_transacciones_tend6	0.000713525978619965	0.00156218574191645	0.00132850378680353
ccaja_seguridad	0.000711421750540453	0.00113315557905239	9.08378657643439e-05
cmobile_app_trx_lag1	0.000708639275378651	0.00201975001752948	0.00135689061985489
vmr_msaldopesos_tend6	0.000707540682925448	0.00119854203166947	0.00139095481951652
vm_mconsumospesos_rank_tend6	0.000705736643825649	0.0010324755556349	0.00151017951833222
Master_msaldototal_rank_tend6	0.00070388456812328	0.000896092094097234	0.00147611531867059
Visa_fultimo_cierre_tend6	0.000702533237004426	0.000963041777384378	0.00124334328764946
rf_019_023	0.000702469956715163	0.00112974597555464	0.000391738296108733
vm_msaldopesos_rank_delta2	0.000702445962251688	0.00114347649162971	0.00147043795206032
Master_msaldototal_rank_delta2	0.00070202369468674	0.00142236439397476	0.00183946678172796
Master_mconsumospesos_rank_lag1	0.000701739388501615	0.00116589299087916	0.00194733674732312
rf_013_023	0.00069584944302457	0.00109655225399743	0.00221417297800588
mcomisiones_mantenimiento_rank_lag1	0.000695661483101547	0.00120897310147029	0.000931088124084525
rf_009_015	0.000694920480603907	0.00101849962533806	0.0022709466441086
ccomisiones_otras	0.00069265972662369	0.00144501010478473	0.000789153958827737
mautoservicio_rank_delta2	0.000691990516253792	0.0010965105601928	0.00140230955273706
Visa_fultimo_cierre_lag2	0.000691871119089366	0.001277958292998	0.00126037538748027
mttarjeta_visa_debitos_automaticos_rank_lag2	0.000682885519028505	0.00118203786002788	0.00141934165256787
rf_003_026	0.000682478196296885	0.000866621958043379	0.000454189328821719
ctrx_quarter_normalizado_delta1	0.000681592822894765	0.00205496779327203	0.00101057125662833
vmr_Master_mlimitecompra_tend6	0.000680976753457443	0.00220310293282171	0.0014136642859576
Master_fechaalta_tend6	0.000679273148610553	0.000948370071938521	0.00137960008629597
vm_mlimitecompra_rank_lag1	0.000679132441325369	0.000924937266632711	0.0015726305510452
ccallcenter_transacciones_delta2	0.000677018776718915	0.00104402826183582	0.000454189328821719
vm_fechaalta_tend6	0.000672423479017442	0.00144680312102263	0.000738057659335294
mpayroll_sobre_edad_rank	0.0006714898149947	0.00156175515815058	0.000510962994924434
Master_mpagospesos_rank_delta2	0.000671140615839383	0.000987904382748931	0.00132282642019326
Master_mconsumototal_rank_delta1	0.000667979225641721	0.00115762496330954	0.00163508158375819
mcuenta_debitos_automaticos_rank_tend6	0.000665415490263121	0.00180758490903159	0.000715348192894208
vmr_mconsumospesos_lag1	0.000662450257753688	0.00110050546852117	0.00135689061985489
Master_mconsumosdolares_rank_delta1	0.000662375316372026	0.000727471181110999	0.00181675731528688
mextraccion_autoservicio_rank_lag2	0.00065965937852718	0.00111606860733941	0.00135689061985489
vmr_msaldopesos2_lag2	0.000658847599834913	0.00117701842690195	0.00127173012070081
mcaja_ahorro_dolares_rank	0.000658196139342014	0.00215293717147232	0.000834572891709909
rf_015_024	0.000658105795783862	0.00093928577986456	0.000630187693740136
Master_fultimo_cierre_lag1	0.000657692961913158	0.000999436424686232	0.00159534001748629
vm_mfinanciacion_limite_rank_lag1	0.000656867001161472	0.00115525209531059	0.00172024208291226
mtransferencias_emitidas_rank_lag2	0.000655383711152136	0.00172676603471842	0.00148747005189113
rf_005_020	0.000655033373203743	0.00148849502099468	0.00214604457868262
mcomisiones_mantenimiento_rank_delta2	0.000653711146888554	0.00158732287932877	0.000999216523407782
Master_mpagosdolares_rank	0.000651294532149811	0.00115786401126827	0.00238449397631403
vm_mlimitecompra_rank_delta1	0.000651136502340876	0.00154105000955173	0.00174295154935335
vm_msaldopesos_rank_tend6	0.00065064363402033	0.00131111191231633	0.00159534001748629
mpayroll_sobre_edad_rank_tend6	0.000649936610046013	0.00145826474269792	0.000522317728144977
vm_mpagominimo_rank_delta2	0.000647533911630822	0.00123762003274945	0.00132850378680353
Master_mconsumototal_rank_lag1	0.00064662898843351	0.00101210500112278	0.00143637375239869
cliente_antiguedad_lag2	0.000645422037460301	0.00123067952757014	0.00131714905358299
Master_mpagospesos_rank_lag1	0.000644622505862708	0.00134561210063159	0.00160101738409656
Master_mpagospesos_rank_delta1	0.000643231843902363	0.00123586876249867	0.00189056308122041
mplazo_fijo_dolares_rank	0.000640623946599888	0.00232149755277723	0.00026683623068276
vmr_msaldopesos2_lag1	0.000640548191915352	0.000954014103305444	0.00151017951833222
Master_msaldototal_rank_delta1	0.000640131675694517	0.00101233773500096	0.00147611531867059
mpayroll_sobre_edad_rank_delta2	0.000637399467261576	0.000959750158482717	0.000323609896785475
cliente_edad	0.000634855040261172	0.0017182517580073	0.000766444492386651
vmr_mpagominimo_delta2	0.000634014849587379	0.000858265507254796	0.00112979595544403
vmr_mconsumospesos_lag2	0.000633245008733922	0.000953920200925674	0.00128876222053163
Master_cconsumos_lag1	0.000632423491524975	0.000699904427248484	0.00149882478511167
Master_mconsumospesos_rank_delta1	0.000631289608362489	0.0010167690193509	0.0016123721173171
Visa_fultimo_cierre_delta2	0.000630764155140058	0.000660408574928704	0.000777799225607194
vmr_mpagospesos_lag2	0.000628864335011702	0.000735904731519538	0.00137960008629597
vmr_msaldopesos_lag1	0.000627808968107615	0.000848318247353409	0.00130011695375217
Master_mconsumototal_rank_delta2	0.000627393409409021	0.00136275963011712	0.00165779105019928
Master_mconsumospesos_rank	0.000627334054619234	0.00154002245817009	0.00170320998308145
mcaja_ahorro_dolares_rank_delta1	0.000621896536320795	0.00136655914113454	0.00064721979357095
mtransferencias_recibidas_rank_delta1	0.000620538841582259	0.00122732685516232	0.00103895808967968
mttarjeta_visa_debitos_automaticos_rank_delta1	0.000619268535718135	0.00126674594704829	0.000959474957135882
Master_cconsumos_delta2	0.000619221320107908	0.000948812109759602	0.00145908321883977
vmr_mpagospesos_tend6	0.000619126370211947	0.00126568424223094	0.00135121325324461
vm_mfinanciacion_limite_rank	0.000614998989864045	0.001058050060536	0.00144772848561923
ctarjeta_visa_transacciones_delta2	0.00061324762035574	0.00111934600651421	0.000686961359842851
ccomisiones_otras_delta1	0.000611582878898355	0.00120638758984947	0.00118089225493647
vmr_Visa_mlimitecompra_lag2	0.000607705606182566	0.00111666273100981	0.00154992108460412
vm_mpagospesos_rank	0.000602324793576288	0.000670434082464693	0.000845927624930452
vmr_Visa_mlimitecompra_lag1	0.000601818678567252	0.00088190117196675	0.00146476058545004
vm_fultimo_cierre	0.000599363593146458	0.00145306893277641	0.00141934165256787
mplazo_fijo_dolares_rank_lag2	0.000599256624960274	0.00137445513368523	0.00026683623068276
vm_mlimitecompra_rank_lag2	0.000598318856294692	0.000891209092075446	0.00130579432036244
Visa_mpagado_rank_tend6	0.000598306737774264	0.00185544055181892	0.00126605275409054
mcuenta_corriente_rank_delta2	0.000597474477538311	0.00188766487937279	0.000857282358150995
rf_005_021	0.000594435087223778	0.00107038832184949	0.000567736661027149
mpagomiscuentas_rank_lag1	0.000594407249103425	0.00128048551678431	0.00076076712577638
matm_rank_lag2	0.000593725961792809	0.00111577064535637	0.00131714905358299
mrentabilidad_rank_tend6	0.000589328255008362	0.00200562432350387	0.00126605275409054
ccallcenter_transacciones_tend6	0.000586855505037621	0.00138544390378269	0.000550704561196335
vmr_msaldopesos_delta1	0.000584744073889247	0.000931844635934751	0.00119224698815701
Visa_mpagosdolares_rank_lag2	0.000574253244149743	0.00112712080524605	0.00164075895036846
mcaja_ahorro_dolares_rank_lag1	0.000573670746194935	0.00173134165581882	0.000936765490694796
Master_mpagominimo_rank_tend6	0.000570118294489069	0.00146687070403325	0.00142501901917814
vm_mconsumospesos_rank_delta2	0.000568568112148762	0.000826487392120716	0.00116386015510566
Master_mconsumototal_rank_lag2	0.000562772792654316	0.00130789734085214	0.00136824535307543
Master_fultimo_cierre_delta1	0.000562569239990419	0.00074038005788589	0.00139095481951652
vm_msaldototal_rank_delta2	0.000560776629728626	0.000965420359365314	0.00148747005189113
mplazo_fijo_dolares_rank_tend6	0.000560677846090046	0.00192264603364212	0.000238449397631403
vm_fultimo_cierre_lag2	0.000557648372092061	0.0012088823561308	0.00135121325324461
rf_019_016	0.000557233347046234	0.00115219947218518	0.00157830791765547
rf_009_023	0.000553424539582385	0.000866979434149307	0.00102760335645914
vmr_mpagospesos	0.000552593194561132	0.000844647809709907	0.00110140912239267
Master_mpagominimo_rank_delta1	0.000550214137440493	0.00102321475630916	0.00132850378680353
ccajas_consultas_tend6	0.000548168039936372	0.00240583506588825	0.000442834595601176
ctarjeta_debito_transacciones_delta2	0.000542370967002683	0.00156720368784159	0.000987861790187239
Master_fultimo_cierre_delta2	0.000541518743115221	0.000700784824025531	0.00134553588663434
vmr_mpagospesos_delta1	0.000541371205631156	0.000952524058569043	0.000953797590525611
rf_012_013	0.000536657038841929	0.00100360027380621	0.000675606626622307
active_quarter	0.000536525630686269	0.000634503102623494	0.000482576161873077
vm_msaldototal_rank_delta1	0.000532979624540517	0.00116282434773119	0.00120360172137756
Master_mconsumospesos_rank_delta2	0.000531443226904156	0.00107818694188522	0.00128876222053163
vm_msaldototal_rank	0.000530681095222502	0.000569131261101906	0.000891346557812624
ctarjeta_debito_transacciones_lag2	0.000530161023070132	0.00108098726270101	0.0011354733220543
Visa_fultimo_cierre	0.000528836521221259	0.000808352335218697	0.000953797590525611
vmr_msaldopesos2	0.000528711833294347	0.00100208867770396	0.00124334328764946
vmr_mconsumospesos	0.000525527102709586	0.00100561036917712	0.00118656962154674
Visa_fechaalta_delta1	0.000524625752341466	0.000669257445726569	0.000590446127468235
mcuenta_debitos_automaticos_rank_lag1	0.00052006604353114	0.00125674958342955	0.000465544062042262
rf_007_017	0.000519200760546774	0.000663250980917748	0.000386060929498461
mttarjeta_visa_debitos_automaticos_rank_lag1	0.000518787122899453	0.000851300998132891	0.00119792435476728
Visa_mpagado_rank	0.000518128262482201	0.000926925784546527	0.00072102555950448
vm_mconsumototal_rank_delta1	0.000517507211795018	0.000726987266846592	0.00091405602425371
vm_mpagominimo_rank	0.000516756401939288	0.00171100499383	0.00131147168697271
rf_020_025	0.000516063060230637	0.00158299791678977	0.000681283993232579
mcomisiones_mantenimiento_rank_delta1	0.000513640403778162	0.00134525728583234	0.000908378657643439
mpayroll_sobre_edad_rank_delta1	0.000513597820389813	0.00143398227609807	0.000351996729836833
cpayroll_trx_tend6	0.00051061885186476	0.00120286939460273	0.000244126764241674
mautoservicio_rank_tend6	0.000507051287194034	0.00166377768033126	0.00106734492273104
mtransferencias_emitidas_rank_tend6	0.000502679964458114	0.00124209731595895	0.000942442857305068
vmr_mconsumospesos_delta2	0.000501002277287403	0.00140150152381834	0.00122631118781864
Master_status	0.000500758428406233	0.000868077014424328	0.000897023924422896
vm_mconsumospesos_rank_lag2	0.000499765967357971	0.000776986122521248	0.000897023924422896
vm_mlimitecompra_rank	0.00049965901077198	0.000990504896833876	0.00137960008629597
mtransferencias_emitidas_rank_lag1	0.000498656422861656	0.00117369466359021	0.000919733390863982
rf_014_023	0.000497644733539132	0.000812285668216065	0.00134553588663434
mcaja_ahorro_rank	0.000496258328482428	0.00131479336046393	0.000783476592217466
rf_002_017	0.000494301607247955	0.000807682442581685	0.00128876222053163
vmr_mconsumospesos_delta1	0.000492762665432592	0.00120697701709631	0.00101057125662833
vmr_mpagospesos_lag1	0.000486414540468614	0.00091468708741231	0.00119224698815701
rf_013_015	0.000485034592520762	0.00069092256939041	0.000942442857305068
ccuenta_debitos_automaticos_tend6	0.000484477838785875	0.000783838465394019	0.000204385197969774
rf_015_020	0.000479505028011675	0.000491540656154949	0.000147611531867059
vmr_Visa_mlimitecompra_tend6	0.000476651614635766	0.00149698138007692	0.000891346557812624
rf_018_015	0.000475431331707484	0.00101592100180511	0.000970829690356425
mtarjeta_master_consumo_rank_lag2	0.000472592346027504	0.000672264513543547	0.00118089225493647
Visa_mpagado_rank_delta2	0.000472578791416954	0.00106059875741443	0.000783476592217466
vmr_msaldopesos2_delta1	0.000468164407602676	0.00108713112398993	0.00130011695375217
mtransferencias_emitidas_rank_delta2	0.000467695344993927	0.00176085069391442	0.000834572891709909
rf_010_022	0.000464679806140667	0.000470573995038053	0.000193030464749231
tcallcenter	0.000462655074273464	0.000944375737617478	0.000743735025945565
rf_006_017	0.000456014853463573	0.00087046264104059	0.000681283993232579
mautoservicio_rank	0.000454136456190723	0.00109924507889639	0.00072102555950448
Master_msaldodolares_rank_delta1	0.000453396923877247	0.000382694648015095	0.000715348192894208
cmobile_app_trx_delta1	0.000453076281496794	0.00151663218158866	0.000834572891709909
rf_013_017	0.000452265481618204	0.000556831458279047	0.000579091394247692
mcuenta_debitos_automaticos_rank_delta2	0.000449082006140574	0.00119082395529762	0.000459866695431991
vm_mconsumototal_rank_tend6	0.000448362515236347	0.00100743279024469	0.0010957317557824
vm_msaldopesos_rank_delta1	0.000447845201215349	0.00122405326530884	0.00118656962154674
thomebanking_tend6	0.000447488570628026	0.00250676895708989	0.000454189328821719
vmr_mpagado_tend6	0.000447156127474599	0.000747196160023595	0.000454189328821719
ctransferencias_recibidas_tend6	0.000446014926058333	0.00122242078848265	0.000664251893401765
numero_de_cliente	0.000445073875161048	0.00207242862639088	0.000789153958827737
mextraccion_autoservicio_rank_tend6	0.000444326708531623	0.00106193447245471	0.000686961359842851
Master_mpagado_rank_tend6	0.000444117538105726	0.00119623794018429	0.000987861790187239
mcuenta_debitos_automaticos_rank_lag2	0.000443564981413526	0.00138610907390491	0.000692638726453122
ctransferencias_emitidas_tend6	0.000440416492400193	0.00124964290313027	0.000584768760857964
Visa_fechaalta_delta2	0.000438349057129446	0.000742551866774389	0.000675606626622307
vm_mconsumospesos_rank_delta1	0.000438229650004216	0.000708720683993914	0.00103328072306941
mpagomiscuentas_rank_tend6	0.000435065191204043	0.0020177322252422	0.000590446127468235
vm_mpagominimo_rank_delta1	0.000434899527606206	0.000962679422216206	0.00106166755612077
cpagomiscuentas_tend6	0.000434475071933528	0.00111560835783145	0.000374706196277918
vm_mpagospesos_rank_delta1	0.000433065334659149	0.000911375873987946	0.00102760335645914
vm_mpagospesos_rank_lag1	0.000432923789527046	0.000504507038027093	0.000686961359842851
ctrx_quarter	0.000430690947239568	0.000941512015083763	0.00060747822729905
mpagomiscuentas_rank_lag2	0.000430490727091681	0.000847063832623039	0.000806186058658552
ctrx_quarter_normalizado_lag1	0.00042511582982423	0.0012296980011393	0.000840250258320181
cprestamos_personales_lag1	0.000424244797803616	0.00113346006384592	0.000175998364918416
vmr_msaldototal_delta1	0.000422564246136066	0.000752979127253891	0.00107869965595158
cproductos	0.000417251608846345	0.000209369536288141	3.4064199661629e-05
rf_002_021	0.000416254405955939	0.000881479120037001	0.00132850378680353
Master_mpagominimo_rank_delta2	0.000416195294922424	0.000765538433569164	0.00107302228934131
thomebanking_delta1	0.000411470328025003	0.000754562004629143	0.000448511962211448
vmr_mconsumosdolares	0.000410958362404706	0.000828155666130863	0.000579091394247692
Master_status_tend6	0.000410752453593654	0.000865288460758665	0.000823218158489366
vm_mconsumototal_rank_delta2	0.000409185929664754	0.000686165692432199	0.00100489389001805
vm_mconsumosdolares_rank_lag2	0.000409032369473827	0.00161202713694595	0.000936765490694796
Master_mpagado_rank_delta2	0.000407725976530002	0.000900413951778448	0.000783476592217466
rf_012_020	0.000405368785872849	0.00114424991431477	0.000618832960519593
vm_status05_tend6	0.0004039070077938	0.00092422385380413	0.000187353098138959
mcuenta_debitos_automaticos_rank_delta1	0.000402117304990322	0.0014352037636811	0.000465544062042262
vm_fultimo_cierre_lag1	0.000400264833718547	0.000926832456174079	0.000806186058658552
cprestamos_personales_lag2	0.00039913121052364	0.000655314207755897	0.000130579432036244
cprestamos_personales_delta2	0.000397749036449364	0.000965240564617051	0.000102192598984887
vm_cconsumos_lag2	0.000395604156275034	0.000781761472078758	0.000686961359842851
rf_020_024	0.00039126918861361	0.00101765074678129	0.000675606626622307
vm_mpagospesos_rank_lag2	0.000385457419270629	0.000623034984228966	0.000885669191202353
ctarjeta_visa_debitos_automaticos_tend6	0.000382248669953605	0.00166038902810079	0.000505285628314163
rf_014_020	0.000381349932800038	0.00110810036813977	0.000119224698815701
cextraccion_autoservicio_tend6	0.000379311179800416	0.00105250530634469	0.000584768760857964
Master_mpagospesos_rank_lag2	0.000377322187437432	0.00101675933950014	0.00107302228934131
matm_other_rank_lag2	0.000376577132308723	0.000844155363609383	0.00080050869204828
Visa_mpagado_rank_delta1	0.000373136742226231	0.000836161659357602	0.000681283993232579
mplazo_fijo_dolares_rank_delta2	0.000368486111099625	0.0017191337463501	0.000221417297800588
Visa_msaldodolares_rank_tend6	0.000363910592815209	0.0012258666588067	0.00076076712577638
rf_014_017	0.000362543794884391	0.000764196117444672	0.000573414027637421
vm_Fvencimiento_tend6	0.000360108826702888	0.000705519862614232	0.000681283993232579
vmr_Master_mlimitecompra_delta2	0.000358886948537234	0.000750876668886489	0.00091405602425371
matm_rank_delta2	0.00035692031163448	0.00105894149390839	0.000879991824592081
ctransferencias_recibidas_lag2	0.000350507253596443	0.00104047379976278	0.000681283993232579
vmr_mconsumospesos_tend6	0.00034815914429065	0.000826865167212879	0.000789153958827737
cextraccion_autoservicio_lag2	0.00034769494076297	0.000793048230250507	0.000635865060350407
rf_003_028	0.000346913999897537	0.000786081216369375	0.000102192598984887
mtarjeta_visa_descuentos_rank_delta1	0.000344872159110147	0.000564986745592212	0.000675606626622307
vmr_mconsumosdolares_lag1	0.000340378243768059	0.000824623225066023	0.000811863425268823
rf_004_016	0.000339987037969543	0.000793396052596914	0.000772121858996923
mtransferencias_emitidas_rank_delta1	0.000339049278244861	0.000852915967735738	0.00042012512916009
ctarjeta_visa_transacciones	0.000337914507442272	0.00119225391190382	0.000601800860688778
ccajas_consultas_delta1	0.000334280961263716	0.00130327506861114	0.000164643631697873
ccomisiones_mantenimiento_delta1	0.00033342062712962	0.00143669978331191	0.000147611531867059
vm_mconsumospesos_rank_lag1	0.000331656755564617	0.000672393873921124	0.000686961359842851
mtarjeta_master_consumo_rank_delta2	0.000330982496569585	0.000989933315996524	0.000726702926114751
catm_trx_tend6	0.00033072871059357	0.00142549776949401	0.000562059294416878
rf_017_023	0.000329143650625267	0.000551522882009848	0.000232772031021131
rf_013_019	0.000328307495524822	0.000511947112215982	0.000556381927806606
rf_004_021	0.000326702030364826	0.00059790538718556	0.00053367246136552
rf_004_015	0.000319654076673035	0.000595182165989734	0.000510962994924434
tcallcenter_delta1	0.000316462098745421	0.00075279961950929	0.000442834595601176
ctarjeta_debito_tend6	0.000315819934195121	0.00237530969564505	0.000278190963903303
vm_mpagado_rank_tend6	0.000314790662118791	0.000862787354305541	0.00042012512916009
matm_rank_tend6	0.000311765876414743	0.000860560623352741	0.000539349827975792
mtarjeta_master_consumo_rank_tend6	0.000306744971746803	0.000794656520495416	0.000425802495770362
rf_020_012	0.000305657293119277	0.000493348074758405	7.38057659335294e-05
ctarjeta_master_descuentos_delta2	0.000305578962834796	0.000697229944492616	0.000630187693740136
Master_mpagado_rank_lag2	0.000304504559852974	0.000562867536647479	0.000681283993232579
ctarjeta_visa_transacciones_lag1	0.000301007719619416	0.000397930994027946	0.000567736661027149
rf_001_023	0.000296797087139692	0.000601117010339408	0.000329287263395747
vm_mconsumospesos_rank	0.000295766276334739	0.000512709863583086	0.000579091394247692
ccallcenter_transacciones_delta1	0.000294648404743668	0.000926939456357308	0.000141934165256787
Visa_mpagado_rank_lag1	0.000293685789372531	0.000620449263878205	0.000658574526791493
ctransferencias_recibidas_delta2	0.000288221219710586	0.00109136427144852	0.000476898795262805
vm_Fvencimiento_delta1	0.000286311813707817	0.000420045382786887	0.000476898795262805
vm_mconsumosdolares_rank_lag1	0.000281658752517	0.000719706479689794	0.000635865060350407
rf_010_021	0.000281372647428422	0.00068271590842185	0.000658574526791493
vm_cconsumos_lag1	0.000280503270096472	0.000690179569093461	0.000414447762549819
matm_other_rank_delta2	0.000274604017318094	0.000742968674364506	0.000567736661027149
Master_msaldodolares_rank_delta2	0.000272264729813466	0.000677063319127568	0.000794831325438009
mpagomiscuentas_rank_delta1	0.000268857734661821	0.000713003509177174	0.000340641996616289
ctarjeta_visa_descuentos_delta2	0.000268150329209126	0.000283641230894361	0.000386060929498461
ctarjeta_master_transacciones_tend6	0.000265975493366798	0.00165329943756499	0.000505285628314163
vm_status03_tend6	0.000257063830040587	0.000730960180257995	0.000147611531867059
Master_msaldodolares_rank_tend6	0.000253120577766456	0.000643606702216497	0.000777799225607194
vmr_mconsumosdolares_tend6	0.000251318885294234	0.000842416591063493	0.000414447762549819
internet_delta2	0.00025109120856885	0.00123787530946067	0.000232772031021131
rf_003_018	0.000247726485284861	0.000372856527778776	0.00015328889847733
ctarjeta_visa_debitos_automaticos_lag2	0.000247595424624683	0.000560352549653639	0.000408770395939547
rf_009_018	0.00024496991560506	0.000798186900352142	0.000613155593909321
matm_rank	0.000244299482859868	0.000546744845054417	0.000386060929498461
rf_003_023	0.000243880365929622	0.000670438074424711	0.000510962994924434
vm_status04_tend6	0.000243659094626454	0.000324728805520412	0.000181675731528688
ctransferencias_emitidas_lag1	0.000242997952386158	0.000796881790338667	0.000147611531867059
mpagomiscuentas_rank_delta2	0.000240713383131817	0.00104559352762276	0.000374706196277918
Visa_msaldodolares_rank_delta2	0.000238563674102111	0.000432745947086066	0.000584768760857964
Visa_msaldodolares_rank_delta1	0.000237214332888662	0.000739913703027313	0.000454189328821719
vm_status01_lag2	0.000234700639323811	0.00171463538141711	0.000556381927806606
Master_mpagado_rank_delta1	0.000234486213934998	0.000704614313879947	0.000630187693740136
tcuentas_lag1	0.000230119436687112	0.001611599240578	0.000164643631697873
mtarjeta_master_consumo_rank	0.000229677771370041	0.000345113318846967	0.000300900430344389
rf_006_014	0.000229055347895731	0.00031687949020157	7.94831325438009e-05
Visa_mpagado_rank_lag2	0.000227841415140987	0.000949274003015805	0.000539349827975792
matm_other_rank	0.000227626353418073	0.000580426342379837	0.000232772031021131
ctarjeta_visa_transacciones_delta1	0.00022218445036795	0.00125750038500785	0.000249804130851946
cmobile_app_trx	0.000221197338588924	0.00104111376574527	0.000340641996616289
vmr_mconsumosdolares_delta2	0.000219810666964051	0.000730603330341874	0.000283868330513575
mtarjeta_master_descuentos_rank_delta1	0.000219674989676942	0.000412890720693666	0.000545027194586063
vm_status04_delta2	0.000216904889068141	0.000528329385575184	0.000187353098138959
vm_mpagado_rank_delta2	0.000216177291160108	0.000973820773896579	0.000346319363226561
ccajas_depositos_delta2	0.000214994054346836	0.00110518649823903	0.000374706196277918
catm_trx_other_tend6	0.000214868525820927	0.000696390171779282	0.000289545697123846
vmr_mpagado_lag2	0.000212312453801166	0.00052091790738747	0.000431479862380633
mcajeros_propios_descuentos_rank_delta2	0.000212300947926388	0.000572322637452003	0.000459866695431991
rf_012_015	0.000210266751526461	0.00070091152309643	0.000334964630006018
rf_011_025	0.000207081306358816	0.000495246343066322	0.000459866695431991
ccajeros_propios_descuentos_delta2	0.000206615093380549	0.000407775924078413	0.000408770395939547
ccajas_extracciones_tend6	0.000206234057732379	0.00226717670896515	0.000317932530175204
mprestamos_prendarios_rank_lag2	0.000206193385512526	0.00115845260359537	0.000124902065425973
ctarjeta_master_transacciones_delta2	0.000205392963397149	0.000672860020049765	0.000312255163564932
rf_015_015	0.000204040766962173	0.0011034345757072	0.000340641996616289
ctarjeta_debito_transacciones_lag1	0.000203100827537178	0.000626956863171119	0.000323609896785475
vmr_mpagado_delta2	0.00020306219753459	0.000772557421204257	0.000295223063734118
ctarjeta_visa_descuentos_delta1	0.000200876957993613	0.000588393903207186	0.000505285628314163
rf_018_018	0.00019850410629649	0.000536608971564988	0.000334964630006018
vmr_mpagado	0.000198212275697682	0.000883699145540621	0.000306577796954661
vm_Finiciomora_lag2	0.00019574055883439	0.00134215428051872	0.000204385197969774
vmr_msaldodolares2_tend6	0.000195566004819393	0.000747265771457112	0.00026683623068276
vm_mpagado_rank_lag1	0.000192586368460253	0.000484253033092761	0.000232772031021131
mprestamos_prendarios_rank_lag1	0.000189798994859679	0.00122934887423079	0.000124902065425973
rf_017_017	0.000188296217571528	0.000357913708237839	0.00011354733220543
vm_status04_delta1	0.000186086274334633	0.000700943041316703	0.00011354733220543
rf_004_019	0.000185259038915767	0.000425290531246911	0.000317932530175204
ccaja_seguridad_lag2	0.000183582588341937	0.000447894209066101	5.67736661027149e-05
matm_rank_delta1	0.000181173400988146	0.000707636853803399	0.000357674096447104
mcheques_emitidos_rank_lag1	0.000179548204613631	0.00175780798546094	0.000187353098138959
Master_mpagado_rank_lag1	0.000175866588482901	0.000341591705647536	0.000482576161873077
mtarjeta_master_descuentos_rank_lag2	0.000175734947425216	0.000475259460267053	0.000386060929498461
cproductos_lag1	0.000174904209340438	0.000712562984648126	0.000141934165256787
ctarjeta_debito_transacciones_delta1	0.000169896496548926	0.00165804209479634	0.000255481497462217
vmr_msaldodolares2_lag2	0.000166706999876083	0.000916438409845577	0.000295223063734118
vm_cconsumos_delta2	0.000165537523205225	0.000642214264816222	0.000221417297800588
ccajas_otras_tend6	0.00016476529228078	0.00149219906415781	0.000198707831359502
mv_status07_rank_delta1	0.000162417119021195	0.000730183183072787	0.000210062564580045
ctransferencias_recibidas_lag1	0.000162244716373641	0.000706227665825794	0.000147611531867059
rf_012_018	0.000162221274287949	0.000595095412610257	0.000414447762549819
catm_trx_delta2	0.000158231137945362	0.00117078462910204	0.000340641996616289
ccomisiones_mantenimiento_lag2	0.000154897180004062	0.000563293241351101	0.000119224698815701
cpagomiscuentas_delta2	0.000152204329495763	0.000750660529038193	0.00011354733220543
rf_005_008	0.000149002766344859	0.000476371364633904	0.000215739931190317
vmr_mpagosdolares_tend6	0.000147118696748878	0.000599109863278842	0.000210062564580045
rf_018_017	0.000146645865150516	0.000567968374448289	0.000334964630006018
vm_mconsumosdolares_rank_delta2	0.00014476911815649	0.00050282650113323	0.000300900430344389
minversion2_rank_lag2	0.000142636519249998	0.000698547656575952	0.000119224698815701
rf_015_021	0.000142126339745677	0.000683671447975707	0.000357674096447104
mtarjeta_visa_descuentos_rank_lag2	0.000141633625149983	0.000404661308162127	0.000351996729836833
vmr_msaldodolares_tend6	0.000140447804954387	0.000821399025933556	0.00022709466441086
rf_005_022	0.000138896374808606	0.000420223977338021	0.00015328889847733
mtarjeta_master_descuentos_rank_delta2	0.000138082420102276	0.000336700641431987	0.000476898795262805
rf_011_023	0.000136802309943914	0.000531826838284571	0.00022709466441086
ctarjeta_visa_debitos_automaticos_delta2	0.000136491600515995	0.000620849712259621	0.000312255163564932
vmr_mpagado_lag1	0.000135816546754628	0.000635886564636539	0.000295223063734118
mextraccion_autoservicio_rank_delta1	0.000135053027075827	0.000600324123587854	0.000272513597293032
catm_trx_lag2	0.00013178940404462	0.000444860867368483	0.000317932530175204
cforex_tend6	0.000129586202326881	0.00182816831589551	0.000210062564580045
cproductos_lag2	0.000128222733563615	0.000355681550306714	0.000130579432036244
mforex_buy_rank_tend6	0.000126763665155368	0.002067017746362	0.00022709466441086
mttarjeta_master_debitos_automaticos_rank_tend6	0.00012334056302317	0.000812617470539917	0.000175998364918416
ctarjeta_debito_lag2	0.000122925106748036	0.000581016500181456	0.000136256798646516
mtarjeta_visa_descuentos_rank_lag1	0.000121930425927109	0.000364512496421361	0.00026683623068276
mforex_sell_rank_tend6	0.000120727214634373	0.00136475031360402	0.000238449397631403
vm_mconsumosdolares_rank_delta1	0.000117116139977022	0.000339689262740907	0.000215739931190317
ctransferencias_emitidas_delta2	0.000116123127082663	0.00038500891508463	9.08378657643439e-05
active_quarter_delta2	0.00011389771452553	0.000443707347470725	0.000312255163564932
ccajas_extracciones_delta2	0.000110737647944343	0.000608778077347596	0.000238449397631403
vm_msaldodolares_rank_tend6	0.000109793216458745	0.00083648284254598	0.000221417297800588
vmr_mpagado_delta1	0.000109675449080566	0.00104191917629296	0.00022709466441086
minversion2_rank	0.00010814686111872	0.00099385375992037	0.000102192598984887
mtarjeta_visa_descuentos_rank	0.000107001682959644	0.000399350514137362	0.000238449397631403
rf_009_020	0.000106789717491649	0.000407246584961775	0.000249804130851946
mtarjeta_master_consumo_rank_delta1	0.000106709668670827	0.00105895827057696	0.000255481497462217
mttarjeta_master_debitos_automaticos_rank_lag2	0.000105788693832839	0.000270962557147176	0.00022709466441086
mtarjeta_master_consumo_rank_lag1	0.000105775189010666	0.000295127195698382	0.000255481497462217
cforex_buy_tend6	0.000105602431895453	0.00122735200711956	0.000136256798646516
matm_other_rank_lag1	0.000103671183997644	0.000628607551684194	0.000198707831359502
mforex_sell_rank_lag1	0.000102530119079654	0.000782832752381896	0.00022709466441086
catm_trx_other_lag2	0.000102364592753585	0.000278432401443128	0.000283868330513575
ccajas_otras_delta2	0.000101770892788082	0.000431282411051484	0.000187353098138959
rf_019_009	9.7877934433057e-05	0.000503948502810714	0.000164643631697873
ccomisiones_mantenimiento_delta2	9.7805887804408e-05	0.000563415896279498	7.38057659335294e-05
catm_trx_lag1	9.62436690455303e-05	0.00034080268039979	6.24510327129864e-05
ctarjeta_master_debitos_automaticos_tend6	9.52760447265815e-05	0.000927433285293655	0.000130579432036244
mplazo_fijo_dolares_rank_delta1	9.46675666336286e-05	0.000893071980659283	9.08378657643439e-05
rf_013_018	9.4597123638519e-05	0.000278195440783758	0.00011354733220543
minversion2_rank_lag1	9.22531829949858e-05	0.000556366460165052	5.67736661027149e-05
vm_mpagado_rank_lag2	8.88496971279986e-05	0.000221542900952521	0.000158966265087602
ccajas_depositos_lag2	8.78134866611247e-05	0.000524015198719102	0.000175998364918416
vmr_mconsumosdolares_delta1	8.69548024988386e-05	0.000363122433324103	0.000198707831359502
rf_017_018	8.65988617268818e-05	0.000452178130081523	0.000158966265087602
cplazo_fijo_lag2	8.46973057711012e-05	0.000314648375920123	5.10962994924434e-05
mttarjeta_master_debitos_automaticos_rank_delta1	8.43180163123766e-05	0.000925587251652117	0.000147611531867059
vm_mpagosdolares_rank_tend6	8.23509372862198e-05	0.000729373206557757	0.000164643631697873
mv_status07_rank	7.97779923593829e-05	0.00041196735164113	0.000204385197969774
ccomisiones_mantenimiento_lag1	7.93904913772737e-05	0.000393413739035784	8.51604991540724e-05
cseguro_vida_lag2	7.84238401771209e-05	0.000841283291878244	0.000141934165256787
vm_msaldodolares_rank_lag2	7.81698422411939e-05	0.000681328323992578	0.000193030464749231
ctransferencias_emitidas_lag2	7.78054860947781e-05	0.00049664712966402	0.000102192598984887
mv_status07_rank_delta2	7.73354900903736e-05	0.000651433239881118	0.000215739931190317
vmr_msaldodolares2_lag1	7.69803888086387e-05	0.000339401032791108	0.000141934165256787
mv_status07_rank_tend6	7.69180107680349e-05	0.000460644242360013	0.000198707831359502
ctarjeta_visa_descuentos_tend6	7.60194408872023e-05	0.00107093871659838	0.000136256798646516
mv_status07_rank_lag1	7.2178350615374e-05	0.000504611977002207	0.000221417297800588
ccheques_emitidos_delta1	7.10959236157334e-05	0.000654902540140444	5.67736661027149e-05
cpagomiscuentas_lag2	7.01891790272274e-05	0.000476687460030103	9.65152323746154e-05
mv_status07_rank_lag2	6.77242494626975e-05	0.000328703127858881	0.000204385197969774
ctarjeta_visa_descuentos	6.53941261942588e-05	0.000290518830089338	0.000141934165256787
vm_mpagado_rank_delta1	6.52077799467535e-05	0.000284523767153248	0.000102192598984887
vmr_mpagosdolares_lag1	6.36712509318289e-05	0.000553506990503774	0.000124902065425973
ctransferencias_recibidas_delta1	6.322848151707e-05	0.000531193629933738	0.000107869965595158
vm_cconsumos_delta1	6.21518707636225e-05	0.000247488579861573	9.65152323746154e-05
cseguro_accidentes_personales	6.13254933808631e-05	0.00106137270192433	0.00011354733220543
mttarjeta_master_debitos_automaticos_rank_lag1	6.02777537044264e-05	0.00023916521276778	0.000119224698815701
matm_other_rank_delta1	5.93333873976017e-05	0.000430974116936628	0.000130579432036244
ctarjeta_visa_descuentos_lag2	5.46033615212113e-05	0.000210084488499997	0.000124902065425973
mtarjeta_visa_descuentos_rank_tend6	5.35758590307271e-05	0.000274423873486466	7.38057659335294e-05
vm_mpagado_rank	5.27541094013672e-05	0.000251942224405866	7.38057659335294e-05
cliente_edad_tend6	5.17118244736875e-05	0.000468671526040181	7.94831325438009e-05
ccuenta_debitos_automaticos_lag2	5.1269765528719e-05	5.9551041990468e-05	2.2709466441086e-05
mcajeros_propios_descuentos_rank_tend6	5.08289160020429e-05	0.00100460186440211	0.00011354733220543
ctarjeta_master_descuentos_tend6	5.0782440197057e-05	0.000706582637172495	7.94831325438009e-05
cextraccion_autoservicio_lag1	5.00971570774426e-05	0.00038607633388396	9.65152323746154e-05
vm_mpagosdolares_rank_lag2	4.52045441540324e-05	0.000301180546468983	0.000102192598984887
internet_delta1	4.51335937495692e-05	0.000498853587721826	7.94831325438009e-05
vmr_mpagosdolares_delta2	4.33717569419292e-05	0.000538513684409667	9.65152323746154e-05
cpagomiscuentas_lag1	4.24919082465906e-05	0.000198044476173213	6.24510327129864e-05
mpagodeservicios_rank_tend6	4.19654771461942e-05	0.000425306159900838	6.24510327129864e-05
mttarjeta_master_debitos_automaticos_rank	4.18109840821443e-05	0.00069934247407941	0.000102192598984887
ctarjeta_master_transacciones_delta1	4.15948046417163e-05	0.000751771859397721	9.08378657643439e-05
ccajeros_propios_descuentos_tend6	4.10096816416046e-05	0.000659160709100063	6.81283993232579e-05
mforex_sell_rank	4.00902975324689e-05	0.000359834310648864	6.24510327129864e-05
rf_008_020	3.79967841868737e-05	0.000218339992273484	6.81283993232579e-05
cseguro_vida_tend6	3.72986526825186e-05	0.000353486128844251	6.24510327129864e-05
ctarjeta_visa_debitos_automaticos_lag1	3.6592421899607e-05	0.000333307371051697	6.24510327129864e-05
ccajas_depositos	3.56354547786009e-05	0.000424933342144645	3.4064199661629e-05
ccajas_depositos_delta1	3.37174400189796e-05	0.000606852074049487	6.81283993232579e-05
ctransferencias_emitidas_delta1	3.2700386015361e-05	0.000719272295332539	9.08378657643439e-05
ccuenta_debitos_automaticos	3.24151832804938e-05	0.000202565462212974	2.2709466441086e-05
cliente_edad_delta2	3.22416776103276e-05	0.000172955790197181	6.24510327129864e-05
vmr_mpagosdolares_delta1	2.78348995489294e-05	0.000375383125375283	7.38057659335294e-05
catm_trx_other_lag1	2.75319696379241e-05	0.000206135422483734	4.54189328821719e-05
mforex_sell_rank_delta1	2.59417261969166e-05	0.000364598127877433	7.38057659335294e-05
ccallcenter_transacciones_lag1	2.47741161296631e-05	0.000286589802146891	6.24510327129864e-05
active_quarter_delta1	2.43525137408861e-05	0.000151663953931889	3.97415662719004e-05
ctransferencias_recibidas	2.35412980529924e-05	0.000251642514309611	2.83868330513575e-05
tcuentas_tend6	2.33394590609193e-05	0.000228027070310166	3.97415662719004e-05
ccuenta_debitos_automaticos_delta2	2.33153009728328e-05	0.000362942690758324	5.10962994924434e-05
cpayroll_trx_lag2	2.28598869363229e-05	5.91519242623913e-05	1.70320998308145e-05
ctarjeta_master_transacciones_lag1	2.11122736359825e-05	0.000219757529448512	3.97415662719004e-05
ctransferencias_emitidas	2.10390901710604e-05	0.000349018290664338	2.83868330513575e-05
ccuenta_debitos_automaticos_lag1	2.06415168726013e-05	0.000258129971163741	3.97415662719004e-05
cpayroll_trx_lag1	1.80229249617167e-05	1.9293168858359e-06	5.67736661027149e-06
ccomisiones_mantenimiento	1.55221535510715e-05	0.000283288894763097	2.2709466441086e-05
ctarjeta_debito	1.34180900146426e-05	0.000283288894763097	2.2709466441086e-05
cpayroll_trx	1.2461101409117e-05	0.000283026834328972	2.2709466441086e-05
cpagomiscuentas	1.20729460053719e-05	0.000433725908042387	3.97415662719004e-05
ccuenta_debitos_automaticos_delta1	1.12033036050237e-05	0.000138271162892591	1.70320998308145e-05
ctarjeta_visa_debitos_automaticos	7.71440547955334e-06	0.000141644447381548	1.1354733220543e-05
cliente_edad_delta1	5.79939746482921e-06	2.62600001007978e-05	1.70320998308145e-05
cextraccion_autoservicio	5.69078729648515e-06	0.000218261822912608	2.2709466441086e-05
rf_006_023	4.39473768042478e-06	0.000106276620906553	1.70320998308145e-05
cseguro_vida	3.92632650682793e-06	0.000212466671072322	1.70320998308145e-05
ctarjeta_visa_debitos_automaticos_delta1	1.80861301818147e-06	4.24687145185625e-05	5.67736661027149e-06
catm_trx	8.66073915343577e-07	6.99434967532115e-05	5.67736661027149e-06
