Feature	Gain	Cover	Frequency
vm_status06_delta2	0.0550194112804527	0.00212260363278372	0.000303269589498861
rf_015_014	0.0420012619874798	0.00223037065430698	0.000646593653082478
mcaja_ahorro_rank	0.0247350263900662	0.00154545475107438	0.000955585310307733
Visa_mconsumospesos_rank_lag1	0.0210131197712192	0.00210502817384762	0.00434304940433275
rf_002_015	0.0190757369110862	0.00112024355559941	0.00144196106705119
rf_005_013	0.0142135044128746	0.000981129082844541	0.00028610338631968
ctrx_quarter	0.0135895582570615	0.000970402455129727	0.000663759856261659
rf_011_015	0.0130842851176038	0.000918591425614501	0.00167084377610693
rf_003_026	0.0106316745417459	0.000855337137023076	0.000480653689017063
cdescubierto_preacordado_delta2	0.0103063661690555	0.00120019921839837	0.000211716505876564
vm_status01	0.0102741888287863	0.00196138889405915	0.000795367413968712
rf_006_015	0.00996551096668079	0.00281256244059687	0.00105286046165642
rf_011_028	0.00979496948579319	0.000558310153490858	0.00041198887630034
vm_status05_tend6	0.00915849189589959	0.000701353883869514	0.000131607557707053
rf_008_021	0.00800688563905919	0.001307517450995	0.000452043350385095
rf_010_026	0.00751664520194193	0.0011416387676612	0.000463487485837882
rf_006_022	0.00737954618711018	0.00103185430332483	0.000440599214932308
mautoservicio_rank_lag2	0.00630826828598971	0.00151915504353869	0.00190544855288907
Visa_mconsumospesos_rank	0.00602867962686275	0.00194220172351635	0.00337601995857223
mautoservicio_rank_tend6	0.00584264913950167	0.00182708645325091	0.00104713839393003
active_quarter	0.00537143261077913	0.00200738549229127	0.000343324063583617
rf_005_020	0.00533104714546173	0.00121580523542394	0.00256920840915073
mcaja_ahorro_rank_lag1	0.00516679310473274	0.00201711039710511	0.0011673018161843
cdescubierto_preacordado	0.00508152603790842	0.0018192754445877	0.000583650908092148
mprestamos_personales_rank_delta1	0.00507466015079083	0.00447194003626283	0.000926974971675765
mcuentas_saldo_rank_delta2	0.00503087386479105	0.00293527730742015	0.00361062473535437
ctransferencias_emitidas_lag1	0.00459199451280816	0.000921784383214377	0.000114441354527872
ctrx_quarter_normalizado_delta1	0.00455708123434996	0.00166947334322531	0.00105286046165642
mprestamos_personales_rank_delta2	0.0045539502268407	0.00390001357470468	0.000841143955779861
rf_012_020	0.00450235106398065	0.00162931224984328	0.000320435792678042
matm_other_rank_lag2	0.00446777082706858	0.00139879916741424	0.00105858252938282
Visa_mpagominimo_rank	0.00443925042151681	0.00234880274791604	0.00334740961994026
ctrx_quarter_tend6	0.00437481138517357	0.00165279028480934	0.00139618452524004
mcomisiones_mantenimiento_rank_delta1	0.00426684978109266	0.00258410109105662	0.000772479143063137
mrentabilidad_annual_rank_delta2	0.0041970125346441	0.00278423956656321	0.00559046016868656
ctarjeta_visa_transacciones	0.00400509682634817	0.0010512877224004	0.00049209782446985
Visa_msaldopesos_rank	0.00399545142895236	0.00175985128980496	0.00269509389913139
vm_msaldototal_rank_lag1	0.00399263609001578	0.00126753811062406	0.00125885489980659
mprestamos_personales_rank_lag1	0.00395900926080667	0.00278657943495126	0.000675203991714446
mprestamos_personales_rank	0.00372388039860912	0.00236193667943327	0.000440599214932308
vmr_msaldopesos_lag1	0.00370986188247885	0.000995468422393559	0.00165367757292775
vm_msaldopesos_rank_lag1	0.00368541354534964	0.00115776652457863	0.000858310158959041
vmr_mconsumosdolares	0.0035268218608691	0.00121626287004535	0.000600817111271329
mextraccion_autoservicio_rank_lag1	0.00345007937625548	0.000369803324342647	0.000337601995857223
rf_007_023	0.00321159764395195	0.00161326511883214	0.00263787322186745
mcuenta_corriente_rank	0.00312647266403871	0.00148481309047139	0.000703814330346414
rf_010_023	0.00312513487636085	0.00136232032863748	0.0040340577471075
mprestamos_personales_rank_lag2	0.00308209875342298	0.00202226637047842	0.000640871585356084
Visa_fechaalta_delta1	0.00306573508223485	0.0012656919620888	0.000869754294411829
mautoservicio_rank_lag1	0.00301931395718499	0.00108466747200902	0.000886920497591009
mcomisiones_mantenimiento_rank_tend6	0.00296955718505933	0.00203438250074356	0.00101852805529806
Visa_mpagospesos_rank_lag1	0.00274551048245206	0.00193380918847123	0.00366212334489191
mcuentas_saldo_rank_lag1	0.00271847822909569	0.00221257046268983	0.000835421888053467
rf_020_027	0.00265911480254891	0.000715896518298106	0.000572206772639361
rf_018_026	0.0025858010122934	0.00229320170241966	0.00482942516107621
mcomisiones_otras_rank_tend6	0.00257548395758232	0.00187583554551609	0.00270081596685778
Visa_mpagominimo_rank_lag2	0.00252771636285017	0.00220609000262287	0.00335313168766666
mactivos_margen_rank_delta2	0.00248783728489824	0.0035680510139348	0.00662043235943741
ctrx_quarter_normalizado_lag2	0.00244567237120187	0.00167424132881527	0.00183106167244596
mcuenta_corriente_rank_delta2	0.00239687909397955	0.00186560341815654	0.00126457696753299
mrentabilidad_rank_lag2	0.00236768549887187	0.00268594927608155	0.00399400327302274
mrentabilidad_rank_delta2	0.00236755281447173	0.00299548386390668	0.00553896155914901
Visa_mpagospesos_rank_tend6	0.00233904025871961	0.00244827417280233	0.0044803790297662
cprestamos_personales_tend6	0.00233879076835948	0.00213899478327177	0.000326157860404436
mcomisiones_rank_lag1	0.00233435341156087	0.00227775121352182	0.003765120563967
mcuentas_saldo_rank_lag2	0.00231352282424174	0.00313543618005825	0.00263787322186745
mcuentas_saldo_rank	0.00231209398648065	0.00336996401114949	0.000955585310307733
mrentabilidad_annual_rank_delta1	0.0022950274922757	0.00243080478415341	0.00435449353978554
Visa_msaldopesos_rank_lag1	0.00228798978985034	0.00155550007817345	0.00206566644922809
rf_019_016	0.00228541133903175	0.0012350806547806	0.00189400441743628
mprestamos_personales_rank_tend6	0.00226382393163039	0.00241537705991126	0.00049209782446985
mpasivos_margen_rank_delta1	0.00225463554910843	0.00215464828086494	0.00317002552042206
cdescubierto_preacordado_lag1	0.00224352188194013	0.0011420019094489	0.000629427449903297
mcomisiones_rank_lag2	0.00223611215097706	0.00244597038964565	0.00488092377061375
vm_status02	0.00223585388521746	0.00150786078238613	0.00120163422254266
Visa_mconsumosdolares_rank	0.00223544318721897	0.00163666440109787	0.00284386766001762
mcomisiones_rank_delta2	0.00221323898586073	0.0034103408354173	0.006265664160401
mrentabilidad_annual_rank_lag2	0.00219936954976771	0.0022880334751574	0.0040283356793811
rf_013_026	0.00218170500240726	0.000987405623629943	0.000858310158959041
cdescubierto_preacordado_delta1	0.00217613350994201	0.00126773716477349	0.00014305169315984
mrentabilidad_rank_delta1	0.00215058609271028	0.00269600256430594	0.00506402993785834
Master_mlimitecompra_rank_lag1	0.0021394699533592	0.00214570955018355	0.00409700049209782
mtransferencias_emitidas_rank	0.00212464125588448	0.00197320055030642	0.000938419107128552
mactivos_margen_rank	0.00212460674634672	0.00279576368569645	0.00159073482793742
mpasivos_margen_rank_delta2	0.00211935392597148	0.00182000883073568	0.00456048797793571
rf_017_026	0.00209812276284743	0.0012502109815607	0.00141335072841922
mrentabilidad_annual_rank	0.00207495887323782	0.00258931016461539	0.00270081596685778
cextraccion_autoservicio_lag2	0.00207443723747692	0.000761631309981326	0.00068092605944084
mcomisiones_otras_rank_delta2	0.00206700157927787	0.00231173858431196	0.00551607328824344
Master_mpagominimo_rank	0.00205493351097397	0.00142166419573166	0.00176811892745563
mv_status07_rank_tend6	0.00203046969577716	0.000624743246570501	0.000217438573602957
mactivos_margen_rank_lag2	0.00202008113078589	0.00286889890154768	0.00402261361165471
Master_mpagominimo_rank_delta1	0.00200322464515083	0.00114646929751664	0.00178528513063481
ctrx_quarter_delta2	0.00199790758288069	0.00245113887707541	0.00276375871184811
Visa_mfinanciacion_limite_rank_delta2	0.00198794476783888	0.00172364461224335	0.00321580206223321
Visa_mconsumosdolares_rank_lag2	0.00195428865572421	0.00207013125749952	0.00350190544855289
mrentabilidad_annual_rank_lag1	0.00194669029954919	0.002548008080673	0.00283814559229123
chomebanking_transacciones_delta2	0.00193605395025225	0.00257693077086337	0.00355912612581683
mpayroll_rank_delta2	0.00193071885781842	0.00124536484165563	0.000400544740847553
mrentabilidad_rank_lag1	0.00192529359950353	0.00183471534466855	0.00264359528959385
vmr_mpagominimo_lag2	0.00192306638174491	0.00165447003021564	0.00250054359643401
Master_mfinanciacion_limite_rank_delta2	0.00188904552760796	0.00314662926207251	0.00532152298554606
mcuentas_saldo_rank_tend6	0.00188253334139701	0.00166113559945436	0.00178528513063481
mcomisiones_otras_rank_delta1	0.00188217293353347	0.00218187527738165	0.00442888042022865
Master_Fvencimiento_lag2	0.00188197112237292	0.0020880168881216	0.00425721838843685
Visa_Fvencimiento_lag1	0.00188177649823683	0.00236681474188981	0.00395967086666438
rf_018_015	0.00187265940215011	0.000732836283980109	0.00105858252938282
mautoservicio_rank	0.00186727540364084	0.0011636441245292	0.000566484704912967
mtransferencias_recibidas_rank_lag2	0.00186078530437846	0.00185212286548746	0.00284386766001762
mcomisiones_otras_rank_lag1	0.00181956048633064	0.00226540626594597	0.00331879928130829
Master_status	0.00180130583654999	0.00136442607229795	0.00111008113892036
ctrx_quarter_delta1	0.00179911935287769	0.00143432475249411	0.00105286046165642
Visa_mconsumospesos_rank_delta2	0.00179872059632888	0.00176359122354358	0.00396539293439077
mcuenta_debitos_automaticos_rank	0.00179602194715473	0.0016911513833695	0.000360490266762797
Visa_cconsumos_tend6	0.0017959815545641	0.00248432350106375	0.00363923507398634
mtarjeta_master_consumo_rank	0.00178884670486751	0.000690857244219127	0.000394822673121159
Visa_mfinanciacion_limite_rank_lag1	0.00177332037346861	0.00176495650450024	0.00280953525365926
vm_Fvencimiento_lag2	0.00173622741645628	0.00121572185174221	0.00198555750105858
mcomisiones_rank_delta1	0.00173145547114776	0.00205773461464268	0.00359345853217519
vm_Finiciomora	0.00171969156651333	0.00422175699047295	0.000486375756743457
Master_fechaalta_lag1	0.00170198214205176	0.00246023820915065	0.003765120563967
Visa_Fvencimiento_tend6	0.00169915629465762	0.00119524300162672	0.00105286046165642
Visa_mconsumototal_rank_tend6	0.00168717384140114	0.00192005379486181	0.00397111500211717
mactivos_margen_rank_lag1	0.00168388138913994	0.00290019312251009	0.0025062656641604
Master_mfinanciacion_limite_rank	0.00166194431309999	0.00198987015806297	0.00363351300625994
Master_mlimitecompra_rank_tend6	0.00165845166241003	0.00269790891559924	0.00461198658747325
mcomisiones_rank_tend6	0.00164962238501258	0.00140453573056648	0.00229454915828384
Master_fechaalta_lag2	0.00164280693625817	0.0020683327716491	0.00387383985076847
Visa_mconsumototal_rank_delta2	0.00163786828842976	0.00175476043635532	0.00391389432485323
Master_mfinanciacion_limite_rank_tend6	0.00163132238061893	0.00230013984914153	0.00345040683901535
Master_Fvencimiento_tend6	0.00162714283031212	0.0010492040929769	0.00122452249344823
Visa_mconsumosdolares_rank_delta2	0.00162688596771151	0.00136890261826147	0.00232315949691581
Visa_mconsumototal_rank_delta1	0.00162663999278294	0.00228132287092552	0.00490381204151932
chomebanking_transacciones_lag1	0.00162579484371018	0.0019995003619091	0.00305558416589419
ccaja_ahorro_tend6	0.00161806494202768	0.0029570185682653	0.000291825454046074
mcomisiones_mantenimiento_rank_lag1	0.00159911950065533	0.00152827094828329	0.00101280598757167
mcaja_ahorro_dolares_rank_lag1	0.00158456353281963	0.00178982843884728	0.00120163422254266
vmr_mconsumospesos_tend6	0.00154337336917697	0.00147540395094465	0.00121307835799545
rf_018_020	0.00152823248470363	0.000656446997184732	0.000223160641329351
Master_mlimitecompra_rank_lag2	0.0015261533323968	0.00192171800826873	0.00390817225712684
internet_lag1	0.00151389457552777	0.00169479820316212	0.000211716505876564
mpayroll_sobre_edad_rank_delta2	0.00150956616267535	0.00163300589978477	0.000549318501733787
Visa_Fvencimiento_lag2	0.00150282279442114	0.00207868374351977	0.00332452134903469
Visa_mfinanciacion_limite_rank_lag2	0.0014848496638862	0.00138516982495552	0.00236321397100056
cliente_edad_lag2	0.00147758910146793	0.00292229094290534	0.00191117062061547
vm_fechaalta_lag1	0.00147738326688665	0.00216449869047774	0.00280381318593287
vm_Fvencimiento	0.00146752321158005	0.00170281484821236	0.00278664698275369
vm_mpagominimo_rank_lag1	0.00146394903727222	0.00145294897261405	0.00166512170838054
mcomisiones_otras_rank_lag2	0.00145595085300849	0.00188104066452896	0.00423433011753127
Visa_mpagospesos_rank_delta2	0.00145499017109579	0.00208381471479693	0.00416566530481455
Visa_mpagospesos_rank_delta1	0.00144608049792287	0.00222841630211109	0.00440599214932308
mactivos_margen_rank_delta1	0.00144536148282779	0.00217589246569663	0.00310136070770534
vm_mconsumospesos_rank	0.00144246264983532	0.000789914014153959	0.000921252903949371
mcaja_ahorro_rank_tend6	0.00143748061566913	0.00214863692880586	0.00120163422254266
Visa_msaldototal_rank_delta2	0.00143656188839842	0.00169650693122722	0.003227246197686
Visa_mfinanciacion_limite_rank_tend6	0.0014324929963935	0.00210663252271424	0.00296975314999828
Master_fechaalta	0.00142937989267051	0.00269533778432604	0.00348473924537371
mcomisiones_mantenimiento_rank_lag2	0.00141704363082151	0.00112228844608311	0.00111008113892036
Visa_fechaalta_lag1	0.00141615488546072	0.00152113967923085	0.00228310502283105
Visa_fechaalta_lag2	0.00141181875556455	0.00219332126821654	0.00298691935317746
Visa_mlimitecompra_rank_lag2	0.00140725859251888	0.00208581017345683	0.00308991657225255
Visa_fechaalta_delta2	0.00140653113732737	0.000703065265643043	0.000778201210789531
chomebanking_transacciones_delta1	0.00140520424672312	0.00261777680720606	0.00292969867591353
Visa_mconsumospesos_rank_delta1	0.00139929166681697	0.00197342265529579	0.00402261361165471
vm_fechaalta	0.00138316072729183	0.00218426306862204	0.00271226010231057
mcuenta_corriente_rank_lag2	0.00137855009068504	0.00222759331427828	0.00127029903525938
mttarjeta_visa_debitos_automaticos_rank_tend6	0.0013751369362439	0.00252937400020505	0.00121307835799545
rf_006_021	0.0013718624882112	0.00164180333350034	0.00448610109749259
Visa_cconsumos	0.00137163272945377	0.00192871971390931	0.00332452134903469
vmr_mpagominimo	0.00136126953494632	0.00101911756952023	0.00165939964065415
Master_mlimitecompra_rank	0.0013506155019993	0.00173847335286475	0.00334740961994026
mpayroll_rank	0.00134591523064809	0.00146765746381987	0.000326157860404436
Visa_mconsumospesos_rank_lag2	0.00133339620396162	0.00175694066596924	0.00351907165173207
thomebanking_lag2	0.00132873748838639	0.00133615536184678	0.00285531179547041
mrentabilidad_rank	0.00131152344812983	0.00186839418282791	0.00178528513063481
Visa_mfinanciacion_limite_rank	0.00131152001120225	0.0014746754819623	0.00249482152870761
rf_013_023	0.00131148611521492	0.00134008474955431	0.00263787322186745
rf_019_024	0.00130905373060111	0.000635191469050312	0.000600817111271329
ctarjeta_debito_transacciones_tend6	0.00128835106525216	0.00184096815817852	0.000686648127167233
Master_mpagospesos_rank_tend6	0.00127632463156805	0.00171170641052714	0.00225449468419908
Visa_msaldototal_rank_tend6	0.0012716305322152	0.00171549424110135	0.00244904498689647
Master_Fvencimiento_lag1	0.00126868897613015	0.0020157925706993	0.00362206887080716
Visa_msaldototal_rank	0.00126634916836162	0.00137104658052677	0.00211144299103924
Master_msaldototal_rank_lag1	0.0012631468348727	0.00124653070422838	0.00203133404286973
Master_mlimitecompra_rank_delta1	0.00126087041250688	0.00189666645428405	0.00386239571531569
mtarjeta_visa_consumo_rank_lag2	0.00125534009682315	0.00180135815158163	0.00226593881965187
Visa_mpagospesos_rank	0.00125384388231429	0.00155712901286823	0.00287820006637599
Master_mlimitecompra_rank_delta2	0.00125383758809528	0.00170282241908642	0.00386239571531569
Visa_mlimitecompra_rank_lag1	0.00125322220845453	0.00193680936195828	0.00292397660818713
Visa_mpagominimo_rank_delta1	0.0012521860149742	0.00177198511145967	0.00303841796271501
Visa_mpagado_rank	0.00125029640523475	0.000618968152612448	0.00061798331445051
Visa_msaldopesos_rank_tend6	0.00124016836492466	0.00209959840020395	0.00227166088737826
mcomisiones_mantenimiento_rank	0.00123909956635463	0.00219570645778199	0.00174523065655005
vm_mconsumototal_rank_delta2	0.00123877393124548	0.00107051149850956	0.0013389638479761
Visa_mpagominimo_rank_delta2	0.00123564789334515	0.00207694842633682	0.0027752028473009
rf_008_024	0.00123535471986334	0.00108554153072084	0.00230599329373662
vmr_mpagominimo_delta2	0.00123481120698777	0.00132378307066734	0.00161934516656939
Visa_msaldototal_rank_delta1	0.00122619136777189	0.00154696884783744	0.00272370423776336
Master_msaldopesos_rank_lag1	0.00122042963069655	0.00138289133007924	0.00208855472013367
Master_mfinanciacion_limite_rank_lag2	0.00120338232498312	0.00145204132627879	0.00296975314999828
vm_fechaalta_lag2	0.00119809221082743	0.00203954393763423	0.00254632013824516
Visa_msaldopesos_rank_delta1	0.00118579970220938	0.00164483532547186	0.00240326844508532
cpagomiscuentas_tend6	0.00118257479123464	0.00169221796602665	0.000583650908092148
thomebanking	0.00117976926686631	0.00200076901665861	0.00219155193920875
Visa_mconsumospesos_rank_tend6	0.00117162103616074	0.00154606198200466	0.00327874480722354
Visa_cconsumos_lag2	0.00116808670242287	0.00203124279942964	0.00351907165173207
rf_004_025	0.00116721909915326	0.00119468447405126	0.00321580206223321
rf_017_015	0.00116520559802873	0.0013914783923594	0.00273514837321615
chomebanking_transacciones	0.00116177570980473	0.00238837242855141	0.00216866366830318
vmr_msaldototal	0.00115836637592178	0.00122082529729854	0.00189400441743628
Visa_mlimitecompra_rank_delta2	0.00115825662899233	0.00158548347123562	0.00290108833728156
Master_Fvencimiento	0.00115598600755424	0.00158547231005014	0.00306130623362058
Visa_mlimitecompra_rank	0.00114998274940825	0.00149637737946566	0.00239754637735892
catm_trx	0.00113999521287079	4.94768327785401e-06	5.72206772639361e-06
Master_cconsumos_tend6	0.00113768673340865	0.00168412040888588	0.00248909946098122
Master_msaldopesos_rank_lag2	0.00113533129130524	0.00164289379953341	0.00256920840915073
Visa_msaldopesos_rank_lag2	0.00112722169252841	0.00137209274003567	0.00222588434556711
Master_msaldototal_rank	0.00112461717325544	0.00140234574467155	0.00218010780375597
Visa_mpagominimo_rank_lag1	0.00111902751934719	0.00135155483189911	0.00220299607466154
mcuenta_corriente_rank_lag1	0.00111320788637205	0.00287958346017876	0.00151634794749431
vmr_msaldopesos2_tend6	0.00111225259402314	0.00171486601465433	0.00225449468419908
Visa_Fvencimiento	0.00111076054094843	0.00188421158594212	0.00256348634142434
Visa_mpagominimo_rank_tend6	0.00110538484218836	0.00168531114347102	0.00240326844508532
mcuenta_corriente_rank_tend6	0.00110538447998835	0.00288521533193154	0.00121307835799545
mextraccion_autoservicio_rank_tend6	0.00110104045323381	0.00140650462612527	0.000989917716666094
cprestamos_personales_lag1	0.00110036879925749	0.000871702791096741	0.000120163422254266
cproductos_tend6	0.00109578024195355	0.00185680268031381	0.000314713724951649
vm_mpagospesos_rank	0.00109092355017608	0.000793685870444056	0.00102425012302446
Visa_fechaalta	0.001090271934302	0.00147769363302317	0.00229454915828384
tcallcenter	0.0010900112789345	0.00115565560358503	0.00105858252938282
Master_fultimo_cierre_lag2	0.00108244502699536	0.00169984097765892	0.00254059807051876
mtarjeta_visa_consumo_rank_delta2	0.00107785168934641	0.00159873650743146	0.00192261475606825
Master_fultimo_cierre_tend6	0.00107170511115228	0.00154953347492329	0.00271226010231057
mpasivos_margen_rank	0.00106522909034226	0.00174989467982123	0.00150490381204152
Master_mfinanciacion_limite_rank_delta1	0.00106494166655894	0.00178469153575126	0.00312424897861091
rf_012_022	0.00105913103099937	0.00112734649241179	0.00250054359643401
rf_001_025	0.00105547211269354	0.00155776447197158	0.00336457582311944
vm_mpagospesos_rank_tend6	0.00105512907102868	0.00111798116509099	0.00119019008708987
mpayroll_sobre_edad_rank_tend6	0.00105496265841108	0.00170191987203405	0.000589372975818542
mrentabilidad_rank_tend6	0.00105171030942238	0.00197078963017584	0.00136185211888168
mpasivos_margen_rank_lag2	0.00105163180353379	0.00168117700394595	0.00306702830134697
vmr_mpagospesos_tend6	0.00104944250954901	0.00118705433382966	0.0011673018161843
internet_lag2	0.00103750812557436	0.00184433847195885	0.000400544740847553
vmr_Master_mlimitecompra_lag1	0.00103340892412471	0.00129578233602438	0.00226021675192548
ctrx_quarter_lag2	0.00103163913133015	0.00214729987602226	0.00229454915828384
foto_mes	0.00102866484647943	0.00407032400315959	0.000909808768496584
ccomisiones_otras_tend6	0.00102785248945991	0.00153323161391908	0.0018825602819835
mcomisiones_rank	0.00102702239085383	0.00131726675951975	0.00214005332967121
vm_Fvencimiento_lag1	0.00102566209348807	0.00168406226145103	0.00231171536146302
Visa_msaldototal_rank_lag1	0.00102443686922212	0.00132645379405712	0.00216866366830318
vmr_Visa_mlimitecompra	0.00102437586182724	0.00146400892692178	0.00235749190327417
vm_Finiciomora_tend6	0.0010209184704408	0.00266993323508592	0.00069809226262002
internet_tend6	0.00101765015582112	0.00258456515181512	0.000337601995857223
vmr_Master_mlimitecompra	0.00101749201747394	0.00196348069274196	0.0026836497636786
mrentabilidad_annual_rank_tend6	0.00101286107072578	0.0017420098876568	0.00197983543333219
vm_mpagominimo_rank_delta2	0.00101185106481115	0.00124369024756571	0.00145340520250398
mactivos_margen_rank_tend6	0.000998191274607092	0.00172257979872515	0.00156212448930546
Visa_mconsumosdolares_rank_tend6	0.000993307370919319	0.00123152994086014	0.00202561197514334
rf_015_023	0.000985622330811212	0.00122934396154461	0.00339318616175141
rf_016_021	0.000985034538580761	0.00153762511441861	0.00243187878371728
mtransferencias_recibidas_rank_delta2	0.000983804998789459	0.00170652540904094	0.00207138851695449
cdescubierto_preacordado_tend6	0.00098127629578008	0.00181635064162357	0.000234604776782138
mtarjeta_visa_consumo_rank_delta1	0.00097849032807615	0.00125846458716419	0.00125885489980659
ctransferencias_recibidas_lag1	0.000973924859385147	0.00064728509482725	0.000148773760886234
Visa_cconsumos_delta2	0.000971932396424636	0.0016522247066948	0.00236321397100056
mpasivos_margen_rank_lag1	0.000968903069206666	0.00158221631386654	0.00177956306290841
Visa_msaldopesos_rank_delta2	0.00096623239535885	0.0012875588838334	0.00231171536146302
vm_mpagominimo_rank_lag2	0.000955046393998626	0.001051335411102	0.00156212448930546
vmr_mconsumospesos	0.00095482401447896	0.00103814354028392	0.00131607557707053
ccaja_seguridad_lag1	0.000951012879548483	0.00093836964466947	0.000120163422254266
Visa_mlimitecompra_rank_delta1	0.000950157620474476	0.00215936740699958	0.00275803664412172
Master_fultimo_cierre_lag1	0.000949191320890083	0.00164963648241727	0.00204277817832252
Master_mconsumospesos_rank_tend6	0.000943298960928795	0.00207690115390322	0.00222016227784072
Master_mpagominimo_rank_lag1	0.000941232133026493	0.00131203174726186	0.00206566644922809
Visa_cconsumos_lag1	0.000931098013941202	0.00121842454971697	0.00216866366830318
ccajas_transacciones_delta2	0.000929666747334421	0.00139222962599744	0.00104141632620364
ctarjeta_visa_transacciones_tend6	0.000921614402540139	0.00135458247907349	0.000537874366280999
chomebanking_transacciones_lag2	0.000914142865245345	0.00173235306867607	0.00261498495096188
vmr_msaldototal_tend6	0.000913202495311277	0.00111367713619254	0.00130463144161774
Visa_mfinanciacion_limite_rank_delta1	0.000909275137877461	0.00164258630757261	0.00273514837321615
mcuenta_corriente_rank_delta1	0.000904971155485357	0.00139393879634728	0.000926974971675765
ccomisiones_otras_delta2	0.000900963105249873	0.00109226095463076	0.00200272370423776
Master_mpagospesos_rank_lag1	0.000897683054837333	0.00161531942737911	0.00216866366830318
vm_msaldototal_rank_delta2	0.00089758923421419	0.00133010958962828	0.0018825602819835
Visa_mconsumosdolares_rank_lag1	0.000894044986892815	0.00147429873341468	0.00267792769595221
vmr_Visa_mlimitecompra_lag1	0.000893365670844175	0.00136567136400652	0.0017051761824653
mextraccion_autoservicio_rank	0.000888622565051545	0.00073144558465931	0.000635149517629691
rf_017_025	0.000887228844802967	0.00113145778923091	0.00152779208294709
mcaja_ahorro_dolares_rank_delta2	0.000883789866010424	0.00194672629639921	0.00090408670077019
vmr_msaldopesos2_lag2	0.000881698419193513	0.00156262140882763	0.00153923621839988
Master_mpagospesos_rank_lag2	0.000881315569107236	0.00180608682586329	0.0021457753973976
Master_mfinanciacion_limite_rank_lag1	0.000880656574039788	0.0013590056386673	0.00254059807051876
ccaja_ahorro	0.000879249040395634	0.00141240041178365	0.000114441354527872
vm_status01_tend6	0.000873956663324574	0.00111282633645465	0.000606539178997723
vmr_mpagospesos	0.000871927356544498	0.00124749922975716	0.00146484933795676
cmobile_app_trx_lag2	0.000871069004465104	0.00212846499828268	0.00189400441743628
vmr_mpagospesos_delta2	0.000869594285117925	0.00113254596579004	0.00146484933795676
cliente_antiguedad_lag1	0.000864820022083745	0.00180003546004368	0.00161934516656939
Master_msaldopesos_rank	0.000861603258642397	0.00137281592761789	0.00186539407880432
mcuentas_saldo_rank_delta1	0.000859928847397727	0.00329033314144967	0.00128746523843856
vmr_Master_mlimitecompra_lag2	0.000857914245065855	0.00149739146032258	0.00226593881965187
rf_004_026	0.000857073786204892	0.000558606276132182	0.000377656469941978
mcaja_ahorro_rank_delta2	0.000856304665786957	0.00193223775079256	0.00147629347340955
Master_mconsumototal_rank_tend6	0.00084985815240637	0.00159966902577912	0.00202561197514334
cproductos_delta2	0.000849483101550752	0.00130415358936852	0.000217438573602957
thomebanking_lag1	0.000849055423933842	0.00133813172421263	0.00186539407880432
vmr_msaldopesos_lag2	0.000846713594293148	0.00108141990525222	0.0018825602819835
cliente_antiguedad_lag2	0.000846146960827648	0.00153565140576119	0.00168228791155972
Master_mpagospesos_rank_delta2	0.00084329688760441	0.00161926018440612	0.00205422231377531
ccomisiones_mantenimiento_tend6	0.000840714134963501	0.00282335340773287	0.000423433011753127
Master_msaldototal_rank_tend6	0.000839593899986592	0.0016302727361965	0.00203133404286973
vmr_msaldopesos_delta2	0.000839428290795304	0.00111112536138087	0.00172234238564448
mpayroll_sobre_edad_rank_delta1	0.000838864271359011	0.000902553218348401	0.000263215115414106
vm_mfinanciacion_limite_rank_lag1	0.000838726265238158	0.00104150852063063	0.00183678374017235
vmr_Visa_mlimitecompra_lag2	0.00083604203636494	0.00128768712039105	0.00194550302697383
mcomisiones_otras_rank	0.000835682834282224	0.0011865822338956	0.00193978095924743
ccomisiones_otras_lag2	0.000834944350361597	0.00152840751020073	0.00196266923015301
ctrx_quarter_normalizado_delta2	0.000832616108294774	0.00137365262627761	0.00186539407880432
mtransferencias_emitidas_rank_delta2	0.000829656957178461	0.00179765516162712	0.000766757075336744
Master_mpagospesos_rank_delta1	0.00082953326772732	0.00142375994896038	0.00217438573602957
ctarjeta_visa_transacciones_lag2	0.000826484569377296	0.00159434732571232	0.00203133404286973
mttarjeta_visa_debitos_automaticos_rank_lag2	0.000826099606737068	0.00131052745881331	0.00148773760886234
Master_cconsumos_lag1	0.000826010243792225	0.00128136619503122	0.00252915393506598
tcallcenter_delta2	0.000823032622533253	0.00156617818465069	0.00111008113892036
Master_mconsumototal_rank_lag2	0.000822069878971238	0.00158055142402414	0.00206566644922809
Visa_mlimitecompra_rank_tend6	0.000818746995247843	0.00190609749991376	0.00220871814238793
Visa_mconsumosdolares_rank_delta1	0.000817323974534304	0.00145683447006539	0.00239182430963253
cproductos_delta1	0.000814023155512553	0.000895617022882734	0.000114441354527872
vmr_mpagominimo_delta1	0.000813388607250289	0.00100344156743885	0.000926974971675765
Visa_cconsumos_delta1	0.000812945532465292	0.000975308537625339	0.00182533960471956
vm_mlimitecompra_rank_delta1	0.000808070916462696	0.00156649962158915	0.00234604776782138
vm_mpagominimo_rank_tend6	0.000807646322776057	0.0012355406569262	0.00183106167244596
vmr_mpagominimo_tend6	0.000806744720289407	0.00115565534341754	0.00154495828612627
vm_status05_delta2	0.000802337251600661	0.000954376163534838	0.000240326844508532
ctarjeta_visa_transacciones_delta2	0.000800977685413502	0.00169847114377112	0.000915530836222977
vm_mfinanciacion_limite_rank_delta2	0.000799996020196127	0.00189294127204232	0.00204850024604891
vm_mlimitecompra_rank_tend6	0.000799463274898614	0.00213960669721694	0.00162506723429578
vm_mconsumototal_rank_tend6	0.000799159732522728	0.00101273553081613	0.00126457696753299
vmr_mpagominimo_lag1	0.000796790716434104	0.00132424965505054	0.00165939964065415
Master_fechaalta_delta2	0.000795742135559407	0.00085671899064909	0.00128174317071217
rf_002_020	0.000793375730572714	0.00132092911131175	0.000223160641329351
mtransferencias_recibidas_rank_lag1	0.000791839387693879	0.00154457590528067	0.00108719286801479
rf_012_019	0.000791431519319084	0.000964216686782875	0.00201416783969055
vm_mlimitecompra_rank_lag1	0.000785492360797682	0.000906468687095018	0.00135040798342889
ccajas_consultas_tend6	0.000782908583797882	0.0027035536396262	0.000452043350385095
Master_mconsumospesos_rank	0.000773612183320155	0.00106027926708301	0.0014305169315984
vm_mlimitecompra_rank_delta2	0.000772975026384044	0.00159640215459428	0.00193978095924743
vm_mfinanciacion_limite_rank_lag2	0.000772283861659322	0.00104272233207247	0.00163078930202218
Visa_msaldototal_rank_lag2	0.000771602071341503	0.00122849258943824	0.00190544855288907
Master_mconsumototal_rank	0.000771007569620509	0.00127637948662931	0.00185967201107792
cliente_antiguedad	0.00077050857007019	0.001637866036701	0.00164223343747497
vmr_msaldopesos_tend6	0.000767691166435651	0.00115196837978063	0.00149918174431513
vm_fultimo_cierre	0.000767143038302343	0.00170369338180507	0.00156212448930546
mpasivos_margen_rank_tend6	0.000767101183436074	0.00111496434088434	0.00132179764479692
Master_mpagominimo_rank_lag2	0.000764834626076649	0.00115699874428799	0.00220299607466154
Master_fechaalta_tend6	0.000762747245396072	0.00103473409731254	0.00124168869662741
ccaja_seguridad	0.000759859191296703	0.00148302043237283	0.000120163422254266
Master_mpagominimo_rank_tend6	0.00075646962482783	0.00159337437733615	0.00204277817832252
cliente_edad	0.000755474292269357	0.00170339187369663	0.00119019008708987
mplazo_fijo_dolares_rank	0.000754431883085945	0.00216652607168911	0.000223160641329351
vmr_msaldototal_delta2	0.000750144960225305	0.00103795528308549	0.0015220700152207
vm_mpagominimo_rank_delta1	0.000748757241393904	0.001419927395594	0.00145340520250398
Master_msaldototal_rank_delta2	0.000743597179881808	0.00134561484378355	0.00183678374017235
Master_mconsumospesos_rank_lag1	0.000742148168702417	0.00145976895126028	0.00211144299103924
mtarjeta_visa_consumo_rank	0.000741590883446367	0.00109746201503072	0.000972751513486914
vmr_msaldopesos2_delta2	0.000739876552046875	0.00146171034711498	0.00167084377610693
ctrx_quarter_lag1	0.00073871497844816	0.00133054591653196	0.000778201210789531
rf_015_017	0.000734594347932338	0.00113717663497683	0.000738146736704776
Visa_mpagosdolares_rank_delta1	0.000731849736314054	0.000897141500328791	0.0019741133656058
Master_cconsumos	0.000728911644769711	0.00121410358391468	0.00214005332967121
mttarjeta_visa_debitos_automaticos_rank_lag1	0.000725952130348753	0.00105651053280284	0.00142479486387201
tcallcenter_delta1	0.000724478569826252	0.000919189836866749	0.000532152298554606
vm_msaldototal_rank	0.000724439862723465	0.000711358520772575	0.00108719286801479
mcomisiones_mantenimiento_rank_delta2	0.000722123087919168	0.00193104834306163	0.00117874595163708
ctrx_quarter_normalizado_lag1	0.000718102518119827	0.00110107230730724	0.000692370194893627
cliente_edad_lag1	0.000715995443300316	0.00172381182189154	0.00111580320664675
mpayroll_rank_delta1	0.000715855178412045	0.00170714895247308	0.00041198887630034
Master_mpagominimo_rank_delta2	0.000715532841610611	0.000974600517807996	0.00168800997928612
rf_001_017	0.000713483394561082	0.00129023460243906	0.00168800997928612
Visa_mpagospesos_rank_lag2	0.000711855953676315	0.00135505993845792	0.00204277817832252
rf_015_024	0.000709542277400974	0.000982635920934526	0.00055504056946018
Visa_fultimo_cierre_tend6	0.000708422649245358	0.00134091608876366	0.00141907279614562
vm_mpagominimo_rank	0.000706727636222566	0.0016593967439935	0.00141907279614562
vm_msaldototal_rank_tend6	0.000705320962721614	0.000922113338993405	0.00124168869662741
ctrx_quarter_normalizado_tend6	0.000701074093658243	0.00152321222551912	0.00104713839393003
Master_fultimo_cierre	0.000699901007034699	0.0012412434763545	0.00171089825019169
mtransferencias_recibidas_rank	0.000697713904133868	0.0020007053016394	0.000732424668978382
mttarjeta_visa_debitos_automaticos_rank_delta2	0.000697100404555827	0.00103087407025883	0.00100708391984528
cmobile_app_trx_tend6	0.000695374166792331	0.00241944496079244	0.00142479486387201
mautoservicio_rank_delta2	0.000694422515466032	0.00160255600038966	0.00141335072841922
matm_rank_lag1	0.000693678216452668	0.00102795571944855	0.000480653689017063
rf_014_022	0.000692966509146698	0.00103782579772387	0.00251770979961319
vm_mlimitecompra_rank	0.000691669411381096	0.00107173446784717	0.00173378652109726
vm_mpagospesos_rank_delta2	0.000690013696782021	0.000992355778498987	0.00172234238564448
vm_mconsumospesos_rank_delta2	0.000689932789104213	0.00123498449687493	0.00156212448930546
rf_002_017	0.000687558377268243	0.00104742509367176	0.00120735629026905
mextraccion_autoservicio_rank_delta2	0.000683764193295082	0.00191154041201586	0.00128746523843856
Master_cconsumos_lag2	0.000683189064502537	0.0010246340309728	0.00204277817832252
Visa_mpagosdolares_rank_lag2	0.000681520440110392	0.000892150733313981	0.00158501276021103
Master_msaldopesos_rank_delta2	0.000680546916310248	0.00115528530719126	0.00178528513063481
vm_msaldopesos_rank_lag2	0.00067956335028615	0.00086836479011913	0.00120735629026905
Master_mconsumototal_rank_delta1	0.000675038190063349	0.00121638395199692	0.00181961753699317
Visa_mpagado_rank_tend6	0.000674898006096306	0.00111649534853449	0.00110435907119397
Visa_fechaalta_tend6	0.00067465704131839	0.000750299064374688	0.000732424668978382
vm_mconsumospesos_rank_lag1	0.000673981973616882	0.000794002676401129	0.00105286046165642
vm_fechaalta_tend6	0.00067254150659473	0.00116097087751473	0.000640871585356084
vm_msaldopesos_rank_delta2	0.000671346719894814	0.00139588349632915	0.001613623098843
vmr_msaldototal_lag2	0.000668388699944565	0.000839378150758806	0.00149345967658873
vm_status06	0.000667914393907766	0.000772204360824612	0.000463487485837882
mcaja_ahorro_rank_delta1	0.000663998550987466	0.00211662922450875	0.00101280598757167
mcaja_ahorro_dolares_rank_tend6	0.000663602893959379	0.00175040335930491	0.000755312939883956
vm_cconsumos_delta1	0.000663431681975088	0.000363016439001612	0.000114441354527872
Master_mconsumototal_rank_delta2	0.000662768038364172	0.00152153208986159	0.00187111614653071
vm_mlimitecompra_rank_lag2	0.000659365380910761	0.000866674716063336	0.00157929069248464
vmr_msaldototal_delta1	0.000659330152742581	0.00124817647176	0.00156784655703185
rf_009_015	0.000658990385333419	0.00105121222179373	0.00207711058468088
Visa_status	0.000658848747766839	0.00163792197271214	0.000623705382176904
cmobile_app_trx_delta2	0.000658394802036212	0.0019287035835247	0.00154495828612627
Visa_fultimo_cierre	0.000657408538268091	0.000885628100096293	0.00117302388391069
mtransferencias_recibidas_rank_tend6	0.000655251962516925	0.00144273570739779	0.00110435907119397
mttarjeta_visa_debitos_automaticos_rank_delta1	0.000654750974275685	0.00141633726629825	0.00108147080028839
mtarjeta_visa_consumo_rank_tend6	0.000654131437418127	0.00112022994883949	0.00112724734209954
vm_fultimo_cierre_tend6	0.000652536730220823	0.00116631903661563	0.00131035350934414
Master_mpagospesos_rank	0.00065052972033987	0.00136224337109284	0.00162506723429578
rf_020_025	0.000646836843143307	0.00105256145041604	0.00049209782446985
chomebanking_transacciones_tend6	0.000645694858949966	0.0011665452522514	0.00120735629026905
Master_msaldopesos_rank_delta1	0.000644593915714339	0.00132922197619004	0.00169373204701251
ccallcenter_transacciones_tend6	0.000641617575665566	0.00206229592317564	0.000663759856261659
rf_010_021	0.00063773063159414	0.00100057381920609	0.000766757075336744
rf_020_015	0.000636789392486194	0.000892616797362187	0.000795367413968712
vm_mfinanciacion_limite_rank_delta1	0.00063667833014792	0.00118738211885496	0.00189972648516268
Master_Fvencimiento_delta2	0.000634308076392516	0.000836129725449275	0.00151634794749431
Visa_status_tend6	0.000626863761477576	0.00132576617137129	0.000658037788535265
mpayroll_sobre_edad_rank	0.000625058236546982	0.00118907632957391	0.000263215115414106
rf_016_018	0.000623595781099389	0.000991241663240736	0.00082397775260068
vmr_msaldopesos_delta1	0.000622967919215077	0.00111125414429025	0.0013446859157025
matm_rank_lag2	0.000622471575049411	0.00102196335961651	0.00128746523843856
ctransferencias_emitidas	0.000621180856082202	0.000795685777968093	8.01089481695105e-05
rf_014_021	0.000617866435280417	0.000901291692188221	0.00193405889152104
vm_status04_delta1	0.000616280449238881	0.000619621823440357	0.000108719286801479
rf_005_021	0.00061369805565982	0.00104288795469895	0.000600817111271329
thomebanking_delta2	0.000610873496282127	0.00111125913950613	0.00104141632620364
rf_007_021	0.000609109589971411	0.000725598372272004	0.00187111614653071
ctrx_quarter_normalizado	0.000607843761634707	0.00124877743265368	0.00076103500761035
Master_mconsumospesos_rank_delta1	0.000607404342381298	0.00115283692294159	0.00175667479200284
mcuenta_debitos_automaticos_rank_delta2	0.000606678623565552	0.00177375802284546	0.000726702601251988
Master_mconsumototal_rank_lag1	0.000602419972705759	0.00115599873849247	0.00164223343747497
vm_msaldopesos_rank_tend6	0.00059598306198764	0.00118332946378892	0.00150490381204152
Master_msaldopesos_rank_tend6	0.000594403242737006	0.00105523412506202	0.00150490381204152
vm_mconsumospesos_rank_tend6	0.0005937474082013	0.00086712972299306	0.00130463144161774
vm_Fvencimiento_tend6	0.000592881950971374	0.001394373145978	0.00105286046165642
vm_status04_delta2	0.000584496107198366	0.000841213502343081	0.000240326844508532
rf_013_015	0.000584108175754536	0.000615410440186411	0.000703814330346414
rf_011_023	0.000582914336731346	0.00035989018834712	0.000177384099518202
vmr_msaldopesos2	0.000580872449656048	0.000930002788155972	0.00137901832206086
vmr_mpagospesos_delta1	0.000579620348394752	0.00137536736421181	0.00132179764479692
Visa_fultimo_cierre_delta1	0.000579384999687755	0.000966407869448277	0.00117874595163708
ccomisiones_otras	0.000576847776489176	0.001357047800227	0.000692370194893627
rf_005_022	0.000575339073446199	0.000504016761851286	0.000217438573602957
vm_msaldototal_rank_lag2	0.000574999226628184	0.000880131697557486	0.00135613005115529
Master_mpagosdolares_rank	0.000573999043112836	0.000795094729455916	0.00182533960471956
cproductos	0.000571202038076602	0.00042906474435808	5.72206772639361e-05
vmr_msaldototal_lag1	0.000569796319321792	0.00080918620743369	0.0013389638479761
mpagomiscuentas_rank_delta2	0.000568634135261815	0.00108208174533943	0.000640871585356084
Master_cconsumos_delta1	0.000568000694853507	0.00075422631870877	0.00184250580789874
vmr_mpagospesos_lag1	0.000566819050361433	0.000816730180181379	0.00126457696753299
vm_status01_delta1	0.00056651141782402	0.00104245308473324	0.000543596434007393
Master_fultimo_cierre_delta2	0.000566186923435357	0.00069959364264067	0.00136185211888168
rf_002_021	0.000563376531794114	0.000882583698135317	0.00145912727023037
mcaja_ahorro_dolares_rank_delta1	0.000561670075120085	0.00146614786795445	0.000715258465799201
vm_mpagado_rank_tend6	0.000560117181163199	0.00101980459382083	0.000503541959922638
cpayroll_trx_tend6	0.000557399511458355	0.00141050033052694	0.000308991657225255
Master_delinquency_tend6	0.000556705118408932	0.00110890535215717	0.00105286046165642
rf_012_013	0.000555887705155568	0.00113672688343048	0.000635149517629691
Master_mconsumospesos_rank_delta2	0.000551358785451642	0.000886241106744938	0.00132751971252332
vm_mfinanciacion_limite_rank_tend6	0.000546534586776077	0.00104789706352207	0.0013446859157025
ctarjeta_debito_transacciones_lag2	0.000546478863831832	0.000982112672071206	0.00112724734209954
vmr_mpagospesos_lag2	0.00054579677297987	0.000751500856078315	0.00121307835799545
rf_005_019	0.000545247539459052	0.000877523466399691	0.00153923621839988
mextraccion_autoservicio_rank_lag2	0.000544445327064364	0.000977527063894328	0.00139046245751365
rf_007_016	0.000542384885498099	0.00109331117275256	0.00159645689566382
mtransferencias_emitidas_rank_lag2	0.000541728105909245	0.00118211762962004	0.00110435907119397
Visa_mpagosdolares_rank_tend6	0.000539525939476376	0.00115067945798337	0.00157929069248464
ctarjeta_visa_debitos_automaticos	0.000538733114653164	9.5734769258083e-05	1.71662031791808e-05
ccomisiones_otras_delta1	0.000537256312243511	0.00130459480742108	0.00117874595163708
vmr_Master_mlimitecompra_delta2	0.000536125805520488	0.000931596912440092	0.00103569425847724
vm_mfinanciacion_limite_rank	0.000534363715599742	0.000777047534820249	0.00109863700346757
cmobile_app_trx_lag1	0.000534146887060145	0.00194982091068647	0.0011615797484579
mcaja_ahorro_dolares_rank_lag2	0.000530292353917749	0.00133073435584764	0.000881198429864616
ccajas_otras_tend6	0.000523359186911136	0.00228006082443035	0.00028610338631968
vmr_msaldopesos2_lag1	0.000523338712254236	0.000863928726217628	0.00148201554113594
mpayroll_rank_lag2	0.000523143653107526	0.000894852286551765	0.000560762637186574
thomebanking_delta1	0.000521755491290703	0.000960238881904768	0.000537874366280999
ctransferencias_recibidas_tend6	0.000521662333269344	0.00153516650558644	0.00101852805529806
mtransferencias_emitidas_rank_tend6	0.000521531793478558	0.00149240110957576	0.00100708391984528
Master_msaldototal_rank_lag2	0.000521156451812073	0.000978666311332471	0.00153351415067349
mtarjeta_visa_consumo_rank_lag1	0.000520922193658221	0.00101395922862273	0.000944141174854946
vmr_mconsumospesos_lag2	0.000520374493794444	0.000744643257212494	0.00128746523843856
vm_msaldopesos_rank_delta1	0.000518787733439226	0.00113535936503337	0.0011673018161843
rf_014_023	0.000518340140029956	0.000927836425469469	0.00154495828612627
vmr_Master_mlimitecompra_tend6	0.00051631363862162	0.0013399507372783	0.00102425012302446
rf_009_023	0.000515203123937559	0.000825005665871091	0.00123024456117463
rf_013_017	0.000514217171482317	0.000791391635434402	0.000801089481695105
Master_mconsumosdolares_rank_delta1	0.000512221975877564	0.000708137647200625	0.00145340520250398
vm_fultimo_cierre_lag1	0.000511174422228253	0.00135791285714353	0.00126457696753299
rf_013_019	0.000510565285239391	0.000644848470148296	0.000743868804431169
ccaja_seguridad_lag2	0.000508488524636754	0.000663736448073338	0.000114441354527872
mtransferencias_emitidas_rank_delta1	0.000507555822314844	0.0010751109475971	0.000537874366280999
mplazo_fijo_dolares_rank_tend6	0.000507446154548744	0.00184263390657366	0.000228882709055744
Master_msaldototal_rank_delta1	0.000507171196299182	0.000913047126240104	0.00141907279614562
mcaja_ahorro_rank_lag2	0.000506977320010554	0.00136495124640072	0.0011615797484579
mttarjeta_visa_debitos_automaticos_rank	0.000506045644683066	0.00102616009544057	0.00123596662890102
ccallcenter_transacciones_delta2	0.0005032241746869	0.00143757606566282	0.000520708163101818
rf_006_014	0.000501234065132834	0.000753497745659425	0.000108719286801479
vm_mpagospesos_rank_delta1	0.000496350963223377	0.00112513860699329	0.0012531328320802
vmr_msaldopesos	0.000496207022115258	0.000765620900446898	0.00115013561300512
vm_cconsumos_tend6	0.000493181084802738	0.00114616365274505	0.000720980533525595
vmr_msaldopesos2_delta1	0.000492284889018771	0.000801696973926675	0.00119591215481626
mtarjeta_master_consumo_rank_lag2	0.000491180877248196	0.000694194126476515	0.00103569425847724
cdescubierto_preacordado_lag2	0.000488938558380391	0.000917368846528127	0.000703814330346414
Master_fultimo_cierre_delta1	0.000488247031759283	0.000723388119329314	0.00128746523843856
Master_mpagado_rank_tend6	0.000485759205526816	0.00117702440864621	0.00111008113892036
thomebanking_tend6	0.000481051056094985	0.00278316291542405	0.000577928840365755
Master_cconsumos_delta2	0.000479950777913073	0.00062315575655747	0.00126457696753299
vmr_mconsumospesos_delta2	0.00047811995348459	0.00127761447570513	0.00109863700346757
vm_fultimo_cierre_lag2	0.000474138332471887	0.000852484036220215	0.00112152527437315
mtransferencias_recibidas_rank_delta1	0.000469060968863835	0.000989705374190464	0.000915530836222977
mcuenta_debitos_automaticos_rank_tend6	0.000463291346064864	0.00197103483803865	0.000566484704912967
vm_msaldopesos_rank	0.000462938771572857	0.000781236803837231	0.00106430459710921
ccomisiones_otras_lag1	0.000458640794115102	0.00103711031109946	0.000852588091232648
mcuenta_debitos_automaticos_rank_lag2	0.000455577431064323	0.00124540160332249	0.000703814330346414
vm_mconsumototal_rank_lag2	0.000452623142271334	0.000829262422335938	0.00101280598757167
mpagomiscuentas_rank_lag2	0.000450022355628555	0.00108494850493571	0.000858310158959041
vm_status02_tend6	0.000448885523011445	0.00102009176670037	0.00117302388391069
vm_msaldototal_rank_delta1	0.000447186142540817	0.000863962209774067	0.00120735629026905
Visa_fultimo_cierre_delta2	0.00043848648104789	0.000517393429640133	0.000772479143063137
cmobile_app_trx_delta1	0.000438406108281728	0.00127158210211256	0.000715258465799201
rf_018_018	0.00043601553288793	0.000778682193199887	0.000440599214932308
mpayroll_sobre_edad_rank_lag2	0.000433912310997349	0.00137622677549374	0.000503541959922638
tcallcenter_tend6	0.000432907377684578	0.00120656710399081	0.000429155079479521
mtransferencias_emitidas_rank_lag1	0.000432317379289276	0.000818642749477782	0.000812533617147892
mpagomiscuentas_rank_tend6	0.000429482673714551	0.00136091175580986	0.000623705382176904
mplazo_fijo_dolares_rank_delta2	0.000428602585820505	0.0011971958708679	0.000188828234970989
mcuenta_debitos_automaticos_rank_lag1	0.000428426421624887	0.00111928900106505	0.000514986095375425
vm_status04	0.000420948974115536	0.000690697163160256	0.000635149517629691
vmr_Visa_mlimitecompra_tend6	0.000419605337310342	0.00120796456766644	0.00061798331445051
rf_010_022	0.00041895647184721	0.00052830024936108	0.00020599443815017
vmr_mconsumospesos_lag1	0.000418369735641378	0.000720158920397567	0.00090408670077019
rf_011_018	0.000416938146860849	0.000399552748777737	9.15530836222977e-05
rf_010_017	0.000415532355607181	0.000617984017034046	0.000652315720808872
ctarjeta_debito_transacciones_delta2	0.000412940881212144	0.00097203604682264	0.000600817111271329
vm_Finiciomora_lag2	0.000407471866524212	0.0018825204972331	0.000326157860404436
ctransferencias_emitidas_tend6	0.00040747093727695	0.00124057684918541	0.000629427449903297
ccajas_transacciones_tend6	0.000405012286688229	0.00154838829566629	0.000429155079479521
Visa_mpagado_rank_delta1	0.00040135138012452	0.000956278664349235	0.000726702601251988
rf_012_015	0.000401334343322557	0.000715532543974426	0.000308991657225255
Visa_fultimo_cierre_lag2	0.000397325799400706	0.00123507714251943	0.000944141174854946
ctarjeta_debito_tend6	0.000397049270060258	0.00270933146534294	0.000320435792678042
rf_006_017	0.000396170437708408	0.00105424512435149	0.000623705382176904
Visa_fultimo_cierre_lag1	0.000392878447828576	0.000678861181252325	0.000703814330346414
cextraccion_autoservicio_tend6	0.000391703420178202	0.00108211634761609	0.000652315720808872
Master_msaldodolares_rank_tend6	0.000390907706934468	0.00110867494782475	0.001075748732562
vm_mpagospesos_rank_lag2	0.000386229897316874	0.000601236645213631	0.000789645346242318
cforex_tend6	0.000385776923807834	0.00125793126981886	0.000246048912234925
vm_fechaalta_delta2	0.000384233171341952	0.000535995561539852	0.000463487485837882
mextraccion_autoservicio_rank_delta1	0.00038334678946732	0.00108701345433317	0.000595095043544935
mpagomiscuentas_rank	0.000382024910799507	0.00107462550107062	0.000526430230828212
vm_mpagospesos_rank_lag1	0.000381097523299305	0.000528912995842232	0.000595095043544935
vm_mconsumosdolares_rank_lag2	0.000375836780107724	0.001189227044603	0.000886920497591009
mpagomiscuentas_rank_lag1	0.000374306788796318	0.0011298220381478	0.000669481923988052
matm_other_rank_delta2	0.000371343144364854	0.00127778366262628	0.000732424668978382
matm_rank_delta2	0.000367864273382776	0.00112707638651984	0.000755312939883956
numero_de_cliente	0.000362776937112373	0.00210146718331116	0.000606539178997723
rf_009_021	0.000362553027297064	0.000679400378383008	0.00105286046165642
mtarjeta_master_consumo_rank_delta2	0.000359505681045144	0.000977094483402561	0.000841143955779861
rf_003_028	0.000356647792573395	0.000564364719370639	0.000165939964065415
cprestamos_personales	0.000355491962410626	0.000410192194365414	3.43324063583617e-05
vm_mconsumospesos_rank_delta1	0.000353636134247043	0.000777235167616702	0.000789645346242318
Visa_mpagado_rank_delta2	0.000353560744865349	0.000884954110187126	0.000732424668978382
cprestamos_personales_lag2	0.0003488771657087	0.000796006148219829	0.000171662031791808
vm_cconsumos_lag2	0.000347918022077491	0.000851136576736867	0.000486375756743457
vm_mconsumospesos_rank_lag2	0.000345564959780073	0.000730995989213455	0.00082397775260068
cmobile_app_trx	0.000339252386424725	0.00106342133592112	0.000400544740847553
Master_mpagado_rank_delta2	0.000337929274514507	0.000808950937969142	0.000629427449903297
ctarjeta_master_descuentos_delta2	0.00033290547106843	0.000488611724214593	0.000497819892196244
mtarjeta_master_consumo_rank_tend6	0.000330092223169857	0.001276340591589	0.00055504056946018
rf_005_008	0.000325554344480752	0.00109104123738682	0.000274659250866893
mcaja_ahorro_dolares_rank	0.000323809578090073	0.00198788807201225	0.00069809226262002
Master_mpagado_rank_lag1	0.000320281719772459	0.000558420724675678	0.000864032226685435
vm_cconsumos_lag1	0.000314794741810065	0.000590027380781262	0.000354768199036404
Visa_msaldodolares_rank_delta2	0.000314761595436927	0.00051811117972174	0.000572206772639361
ctransferencias_recibidas_lag2	0.0003138457405625	0.00130235008228547	0.000503541959922638
rf_014_017	0.000311246036663548	0.00089192753562114	0.000589372975818542
rf_004_019	0.000310861342101108	0.000740116941207429	0.000503541959922638
rf_007_017	0.000310013984937474	0.000495431676844076	0.000331879928130829
rf_007_015	0.000307246627465587	0.000457115951494822	0.000434877147205914
ctransferencias_recibidas_delta2	0.000305400401079378	0.00153185686286564	0.00068092605944084
rf_019_023	0.000304015290020742	0.000695520460359374	0.000320435792678042
rf_008_022	0.00030356584610645	0.000674857255557851	0.00049209782446985
Master_status_tend6	0.000303244071581614	0.000644672596922558	0.000623705382176904
vm_mconsumototal_rank_delta1	0.000300360454560488	0.00052936867920744	0.000806811549421499
mautoservicio_rank_delta1	0.000299675521624491	0.00106178477831878	0.000589372975818542
internet_delta2	0.000296299137872751	0.00138316083758595	0.000188828234970989
ccajas_consultas_delta1	0.000294428707529287	0.00135822490203547	0.000154495828612627
rf_004_015	0.000292735696317674	0.00040324020673288	0.000497819892196244
Master_msaldodolares_rank_delta2	0.000291398208383178	0.000775056629091494	0.000949863242581339
Visa_mpagado_rank_lag2	0.000290454213209241	0.00110359091076345	0.000732424668978382
ctarjeta_visa_descuentos_delta1	0.000287569385456804	0.000417693239476643	0.000503541959922638
vmr_mpagado_lag2	0.000286401427999552	0.000671820814722182	0.00049209782446985
vmr_mconsumospesos_delta1	0.000286142208034786	0.000908549298575599	0.000738146736704776
catm_trx_lag1	0.000285546445847774	0.000259437801925858	6.29427449903297e-05
rf_003_023	0.000284250538565484	0.000660558710271844	0.00068092605944084
Master_msaldodolares_rank_delta1	0.000283941815082134	0.000360698736884027	0.000640871585356084
matm_rank_tend6	0.000281708496388596	0.000826997534219573	0.00055504056946018
ctarjeta_master_transacciones_tend6	0.000280141389551111	0.00086398604111649	0.00041198887630034
mtarjeta_visa_descuentos_rank_delta1	0.000278871211092899	0.000496181037276167	0.000583650908092148
vm_cconsumos_delta2	0.000276722475759882	0.000836841803879519	0.000257493047687712
mtarjeta_master_descuentos_rank_delta1	0.000273367946695926	0.000549293086377116	0.000595095043544935
vm_fultimo_cierre_delta2	0.000273356618453034	0.0002875323269503	0.000514986095375425
rf_015_021	0.000273176851617367	0.000521246562255261	0.000400544740847553
rf_008_017	0.000271822930269501	0.000565843875639295	0.000566484704912967
rf_009_018	0.000270954462872652	0.000929493692404309	0.00068092605944084
rf_020_024	0.000269821176851409	0.00104430209511094	0.000577928840365755
vm_status04_tend6	0.000269219211997366	0.000312917831929889	0.000131607557707053
Visa_msaldodolares_rank_tend6	0.000265908626273811	0.00104659955619751	0.000537874366280999
mpayroll_rank_lag1	0.000262200361918893	0.000855455669333204	0.000303269589498861
Master_mpagado_rank_lag2	0.00026091251967219	0.000407664641147413	0.000520708163101818
rf_020_012	0.000260908402479093	0.000774889497493544	8.58310158959041e-05
rf_004_021	0.000260856071351	0.000770866319404537	0.000526430230828212
mcajeros_propios_descuentos_rank_delta2	0.000258599657100719	0.000823401915389705	0.000526430230828212
vmr_mconsumosdolares_tend6	0.000255707693155196	0.000974701098561059	0.000452043350385095
Visa_mpagado_rank_lag1	0.000252503156763053	0.000686524648929868	0.000572206772639361
rf_015_020	0.000252176371171528	0.000700311756956768	0.000211716505876564
ctarjeta_visa_debitos_automaticos_lag2	0.000250439117390627	0.000415631490139355	0.000383378537668372
rf_017_023	0.000249334338318898	0.000728318449435339	0.000469209553564276
ccuenta_debitos_automaticos_tend6	0.000245514615188878	0.000943899374664219	0.000188828234970989
ccomisiones_mantenimiento_delta2	0.000243587547087702	0.000629658356878144	9.72751513486914e-05
catm_trx_tend6	0.000239294105145357	0.00132729260007355	0.000446321282658702
ctarjeta_visa_debitos_automaticos_delta2	0.000239283100258965	0.000588594820510727	0.000320435792678042
ctarjeta_debito_transacciones_delta1	0.000236822193157383	0.00174279650407399	0.000291825454046074
vm_mconsumosdolares_rank_lag1	0.000236485594783208	0.000768005751794606	0.000503541959922638
mprestamos_prendarios_rank_lag2	0.000236434511174269	0.00123083969048262	0.000165939964065415
catm_trx_delta2	0.000235927087344171	0.00110485287920837	0.000457765418111489
cprestamos_personales_delta2	0.000235818276906113	0.000768058175544586	9.15530836222977e-05
rf_012_018	0.000234980915673866	0.000516177666942094	0.00041198887630034
rf_008_015	0.000233711742661603	0.000642225123259117	0.000692370194893627
rf_011_025	0.000230825212275424	0.000511054578739991	0.000520708163101818
catm_trx_other_tend6	0.000228956759394533	0.000754049821081047	0.000383378537668372
tcuentas_lag1	0.000227572765992768	0.00159023811023315	0.00014305169315984
vm_mpagado_rank_delta2	0.000226539227960723	0.000884758932533355	0.000257493047687712
ctarjeta_visa_debitos_automaticos_tend6	0.000226348173195324	0.00132882985174354	0.000394822673121159
rf_015_015	0.000225268046698462	0.000796581768799631	0.000389100605394765
mpagomiscuentas_rank_delta1	0.000225019965540354	0.000795964235236595	0.000366212334489191
mplazo_fijo_dolares_rank_delta1	0.000221945317057069	0.00111728269342066	0.00014305169315984
ctarjeta_visa_transacciones_lag1	0.000219666636583624	0.000415747915092783	0.000434877147205914
ccajas_extracciones_tend6	0.000219211731422484	0.00233206076156275	0.00034904613131001
rf_004_016	0.000218615207353001	0.000604397446111286	0.000686648127167233
vmr_mpagado_delta2	0.000218348004465681	0.000962864700385137	0.00034904613131001
mcuenta_debitos_automaticos_rank_delta1	0.000215645506850088	0.00117293959687794	0.000457765418111489
vmr_mpagado_tend6	0.000214273568950736	0.000759169371005236	0.000469209553564276
matm_other_rank_tend6	0.000212555627374348	0.000753514942730758	0.000297547521772468
Master_mpagado_rank_delta1	0.000212373868137441	0.000564775940111174	0.000595095043544935
mprestamos_prendarios_rank_lag1	0.000210775529876776	0.00161400290181077	0.000160217896339021
vm_mpagado_rank_lag2	0.00021020785443641	0.000465955792511858	0.000343324063583617
vm_status01_lag2	0.000209309967359647	0.00165297063291597	0.000423433011753127
mtarjeta_master_consumo_rank_lag1	0.000199358695043277	0.000427263682849475	0.000423433011753127
vm_mconsumosdolares_rank_delta2	0.000198553720623341	0.000686307591189878	0.000400544740847553
Visa_msaldodolares_rank_delta1	0.000196580120668288	0.000538251760061928	0.000434877147205914
active_quarter_delta2	0.000195139005142136	0.00110470341298324	0.000326157860404436
rf_003_018	0.000193764939593707	0.000542535469879122	0.000165939964065415
vm_Fvencimiento_delta1	0.000189490934745786	0.000412095996017279	0.000371934402215585
matm_rank	0.000189218620308881	0.00061090251802315	0.000366212334489191
catm_trx_lag2	0.000188041878798952	0.000606299998959182	0.000337601995857223
rf_013_018	0.000186874238521801	0.000301517058205412	0.000120163422254266
ctarjeta_visa_descuentos_delta2	0.000186378258291993	0.000461096826349354	0.000457765418111489
vmr_mconsumosdolares_lag1	0.000185412211079981	0.000629558036292575	0.000406266808573946
matm_rank_delta1	0.000184392811385561	0.000690997864749469	0.000377656469941978
rf_010_016	0.000179814194929419	0.000434348694121535	0.000326157860404436
ctarjeta_visa_descuentos_lag2	0.000179511797653419	0.000341372662916351	0.000257493047687712
vmr_mconsumosdolares_delta2	0.00017925804437675	0.000567153090501069	0.00028610338631968
vmr_msaldodolares2_tend6	0.000178296823672063	0.000657110320226658	0.000291825454046074
rf_001_023	0.000175703563915929	0.000763834304250942	0.00041198887630034
ccajeros_propios_descuentos_delta2	0.00017481215862137	0.000412028950854154	0.000377656469941978
ctransferencias_emitidas_delta2	0.000173683830251541	0.000675465110890121	0.000183106167244596
mcheques_emitidos_rank_lag1	0.000173409779930783	0.00153276607020586	0.000183106167244596
ctarjeta_debito_lag2	0.000172355125122484	0.00109169592286795	0.000211716505876564
vm_mconsumosdolares_rank_delta1	0.000172281832744969	0.000453474959454053	0.000303269589498861
vm_status03_tend6	0.000172160156817235	0.000443897075290902	0.000120163422254266
ccomisiones_mantenimiento_lag2	0.000170826622625527	0.000439766265909753	0.000125885489980659
ctarjeta_debito_transacciones_lag1	0.000163109102614641	0.000414796066300349	0.000280381318593287
cproductos_lag2	0.000160299669443032	0.000420191315717608	0.000165939964065415
matm_other_rank	0.0001584504090357	0.000620263656647304	0.000177384099518202
vmr_mpagado	0.000156872236392201	0.000684079074489131	0.000263215115414106
mplazo_fijo_dolares_rank_lag2	0.000156083508437429	0.0013319040688993	0.000228882709055744
vmr_msaldodolares2_lag2	0.000155956383796542	0.00111137072534418	0.000326157860404436
mtarjeta_master_descuentos_rank_lag2	0.000153414660304357	0.000468210768246714	0.000331879928130829
ccajas_extracciones_delta2	0.000148292782911176	0.000704224259793957	0.000246048912234925
cproductos_lag1	0.000147910986922122	0.000463362364884454	0.000148773760886234
catm_trx_other_lag2	0.000143976995260627	0.000354155914668827	0.000274659250866893
ccajas_depositos_delta2	0.000143287066237266	0.000920188906059289	0.000246048912234925
mtarjeta_master_consumo_rank_delta1	0.000140273432948379	0.00124234578000854	0.000303269589498861
vmr_mpagado_lag1	0.000137202430642812	0.000531657658833721	0.000257493047687712
vm_msaldodolares_rank_tend6	0.000135860814285824	0.00098244677916661	0.000280381318593287
minversion2_rank	0.000134662554554864	0.000957865243776038	8.58310158959041e-05
minversion2_rank_lag1	0.000134320393338315	0.000982994926059076	0.000114441354527872
mtarjeta_master_descuentos_rank_delta2	0.000134110781962637	0.000248356253716144	0.000394822673121159
ctarjeta_master_transacciones_delta2	0.000133848314579664	0.000722515647639207	0.000320435792678042
vm_msaldodolares_rank_lag2	0.000131476376211433	0.000815736912723949	0.000246048912234925
vmr_msaldodolares_tend6	0.000129697547398276	0.000920286416835926	0.0002689371831405
rf_018_017	0.000128775877690604	0.000307906459649579	0.000217438573602957
vm_cconsumos	0.000128612977270604	0.000395000390006553	0.000246048912234925
mforex_sell_rank_tend6	0.000128163650113314	0.001237601937962	0.000228882709055744
ctarjeta_visa_transacciones_delta1	0.000124667188931499	0.00107113262238401	0.000188828234970989
mv_status07_rank_delta2	0.000123258587162578	0.000763746653822316	0.000274659250866893
mtarjeta_visa_descuentos_rank_lag2	0.000118280145789542	0.000444544918366953	0.000291825454046074
internet_delta1	0.000117998025738226	0.000714030440932827	9.72751513486914e-05
rf_019_009	0.000117525591522856	0.000360590299072654	0.000114441354527872
matm_other_rank_lag1	0.00011528295248537	0.000563574330524792	0.000228882709055744
cpagomiscuentas_delta2	0.000115121859614852	0.000852554411527259	0.000154495828612627
mv_status07_rank_lag2	0.000114417680344219	0.000295846083278335	0.000246048912234925
mtarjeta_visa_descuentos_rank	0.000114156806537439	0.000350307334984839	0.000234604776782138
cforex_buy_tend6	0.000113604909541173	0.00124576768500287	0.000137329625433447
mttarjeta_master_debitos_automaticos_rank_lag2	0.000110920670750379	0.000341259385989596	0.000251770979961319
rf_017_018	0.000110681865634744	0.000636123779263969	0.000257493047687712
mforex_buy_rank_tend6	0.00010974613818546	0.00122428380785923	0.000137329625433447
rf_009_020	0.00010796604430967	0.000438949886331286	0.0002689371831405
mforex_sell_rank_lag1	0.000105865387463259	0.000764238916737137	0.00014305169315984
ccajas_depositos_lag2	0.000102028611131799	0.000398323795587768	0.000188828234970989
mv_status07_rank_delta1	0.00010172479890977	0.000575749310677009	0.000217438573602957
ccomisiones_mantenimiento_delta1	0.000101116469085726	0.000973647394194843	0.000114441354527872
ccajas_otras_delta2	9.98644213942906e-05	0.000365721322383315	0.000125885489980659
mv_status07_rank	9.96591055962748e-05	0.000436409610922844	0.0002689371831405
mv_status07_rank_lag1	9.80228506383163e-05	0.000301018707371238	0.000234604776782138
rf_014_020	9.5536240911276e-05	0.000856909173086982	7.43868804431169e-05
ccomisiones_mantenimiento	9.53731450438645e-05	0.000705049771251453	5.72206772639361e-05
cseguro_vida_lag2	9.42214775207353e-05	0.00110443437377801	0.000177384099518202
ctarjeta_master_descuentos_tend6	9.41143293327881e-05	0.00086734964257548	0.00014305169315984
mttarjeta_master_debitos_automaticos_rank_tend6	9.37619297784556e-05	0.000643888608197056	0.000120163422254266
vm_mpagado_rank_delta1	8.94482009934365e-05	0.000698324961874414	0.000160217896339021
cpagomiscuentas_lag2	8.86230352387476e-05	0.000320281144369956	0.000102997219075085
vmr_mpagosdolares_lag1	8.75366669115486e-05	0.000478618196463513	0.000177384099518202
vmr_mconsumosdolares_delta1	8.57111255998583e-05	0.000225793852227393	0.000131607557707053
vmr_msaldodolares2_lag1	8.32485821148048e-05	0.000345919532153417	0.00020599443815017
vmr_mpagosdolares_tend6	8.31298904596515e-05	0.000550970880527209	0.000120163422254266
ccallcenter_transacciones_delta1	8.12884642846586e-05	0.000647508110402846	0.000102997219075085
mttarjeta_master_debitos_automaticos_rank_lag1	7.9747349227964e-05	0.000403812731319506	0.000154495828612627
ctarjeta_master_debitos_automaticos_tend6	7.857400893203e-05	0.000790736871903019	0.000125885489980659
mforex_sell_rank_delta1	7.72711515052292e-05	0.000838154687102954	0.00014305169315984
ctarjeta_visa_descuentos_tend6	7.4749600799899e-05	0.00125293933205033	0.000148773760886234
vmr_mpagado_delta1	7.40438031099126e-05	0.000667582608199635	0.000183106167244596
ctarjeta_master_transacciones_lag1	7.39725231550158e-05	0.000394134474537287	0.000125885489980659
vm_mpagosdolares_rank_lag2	7.39414646179337e-05	0.00040408369576419	0.000165939964065415
ctransferencias_emitidas_lag2	7.30853130648774e-05	0.000292406174693443	9.72751513486914e-05
ctarjeta_visa_descuentos	6.85919690108832e-05	0.00032309618266849	0.000148773760886234
ctarjeta_debito_transacciones	6.70071448816987e-05	0.000450798746530155	0.000131607557707053
vm_mpagado_rank	6.64298031708095e-05	0.000260073651280449	0.000108719286801479
ccuenta_debitos_automaticos_lag1	6.5081660559957e-05	0.000300911102095846	6.86648127167233e-05
rf_017_017	6.43617415577522e-05	0.000296041495082849	8.58310158959041e-05
mttarjeta_master_debitos_automaticos_rank	6.3359290355119e-05	0.00102043451135656	0.000137329625433447
cextraccion_autoservicio	6.19792189642328e-05	0.000218500602893379	3.43324063583617e-05
mtarjeta_visa_descuentos_rank_tend6	6.05055788548092e-05	0.000733853825064701	0.000137329625433447
cliente_edad_tend6	6.02675682637752e-05	0.000508300601752227	8.58310158959041e-05
vm_mpagado_rank_lag1	5.95926758594915e-05	0.000323511826256418	0.00014305169315984
vmr_mpagosdolares_delta2	5.86810170750421e-05	0.000597484925887545	0.00014305169315984
ccajeros_propios_descuentos_tend6	5.8532661480849e-05	0.000505407435155336	7.43868804431169e-05
mttarjeta_master_debitos_automaticos_rank_delta1	5.82591998587549e-05	0.000849047379728994	0.000137329625433447
ccheques_emitidos_delta1	5.72202595223721e-05	0.000417840988596312	4.57765418111489e-05
vm_mpagosdolares_rank_tend6	5.67037459707773e-05	0.000376104346889206	0.000108719286801479
cpayroll_trx	5.31502209945366e-05	0.000173932454285388	1.71662031791808e-05
cseguro_accidentes_personales	5.05849619592575e-05	0.00101893199204697	0.000120163422254266
minversion2_rank_lag2	4.93042857185691e-05	0.000372219968158085	6.29427449903297e-05
ctarjeta_master_transacciones_delta1	4.90331604033745e-05	0.000972299804627749	0.000108719286801479
matm_other_rank_delta1	4.66565770319848e-05	0.000380484760963807	0.000114441354527872
mtarjeta_visa_descuentos_rank_lag1	4.5792760839554e-05	0.000247896823939027	0.000183106167244596
ctransferencias_emitidas_delta1	4.39853354618149e-05	0.0004917394057903	6.86648127167233e-05
ctransferencias_recibidas_delta1	4.22176384300111e-05	0.00050312730122384	7.43868804431169e-05
cliente_edad_delta2	4.06365221416527e-05	0.000297569614873819	7.43868804431169e-05
vmr_mpagosdolares_delta1	4.0367980808681e-05	0.000217527290282715	7.43868804431169e-05
ccajas_depositos_delta1	3.92450054352451e-05	0.000628346410257687	5.72206772639361e-05
rf_008_020	3.85682734688676e-05	0.000314914071092265	9.72751513486914e-05
mcajeros_propios_descuentos_rank_tend6	3.55161369983566e-05	0.00054706165580044	5.72206772639361e-05
mpagodeservicios_rank_tend6	3.45134050849004e-05	0.00046221861654867	6.29427449903297e-05
ccuenta_debitos_automaticos_delta2	3.433716214943e-05	0.000312290281918347	5.14986095375425e-05
cextraccion_autoservicio_lag1	3.3419875555473e-05	0.000504259368039157	6.86648127167233e-05
cpagomiscuentas_lag1	3.33460481847114e-05	0.000341686659064492	7.43868804431169e-05
ccuenta_debitos_automaticos_delta1	3.15144535259317e-05	0.000114285908329038	1.71662031791808e-05
active_quarter_delta1	2.90513108567816e-05	0.000376342530229684	5.72206772639361e-05
ccajas_depositos	2.87416396600646e-05	0.000141240041178365	1.14441354527872e-05
cpayroll_trx_lag2	2.74225196145168e-05	0.000110712299669136	3.43324063583617e-05
mforex_sell_rank	2.65885934060343e-05	0.000244818964438362	5.72206772639361e-05
ccallcenter_transacciones_lag1	2.646667925901e-05	0.000274238314374201	4.57765418111489e-05
cliente_edad_delta1	2.63865997532605e-05	6.12664008055964e-05	4.57765418111489e-05
ccomisiones_mantenimiento_lag1	2.61039782054441e-05	0.000291447561546173	4.57765418111489e-05
catm_trx_other_lag1	2.39366380665949e-05	0.000183878137234376	3.43324063583617e-05
ctarjeta_visa_debitos_automaticos_lag1	2.3653879315378e-05	0.00021232750470347	5.14986095375425e-05
cplazo_fijo_lag2	2.3147016584906e-05	0.000281573632791946	3.43324063583617e-05
ctransferencias_recibidas	1.91452017584856e-05	0.000439688267695143	4.00544740847553e-05
rf_006_023	1.8728545793467e-05	0.000153842658639969	5.14986095375425e-05
ccuenta_debitos_automaticos_lag2	1.67405331766252e-05	3.71387536245258e-05	4.00544740847553e-05
cseguro_vida_tend6	1.62642166043417e-05	0.000311803274386898	4.57765418111489e-05
cpagomiscuentas	1.44463614098363e-05	0.000256178943899829	2.8610338631968e-05
tcuentas_tend6	8.11320458615612e-06	9.41058605800559e-05	1.71662031791808e-05
cprestamos_prendarios	6.50317714395761e-06	7.06200205891825e-05	5.72206772639361e-06
cpayroll_trx_lag1	5.29677173772795e-06	0.000141041221179683	2.28882709055744e-05
ctarjeta_visa_debitos_automaticos_delta1	4.238315664816e-06	8.33537104341101e-05	1.14441354527872e-05
ccuenta_debitos_automaticos	1.83865716366451e-06	0.000141240041178365	1.14441354527872e-05
ctarjeta_debito	9.93284245501906e-07	7.06200205891825e-05	5.72206772639361e-06
