Feature	Gain	Cover	Frequency
rf_017_015	0.0789344957097156	0.00325844397037314	0.00181844092917201
vm_status04_delta2	0.0213982824247617	0.00150460417731989	0.000342026507054297
rf_012_013	0.0183821493739614	0.00338860753861601	0.000342026507054297
mcaja_ahorro_rank	0.0163053062751161	0.00116589407859055	0.000621348154481972
rf_007_015	0.0158690765632189	0.00100609122709568	0.000353427390622773
mtarjeta_visa_consumo_rank	0.014847312619686	0.00123118409077448	0.0011172865897107
vm_Finiciomora_tend6	0.0137701884531678	0.00286891713351835	0.000598546387345019
vm_Fvencimiento_tend6	0.0131737592591687	0.00141933916136235	0.00125409719253242
mautoservicio_rank_lag1	0.0131132339923772	0.00103629027837218	0.000712555223029785
ctrx_quarter_normalizado	0.0121789434656893	0.00123558841079475	0.000558643294855351
vm_msaldototal_rank	0.0110886179724567	0.00111852079678007	0.00127689895966937
rf_011_028	0.0107977711014036	0.000836827543638497	0.000433233575602109
vm_status06	0.0104151657318874	0.000650419775825249	0.000575744620208066
cdescubierto_preacordado_delta1	0.010130967335147	0.00110988208818433	0.00013111016103748
rf_018_026	0.0100740250322785	0.00177620478267683	0.0033803619780533
rf_020_027	0.00913967543657096	0.000927293271626517	0.000923471569046601
mpasivos_margen_rank	0.00906481478460696	0.0023585501523277	0.00201225594983611
rf_004_026	0.00858020408801925	0.00078063710562283	0.000376229157759726
mprestamos_personales_rank	0.00789599351104987	0.00290277941562868	0.000570044178423828
cpayroll_trx	0.00731357808764061	0.000141817965681058	1.14008835684766e-05
vm_status01_delta1	0.0066608545800472	0.000974773240603882	0.000644149921618926
ctarjeta_visa_transacciones	0.00631876107951131	0.00151967632583989	0.000615647712697734
rf_003_026	0.00597806390245093	0.000803876229913001	0.000609947270913496
ctrx_quarter_lag1	0.00570550123596749	0.00150596971558499	0.00082656405871455
vm_mpagospesos_rank_lag1	0.00553649870912976	0.000663360270863875	0.000855066267635742
rf_012_020	0.00531854934277196	0.00249419520480225	0.000513039760581445
mcuenta_corriente_rank	0.00520244489610818	0.00290009577883772	0.0013852073535699
rf_014_022	0.0050641369731285	0.00131453654856617	0.00347726948838535
rf_010_026	0.0050245827623999	0.00106739003161418	0.000507339318797207
vm_status02	0.00482486544403305	0.000861565669645197	0.000763859199087929
mtransferencias_recibidas_rank	0.00468378797037006	0.00169581746532702	0.00086076670941998
mprestamos_personales_rank_delta1	0.00433934912847359	0.00468699647245905	0.000786660966224882
rf_002_015	0.00429651366270909	0.00110764265036148	0.00171583297705572
ctarjeta_visa_transacciones_tend6	0.00421011848217894	0.00193042001136042	0.000969075103320507
mrentabilidad_annual_rank_lag2	0.0039874321396318	0.00326674527166047	0.00464015961236996
vmr_msaldopesos2	0.00396541599281053	0.00108582530759554	0.00137380647000143
mprestamos_personales_rank_lag1	0.00377835611194735	0.00334446702947679	0.000855066267635742
mprestamos_personales_rank_delta2	0.00369747481500478	0.00350353203106256	0.000712555223029785
mprestamos_personales_rank_tend6	0.00352918843792783	0.00253401091295548	0.000570044178423828
rf_015_020	0.00351434615729863	0.000413751485155243	0.000176713695311387
vm_Finiciomora	0.00333431153353292	0.00338100730576593	0.000473136668091777
mcuentas_saldo_rank_lag1	0.00331995642325176	0.00225110995794997	0.00120849365825852
Visa_mpagospesos_rank_delta1	0.00331348042576498	0.00245039212909464	0.00481687330768135
vm_status01	0.00326049983153499	0.00101795003860852	0.000655550805187402
mpasivos_margen_rank_lag1	0.00296392565495293	0.00192634330244689	0.00247399173435941
rf_002_020	0.00296385897073399	0.000863809234934353	0.000262220322074961
mcomisiones_rank_delta2	0.0029548243152274	0.00269249485610516	0.00578594841100185
mrentabilidad_annual_rank_delta2	0.00292129043003987	0.0032215013967358	0.00582015106170728
rf_010_023	0.00288184915132703	0.00131849473650121	0.00371098760153912
mcuenta_corriente_rank_lag1	0.0028233074782753	0.00221965694061448	0.00114008835684766
Master_fechaalta_lag1	0.00273551627292171	0.00221278564966078	0.00310104033062562
mcomisiones_otras_rank_lag2	0.00264136855071791	0.00212985037944381	0.00414422117714123
mautoservicio_rank_lag2	0.00259283646980212	0.00183457833688661	0.00144791221319652
ctrx_quarter_normalizado_delta2	0.00256479887610599	0.00211955877733426	0.00228587715547955
ctrx_quarter_delta1	0.00256081689226854	0.00110760780200677	0.00069545389767707
mcuentas_saldo_rank	0.00255231696618146	0.00297977782191436	0.000780960524440644
mcomisiones_mantenimiento_rank	0.00249067695214508	0.00241448581073058	0.00150491663103891
Master_mconsumospesos_rank_tend6	0.00247756097275578	0.00208879246067359	0.00261650277896537
mcuentas_saldo_rank_tend6	0.00247673409372857	0.00195727401243303	0.00191534843950406
rf_016_021	0.0024553072786731	0.00148643196200712	0.00212056434373664
vmr_mpagospesos_tend6	0.00243598781261969	0.00132321674081054	0.00113438791506342
cpagomiscuentas_lag1	0.00243052350651106	0.000289662920348682	8.55066267635742e-05
cdescubierto_preacordado_tend6	0.00238828205975036	0.000874040701427312	0.000148211486390195
cprestamos_personales_tend6	0.00238368681352097	0.00286683576720549	0.00039903092489668
cdescubierto_preacordado_lag1	0.00236468681812616	0.000946039701095833	0.000592845945560781
internet_lag1	0.00233263020626672	0.00111721079644758	0.000205215904232578
rf_013_023	0.00230143455951997	0.00186206444113678	0.0026507054296708
rf_001_017	0.00228639713807745	0.00108237568620432	0.00216616787801055
mcuentas_saldo_rank_delta2	0.002284602125687	0.00245867639805269	0.00268490808037623
mcomisiones_otras_rank_tend6	0.00226860962838796	0.00189586666600013	0.00303263502921476
mrentabilidad_rank_delta2	0.00225150181581535	0.0030805078010169	0.00554082941427961
mpasivos_margen_rank_delta1	0.00224339236040991	0.0029191994692508	0.00439504061564771
mactivos_margen_rank_delta2	0.00221118580195954	0.00355835902066948	0.00577454752743338
rf_017_026	0.0021761782937905	0.00126202253360258	0.0019210488812883
mcuenta_corriente_rank_tend6	0.00215430840133738	0.00306190504917194	0.00144221177141228
cproductos_delta2	0.00214609188425587	0.00108289177623101	0.00019951546244834
mpayroll_sobre_edad_rank	0.00213473610713452	0.00131997976230337	0.000319224739917344
mactivos_margen_rank	0.00211994686677323	0.00360844167062729	0.00228587715547955
Visa_mconsumospesos_rank_delta2	0.00210797791549187	0.00234540205618348	0.00461165740344877
Visa_mpagospesos_rank_lag1	0.00209916449585989	0.00221697633411523	0.00431523443066838
mpasivos_margen_rank_delta2	0.0020838213403094	0.0024731657901283	0.00505059142083512
ctrx_quarter_normalizado_delta1	0.0020556790962109	0.00187354360411966	0.000929172010830839
Visa_msaldopesos_rank_lag1	0.00205480669300636	0.00102096476089241	0.0016531281174291
vm_cconsumos	0.002040923220432	0.000564855858162642	0.000319224739917344
Master_mfinanciacion_limite_rank_tend6	0.00204037776508108	0.00269952680476609	0.00471426535556506
mprestamos_personales_rank_lag2	0.00203352382430529	0.00171352442636892	0.000592845945560781
mactivos_margen_rank_lag1	0.00201656138476333	0.00248731291597949	0.0024568904090067
Visa_mpagospesos_rank_tend6	0.00199006740269562	0.00198628615591631	0.00372808892689183
Visa_cconsumos_tend6	0.001988968501392	0.00311362316846621	0.00443494370813738
mrentabilidad_rank_lag2	0.00197306372854731	0.00243668873199388	0.00489097905087644
mcomisiones_otras_rank_delta1	0.00195235391179397	0.0019556711971021	0.00387630041328203
mactivos_margen_rank_lag2	0.0019363336284301	0.00376159684579836	0.00489097905087644
mcomisiones_otras_rank_delta2	0.00193266009170209	0.00239985180059525	0.00540401881145789
vmr_mconsumospesos_lag1	0.00192404414628928	0.000760068138550136	0.00108878438078951
foto_mes	0.00192327890031726	0.00341872764556872	0.000684053014108593
vm_mpagominimo_rank	0.00191171145090848	0.00148713420598857	0.00159612369958672
mcomisiones_rank_lag2	0.00190033328010216	0.00279760295365392	0.0044520450334901
mrentabilidad_annual_rank_lag1	0.00189982859590739	0.00267172137046499	0.00344876727946416
mcuentas_saldo_rank_lag2	0.00189106512103587	0.0031291741814466	0.00263930454610232
rf_006_021	0.00188917822076348	0.00120520127244637	0.00310674077240986
mrentabilidad_rank_delta1	0.00188107266535864	0.00232574708778734	0.00452045033490095
mpayroll_rank_delta1	0.00187743211471091	0.00173109186337596	0.000552942853071113
Visa_msaldopesos_rank_tend6	0.00183041967024625	0.00212128215125363	0.00233718113153769
mcomisiones_mantenimiento_rank_tend6	0.00182175155845974	0.00216635949075007	0.000934872452615078
chomebanking_transacciones_delta1	0.00182009398641868	0.00282017449945492	0.00308393900527291
mpayroll_sobre_edad_rank_delta2	0.00181286530812943	0.00126462800976589	0.000513039760581445
mactivos_margen_rank_delta1	0.00181198879975564	0.0023797833279962	0.00393330483112441
rf_013_015	0.00180284889500211	0.00076463834091853	0.000666951688755879
rf_001_025	0.00180188145259408	0.0014554146535983	0.00242268775830127
Visa_mpagominimo_rank_lag2	0.00178801806806152	0.00188262450019676	0.0027704147071398
vm_cconsumos_tend6	0.00175312756313275	0.00132927337963414	0.000912070685478125
mcuentas_saldo_rank_delta1	0.00174095319999048	0.00265042192022685	0.00175003562776115
Master_mfinanciacion_limite_rank_delta1	0.0017408369332192	0.00242150574271748	0.00508479407154055
Master_fechaalta_lag2	0.00173914498813996	0.00261959424015898	0.00403021234145646
mrentabilidad_annual_rank	0.00172899571584123	0.00258059417681763	0.00250819438506484
vmr_mpagospesos_lag1	0.00169614358549511	0.00109160519719142	0.00152771839817586
chomebanking_transacciones_lag2	0.00169596459611566	0.00196672998547932	0.00392760438934017
mcomisiones_rank_delta1	0.00168757514620052	0.00228749297254845	0.0041841242696309
cdescubierto_preacordado	0.00167949784158953	0.00155751442904826	0.000638449479834687
Visa_cconsumos	0.0016767936479262	0.0015502063058701	0.00257089924469146
Visa_mfinanciacion_limite_rank_lag1	0.00166379075801779	0.00196296957632501	0.00293572751888271
chomebanking_transacciones_delta2	0.00165934529157155	0.00277556291057023	0.00383069687900812
Visa_mlimitecompra_rank	0.00164727890116756	0.00155877132090614	0.00273051161465014
Visa_msaldopesos_rank	0.0016303856074606	0.0016425871782212	0.00266210631323928
Master_mlimitecompra_rank_lag1	0.00162280879321604	0.00208179415869995	0.00422402736212056
Visa_mpagominimo_rank	0.00160222106716394	0.00184580705670863	0.00241698731651703
Visa_mpagospesos_rank_lag2	0.00159633172425706	0.00199754546601072	0.00425823001282599
mcomisiones_otras_rank_lag1	0.00159356792485186	0.00213209799382966	0.00303263502921476
Visa_mfinanciacion_limite_rank_tend6	0.00159182030070983	0.00243086249983335	0.00359697876585435
Master_mlimitecompra_rank_lag2	0.00158867563122606	0.00208421024163116	0.00422402736212056
chomebanking_transacciones	0.00156616197647539	0.00239178487669805	0.00262790366253385
rf_010_017	0.00153638588381759	0.000595054334728645	0.00049593843522873
Master_mfinanciacion_limite_rank_lag2	0.00153446388766998	0.00221753743442316	0.00384779820436084
ctrx_quarter_delta2	0.00153356821480949	0.00193935785677007	0.00226877583012683
mrentabilidad_annual_rank_delta1	0.00152810429755537	0.00207628678637268	0.00335756021091635
Visa_fechaalta	0.00152178742318642	0.00225094271719522	0.0029642297278039
Master_fultimo_cierre_tend6	0.00151491180036045	0.00205465442201731	0.00290152486817728
Visa_mconsumototal_rank_delta2	0.00151233466437727	0.00170559650404248	0.00360837964942283
rf_012_022	0.00150148943339028	0.00114494648179286	0.00239418554938008
rf_005_020	0.00149721217374129	0.00169883605384517	0.00315234430668377
Visa_mconsumospesos_rank_lag2	0.00149453761236387	0.00204130253875534	0.0042297278039048
Visa_fechaalta_lag1	0.001490220627736	0.00182374253618239	0.003038335470999
cpayroll_trx_lag1	0.00147980445608054	0.000256033343743399	2.85022089211914e-05
Master_mpagospesos_rank_delta1	0.00147860104899794	0.00116615531063483	0.00197235285734644
vm_fechaalta_lag1	0.00147610254615863	0.00205377955590099	0.00295282884423543
Master_mlimitecompra_rank_tend6	0.00145967516351639	0.00246281363443088	0.00370528715975488
Visa_fechaalta_lag2	0.00145708882670393	0.00200841616731605	0.00273621205643437
Visa_Fvencimiento_lag2	0.00145554608888859	0.00252692922571331	0.00324355137523158
Master_mfinanciacion_limite_rank_delta2	0.00144988676461768	0.00282457401280558	0.00401881145788799
Visa_mconsumototal_rank_tend6	0.00144024689487043	0.00178320436468748	0.00342596551232721
Visa_mfinanciacion_limite_rank_lag2	0.00141641892587453	0.00170206705013853	0.00306113723813596
chomebanking_transacciones_lag1	0.00141517641006696	0.00184695454458637	0.00241128687473279
Master_fechaalta	0.00141195354184351	0.00199849836213867	0.0032321504916631
rf_019_023	0.00139835054275186	0.00096193251008297	0.000427533133817871
rf_018_020	0.00139774525440059	0.000477666110626006	0.000188114578879863
Master_mfinanciacion_limite_rank_lag1	0.00138134752196869	0.00163205662716073	0.00341456462875873
Visa_mpagominimo_rank_lag1	0.00137519887558811	0.00144536542257943	0.00212626478552088
mcomisiones_otras_rank	0.00136998242681071	0.00162991159859868	0.00254809747755451
mcaja_ahorro_rank_delta1	0.0013667020257396	0.00255722472386056	0.00167022944278182
vmr_msaldototal	0.00136366341745531	0.00112669858755686	0.00176713695311387
Master_Fvencimiento_lag2	0.0013580084468188	0.00168363146067871	0.00334045888556363
Master_mfinanciacion_limite_rank	0.00134845068104703	0.00168986962964988	0.0031124412141941
vm_mconsumospesos_rank	0.00132864004033501	0.000986476122709493	0.000957674219752031
Visa_mlimitecompra_rank_tend6	0.00132457594567776	0.00222466559484601	0.00320934872452615
vm_fechaalta_lag2	0.00132041494222489	0.00179505429431082	0.00255949836112299
ccaja_ahorro_tend6	0.001311270311829	0.00237182026995981	0.000228017671369531
internet_tend6	0.00130320612765189	0.00247621337540336	0.000444634459170586
Master_mlimitecompra_rank	0.00130036245086969	0.00177046501832296	0.00343736639589568
mpayroll_rank_lag2	0.00130016606066759	0.000936597782333527	0.000393330483112441
Visa_mfinanciacion_limite_rank_delta1	0.00129672972122495	0.00227769601331475	0.00385919908792932
cdescubierto_preacordado_delta2	0.00127898922130143	0.00137084900806973	0.000216616787801055
Master_Fvencimiento	0.00127589842621054	0.00173975264607943	0.00304403591278324
Visa_mconsumospesos_rank_tend6	0.0012732726017969	0.00170388977060434	0.00336896109448482
Visa_Fvencimiento_lag1	0.00127304422251516	0.00171514260214405	0.00286732221747185
Visa_mpagominimo_rank_tend6	0.0012717979080609	0.00174314221022367	0.00227447627191107
vmr_mpagospesos_lag2	0.00126481092284815	0.00109953309339465	0.00147641442211771
Visa_mpagosdolares_rank_tend6	0.0012570415521605	0.00146716332968127	0.00200655550805187
Visa_mlimitecompra_rank_delta1	0.0012527982856504	0.00242605387097813	0.00377369246116574
Master_fechaalta_tend6	0.00124701600404391	0.00132326890884979	0.00178423827846658
mtransferencias_recibidas_rank_delta2	0.00124069621117339	0.00205287801799295	0.00278751603249252
Visa_mpagospesos_rank	0.00123470251947458	0.00206156936484561	0.00326635314236853
mpasivos_margen_rank_lag2	0.00123180203652386	0.00183594374453569	0.00327775402593701
Visa_mlimitecompra_rank_delta2	0.00122951893499648	0.00204360556045777	0.00344306683767992
mcomisiones_rank_tend6	0.00122197618551945	0.00190096152680627	0.00248539261792789
ccomisiones_otras_tend6	0.00122140992848207	0.0019695358527438	0.00190964799771982
Visa_mpagospesos_rank_delta2	0.00120990920201316	0.00185774894001156	0.00340316374519025
Visa_mconsumospesos_rank_delta1	0.00120951506117308	0.00109417086159118	0.0025765996864757
Visa_msaldototal_rank_lag1	0.0012079747061843	0.00110741992392052	0.00175573606954539
Visa_mpagominimo_rank_delta2	0.00120413203472303	0.00149863868235654	0.0021889696451475
Visa_msaldototal_rank_delta2	0.00119399672298459	0.00131706726011841	0.00221177141228445
vmr_mpagominimo_delta1	0.00118886476884378	0.00157242356877263	0.00174433518597691
vm_Fvencimiento_lag2	0.0011858152237924	0.00166901445674946	0.00251959526863332
Visa_mlimitecompra_rank_lag2	0.00118553613833326	0.00187137929663274	0.00276471426535556
mactivos_margen_rank_tend6	0.0011821670516368	0.00174290198123575	0.00193244976485678
Visa_msaldototal_rank_lag2	0.00117676271288232	0.00135419314028123	0.00181274048738777
Visa_mconsumototal_rank_delta1	0.0011659834131568	0.00154971053969645	0.00312954253954681
ccaja_ahorro	0.00116527014122585	0.00134727067397005	0.000108308393900527
Master_mconsumototal_rank_lag2	0.00116219033739209	0.00157038713437139	0.00228017671369531
mpagomiscuentas_rank_tend6	0.00116149144066677	0.00181666730137172	0.000689753455892832
mrentabilidad_rank_lag1	0.00115111814218645	0.00158223959794556	0.00251959526863332
mrentabilidad_rank	0.00114669835613213	0.00230258706456018	0.00235428245689041
vmr_mpagominimo_delta2	0.00114180187091529	0.000984044836073313	0.00120279321647428
Master_cconsumos_tend6	0.00113165370496793	0.00173582301080684	0.00274191249821861
Visa_mconsumosdolares_rank_lag1	0.00113044029755395	0.00162698948307449	0.00262220322074961
rf_018_018	0.00112810187852342	0.000592414663290737	0.000490237993444492
ctarjeta_visa_transacciones_delta2	0.00112690134002294	0.00153799054689194	0.000769559640872168
rf_004_025	0.00112667135183902	0.00135006462905332	0.00365398318369674
mextraccion_autoservicio_rank_lag1	0.0011022404252535	0.00097907053385561	0.000746757873735215
Visa_msaldototal_rank_delta1	0.00109827835964076	0.00183395616052673	0.00251959526863332
Visa_cconsumos_delta2	0.00109596938370975	0.00195933301728289	0.00246829129257517
vm_mconsumototal_rank_delta2	0.00109154600102385	0.00130794835477887	0.00146501353854924
cmobile_app_trx_delta2	0.00109099744605048	0.00255858689223229	0.00240558643294855
vmr_mpagominimo	0.00109030552591218	0.001234511586185	0.00189254667236711
mcomisiones_rank_lag1	0.00108951563824329	0.00150719089702242	0.0025765996864757
Master_msaldopesos_rank_lag2	0.00108799306536507	0.00152482325019246	0.0026507054296708
internet_lag2	0.00108509379980963	0.00144645125969472	0.000353427390622773
rf_005_019	0.00108115720299	0.00123155305491383	0.00220607097050021
Visa_msaldopesos_rank_delta1	0.00107978256363326	0.00128841235145569	0.00220037052871598
cproductos_tend6	0.00107748144354364	0.00259520916926014	0.000444634459170586
vm_Fvencimiento	0.00107692714858206	0.00165970874437505	0.00255949836112299
thomebanking_lag2	0.00107169399912468	0.00136284705258194	0.0029927319367251
mcomisiones_rank	0.00107153733238589	0.00172127912572678	0.00233148068975346
vm_fechaalta_tend6	0.00107049631172559	0.00139813921440989	0.000849365825851504
Visa_mconsumosdolares_rank	0.00106882440061841	0.00165662521357069	0.00282741912498219
Master_status	0.00106694563239676	0.0010068086225357	0.00099187687045746
ccaja_seguridad	0.00106336445826314	0.00127636169112952	0.000102607952116289
cliente_edad_lag2	0.00106324240338048	0.00218476289642203	0.00164742767564486
Master_fechaalta_delta2	0.00105773287805248	0.000953722561641522	0.00164172723386062
rf_013_026	0.00105246894071073	0.00100636115816704	0.000980475986888984
vm_mpagominimo_rank_delta2	0.00105182563998816	0.00133803285580395	0.00174433518597691
Master_mconsumototal_rank	0.00104931212689044	0.00142661677263774	0.00226877583012683
Visa_msaldototal_rank	0.00104831723600089	0.00122499312643372	0.00177853783668234
Visa_Fvencimiento	0.00104825353245275	0.00151158604779794	0.00233148068975346
mcuenta_corriente_rank_delta2	0.00104807582461588	0.00223310098654168	0.00145361265498076
Master_Fvencimiento_lag1	0.00104414767412159	0.00133597029819828	0.00294712840245119
rf_009_015	0.00104161601493967	0.00124267362466952	0.00235428245689041
Master_mpagospesos_rank_tend6	0.00104097527200574	0.00206564960039174	0.00258230012825994
vm_mfinanciacion_limite_rank_tend6	0.00104069182656591	0.00141523687783168	0.00202365683340459
thomebanking_lag1	0.00103972959440605	0.00129254472891786	0.00250819438506484
Visa_mfinanciacion_limite_rank_delta2	0.00103380530175566	0.00126072240784137	0.00231437936440074
Visa_msaldototal_rank_tend6	0.0010314481733742	0.00162181011370202	0.00247399173435941
mtarjeta_visa_consumo_rank_delta2	0.00103105906925751	0.00155314409531695	0.00198945418269916
Visa_cconsumos_lag1	0.00102843114712514	0.00155665831939272	0.00246259085079094
mautoservicio_rank_tend6	0.00102766366186498	0.00136624476716596	0.00089496936012541
mcaja_ahorro_rank_tend6	0.00102095608120597	0.00195608969083705	0.00119709277469004
vmr_msaldototal_tend6	0.00101750432674907	0.00181389926050724	0.00195525153199373
Master_mlimitecompra_rank_delta1	0.00101674361879367	0.0016627887224236	0.00315804474846801
tcallcenter	0.00101238020373884	0.00168170474373607	0.00112298703149494
mplazo_fijo_dolares_rank	0.00100342105606489	0.00217360721707959	0.000290722530996152
mrentabilidad_annual_rank_tend6	0.0010021046016723	0.00240919405933266	0.00198945418269916
vmr_Master_mlimitecompra	0.000996694587576038	0.00159703946430581	0.00226877583012683
rf_006_015	0.000993670711032286	0.0011018055509479	0.00169873165170301
mtransferencias_recibidas_rank_lag2	0.000993044745702569	0.00141531576990906	0.00221747185406869
vm_mfinanciacion_limite_rank	0.000991367292135599	0.00125917594026239	0.0022630753883426
rf_007_021	0.000991253493406131	0.00139047336007028	0.00303263502921476
Master_Fvencimiento_tend6	0.000985442129918873	0.00138314702901863	0.00188114578879863
ctrx_quarter_normalizado_lag2	0.000984100619100216	0.00185799517733651	0.00194385064842525
Visa_msaldopesos_rank_delta2	0.000983523084103031	0.00133823073907749	0.00237708422402736
Visa_mconsumospesos_rank_lag1	0.000983070166016034	0.00169242003809825	0.0027704147071398
rf_011_015	0.000969234203495906	0.00110129701052729	0.00193815020664101
cmobile_app_trx_lag2	0.000969026618252123	0.00214652544778757	0.00191534843950406
rf_011_018	0.000965842954350979	0.000282719790582801	7.41057431950976e-05
rf_014_023	0.000963355668320311	0.00102896070804318	0.00153911928174434
Visa_msaldopesos_rank_lag2	0.000962997883430615	0.00132211486404774	0.00221747185406869
Master_mpagominimo_rank_lag1	0.000962058817040051	0.00124090074727776	0.00212626478552088
vm_mpagominimo_rank_lag1	0.000957263748601106	0.0017485206906603	0.00202365683340459
Master_fultimo_cierre_lag2	0.000955602938224834	0.00150064854945888	0.00245118996722246
Master_mpagominimo_rank	0.000954508865346198	0.00178709975243907	0.00243408864186975
mttarjeta_visa_debitos_automaticos_rank_tend6	0.000947061642243231	0.00235471158254574	0.00100327775402594
Visa_mfinanciacion_limite_rank	0.000946891599119774	0.00115795764009947	0.00225167450477412
Master_mconsumototal_rank_tend6	0.000943512088599322	0.00195481015016092	0.00241698731651703
mrentabilidad_rank_tend6	0.000942065950786495	0.00262476982166681	0.00155622060709705
ccomisiones_otras_delta2	0.000941935022986333	0.00106468816082652	0.00216616787801055
vmr_mpagominimo_tend6	0.000941390621832076	0.00151360895037928	0.00176143651132963
rf_005_022	0.00094109145517096	0.000658063451564295	0.000228017671369531
Master_msaldopesos_rank_lag1	0.000941072901180678	0.00123725146623509	0.00204645860054154
rf_015_023	0.00093654342048844	0.00131359958759293	0.0033062562348582
Master_msaldototal_rank	0.000936076465747348	0.00146281459984002	0.0019951546244834
mcaja_ahorro_rank_delta2	0.000934901341833602	0.0022941893425253	0.00169873165170301
vmr_Master_mlimitecompra_lag2	0.000932214919447352	0.00157910875801798	0.00213196522730512
ctrx_quarter_lag2	0.000926940594673456	0.00154395763537075	0.00198945418269916
matm_rank_delta2	0.000918979544085795	0.00136840471207774	0.00115718968220037
vm_msaldopesos_rank	0.00091788346662044	0.00111829305468386	0.00149351574747043
Visa_cconsumos_lag2	0.000915438195682902	0.00132844966275209	0.00248539261792789
cliente_antiguedad_lag2	0.000915274120269813	0.00177857274666548	0.00178993872025082
mcuenta_debitos_automaticos_rank_lag2	0.000914930447851457	0.00132977800157409	0.000832264500498789
Master_mpagospesos_rank_lag1	0.000910628414672412	0.00159706127718151	0.00210916346016816
ccajas_consultas_tend6	0.000909945733756469	0.00305933914966334	0.000609947270913496
Visa_mconsumosdolares_rank_lag2	0.000902485943367935	0.00192593361223183	0.0026507054296708
rf_012_019	0.000899006856557945	0.00128111849154715	0.0026507054296708
cmobile_app_trx_tend6	0.00089845440577386	0.00291179011865548	0.00170443209348725
vmr_msaldopesos_delta2	0.000896058643909536	0.00101875123728835	0.00174433518597691
Master_mpagominimo_rank_lag2	0.000895958701720327	0.00131292895268884	0.00225737494655836
vm_mlimitecompra_rank_lag2	0.000894790609114959	0.00141061385434394	0.00227447627191107
mcuenta_corriente_rank_lag2	0.000892370624808203	0.00185424516521756	0.00110588570614223
Visa_mconsumosdolares_rank_delta1	0.000891125163390385	0.00134690006406882	0.00216616787801055
Master_msaldopesos_rank_tend6	0.000890552926478258	0.00167051369357483	0.00225737494655836
Master_msaldototal_rank_tend6	0.000887630110169954	0.00128709022995635	0.00202365683340459
vmr_mpagominimo_lag1	0.000885400564933017	0.00106931126268389	0.00160752458315519
vmr_Master_mlimitecompra_lag1	0.000881270067611279	0.00161715409660708	0.0020692603676785
Master_msaldototal_rank_lag1	0.000880767633726883	0.00120800784503737	0.00200085506626764
mcuenta_debitos_automaticos_rank_tend6	0.000880254640708351	0.00234650176472032	0.000723956106598261
vm_fechaalta	0.00087883515157649	0.00136860411049715	0.0019210488812883
thomebanking	0.000875966599616539	0.00219439692522971	0.00181844092917201
vm_mconsumosdolares_rank_lag2	0.000875767996165632	0.00107148651579346	0.000655550805187402
Visa_mconsumospesos_rank	0.000875113197422068	0.00146601534546265	0.00249109305971213
cliente_edad_lag1	0.000870431724290318	0.00194151646939842	0.0012654980761009
vm_mlimitecompra_rank_tend6	0.000868913366238275	0.00170662878858869	0.00174433518597691
vm_mlimitecompra_rank_delta2	0.000866302180035116	0.00167964675769117	0.0020407581587573
Visa_mconsumosdolares_rank_delta2	0.000865908003932891	0.00141769144024301	0.00221747185406869
vm_mpagospesos_rank_delta1	0.000860540940589149	0.00119310612430305	0.00159612369958672
vm_Fvencimiento_lag1	0.000856888580378738	0.00127012422748487	0.00183554225452473
mcomisiones_mantenimiento_rank_delta2	0.000853302108161034	0.00155374276079284	0.00123699586717971
Master_mlimitecompra_rank_delta2	0.000850512501014845	0.00156139740827775	0.00262790366253385
vm_mfinanciacion_limite_rank_lag1	0.000846633489191916	0.00123622696640381	0.0020692603676785
vm_msaldopesos_rank_lag1	0.000845492926976872	0.00106677028471231	0.00137380647000143
vm_fultimo_cierre_tend6	0.000840949969824299	0.00134645393198359	0.00127689895966937
Master_mpagominimo_rank_tend6	0.000833750887740827	0.00147093071373116	0.00183554225452473
matm_rank	0.000827091797175526	0.000684384356404126	0.000638449479834687
rf_002_021	0.000826410723216655	0.000765188103755733	0.000917771127262363
vmr_Visa_mlimitecompra_lag1	0.000825424084463688	0.00120715309378846	0.00196095197377797
Master_msaldopesos_rank_delta1	0.000824072305612027	0.00177425855170048	0.00193815020664101
mcaja_ahorro_dolares_rank_lag2	0.000822776173415301	0.000945224317516	0.000775260082656406
vm_mpagominimo_rank_tend6	0.00082133793636917	0.00147072852012888	0.00188114578879863
vmr_msaldototal_lag2	0.000820261726125967	0.00100084910978617	0.00168733076813453
mcomisiones_mantenimiento_rank_lag1	0.000819484804240257	0.00165301864396726	0.00146501353854924
Master_mconsumospesos_rank	0.000819452125342088	0.00154491100171638	0.00223457317942141
vm_mfinanciacion_limite_rank_delta2	0.000814911216214429	0.00161654200380411	0.00178993872025082
rf_015_014	0.000808637498140875	0.00106668841458963	0.00112298703149494
rf_019_016	0.000806746170948918	0.00113816489792317	0.00174433518597691
vmr_msaldototal_delta2	0.000803563163416713	0.00105178930617576	0.00145361265498076
vm_mlimitecompra_rank_delta1	0.000802908709925122	0.00216675178291097	0.00243408864186975
vmr_mpagominimo_lag2	0.0008008549122908	0.00122292722505788	0.00189824711415135
Visa_mpagosdolares_rank_lag2	0.000797817355724597	0.000854079830307309	0.00167022944278182
ccomisiones_otras_lag2	0.000796453711489133	0.00165421516509971	0.00166452900099758
Master_msaldototal_rank_delta1	0.00079446997321175	0.00142740618975237	0.00185834402166168
Visa_fultimo_cierre_tend6	0.000793129048165951	0.000735813213455754	0.00127689895966937
Master_fultimo_cierre	0.000792879963934046	0.00115539508436103	0.00188684623058287
mtarjeta_visa_consumo_rank_lag2	0.00079232406171052	0.00153123681035816	0.00198945418269916
Master_mconsumospesos_rank_lag1	0.000788384740486606	0.00123160046852987	0.00197235285734644
vm_mpagospesos_rank	0.000785647430562511	0.000725997680623709	0.000689753455892832
Visa_mpagominimo_rank_delta1	0.000783345919501957	0.00169956839175812	0.00209776257659969
Visa_fechaalta_delta1	0.000781212011323512	0.000978956375452257	0.000803762291577597
ccomisiones_otras_lag1	0.000780721524801076	0.00090668099228088	0.000712555223029785
Master_fultimo_cierre_lag1	0.00077941316067635	0.00121606403229755	0.00181274048738777
mttarjeta_visa_debitos_automaticos_rank_lag2	0.000775612704597813	0.00151706353517934	0.00143651132962805
mpagomiscuentas_rank	0.000774602109373815	0.00065018537231191	0.000353427390622773
Master_mpagospesos_rank_delta2	0.000773945372399981	0.00206408246935806	0.00193815020664101
Visa_mlimitecompra_rank_lag1	0.000773668499701046	0.00105141080706679	0.00188114578879863
ctrx_quarter_normalizado_tend6	0.000771681986611996	0.00259735592195368	0.00120279321647428
rf_010_022	0.000771346853449132	0.00111506608136398	0.000188114578879863
Visa_mpagado_rank_tend6	0.000770237832901795	0.00113061644126426	0.0012654980761009
Master_mpagospesos_rank	0.000765287788819623	0.00134105374316408	0.00150491663103891
Master_msaldopesos_rank	0.000761000561370678	0.00107512216052342	0.00178423827846658
Master_cconsumos_lag1	0.000754327405122548	0.00123178986176198	0.00230297848083226
Master_msaldopesos_rank_delta2	0.000752612062962606	0.00106957641320884	0.00201225594983611
vmr_msaldototal_lag1	0.000750658255995461	0.000901141749644202	0.00129400028502209
vmr_msaldopesos2_lag1	0.000748834810516243	0.00132759525110484	0.00210346301838392
thomebanking_delta2	0.000746503506064108	0.00127902147743484	0.000809462733361836
mcaja_ahorro_dolares_rank_delta2	0.000745479845167635	0.00184066107279142	0.000649850363403164
Master_mpagospesos_rank_lag2	0.000745405707723804	0.0013941435919229	0.0016531281174291
Visa_status	0.000743418142720546	0.00108506151734445	0.000718255664814023
vm_status02_tend6	0.000741291086379116	0.0017043644031056	0.00112868747327918
cliente_antiguedad_lag1	0.000738948523967429	0.0014965166944608	0.00131680205215904
mttarjeta_visa_debitos_automaticos_rank_delta2	0.000738937354714597	0.00152290298568132	0.00148211486390195
mpayroll_rank_delta2	0.000737697907549036	0.000974362583830263	0.000387630041328203
vmr_msaldopesos	0.000734232466526109	0.0010475832874003	0.00122559498361123
vm_msaldopesos_rank_delta2	0.000733580262470421	0.00121278771224451	0.00190964799771982
chomebanking_transacciones_tend6	0.000732226323885968	0.00148056722424326	0.00121419410004275
vmr_msaldopesos_tend6	0.000731940804847814	0.00139423052994724	0.00163602679207639
mtransferencias_emitidas_rank	0.000726709367927109	0.002418617326127	0.0011172865897107
vmr_Visa_mlimitecompra_lag2	0.000726359664616237	0.00145700192562259	0.00156192104888129
ccomisiones_mantenimiento_tend6	0.00072542953460813	0.00290930786564746	0.000404731366680918
cextraccion_autoservicio_lag2	0.000724455003377815	0.000637778548216559	0.000456035342739062
mautoservicio_rank_delta2	0.000723168637819718	0.001387412713193	0.00147641442211771
vm_mlimitecompra_rank	0.000719876629066392	0.0011206450573946	0.00176713695311387
vm_mlimitecompra_rank_lag1	0.000717905021140744	0.000702975483423114	0.00116859056576885
vmr_msaldopesos2_lag2	0.000714982687552809	0.00125360498405554	0.00167022944278182
Master_mconsumototal_rank_delta2	0.000713512456038479	0.00156887932913497	0.00145361265498076
mautoservicio_rank	0.000708274087286768	0.000875800752325696	0.000467436226307539
Master_mconsumototal_rank_lag1	0.000705290406443279	0.00118421198301441	0.00189824711415135
rf_016_018	0.000703491547081133	0.000959439206959476	0.000798061849793359
rf_009_021	0.00070074828260205	0.000973131998039239	0.00101467863759441
vmr_msaldopesos_lag1	0.00069906072412014	0.00110820534418487	0.00131680205215904
mcaja_ahorro_dolares_rank	0.00069746181614259	0.00196324465366764	0.000746757873735215
mtarjeta_master_consumo_rank_lag2	0.000697405569117628	0.00130085013154829	0.00135670514464871
mcomisiones_mantenimiento_rank_delta1	0.000695962627222232	0.00168934468385688	0.00108878438078951
Master_msaldototal_rank_lag2	0.000692262032718279	0.000896848296503525	0.00177283739489811
tcallcenter_delta1	0.00069170097329537	0.00086131700286224	0.000387630041328203
vmr_mconsumospesos_lag2	0.00069100077846693	0.00145488477051966	0.00167592988456605
rf_008_024	0.000687107626851549	0.00104013185232265	0.00224027362120564
mextraccion_autoservicio_rank_delta2	0.000684331495549162	0.0013925155676997	0.00110018526435799
Visa_Fvencimiento_tend6	0.000679795929493169	0.000790027326563571	0.00086076670941998
rf_007_023	0.000677317381208426	0.00090782160975585	0.00233718113153769
cliente_antiguedad	0.000676817369623404	0.00148403891974222	0.00128259940145361
mtransferencias_recibidas_rank_tend6	0.000675044124592018	0.00147549315750784	0.0013852073535699
mtransferencias_recibidas_rank_lag1	0.000673465419894062	0.00167534371733447	0.00115148924041613
vm_mpagominimo_rank_lag2	0.000672368342450874	0.000885603876635638	0.00156192104888129
ccallcenter_transacciones_delta2	0.000669165262081324	0.00123457877506679	0.000513039760581445
mtransferencias_recibidas_rank_delta1	0.000665825525527099	0.00120515375433751	0.00133390337751176
vmr_msaldototal_delta1	0.000665628617499837	0.000711247552844693	0.00112868747327918
vmr_mconsumospesos	0.000661574499798332	0.00104723663247753	0.000912070685478125
mttarjeta_visa_debitos_automaticos_rank_lag1	0.000661448379848534	0.00124768473448227	0.00155622060709705
ccajas_transacciones_delta2	0.000660370513320438	0.001151343741079	0.000832264500498789
mcomisiones_mantenimiento_rank_lag2	0.000658354870962171	0.00120455114425775	0.00113438791506342
mtarjeta_visa_consumo_rank_lag1	0.000656308895316807	0.00100114179416859	0.000997577312241699
vm_mpagospesos_rank_delta2	0.000655960837870101	0.00136941876262726	0.00162462590850791
vmr_msaldopesos_lag2	0.000655908462379664	0.00120949435986218	0.00185264357987744
Master_mconsumospesos_rank_delta2	0.000654615704903515	0.00118993855515005	0.00159612369958672
mextraccion_autoservicio_rank_lag2	0.000653113737695652	0.00111876593693043	0.00135100470286447
vm_mconsumospesos_rank_tend6	0.000650323341476886	0.000948489535207158	0.00144221177141228
Master_msaldototal_rank_delta2	0.000650302046668085	0.00114344178521777	0.00176143651132963
vm_msaldopesos_rank_tend6	0.000648029554516042	0.00109219069657228	0.00135670514464871
ctarjeta_visa_transacciones_lag2	0.000647576163373666	0.00126848899325725	0.00152771839817586
ctarjeta_visa_debitos_automaticos_tend6	0.000646799980633629	0.00123699893321788	0.000444634459170586
ccajas_transacciones_tend6	0.000645921784922567	0.0017068990331385	0.000501638877012969
ccaja_seguridad_lag2	0.000644630396449036	0.000799970967590135	7.98061849793359e-05
vm_mconsumospesos_rank_lag2	0.000643772319643832	0.00108020273193674	0.00151061707282314
mcaja_ahorro_dolares_rank_lag1	0.000643400429034629	0.00153067228791046	0.0010716830554368
rf_014_021	0.000641076928722064	0.000938131606281559	0.00164742767564486
Visa_mpagado_rank_delta1	0.000636906443532308	0.000741963399474406	0.000718255664814023
mtransferencias_emitidas_rank_tend6	0.000634413284420952	0.00133024082638695	0.000837964942283027
Visa_mconsumosdolares_rank_tend6	0.000633890203251434	0.000907019209408618	0.00164172723386062
vm_msaldototal_rank_delta2	0.000631053984664345	0.00119930239165432	0.00155622060709705
Visa_fultimo_cierre_delta1	0.000630264269525404	0.000766328982462748	0.000940572894399316
vm_mfinanciacion_limite_rank_lag2	0.000629522916346201	0.000930576618821549	0.00140800912070685
mtarjeta_visa_consumo_rank_delta1	0.000626850569209156	0.00123766314181369	0.00123129542539547
Visa_mpagosdolares_rank_delta1	0.000626800290251391	0.000972327742944493	0.00167022944278182
Visa_cconsumos_delta1	0.000623661569028837	0.000973003733105495	0.00157332193244977
mextraccion_autoservicio_rank_tend6	0.000619881663813886	0.00119557944317516	0.000621348154481972
mcuenta_corriente_rank_delta1	0.000617967827262536	0.0012297219227762	0.000684053014108593
Master_mconsumospesos_rank_delta1	0.000617725172635164	0.00131992539991496	0.00168733076813453
Visa_fultimo_cierre_lag2	0.000617554535419472	0.00117567460632866	0.00120849365825852
Master_fultimo_cierre_delta1	0.000615332237650474	0.000683573178660206	0.00141941000427533
vm_msaldopesos_rank_delta1	0.000615075729592355	0.000976853561988563	0.00109448482257375
vmr_mpagospesos	0.000614295446016298	0.0009173422377331	0.00115718968220037
vmr_Visa_mlimitecompra	0.000612620511179952	0.000884730133817111	0.00163602679207639
Master_mconsumosdolares_rank_delta1	0.000610914696307873	0.000888290308609473	0.00200655550805187
cliente_edad	0.000609942104695892	0.00177540434156993	0.000980475986888984
vmr_Master_mlimitecompra_tend6	0.000608315457445921	0.00164800395527551	0.00123699586717971
mtransferencias_emitidas_rank_lag2	0.000602580165044843	0.00106212756432842	0.00116289012398461
mttarjeta_visa_debitos_automaticos_rank_delta1	0.000600210166149361	0.00152329540845824	0.00119709277469004
ccallcenter_transacciones_tend6	0.000598026174292682	0.00162681547640979	0.000484537551660254
vm_mconsumototal_rank_tend6	0.000596137780380506	0.00090186933313395	0.00137950691178566
Master_fultimo_cierre_delta2	0.000590854442451331	0.00073976123946427	0.00156192104888129
mcuenta_debitos_automaticos_rank_lag1	0.000589238968919182	0.00137472720675281	0.000638449479834687
vm_msaldototal_rank_delta1	0.000586850750269482	0.00118219373036346	0.00149351574747043
vmr_mconsumosdolares	0.000584591256718407	0.000877883111320322	0.000518740202365683
vm_fultimo_cierre_delta2	0.000581161115404581	0.000620310065907895	0.000843665384067265
ccomisiones_otras	0.000581156320858783	0.000995256497442846	0.00056434373663959
mcaja_ahorro_rank_lag1	0.000579587672508745	0.00182657047755462	0.00116289012398461
vm_cconsumos_delta2	0.000577468660277726	0.00079020616602109	0.000313524298133105
vmr_msaldopesos2_tend6	0.000577354854561552	0.00123624971971487	0.00125979763431666
Visa_fultimo_cierre_delta2	0.000576917863496428	0.000663364110974926	0.000906370243693886
vm_fultimo_cierre	0.000576837339131017	0.00145008324717605	0.00107738349722103
mttarjeta_visa_debitos_automaticos_rank	0.000573579812998371	0.00104161891573475	0.00136240558643295
rf_018_015	0.000572723204711438	0.00115742234951752	0.00123699586717971
rf_012_015	0.000571977115769077	0.00136802691829529	0.000285022089211914
rf_007_016	0.000567375942565872	0.000845070564056752	0.00154481972352857
vmr_msaldopesos2_delta2	0.000566613783213411	0.000879164193265507	0.00132250249394328
mcaja_ahorro_rank_lag2	0.000562231038560101	0.00165712497659461	0.00104888128829984
Visa_fultimo_cierre	0.000561681705859247	0.00100807951643116	0.00142511044605957
Visa_msaldodolares_rank_tend6	0.000561387189592358	0.00153853484997941	0.00086076670941998
vm_status01_tend6	0.000557989660795929	0.000413993542767479	0.000450334900954824
tcallcenter_tend6	0.000556136195855694	0.000818948456802623	0.000302123414564629
vm_msaldototal_rank_lag2	0.000554461247619243	0.000873835059562049	0.00118569189112156
Visa_fultimo_cierre_lag1	0.000553674101349209	0.00081419434707505	0.000957674219752031
Master_mpagosdolares_rank	0.000550740162961394	0.000943041802155594	0.00177853783668234
Master_mpagominimo_rank_delta2	0.000549037315207489	0.000937349843265826	0.00141941000427533
Master_cconsumos_lag2	0.000547954702002464	0.000873897964238313	0.00156762149066553
mcaja_ahorro_dolares_rank_delta1	0.000547101065780631	0.00171195348134739	0.000592845945560781
vm_mpagospesos_rank_tend6	0.000545331365187975	0.00104643417988389	0.00135100470286447
vm_mconsumototal_rank_lag2	0.00054507822618209	0.000783920870789133	0.00104318084651561
vm_mfinanciacion_limite_rank_delta1	0.000544883163298655	0.000999096843602707	0.0013852073535699
vmr_mpagospesos_delta2	0.000543906090545152	0.00132188821912612	0.00100897819581018
mtarjeta_master_consumo_rank_delta2	0.000542789926032219	0.000957078217866413	0.000763859199087929
ccaja_seguridad_lag1	0.000542317239812405	0.000808778249224049	9.12070685478125e-05
rf_020_024	0.000542232985345189	0.00128282681850077	0.000723956106598261
rf_006_022	0.000536687093676261	0.000896235184895583	0.000587145503776543
vm_status04_delta1	0.00053656286903627	0.000803754574149976	0.000205215904232578
vm_Finiciomora_lag2	0.000535597673081643	0.00221684146001077	0.000324925181701582
tcallcenter_delta2	0.000534684609368319	0.00108985413267536	0.000889268918341172
ctransferencias_emitidas_tend6	0.000532852167790046	0.0017050899489854	0.000855066267635742
mplazo_fijo_dolares_rank_tend6	0.000529802492022091	0.00189319556834729	0.000250819438506484
numero_de_cliente	0.000529800729753605	0.00236981238822101	0.00100897819581018
ctarjeta_debito_transacciones_lag2	0.000529357911533007	0.00101536621858168	0.000963374661536269
matm_rank_lag1	0.00052917035999974	0.000732460692015395	0.000484537551660254
vm_status06_delta2	0.000526400383942894	0.000560004622361003	0.000193815020664101
rf_017_025	0.00052527830348565	0.000805641453205863	0.00118569189112156
rf_009_023	0.000523615913424697	0.00105792729265794	0.00127119851788514
cmobile_app_trx_lag1	0.000522160646745512	0.00184004430393486	0.00103177996294713
vmr_mconsumospesos_tend6	0.000521639983556662	0.00115740304446945	0.00107738349722103
vmr_mconsumospesos_delta2	0.000520645669243703	0.00107928424006902	0.00117999144933732
mcaja_ahorro_dolares_rank_tend6	0.000518591804926485	0.00135216851356839	0.000741057431950976
Visa_mpagado_rank_delta2	0.00051758634147875	0.00137933377262177	0.00086076670941998
ccomisiones_otras_delta1	0.000515731822929546	0.00108016767459639	0.0012654980761009
rf_005_013	0.000513724917715511	0.000761922337477281	0.000467436226307539
rf_005_021	0.000512516653628869	0.000824808727498525	0.000575744620208066
vm_mconsumospesos_rank_delta1	0.000511647306512916	0.000787640606114146	0.00112868747327918
vmr_Master_mlimitecompra_delta2	0.000508034273201479	0.0010144756001731	0.000923471569046601
mcuenta_debitos_automaticos_rank_delta2	0.000504560540806516	0.0015556931976051	0.000615647712697734
mpayroll_rank	0.000504466572337992	0.00164301400525836	0.000290722530996152
vm_msaldototal_rank_tend6	0.000502337311777831	0.00090286755302158	0.00129970072680633
Master_cconsumos	0.00050168175192558	0.000820689359392162	0.00155622060709705
mtarjeta_master_consumo_rank_lag1	0.000495466613066969	0.000370147625004601	0.000416132250249394
ctrx_quarter_tend6	0.000494913706354056	0.00149332391641552	0.000963374661536269
vmr_msaldopesos2_delta1	0.000494512377054917	0.00099858044009756	0.00152771839817586
ctrx_quarter_normalizado_lag1	0.000492893340986585	0.00126199745532633	0.000803762291577597
Visa_fechaalta_delta2	0.00049198353724771	0.000732477724344682	0.000672652130540117
Master_mconsumototal_rank_delta1	0.000490332640350836	0.000881222492788854	0.00129400028502209
mpagomiscuentas_rank_lag2	0.000487195506191848	0.00118364521397113	0.00103177996294713
vm_mconsumospesos_rank_delta2	0.000486226297244034	0.00110769787481564	0.00129970072680633
cproductos	0.000486193754924233	0.000115342071869351	2.85022089211914e-05
vmr_mpagado_tend6	0.000480776380243776	0.000779228960411305	0.00056434373663959
mpagomiscuentas_rank_delta2	0.000480533736489819	0.000913790526858972	0.000461735784523301
vm_fultimo_cierre_lag1	0.00047961992382895	0.00116265924218614	0.000974775545104746
ctarjeta_debito_transacciones_delta2	0.000472627551566142	0.000780406333234907	0.000444634459170586
vm_mpagado_rank_tend6	0.000471072336094463	0.000774283027993612	0.000456035342739062
rf_003_023	0.000470215637522958	0.000961218406166707	0.000552942853071113
mextraccion_autoservicio_rank	0.000466852884136091	0.000784833275950214	0.0007296565483825
vmr_msaldopesos_delta1	0.000463081911095882	0.000835250146185478	0.00104318084651561
mtarjeta_visa_consumo_rank_tend6	0.000463058121400427	0.000923581817357307	0.00100897819581018
minversion2_rank_lag2	0.000462537174171845	0.000825873378695018	0.000102607952116289
rf_013_017	0.00046228604647651	0.000739428821687915	0.000638449479834687
vm_mpagominimo_rank_delta1	0.000461732921829255	0.00133911216211812	0.00123699586717971
Master_mpagado_rank_delta2	0.000461525260089461	0.000731890239600285	0.000934872452615078
rf_014_020	0.000461182788837821	0.000942028509179008	0.000102607952116289
vm_msaldototal_rank_lag1	0.000459844217526477	0.000840097359013635	0.000997577312241699
rf_015_024	0.000459582729753484	0.000718975920012497	0.000592845945560781
rf_008_015	0.000455259877762494	0.000755424477730887	0.0007296565483825
cpagomiscuentas_tend6	0.000452238439325106	0.00145532160274412	0.000456035342739062
cprestamos_personales	0.000448424144499224	0.000203721679121307	3.42026507054297e-05
vm_msaldopesos_rank_lag2	0.000447898811891345	0.000895081584188011	0.00101467863759441
mpasivos_margen_rank_tend6	0.000447454280471529	0.00140387691503061	0.00113438791506342
Master_cconsumos_delta2	0.000444244121684375	0.000699148355604694	0.00120849365825852
vm_status04	0.000444067853082159	0.000542123079943913	0.000524440644149922
matm_rank_lag2	0.000442858527076115	0.000720512513020198	0.00111158614792646
vm_fechaalta_delta2	0.000442769933650235	0.000487286372504946	0.000324925181701582
vm_status05_delta2	0.000442433736911349	0.00129623606831966	0.000290722530996152
ctrx_quarter	0.00044197871599768	0.00125577859140323	0.000706854781245546
mpayroll_sobre_edad_rank_tend6	0.000441167398531595	0.00146309897704343	0.00033062562348582
rf_006_017	0.000440040136110061	0.000869238655619612	0.000684053014108593
Master_cconsumos_delta1	0.000439307985338146	0.000708502004059235	0.00146501353854924
rf_015_017	0.000438539557575518	0.000887305698911351	0.000866467151204218
vm_mconsumototal_rank_delta1	0.000438353679940919	0.000786753958432631	0.00115148924041613
rf_020_025	0.000434095874200822	0.00140062896477758	0.000672652130540117
ccallcenter_transacciones_delta1	0.000425977466540599	0.000512165563815561	9.69075103320507e-05
vmr_mconsumospesos_delta1	0.00042448227165189	0.00104996235375083	0.00100327775402594
rf_008_022	0.000422478585358757	0.001015935547699	0.000627048596266211
mtransferencias_emitidas_rank_lag1	0.000421389790551598	0.00116513368435604	0.000986176428673222
Master_mpagominimo_rank_delta1	0.00041788231309241	0.000516063877366049	0.000986176428673222
rf_019_024	0.000416123684978654	0.000554055950741314	0.000621348154481972
Master_delinquency_tend6	0.000413176071298221	0.000828328515816842	0.000786660966224882
cproductos_delta1	0.000409264407631996	0.00081809898244101	0.000108308393900527
cprestamos_personales_lag2	0.000406157328074828	0.000778439543296673	0.00013111016103748
rf_002_017	0.000406035966486472	0.000810306535052742	0.00112868747327918
cmobile_app_trx_delta1	0.000405248707968918	0.00115267432649658	0.000735356990166738
vm_fultimo_cierre_lag2	0.000404505121266592	0.00128169537027055	0.000872167592988457
mplazo_fijo_dolares_rank_delta2	0.000401269663268619	0.00104647568965573	0.000188114578879863
mtarjeta_master_descuentos_rank_delta1	0.000400246830890362	0.000519568070131321	0.000684053014108593
thomebanking_delta1	0.000399773286946402	0.000777167369364199	0.000450334900954824
vmr_Visa_mlimitecompra_tend6	0.000397372422388026	0.00158002121542547	0.000769559640872168
Master_mpagado_rank_delta1	0.000396560107973327	0.000788478951990672	0.000780960524440644
ctarjeta_visa_transacciones_lag1	0.000393103657484483	0.000949650607151196	0.000672652130540117
ctransferencias_recibidas_lag2	0.000392976360785958	0.00114115712812805	0.000615647712697734
mpagomiscuentas_rank_lag1	0.000388804033176092	0.00107233152308712	0.000769559640872168
internet_delta2	0.000384399648897093	0.00156597518637542	0.000233718113153769
vmr_mpagospesos_delta1	0.000383923234056284	0.00115309099160722	0.00115718968220037
thomebanking_tend6	0.000382128429267547	0.00215561901361882	0.00029642297278039
rf_020_015	0.000379774462061957	0.0010079169778532	0.000752458315519453
Master_Fvencimiento_delta2	0.000379137856503248	0.000826453157094109	0.00104888128829984
cprestamos_personales_delta2	0.000377242187569831	0.000986943675822359	0.000108308393900527
ctarjeta_debito_transacciones_tend6	0.000373204019782811	0.00187835160601797	0.000621348154481972
vm_mconsumospesos_rank_lag1	0.00037208436317545	0.000634075610111993	0.000872167592988457
mtransferencias_emitidas_rank_delta2	0.00037199008317118	0.0014801238873409	0.000718255664814023
vm_cconsumos_lag2	0.000366933409776418	0.000709825039870731	0.000609947270913496
mpayroll_sobre_edad_rank_delta1	0.000363103827016952	0.00107778560407736	0.000370528715975488
mtarjeta_master_consumo_rank_tend6	0.000361289346050681	0.00123694138379852	0.000570044178423828
rf_008_021	0.000359895957509859	0.000957451335595268	0.000644149921618926
mcuenta_debitos_automaticos_rank	0.000357251752804787	0.00118059232568557	0.000285022089211914
rf_017_017	0.000357078185441175	0.00106331052751777	0.000153911928174434
active_quarter	0.000355582036826002	0.000888603029489689	0.000638449479834687
rf_017_023	0.000354474033955642	0.000684864056807051	0.00036482827419125
rf_008_017	0.000351856015258114	0.00066637023872456	0.000609947270913496
Master_mpagado_rank_tend6	0.000351193845317416	0.000980302765408513	0.000849365825851504
ctarjeta_debito_tend6	0.000350235099805451	0.00221017045566542	0.000302123414564629
Visa_mpagado_rank_lag2	0.000348544995628593	0.000992847493900043	0.000706854781245546
rf_004_021	0.000345422937405199	0.000701527735433674	0.000444634459170586
mtransferencias_emitidas_rank_delta1	0.000344863318719618	0.00123487401952324	0.000547242411286875
Visa_fechaalta_tend6	0.000344488980047316	0.000807816732438642	0.000866467151204218
matm_rank_tend6	0.000337551388334717	0.00107851462434335	0.000552942853071113
Visa_mpagado_rank_lag1	0.000334935137677444	0.000891094216633625	0.000735356990166738
mpayroll_sobre_edad_rank_lag2	0.000334907005922076	0.000946920575549169	0.000518740202365683
Visa_status_tend6	0.000333807449641789	0.00108679560177764	0.000541541969502636
Visa_msaldodolares_rank_delta1	0.000326824373188872	0.000556292123163617	0.000490237993444492
ccuenta_debitos_automaticos_tend6	0.00032346775687014	0.000697875606961722	0.000210916346016816
cextraccion_autoservicio_tend6	0.000322692902746759	0.0012388547256605	0.000655550805187402
rf_003_028	0.000320770521179949	0.000481538536080905	0.000102607952116289
cpayroll_trx_tend6	0.0003195130984018	0.00103749453197314	0.000239418554938008
vm_mpagospesos_rank_lag2	0.000319040868229137	0.000516372758135214	0.000786660966224882
Master_mpagado_rank_lag1	0.000310193195131553	0.000781244548495411	0.00089496936012541
cmobile_app_trx	0.000303852282543014	0.00106241040026277	0.000404731366680918
mtarjeta_visa_descuentos_rank_delta1	0.000298550565714316	0.00073946265123765	0.000706854781245546
mextraccion_autoservicio_rank_delta1	0.000296660726214754	0.000934245204912291	0.000598546387345019
ctransferencias_recibidas_tend6	0.000296407346007822	0.00110710702017787	0.000541541969502636
Master_msaldodolares_rank_tend6	0.0002951467390032	0.000621386106821518	0.000735356990166738
mv_status07_rank_delta2	0.000292209063878989	0.000526606392854141	0.000228017671369531
vmr_mconsumosdolares_tend6	0.000291638452377643	0.00132828184728684	0.00053014108593416
vmr_mconsumosdolares_lag1	0.000290906734799038	0.000725519808845094	0.000615647712697734
ctransferencias_recibidas_delta2	0.000289714837166496	0.00129506632347175	0.00053014108593416
rf_004_016	0.000288279503802373	0.000683102360146787	0.000786660966224882
ccajas_otras_tend6	0.00028573643861217	0.0012873884263349	0.000222317229585293
vm_status05_tend6	0.000284865913941556	0.000428363760784488	0.00016531281174291
rf_013_019	0.000276812309496366	0.000746765210173266	0.000615647712697734
rf_003_018	0.000276575812145977	0.00045348383416314	0.000222317229585293
ccajeros_propios_descuentos_delta2	0.000275966209874959	0.000368733366963239	0.000473136668091777
cdescubierto_preacordado_lag2	0.000275093042503695	0.000731284625352014	0.000438934017386347
vm_Fvencimiento_delta1	0.00027302715252173	0.000305071561864937	0.000410431808465156
ccajas_extracciones_tend6	0.000272285039559727	0.00227240726608534	0.000359127832407012
matm_other_rank_delta2	0.000270309227678509	0.000742498872918786	0.000644149921618926
mcuenta_debitos_automaticos_rank_delta1	0.000269487058150586	0.00110619341334938	0.000433233575602109
ctarjeta_visa_debitos_automaticos_lag2	0.000269278861644959	0.000805560236163294	0.000513039760581445
Visa_mpagado_rank	0.000269273381005733	0.00118723663211599	0.000649850363403164
Master_mpagado_rank_lag2	0.000267207775495849	0.000749402217044322	0.000735356990166738
mautoservicio_rank_delta1	0.000266900193205361	0.00127043796717006	0.000570044178423828
mcajeros_propios_descuentos_rank_delta2	0.000264664144551864	0.000803692505416254	0.000507339318797207
mprestamos_prendarios_rank_lag1	0.000262978710615208	0.00181731688097304	0.000171013253527148
ctarjeta_master_descuentos_delta2	0.000261042297252096	0.000527075226004023	0.000461735784523301
mpagomiscuentas_rank_delta1	0.000254119979451172	0.000803489005653754	0.000387630041328203
vm_cconsumos_lag1	0.000253467093841111	0.000770370686282345	0.000438934017386347
Master_status_tend6	0.000253341917059029	0.000567495294491711	0.000678352572324355
catm_trx_tend6	0.000251678593445163	0.00104974911003308	0.000456035342739062
matm_other_rank_tend6	0.000246317903028132	0.0011917384961816	0.000359127832407012
rf_015_021	0.000243465083322704	0.000668520491927496	0.00033062562348582
matm_other_rank_lag2	0.00024146240908582	0.000660187450946781	0.00053014108593416
rf_011_025	0.000240657158879067	0.000528175874976218	0.000581445061992304
mplazo_fijo_dolares_rank_delta1	0.000234147943135871	0.00103458769852354	0.000136810602821719
ctarjeta_debito_transacciones_lag1	0.00023181998955798	0.000514956619223133	0.000353427390622773
rf_013_018	0.000229284065022352	0.000557841673280715	0.000176713695311387
ctarjeta_visa_debitos_automaticos_delta2	0.000224952479792085	0.0007738918852537	0.000290722530996152
tcuentas_lag1	0.000224504420371623	0.00134967915504876	0.000142511044605957
rf_015_015	0.000222079617342343	0.000441827895455888	0.000307823856348867
ccomisiones_mantenimiento_delta1	0.000221267782164774	0.000929621554467635	0.000114008835684766
ctarjeta_visa_descuentos_delta2	0.000217154686087336	0.000420108227351313	0.000427533133817871
rf_010_021	0.000216482048900381	0.000622992370415431	0.000427533133817871
Visa_msaldodolares_rank_delta2	0.000216416493558773	0.000573989366373462	0.000421832692033633
vm_mpagado_rank_delta2	0.000216415256695514	0.000808994288124675	0.00033062562348582
ccajas_consultas_delta1	0.000215652329088346	0.0010923117776248	0.000119709277469004
mtarjeta_master_descuentos_rank_delta2	0.000214611441297231	0.000429413417261639	0.000552942853071113
Master_msaldodolares_rank_delta2	0.000213663863343191	0.00066318670829365	0.000655550805187402
matm_rank_delta1	0.000209980784328175	0.000915930200164115	0.000393330483112441
rf_018_017	0.000209576510840083	0.000546035709010428	0.000347726948838535
rf_009_018	0.000208668949061976	0.000713737433828407	0.000478837109876015
Master_msaldodolares_rank_delta1	0.000208526197747059	0.000280779881421925	0.000444634459170586
rf_001_023	0.000208422214159696	0.000690495958449837	0.000370528715975488
ctarjeta_visa_transacciones_delta1	0.000204528122978752	0.000938139704474932	0.000193815020664101
vmr_mconsumosdolares_delta2	0.000204093550629797	0.000816476888185214	0.000450334900954824
vm_status01_lag2	0.000202352646500421	0.00157415394371078	0.000433233575602109
ctarjeta_visa_descuentos_delta1	0.000197441142771547	0.000486866833841821	0.000444634459170586
rf_020_012	0.000195662675363908	0.000568783455825295	6.27048596266211e-05
ctarjeta_debito_transacciones_delta1	0.000195187624918743	0.00133061444045669	0.000233718113153769
mcheques_emitidos_rank_lag1	0.000194836207095873	0.00178522857342905	0.000216616787801055
active_quarter_delta2	0.000194243792055194	0.000562481546235321	0.000393330483112441
vmr_mpagado_delta2	0.000193259791475471	0.000677480280828866	0.000285022089211914
vmr_msaldodolares2_tend6	0.000191812506793569	0.000757621569839364	0.000342026507054297
rf_010_016	0.000189587892298982	0.000407751272453216	0.000285022089211914
rf_014_017	0.000189185645251122	0.000481100240957	0.000456035342739062
catm_trx_other_tend6	0.00018706915167812	0.000833025990437213	0.00029642297278039
ctarjeta_master_transacciones_tend6	0.000183465287211174	0.00128586298793549	0.000370528715975488
vmr_msaldodolares_tend6	0.000182500301398121	0.00101890238614918	0.000319224739917344
rf_004_019	0.000182400383220558	0.000567624604353633	0.000370528715975488
catm_trx_delta2	0.000180149913440752	0.00104465390962528	0.000359127832407012
mpayroll_rank_lag1	0.000175423242313085	0.000645289230721858	0.000250819438506484
rf_017_018	0.000172918930127429	0.000638718905206379	0.000324925181701582
mtarjeta_master_consumo_rank	0.000170517590233626	0.000671849606976687	0.000416132250249394
vm_mconsumosdolares_rank_lag1	0.000166171651773954	0.000912536560799985	0.000433233575602109
cproductos_lag2	0.000165044794443466	0.00061240385196434	0.000216616787801055
ccuenta_debitos_automaticos	0.00016447074298924	0.000189828836542028	2.28017671369531e-05
mtarjeta_master_consumo_rank_delta1	0.000163386320703159	0.00113037203256363	0.000302123414564629
rf_005_008	0.000162076671028969	0.000622128084196907	0.000239418554938008
rf_004_015	0.000161965159121011	0.000522254606597974	0.000427533133817871
cproductos_lag1	0.00016039736622759	0.000597541342159872	0.000136810602821719
rf_007_017	0.000158094566152103	0.000420076304795501	0.000290722530996152
vm_msaldodolares_rank_lag2	0.000157336763209374	0.00150648867916417	0.000319224739917344
matm_other_rank_lag1	0.000149434737739396	0.000571523675477049	0.000285022089211914
mplazo_fijo_dolares_rank_lag2	0.000146543780101264	0.00106815369124924	0.00019951546244834
mttarjeta_master_debitos_automaticos_rank_lag2	0.000145550236586881	0.000395510017227533	0.000239418554938008
vm_mconsumosdolares_rank_delta2	0.000145406939725729	0.00051576612508197	0.000290722530996152
ctransferencias_emitidas_delta2	0.000144818736228811	0.000516558259009862	0.000102607952116289
catm_trx_lag2	0.000144527097162367	0.000642582422648568	0.000359127832407012
vmr_mpagado_lag2	0.000144354936036907	0.000512822771392578	0.000279321647427676
vmr_mpagado_lag1	0.000142564818021941	0.000659213760748109	0.000273621205643437
mtarjeta_visa_descuentos_rank_lag2	0.000142363397644133	0.00039652897893948	0.000370528715975488
ctarjeta_master_transacciones_delta2	0.000138830135761535	0.000454943415964186	0.000250819438506484
vm_status03_tend6	0.000138146950071417	0.00107397843438712	0.00016531281174291
cextraccion_autoservicio_lag1	0.000135654859118975	0.000669376470967012	0.000136810602821719
rf_012_018	0.000135092249016731	0.000401437842530088	0.000336326065270058
vm_msaldodolares_rank_tend6	0.000134539546781396	0.000649029237653508	0.000216616787801055
cpagomiscuentas_delta2	0.000133426926646831	0.000608981686060974	9.69075103320507e-05
mv_status07_rank_lag2	0.000132012324935688	0.000325869864549312	0.000307823856348867
cforex_tend6	0.000126652620492577	0.00164313667982635	0.000193815020664101
mv_status07_rank_tend6	0.000123633199692145	0.000653040481816742	0.000250819438506484
ccajas_depositos_delta2	0.000121561159698234	0.000569365924914442	0.000216616787801055
rf_006_014	0.000121487525825816	0.000118793417392064	5.70044178423828e-05
minversion2_rank	0.00011829167502273	0.00125536827423127	0.00013111016103748
vm_mpagado_rank_lag2	0.000117029142706513	0.000480548153154603	0.000233718113153769
mprestamos_prendarios_rank_lag2	0.000116788650072486	0.000917748113960309	0.000125409719253242
vmr_msaldodolares2_lag2	0.000116360396496576	0.000651212353847616	0.000228017671369531
ccomisiones_mantenimiento_delta2	0.00011517175374465	0.000746403691147177	0.000136810602821719
vm_mpagosdolares_rank_tend6	0.000113745292594297	0.000548090586393995	0.00019951546244834
vmr_mconsumosdolares_delta1	0.000111447764327274	0.000393710912138528	0.000233718113153769
vm_mpagado_rank_lag1	0.000111100827176054	0.000373391395544923	0.000182414137095625
mtarjeta_visa_descuentos_rank_lag1	0.000110521933696895	0.000239156996109521	0.000210916346016816
ccomisiones_mantenimiento	0.000107667352590929	0.000141817965681058	1.14008835684766e-05
vm_mconsumosdolares_rank_delta1	0.000107266261579445	0.000412591327523359	0.000216616787801055
cseguro_vida_lag2	0.000106225398675819	0.00115472168039727	0.000176713695311387
ctarjeta_debito_lag2	0.000104828383006026	0.000536458733281226	0.00013111016103748
mforex_sell_rank_tend6	0.000104810349237669	0.00119436129202944	0.000171013253527148
vm_mpagado_rank	0.000104377062985034	0.000556492122416723	0.000182414137095625
vmr_mpagosdolares_lag1	0.000103327980204984	0.00062415114351748	0.000159612369958672
mforex_buy_rank_tend6	0.000102675713129049	0.00181691097862263	0.000210916346016816
mv_status07_rank	0.000100619896392075	0.000426680303121489	0.000239418554938008
vmr_msaldodolares2_lag1	9.94758620785402e-05	0.000547583874597691	0.000193815020664101
ctarjeta_visa_descuentos_tend6	9.93139447568715e-05	0.00144449126178963	0.00016531281174291
catm_trx_other_lag2	9.8674505633576e-05	0.000310932146039293	0.000245118996722246
mforex_sell_rank_lag1	9.75548970714101e-05	0.000767331591048722	0.000148211486390195
rf_009_020	9.60850534317585e-05	0.000317521672110027	0.000188114578879863
ctarjeta_visa_descuentos_lag2	9.48577404461648e-05	0.000166669858243045	0.000188114578879863
mtarjeta_visa_descuentos_rank	9.28281476959279e-05	0.000341726074927044	0.000205215904232578
matm_other_rank_delta1	9.10052558139764e-05	0.000371347411537603	0.00016531281174291
cseguro_accidentes_personales	9.06366415394396e-05	0.00109003511423564	0.000136810602821719
mtarjeta_master_descuentos_rank_lag2	9.02936637292849e-05	0.000381183059237058	0.000216616787801055
vmr_mpagado	8.84425822323373e-05	0.000775804469542744	0.000193815020664101
cpagomiscuentas_lag2	8.61435127112356e-05	0.000524979857653591	0.000159612369958672
mv_status07_rank_delta1	8.30016234309334e-05	0.000462976484188446	0.000171013253527148
mttarjeta_master_debitos_automaticos_rank	8.27346593480617e-05	0.000580510580264616	0.00013111016103748
ctarjeta_debito_transacciones	7.91050695414928e-05	0.000309999834996436	0.000125409719253242
cforex_buy_tend6	7.67216391705911e-05	0.0013475670939707	0.00013111016103748
ctransferencias_emitidas_lag1	7.66605768969127e-05	0.000922807865179698	0.000142511044605957
ccajas_depositos_lag2	7.62049897275031e-05	0.000577333136540338	0.000182414137095625
mv_status07_rank_lag1	7.60237554566928e-05	0.000359987213627688	0.000210916346016816
ccajas_extracciones_delta2	7.54876992260616e-05	0.000307475706491716	0.000153911928174434
mttarjeta_master_debitos_automaticos_rank_delta1	7.51388989749488e-05	0.00058466740904613	0.000136810602821719
vmr_mpagosdolares_tend6	7.36159542888007e-05	0.000606021587397543	0.00016531281174291
ctarjeta_master_debitos_automaticos_tend6	7.32361173429408e-05	0.000721884216361546	9.69075103320507e-05
vm_cconsumos_delta1	7.28123052592698e-05	0.000362448306840121	0.000136810602821719
ccajas_otras_delta2	7.2316013144464e-05	0.000367377389790958	0.000188114578879863
minversion2_rank_lag1	7.19010862186102e-05	0.000496359483867127	6.84053014108593e-05
ctarjeta_visa_descuentos	7.01824122721419e-05	0.000424511424073795	0.000188114578879863
mttarjeta_master_debitos_automaticos_rank_lag1	6.92023428317824e-05	0.000316422825638938	0.000148211486390195
vmr_mpagado_delta1	6.82053690941884e-05	0.000746506407586991	0.000159612369958672
ctarjeta_master_transacciones_delta1	6.79889534479335e-05	0.000857841362759408	0.000119709277469004
vm_mpagado_rank_delta1	6.56385021478154e-05	0.00052156686099498	0.000119709277469004
mforex_sell_rank_delta1	6.5377842363241e-05	0.00059399185175812	0.000119709277469004
ctransferencias_emitidas_lag2	6.48873831513123e-05	0.000162943200268857	0.000102607952116289
ccomisiones_mantenimiento_lag2	6.42583485568451e-05	0.000576241473950466	0.000125409719253242
ctarjeta_master_descuentos_tend6	6.24237710745305e-05	0.000917676092285699	0.000102607952116289
mforex_sell_rank	6.11223867036433e-05	0.000325819916982444	6.84053014108593e-05
mtarjeta_visa_descuentos_rank_tend6	6.04714266204392e-05	0.000516640181378951	0.000119709277469004
rf_011_023	5.9424040801104e-05	0.000224585315939958	0.00013111016103748
ctransferencias_recibidas_delta1	5.87094891376943e-05	0.000870204273748115	0.000114008835684766
mttarjeta_master_debitos_automaticos_rank_tend6	5.69637820767341e-05	0.000454170926686024	0.000114008835684766
ctarjeta_visa_debitos_automaticos_delta1	5.55620999862804e-05	0.00028643265550505	6.27048596266211e-05
rf_019_009	5.4512309412297e-05	0.000209884978988583	0.000102607952116289
vmr_mpagosdolares_delta1	5.34035928616373e-05	0.000484288917659182	0.000108308393900527
matm_other_rank	5.30489690119649e-05	0.000573696786483861	0.000142511044605957
ccajeros_propios_descuentos_tend6	5.29197033792426e-05	0.000659842938126775	6.84053014108593e-05
cprestamos_personales_lag1	5.26871660046967e-05	0.000765356755163524	0.000108308393900527
mcajeros_propios_descuentos_rank_tend6	5.10691213360771e-05	0.000650085085330108	9.12070685478125e-05
ctransferencias_emitidas	5.09457760864872e-05	0.000630475754172103	5.70044178423828e-05
cpagomiscuentas	4.99015332235821e-05	0.000385698246136926	3.9903092489668e-05
vmr_mpagosdolares_delta2	4.90325090543169e-05	0.000340181723327627	7.98061849793359e-05
ctransferencias_emitidas_delta1	4.68460250445414e-05	0.000483925465515965	7.41057431950976e-05
cliente_edad_tend6	4.57519949021166e-05	0.00034499983490605	6.84053014108593e-05
cliente_edad_delta2	4.52558470997518e-05	0.000350550232151019	9.69075103320507e-05
ccheques_emitidos_delta1	4.37013801201186e-05	0.000332199151257527	2.85022089211914e-05
ctarjeta_master_transacciones_lag1	4.34735592835724e-05	0.000341814919945306	7.98061849793359e-05
internet_delta1	4.2811800305805e-05	0.000755020430127988	8.55066267635742e-05
ccajas_depositos_delta1	4.2082486180492e-05	0.000598581280804975	6.84053014108593e-05
vm_mpagosdolares_rank_lag2	4.00366326970888e-05	0.000206904112377631	9.12070685478125e-05
tcuentas_tend6	3.98856235838911e-05	0.000276311037086713	4.56035342739062e-05
ccomisiones_mantenimiento_lag1	3.82694977193617e-05	0.000365564622266036	6.27048596266211e-05
mpagodeservicios_rank_tend6	3.70875364622692e-05	0.000265582289274249	6.27048596266211e-05
rf_006_023	3.57900176333214e-05	0.000288838968357796	5.70044178423828e-05
ccajas_depositos	3.44868487703932e-05	0.000283635931362116	2.28017671369531e-05
rf_008_020	3.38939163347621e-05	0.000226227368323938	6.27048596266211e-05
ctransferencias_recibidas_lag1	3.33475048960374e-05	0.000382754108751401	5.70044178423828e-05
ccallcenter_transacciones_lag1	3.01635584138132e-05	0.000286810632149929	5.70044178423828e-05
catm_trx_lag1	2.89556762930809e-05	0.000383101599616712	6.84053014108593e-05
vm_status04_tend6	2.87512713913749e-05	0.000164069528351006	6.27048596266211e-05
ctarjeta_visa_debitos_automaticos_lag1	2.82762148782588e-05	0.000342716222744505	6.27048596266211e-05
ccuenta_debitos_automaticos_delta1	2.75709946034925e-05	0.000264703713662903	3.9903092489668e-05
cplazo_fijo_lag2	2.54713784097047e-05	0.000318682744054066	4.56035342739062e-05
cpayroll_trx_lag2	2.54488211882688e-05	4.40846577281523e-05	2.85022089211914e-05
cextraccion_autoservicio	2.41425642982412e-05	0.000274569899388335	3.9903092489668e-05
cliente_edad_delta1	2.03274771735098e-05	7.36740717828995e-05	3.9903092489668e-05
ctarjeta_debito	1.92564319446979e-05	0.000212726948521587	1.71013253527148e-05
ccuenta_debitos_automaticos_lag2	1.92519759200197e-05	6.22296787851108e-05	5.13039760581445e-05
ccuenta_debitos_automaticos_delta2	1.63718587281063e-05	0.000320648645803349	3.42026507054297e-05
active_quarter_delta1	1.35447992747708e-05	7.2877026692575e-05	2.85022089211914e-05
ctransferencias_recibidas	1.32022213516567e-05	0.000423009810036823	3.42026507054297e-05
cseguro_vida_tend6	9.99314338415754e-06	0.000317816315732779	3.42026507054297e-05
ccuenta_debitos_automaticos_lag1	8.95041472466954e-06	0.000285242430064869	2.85022089211914e-05
catm_trx_other_lag1	7.63975664850222e-06	9.80733798281586e-05	1.71013253527148e-05
cprestamos_prendarios	6.13874426051217e-06	0.000140202611212004	1.14008835684766e-05
ctarjeta_visa_debitos_automaticos	5.89266872772327e-06	7.32016075076018e-05	1.14008835684766e-05
cseguro_vida	3.8144049417877e-06	0.000338574649914377	2.85022089211914e-05
catm_trx	2.35130135799144e-06	0.000140972932264198	1.14008835684766e-05
