Feature	Gain	Cover	Frequency
mcaja_ahorro_rank	0.0734639788715993	0.00174859435512938	0.0007141952056767
cdescubierto_preacordado_tend6	0.0285599844771489	0.00247020638491638	0.000270703021506491
Visa_mfinanciacion_limite_rank	0.0281665997863319	0.00135299940364757	0.00216562417205193
rf_001_025	0.0216985023586108	0.00123691366442061	0.00232689405720473
Visa_status	0.019956349272794	0.0024250599448544	0.000737233760698529
mtarjeta_visa_consumo_rank_delta2	0.0185493024819687	0.0018455983029942	0.00268975129879854
rf_018_015	0.017797398101428	0.00106134314718261	0.000408934351637465
mpayroll_rank	0.0155667445943238	0.00137348142548754	0.000391655435371094
rf_011_015	0.0138570059717495	0.000903427644551119	0.00152054463144072
Visa_msaldopesos_rank_lag2	0.0127160009235593	0.00106196067107264	0.00188340187303452
ctrx_quarter_normalizado_lag2	0.0122415177644587	0.0018794832162416	0.00179700729170266
rf_002_024	0.0114557064548995	0.00112868108919969	0.00209074886823098
rf_018_026	0.0101622606528303	0.00153862307800661	0.00295469468154957
Visa_cconsumos	0.00959209000069572	0.00160047553619626	0.00264367418875488
rf_002_015	0.00941229244916707	0.00124026906648231	0.00100793678220502
rf_005_020	0.00923934959080573	0.00181973869595142	0.00335210975567612
ccomisiones_otras_lag2	0.00690321765878458	0.00171443633419785	0.00211378742325281
mcuentas_saldo_rank_tend6	0.0064637626247019	0.00290628085119451	0.00171061271037081
rf_006_021	0.0062330861728939	0.00176243403429921	0.0044061236479248
ctrx_quarter_normalizado_lag1	0.00606420591768484	0.000986399762482634	0.000910022923362247
cdescubierto_preacordado_delta1	0.00592842548575095	0.00139055537449815	0.000155510246397346
cextraccion_autoservicio	0.00566806744207539	0.000184754738501484	2.87981937772863e-05
ccomisiones_mantenimiento_tend6	0.00519617520474735	0.00257353770531524	0.000385895796615636
vmr_mpagominimo_lag1	0.00511871497699596	0.00167031315165201	0.00263215491124397
rf_006_022	0.00510291894544076	0.000778413841142415	0.000472290377947495
mprestamos_personales_rank_delta1	0.00472051850766731	0.00442735889579712	0.000760272315720358
rf_014_021	0.00444981845065679	0.00154131941006725	0.00235569225098202
rf_018_020	0.00441096835705517	0.000618569792290085	0.000207346995196461
rf_020_027	0.00402055918865543	0.000859942310801147	0.000886984368340418
rf_009_023	0.00379502105164697	0.00114228298542445	0.0014283904113534
mprestamos_personales_rank	0.00374427504323736	0.00355276586036187	0.000575963875545726
mprestamos_personales_rank_delta2	0.00364969912886348	0.00271236071371588	0.000691156650654871
rf_001_017	0.00362709925196573	0.00110435270414849	0.00235569225098202
rf_019_024	0.0035855177208084	0.000956968376170498	0.000800589787008559
rf_005_019	0.00346973221556695	0.000955942192500599	0.00162421812903895
ctarjeta_visa_transacciones	0.00345932620065352	0.00169606884069375	0.000575963875545726
rf_017_026	0.0034135844334297	0.00105697062989149	0.00160117957401712
mrentabilidad_annual_rank_delta2	0.00340059392228139	0.00421871770054721	0.00851274608056583
cprestamos_personales	0.00326820865371015	0.000623846438369102	6.33560263100298e-05
mprestamos_personales_rank_lag2	0.00326453524961958	0.00303279213356045	0.000863945813318589
vm_mconsumospesos_rank	0.00318207329944508	0.00117193051168853	0.000956100033405905
rf_012_014	0.00310182836244072	0.000551196551895679	0.000512607849235696
mcuenta_corriente_rank_tend6	0.00306350365928535	0.00330131427113388	0.00203315248067641
Visa_mpagominimo_rank	0.00304779008216429	0.00190645829418653	0.00263215491124397
mcomisiones_otras_rank_delta2	0.00301674656363095	0.00314417182669131	0.00670421951135225
rf_012_015	0.00301062909205096	0.000731796389315745	0.000328299409061064
Master_status	0.00297462713086812	0.00224158846976564	0.0012268030549124
rf_019_016	0.00293231519862011	0.000724800693807949	0.00126136088744514
mactivos_margen_rank_lag1	0.0028251148049587	0.00309396872931711	0.00270127057630945
mcomisiones_rank_delta2	0.0027707367286158	0.00284135935858532	0.00611097671954015
rf_011_028	0.00275394116167534	0.000811812511992731	0.000380136157860179
Visa_mconsumospesos_rank_tend6	0.00273543616565066	0.00252025120637016	0.00481505799956227
mpayroll_sobre_edad_rank_lag1	0.00272499385380203	0.00152334758000244	0.000443492184170209
mcuentas_saldo_rank_delta2	0.00272442171343676	0.00257121589457395	0.0036112934996717
mrentabilidad_annual_rank_lag2	0.00267292905680528	0.00353242553290436	0.00505696282729147
mtarjeta_visa_consumo_rank	0.00261798681846064	0.00114623034048298	0.00120952413864602
rf_012_022	0.002589632344916	0.00116554179537254	0.00206771031320916
mcomisiones_mantenimiento_rank_tend6	0.00258080769907124	0.0022585368050586	0.00114040847358054
mrentabilidad_rank_delta2	0.00255736521833455	0.00320423266156661	0.00493601041342687
mcuentas_saldo_rank_delta1	0.00255503135237527	0.00280400924660591	0.00216562417205193
foto_mes	0.00249482983084699	0.00340064857094555	0.000581723514301183
mpasivos_margen_rank_delta2	0.00249415917472928	0.0027274317500214	0.00641047793482393
mpasivos_margen_rank_lag1	0.0024649678049854	0.00127898661492805	0.00188340187303452
mrentabilidad_rank_delta1	0.00237745826280653	0.00316329716765713	0.00548317609519531
rf_010_023	0.00235881091837673	0.00179205936397352	0.00495328932969324
Visa_mpagospesos_rank_tend6	0.00233636023797532	0.00257941621640742	0.00431972906659294
ctrx_quarter_delta1	0.00230293892983892	0.00230322850500946	0.00116344702860237
Master_fechaalta_tend6	0.00228747787475696	0.00146411410851193	0.00207922959072007
Visa_mpagominimo_rank_lag1	0.00226592832007814	0.00231222906399153	0.00321387842554515
mcomisiones_otras_rank_lag2	0.00226472588202737	0.00296414127116688	0.00557533031528263
mprestamos_personales_rank_lag1	0.0022216969161491	0.00213101312621569	0.000616281346833927
vm_msaldototal_rank	0.00221805221513264	0.00110356237901622	0.00149750607641889
rf_007_017	0.00218847956634545	0.00060767891161825	0.000374376519104722
mactivos_margen_rank_delta1	0.00217797359732012	0.00354250062299771	0.00487265438711684
Visa_mpagospesos_rank_delta2	0.00217678724889239	0.00239877599279314	0.00502240499475873
mcomisiones_mantenimiento_rank	0.00212517115362853	0.00192020396737164	0.00129015908122243
ccaja_ahorro_tend6	0.00212170502799976	0.00415911012952528	0.000403174712882008
mprestamos_personales_rank_tend6	0.0021069806649698	0.00292579181177456	0.000564444598034811
Visa_Fvencimiento_lag1	0.00209025355315131	0.00214852863446464	0.00349610072456256
Master_mlimitecompra_rank_tend6	0.00206201420399865	0.00269856200069868	0.00540830079137437
ctrx_quarter_lag1	0.00204558037542813	0.00120437491371087	0.00102521569847139
Master_delinquency_tend6	0.00202790558146642	0.00119485584555514	0.000846666897052217
rf_014_022	0.00202022299545815	0.00162885798865207	0.0036112934996717
chomebanking_transacciones_delta2	0.00199100862548475	0.0027027174817385	0.00421605556899471
mtarjeta_visa_consumo_rank_tend6	0.00195435080218204	0.00135548673978931	0.00139959221757611
ctarjeta_debito_transacciones_tend6	0.00193317689301456	0.00239536475655432	0.000691156650654871
mcuenta_debitos_automaticos_rank	0.00191993076560773	0.00194374719419272	0.000639319901855756
Master_mfinanciacion_limite_rank	0.00191981747373969	0.0022986216318002	0.00444068148045755
Master_fechaalta_lag1	0.00190790793908331	0.00304729030277293	0.00449827786801212
vm_mpagospesos_rank	0.00190665074477455	0.000774235188128236	0.000858186174563131
internet	0.00190224992819487	0.00155906985419275	0.000178548801419175
vm_fechaalta_lag1	0.00189112752278474	0.00180859047191931	0.00247088502609116
mcomisiones_rank_delta1	0.00187954536033176	0.00222690252583945	0.00385319832740091
vm_msaldototal_rank_lag1	0.00186466254948136	0.00108962318425686	0.00107705244727051
mrentabilidad_annual_rank_delta1	0.00185458868775248	0.00253043880839362	0.00427941159530474
vm_msaldopesos_rank_lag2	0.0018403674953866	0.00106672352673045	0.00135927474628791
mcuenta_corriente_rank	0.00183498999426223	0.00243669304047283	0.00119224522237965
mcuenta_corriente_rank_lag2	0.00183270459009997	0.00243100283132927	0.00172789162663718
mrentabilidad_rank	0.00182104495872418	0.00224807016395826	0.00233841333471565
ctrx_quarter_normalizado_delta2	0.00179589687788319	0.00178145245202499	0.0022635380308947
mtransferencias_recibidas_rank_lag1	0.00179422025603462	0.00170368374724329	0.00110009100229234
Master_Fvencimiento_tend6	0.00177788645578299	0.0013850592405255	0.00191795970556727
Visa_msaldototal_rank_lag2	0.00176408155165989	0.00148189175795886	0.00256879888493394
chomebanking_transacciones_delta1	0.00175297959190463	0.00340059761369136	0.00311020492794692
cdescubierto_preacordado	0.00174602510314635	0.00138319617688066	0.00054716568176844
mactivos_margen_rank_delta2	0.00172557033515982	0.00338152837052012	0.00469410558569767
mcomisiones_rank_lag2	0.00172382604840967	0.00171963231333542	0.00313324348296875
mactivos_margen_rank_lag2	0.00170160117924332	0.00302038750873436	0.00406054532259737
mcomisiones_otras_rank_delta1	0.00169644384392729	0.0022708279952935	0.00393959290873276
mcomisiones_mantenimiento_rank_delta1	0.00169065196957568	0.00243142443472621	0.000984898227183191
mcuenta_corriente_rank_lag1	0.00168180762043288	0.00245415521891049	0.00167605487783806
mcuenta_corriente_rank_delta2	0.0016801255621492	0.00147363562831	0.00106553316975959
mcomisiones_rank_lag1	0.00166641303477536	0.00214877561765891	0.00326571517434427
Visa_msaldopesos_rank_delta2	0.00165237101177176	0.0019287372380517	0.00344426397576344
mcuentas_saldo_rank_lag2	0.00162992775394263	0.00300614713103183	0.0023441729734711
vm_mpagospesos_rank_delta2	0.00162189526451163	0.00136065169115234	0.00189492115054544
Visa_msaldototal_rank_lag1	0.00161828953175435	0.00187912213941249	0.00266671274377671
mpasivos_margen_rank_delta1	0.00161394349473429	0.00265586646484606	0.00469986522445312
Visa_msaldototal_rank	0.0016060140503607	0.00179403913106601	0.00270703021506491
Visa_status_tend6	0.00160595509560038	0.00072929073176083	0.00054716568176844
Master_Fvencimiento_lag2	0.00158418798149057	0.00222835308088957	0.00402598749006462
mcomisiones_rank	0.00158039373053281	0.00202698182238664	0.00334635011692067
chomebanking_transacciones_lag2	0.00157709057465826	0.00247747155018742	0.00409510315513011
Master_fechaalta_lag2	0.00157327371595577	0.00234397522245889	0.00379560193984633
ctrx_quarter_delta2	0.00157032293493868	0.00253168532353301	0.00271278985382037
Visa_mpagospesos_rank	0.00155436106375934	0.00152740230645069	0.00306412781790326
mrentabilidad_annual_rank	0.00154666593539026	0.00190589660447362	0.00195827717685547
Visa_msaldopesos_rank	0.00154052322228445	0.0018999733574992	0.00267823202128763
cprestamos_personales_delta2	0.00153592327295588	0.00130349763415258	0.000167029523908261
rf_002_017	0.00153191153079449	0.000969123645245224	0.00115768738984691
mcaja_ahorro_dolares_rank	0.00151673812662356	0.00203630352015328	0.000846666897052217
vm_status04_delta2	0.00151640050744233	0.000704948374984472	0.000218866272707376
mcomisiones_otras_rank	0.00151168258145037	0.00197102862198295	0.00311020492794692
mrentabilidad_rank_lag2	0.00151160938159872	0.0017660458043366	0.00267823202128763
Master_mlimitecompra_rank	0.00150161715979433	0.00184833138332817	0.00388199652117819
cdescubierto_preacordado_delta2	0.00149682477661058	0.000915319348893611	0.000138231330130974
rf_019_021	0.00148959866422269	0.00116976252173266	0.00235569225098202
internet_tend6	0.0014848032616978	0.00258755543171466	0.000403174712882008
matm_rank	0.00148434386044762	0.001137634065231	0.000725714483187615
Master_mlimitecompra_rank_delta1	0.00147627316359798	0.0027398131237879	0.00460771100436581
Visa_mpagospesos_rank_lag2	0.00147190666551276	0.00161667654236399	0.00324267661932244
mcomisiones_rank_tend6	0.00147043347444564	0.00190517782511884	0.00268975129879854
vm_status02	0.00146830523105166	0.00129162351309439	0.000956100033405905
Visa_mfinanciacion_limite_rank_lag2	0.00146656988724891	0.00180058891764745	0.00306412781790326
vm_Fvencimiento	0.00146232943877958	0.00200110840178918	0.00283950190644043
mtransferencias_recibidas_rank	0.00146042721122355	0.00234922181614795	0.00129015908122243
mrentabilidad_rank_lag1	0.00145770706615261	0.00217466564615608	0.00287405973897317
internet_lag1	0.00145693796699346	0.00153538828093091	0.000218866272707376
Master_mfinanciacion_limite_rank_lag1	0.0014465908835952	0.00182152881664626	0.00354793747336167
Master_fechaalta	0.00144567367133906	0.00205360151763951	0.00374376519104722
Visa_mpagospesos_rank_delta1	0.0014455273983005	0.00203258411510872	0.0041239013489074
Visa_mfinanciacion_limite_rank_tend6	0.00143968834256729	0.00208380772837751	0.00312172420545783
Master_mfinanciacion_limite_rank_lag2	0.00143484096289902	0.00198172582291006	0.00375528446855813
mcomisiones_otras_rank_tend6	0.00143192629589407	0.00187967367985336	0.00257455852368939
mtransferencias_recibidas_rank_lag2	0.00143007022817189	0.00217641909766283	0.00321387842554515
Visa_fechaalta_tend6	0.00142788557501548	0.000642580360136669	0.000552925320523897
chomebanking_transacciones_lag1	0.00141986499035156	0.00178239823237089	0.00239600972227022
Visa_msaldopesos_rank_lag1	0.00140780612455646	0.00164418758095815	0.00271854949257583
mpasivos_margen_rank	0.0014060299287685	0.00218232644850467	0.00144566932761977
vm_mpagominimo_rank_delta1	0.00140504434438061	0.00107284633211885	0.00135351510753246
tcallcenter_delta2	0.0014005660952282	0.00133471249799968	0.000823628342030388
Master_mfinanciacion_limite_rank_delta1	0.00139931486773419	0.00196931576756438	0.00458467244934398
Visa_fechaalta	0.00139640077715582	0.0019716692387621	0.00260335671746668
Visa_mlimitecompra_rank_delta1	0.00139602016046375	0.00217998710720257	0.0042045362914838
Visa_mconsumospesos_rank_delta2	0.00139111915807613	0.00188478933475217	0.00392231399246639
vm_status01_tend6	0.00138579521179598	0.000685037612171061	0.00054716568176844
thomebanking	0.00138012670923391	0.0028723358331672	0.00154358318646255
Visa_mfinanciacion_limite_rank_delta1	0.00137403573988929	0.00195015386285744	0.004043266406331
Visa_mpagospesos_rank_lag1	0.00136364573995331	0.00223333882510619	0.00376680374606905
Visa_mfinanciacion_limite_rank_lag1	0.00134323159693695	0.00186584067020517	0.00274158804759766
vmr_Master_mlimitecompra	0.00134285631376805	0.00208577405097976	0.00279918443515223
rf_019_018	0.00134104480456961	0.00167248728389461	0.00203891211943187
Visa_mpagado_rank_delta1	0.00133846294482512	0.00125320701578308	0.000973378949672277
rf_006_017	0.00132875015209883	0.000645134127877254	0.000656598818122127
ctrx_quarter_normalizado	0.00132512032268627	0.00104464567026051	0.000512607849235696
Visa_mconsumototal_rank_delta1	0.00132418563941388	0.00207420351178358	0.0036516109709599
mcuentas_saldo_rank	0.00131671617394297	0.00267554838134616	0.00094458075589499
vm_status06_delta2	0.00131515025666904	0.00088423563473074	0.000236145188973748
ctrx_quarter_tend6	0.00131415592546479	0.00216679898493632	0.001549342825218
mpayroll_rank_lag2	0.00131106056300833	0.000908099051313538	0.000449251822925666
Master_Fvencimiento	0.00131026339677422	0.00201168502409205	0.00343274469825253
cprestamos_personales_tend6	0.00130365980119632	0.00233982749177227	0.00029374157652832
Master_mlimitecompra_rank_lag1	0.00129392397582614	0.00156542849175704	0.00346154289202981
mactivos_margen_rank	0.0012925145672973	0.00306966335806979	0.00193523862183364
rf_003_019	0.00127938767466299	0.00082782953953811	0.000155510246397346
Visa_mconsumospesos_rank_lag2	0.00127671902456784	0.00163208490356584	0.00327723445185518
Master_mlimitecompra_rank_delta2	0.00127510475897908	0.00176898152740878	0.00383015977237908
mrentabilidad_annual_rank_lag1	0.00127434175105899	0.0022210586277192	0.00258607780120031
thomebanking_lag1	0.00127252296673389	0.00162250952672156	0.00311020492794692
Visa_mconsumospesos_rank_lag1	0.00126714023390273	0.00192422228824925	0.00343274469825253
cproductos_tend6	0.00126616506588897	0.00189661089048969	0.000316780131550149
internet_lag2	0.0012597413026136	0.00147832279939628	0.000345578325327435
Visa_mfinanciacion_limite_rank_delta2	0.00125952792416837	0.00170371416869768	0.00334059047816521
Visa_mlimitecompra_rank_delta2	0.00125936018595753	0.00214189314584835	0.00366313024847082
vmr_mpagospesos	0.00125554752288941	0.00137641179712537	0.00164149704530532
Visa_cconsumos_lag1	0.00124437699728645	0.00158048062669098	0.00262063563373305
Master_mfinanciacion_limite_rank_tend6	0.00123652797397077	0.00161266620909529	0.00315052239923512
Master_mlimitecompra_rank_lag2	0.0012364023458459	0.0015946811454342	0.00308140673416963
mpasivos_margen_rank_lag2	0.001236040641126	0.00212597990449529	0.00350186036331801
mcaja_ahorro_rank_tend6	0.0012223311224069	0.00256933197878836	0.00184884404050178
mcomisiones_otras_rank_lag1	0.001221572430243	0.00199963662553387	0.00278766515764131
vmr_msaldototal_lag2	0.00121763703861439	0.00105160554015607	0.00170485307161535
vmr_mpagominimo_lag2	0.00121115773319096	0.00130113997143731	0.00191220006681181
ctrx_quarter_normalizado_delta1	0.00119820219561712	0.00165775815942917	0.00103673497598231
Visa_mlimitecompra_rank	0.00119142416585982	0.00194752298701106	0.00274158804759766
Master_mpagominimo_rank_lag2	0.00118858597592132	0.00133048307226352	0.00202739284192095
Visa_cconsumos_delta2	0.0011864136105891	0.00154368582488206	0.00206771031320916
mactivos_margen_rank_tend6	0.00118265299610132	0.00187404426089509	0.00165301632281623
vmr_msaldopesos	0.00118133956626823	0.00123357829728555	0.00159541993526166
Master_Fvencimiento_lag1	0.00118026275348375	0.001650507203139	0.00304108926288143
mpayroll_sobre_edad_rank_tend6	0.00117915953592084	0.00130076898259187	0.000524127126746611
Visa_mconsumosdolares_rank_lag2	0.00117812998176078	0.00217851635905534	0.00316780131550149
Master_msaldototal_rank_lag2	0.00117574021704625	0.00144226240945726	0.00267823202128763
chomebanking_transacciones	0.00116768664931463	0.00237697250937112	0.00201011392565458
ccomisiones_otras_delta2	0.00116462052351931	0.00135340337103672	0.00219442236582922
vm_Fvencimiento_lag1	0.00113884259543567	0.00183821714604264	0.00237873080600385
Visa_fechaalta_lag1	0.00113629429391259	0.00154694316125022	0.00247088502609116
Master_fultimo_cierre_lag2	0.00113530738122531	0.00144059985324924	0.00237873080600385
Visa_mlimitecompra_rank_lag1	0.00113512398666897	0.00153919541786474	0.00233841333471565
Visa_mlimitecompra_rank_lag2	0.00113427354948894	0.00157957085648953	0.00259759707871122
Visa_mpagominimo_rank_lag2	0.00113369612272552	0.00161561192326904	0.00238449044475931
vmr_Master_mlimitecompra_lag1	0.00113309003978023	0.00151442745070611	0.00253424105240119
ctrx_quarter_lag2	0.00112858874814299	0.00161178744030663	0.00184308440174632
rf_004_026	0.00112260165754934	0.000837375074886401	0.000702675928165786
rf_012_019	0.00112069480697694	0.00114983596823365	0.00253424105240119
ccaja_seguridad_lag2	0.00111208942515316	0.000955309378798133	0.000132471691375517
Visa_msaldopesos_rank_tend6	0.00110622403663362	0.0017364885670511	0.00226929766965016
Visa_mpagominimo_rank_tend6	0.00110356214704756	0.00131428401686497	0.00198707537063275
Master_mpagospesos_rank	0.00109379282567207	0.00151052327618683	0.0023038555021829
Visa_mconsumosdolares_rank_tend6	0.00108757109040011	0.00173889752972325	0.0026148759949776
rf_020_026	0.00107928598463991	0.00150302088156739	0.0033290712006543
Visa_mconsumospesos_rank_delta1	0.00107427734493263	0.00181956072780706	0.00341546578198615
Visa_mconsumospesos_rank	0.00107359514409006	0.00186187752446104	0.00270127057630945
Visa_mpagominimo_rank_delta1	0.0010666561730649	0.00151168097860539	0.00228081694716107
Visa_cconsumos_tend6	0.0010652161517771	0.0019574724897485	0.00286254046146226
vm_mpagominimo_rank_lag1	0.00106371194453867	0.00196126438959339	0.00209074886823098
Visa_cconsumos_lag2	0.00105823120324511	0.00172808984672044	0.00323115734181152
Master_mpagominimo_rank_lag1	0.00104332339890252	0.00136208872262698	0.00248816394235754
vm_Fvencimiento_lag2	0.00104029379071081	0.00147845155016165	0.00249968321986845
vmr_mpagominimo_delta2	0.00103794173839429	0.0014704359450794	0.00171061271037081
Visa_Fvencimiento_lag2	0.00103490600574414	0.00185727376193776	0.00252272177489028
Visa_Fvencimiento	0.00102339232726999	0.00185221038238043	0.00246512538733571
Visa_msaldopesos_rank_delta1	0.00102319289095734	0.00167389942988143	0.00241328863853659
Master_mconsumospesos_rank_tend6	0.00102296877759406	0.00240046232729566	0.00295469468154957
rf_007_023	0.00102143290110692	0.00127930648834883	0.0029777332365714
Master_mfinanciacion_limite_rank_delta2	0.00101673783831286	0.00167718183626964	0.00326571517434427
Visa_fechaalta_lag2	0.00101304429189379	0.00160551851176252	0.00219442236582922
vm_mfinanciacion_limite_rank_delta2	0.00101267200101814	0.00220625155157211	0.00248240430360208
vm_fultimo_cierre_tend6	0.00101177018883149	0.00196039060317464	0.00185460367925724
vmr_mpagominimo_tend6	0.00100336884929302	0.00145299997021684	0.00187188259552361
rf_008_024	0.00100235210393558	0.00138266388051406	0.00254000069115665
vm_fechaalta	0.00100091335171727	0.00163425518699359	0.00184308440174632
Visa_mconsumototal_rank_tend6	0.000999069297084841	0.00137746676782143	0.00283950190644043
vm_mpagospesos_rank_tend6	0.000997219215858025	0.00107326461393585	0.00126136088744514
vm_Finiciomora	0.000996157316723393	0.00356201817401416	0.000385895796615636
ccajas_consultas_tend6	0.000993380107370453	0.00231967570351909	0.000489569294213867
Visa_mlimitecompra_rank_tend6	0.000990636553970063	0.00120905929045211	0.00228657658591653
Master_fultimo_cierre	0.000982000071142345	0.00126665488032846	0.0021022681457419
mttarjeta_visa_debitos_automaticos_rank_delta2	0.000981735175083873	0.001353945025823	0.0011864855836242
cliente_antiguedad_lag2	0.000975093751777371	0.00199860830656258	0.00183732476299087
ccaja_ahorro	0.000972819586399656	0.00135957312669399	0.000109433136353688
mcuenta_debitos_automaticos_rank_lag2	0.000971254961346057	0.00187330924270504	0.000915782562117704
vm_fechaalta_lag2	0.000970356536819282	0.00146053131003293	0.00205619103569824
vmr_Visa_mlimitecompra	0.000969755154714386	0.00124622558197964	0.00224625911462833
Master_mconsumospesos_rank	0.000968628234112141	0.00152231330327665	0.00203891211943187
ccaja_seguridad_lag1	0.000966870546028892	0.000868222508723706	0.000109433136353688
vmr_mconsumospesos_tend6	0.000963858620168203	0.00148418385901289	0.00126136088744514
mpayroll_sobre_edad_rank	0.000963065120703457	0.000817843842123996	0.000316780131550149
mcaja_ahorro_dolares_rank_lag2	0.000960489817484864	0.00141737106932935	0.00114616811233599
Master_cconsumos_tend6	0.000953534215354881	0.0019655857123746	0.00256303924617848
vm_status06_tend6	0.000953163123419875	0.000400242448140999	0.000115192775109145
ctarjeta_visa_transacciones_lag2	0.000952938364071751	0.00146536289076144	0.00166453560032715
Visa_msaldototal_rank_delta2	0.000943806582016111	0.0012239303992792	0.00222898019836196
cliente_edad_lag2	0.0009422595862042	0.00184904154239214	0.00129015908122243
mpayroll_rank_delta2	0.000942119017163087	0.00111044392816569	0.000489569294213867
mttarjeta_visa_debitos_automaticos_rank_delta1	0.000933783973012421	0.00114030031853995	0.00090426328460679
mextraccion_autoservicio_rank	0.00093208901030027	0.000744152218550786	0.000604762069323012
Master_mpagominimo_rank	0.000930655725101146	0.00186735720870446	0.00236145188973748
vmr_mpagominimo_delta1	0.000928603398234661	0.00135941577343467	0.00165877596157169
vm_mpagominimo_rank	0.000923915349517299	0.00146648007517706	0.00165301632281623
ctrx_quarter_normalizado_tend6	0.00092084750288782	0.00142547227099948	0.00127288016495605
Visa_mconsumosdolares_rank_lag1	0.000919079363778365	0.00142696228958272	0.0023038555021829
Visa_msaldototal_rank_tend6	0.000917440865035129	0.00170967872452741	0.00237873080600385
Visa_mconsumosdolares_rank	0.000907838683824965	0.00141131219117396	0.00255727960742302
Visa_mconsumosdolares_rank_delta2	0.000901670523749289	0.00138244325906536	0.00224049947587287
rf_019_019	0.000896973556404268	0.000930482124073715	0.000921542200873161
mpasivos_margen_rank_tend6	0.000894380578405772	0.00166629817871609	0.00169909343285989
rf_013_023	0.000891961703394826	0.00133374417836131	0.00201587356441004
Master_mconsumototal_rank	0.000890226861006769	0.00145709294755791	0.00218866272707376
rf_013_026	0.000886852218138693	0.00158048450186758	0.000812109064519473
vm_msaldopesos_rank_delta2	0.00088180742012839	0.00139033322406821	0.00183156512423541
vm_mfinanciacion_limite_rank_tend6	0.000881538664720461	0.00164240702957695	0.00172213198788172
Master_msaldopesos_rank_lag1	0.000880123743933713	0.00142199866287063	0.00216562417205193
mautoservicio_rank_delta2	0.000879525265008142	0.00160156509350251	0.0019409982605891
rf_004_025	0.00087438631849431	0.00104428082370179	0.00256303924617848
Visa_fultimo_cierre_delta1	0.000872234144591715	0.00119228763157798	0.0012268030549124
cliente_edad	0.000870332272844679	0.00206833636260374	0.00133623619126608
cliente_antiguedad	0.000865724152450086	0.00159797552005489	0.0016299777677944
ccomisiones_otras_tend6	0.000865692352897789	0.00191209989227125	0.00165301632281623
cliente_antiguedad_lag1	0.000865211955277177	0.0015849007532946	0.0016299777677944
mtarjeta_visa_consumo_rank_lag2	0.000865039071947762	0.00164481854933843	0.00228081694716107
Master_fultimo_cierre_lag1	0.000861520674927995	0.00156726579997646	0.00217138381080739
Visa_cconsumos_delta1	0.000852550028227891	0.00133240215461771	0.00266095310502125
mcaja_ahorro_rank_delta1	0.000851483649635052	0.00230203779768544	0.00131895727499971
ctarjeta_visa_debitos_automaticos_tend6	0.000849750863635434	0.00147067341168352	0.000570204236790269
vmr_Master_mlimitecompra_tend6	0.000845458005017672	0.00222448185855226	0.00156662174148437
vm_mconsumospesos_rank_tend6	0.000842729838037782	0.00137795448647627	0.00186036331801269
rf_007_021	0.000841916463589078	0.00132011663215811	0.00256303924617848
Master_mpagominimo_rank_delta2	0.000841448574650398	0.00102464883634781	0.0019813157318773
ccajas_transacciones_delta2	0.000839694698263873	0.00118413136022135	0.000956100033405905
mcaja_ahorro_rank_lag1	0.000837876680377898	0.00120925402466666	0.000956100033405905
vmr_msaldopesos_tend6	0.000837491467070731	0.00145463192043825	0.00162421812903895
vmr_msaldopesos_delta2	0.000837113384148979	0.00103643309021534	0.0014687078826416
Master_msaldototal_rank_delta1	0.000836978762038653	0.00149646938147249	0.0019813157318773
vm_mconsumototal_rank_delta2	0.000835774819841456	0.00124142642619818	0.00171637234912626
mtransferencias_recibidas_rank_delta2	0.000835266755683583	0.00168439854865232	0.00194675789934455
Visa_fultimo_cierre_tend6	0.000835212574568833	0.00124687371185629	0.00161269885152803
mcomisiones_mantenimiento_rank_delta2	0.000835000277360863	0.00213927352646732	0.00135351510753246
vmr_msaldopesos2_tend6	0.000834211922073254	0.00159676736125531	0.00192947898307818
cdescubierto_preacordado_lag1	0.000831749154428572	0.00119570445650686	0.000593242791812098
Master_mconsumospesos_rank_delta2	0.000830832790127603	0.0013467177687421	0.00192371934432272
vm_mpagominimo_rank_lag2	0.00083061283995683	0.00130459744617786	0.00179700729170266
mextraccion_autoservicio_rank_lag2	0.000828912552926321	0.00124035202689563	0.00157814101899529
Visa_mpagosdolares_rank_tend6	0.000826531656144605	0.00127680452143829	0.00177396873668084
mcaja_ahorro_dolares_rank_delta2	0.000826434873496631	0.00167439025922225	0.000702675928165786
rf_016_021	0.000825270230969939	0.00108555791311039	0.00150326571517434
Master_mconsumototal_rank_delta1	0.000825215208165719	0.0013549018517403	0.00215986453329647
Visa_Finiciomora_tend6	0.000822482789738565	0.00322086470863619	0.000622040985589384
vm_mfinanciacion_limite_rank_lag2	0.000818349823821781	0.00156717495740122	0.00193523862183364
mpayroll_sobre_edad_rank_delta2	0.000817435870364317	0.00144680946786581	0.000431972906659294
Master_mpagospesos_rank_lag1	0.000813595213839472	0.00172881416204179	0.00213682597827464
Master_mpagospesos_rank_tend6	0.000813125394933966	0.00150575991965586	0.00196979645436638
Master_msaldototal_rank_lag1	0.000812155327446391	0.00129362178613227	0.0020619506744537
mtarjeta_visa_consumo_rank_delta1	0.000810064540963858	0.00142262594060653	0.00114616811233599
rf_015_023	0.000809303076229613	0.00132355915978892	0.00266095310502125
Visa_mpagado_rank_delta2	0.000808893155529235	0.00112507158627242	0.000852426535807674
vmr_Master_mlimitecompra_lag2	0.000806777815680848	0.00157990791776842	0.00207922959072007
Master_fechaalta_delta1	0.000806232806325854	0.00107546149636487	0.00138231330130974
rf_011_018	0.00078910580179643	0.0003301713994282	9.79138588427734e-05
vm_msaldototal_rank_lag2	0.000786497932053286	0.00104677960084111	0.0014687078826416
rf_007_015	0.00078526890416881	0.000602165167999555	0.000431972906659294
vm_mlimitecompra_rank	0.000780290647526931	0.00111978136389443	0.00167605487783806
mplazo_fijo_dolares_rank	0.000778749805066409	0.00203499700568096	0.00023038555021829
mcomisiones_mantenimiento_rank_lag1	0.000777764304592213	0.00173064176913884	0.00145718860513069
vm_fultimo_cierre_lag2	0.000773186313209449	0.00140132789093237	0.00145718860513069
mcaja_ahorro_rank_delta2	0.000772735020917221	0.00214659623942894	0.00144566932761977
vmr_msaldopesos_lag2	0.000767500496300077	0.000901718638947403	0.00150326571517434
vm_mfinanciacion_limite_rank_lag1	0.000765928714553137	0.00104465194435596	0.00156662174148437
rf_012_013	0.000763449695964243	0.00101039894205513	0.000552925320523897
Master_mpagominimo_rank_tend6	0.000763240571150043	0.00158892218485819	0.00177396873668084
Visa_fultimo_cierre	0.00076300254106562	0.00120646750907441	0.00137079402379883
cdescubierto_preacordado_lag2	0.00076205347905318	0.000846189572668222	0.000633560263100298
mrentabilidad_rank_tend6	0.000759646764440632	0.00178462838332283	0.00128439944246697
cmobile_app_trx_tend6	0.000759244765419816	0.00227092516468768	0.0014283904113534
ccallcenter_transacciones_delta2	0.000758098328844067	0.00135828630444562	0.000524127126746611
Master_cconsumos_lag2	0.000756077606423934	0.00143807595336639	0.00223473983711742
cliente_edad_lag1	0.000754570370155626	0.00169394036699448	0.00112312955731417
cmobile_app_trx_lag1	0.000753220307094766	0.00197370391737062	0.00119224522237965
Master_msaldopesos_rank_lag2	0.000752613061929973	0.00107627507255673	0.00193523862183364
vm_mfinanciacion_limite_rank_delta1	0.000751538112169902	0.00159836712378537	0.00208498922947553
Master_msaldopesos_rank_tend6	0.00074901247803328	0.00144142373688362	0.00191220006681181
Master_msaldopesos_rank	0.000748356341322679	0.00098028512923536	0.00153206390895163
Master_mconsumospesos_rank_lag2	0.00074486197912637	0.00129334451329234	0.00192371934432272
mcuentas_saldo_rank_lag1	0.000742729091980393	0.001866596329642	0.0012671205262006
Master_cconsumos_delta2	0.000740702907612298	0.00111753650308847	0.00180276693045812
vmr_msaldototal_tend6	0.000739892844924778	0.00120261872058258	0.00152630427019617
vm_status04	0.000738189781136977	0.000663738613474059	0.000691156650654871
mcaja_ahorro_dolares_rank_delta1	0.000735524353874301	0.001906043175779	0.000852426535807674
vm_msaldototal_rank_tend6	0.000732240942000989	0.00150916899423154	0.0016702952390826
mpagomiscuentas_rank	0.000731493740503824	0.00136675527882822	0.0007141952056767
vmr_Visa_mlimitecompra_lag1	0.000729940121841703	0.000964359286967916	0.00157814101899529
ctarjeta_debito_transacciones_delta2	0.000727611770944007	0.00122260384988025	0.000800589787008559
ctarjeta_visa_transacciones_lag1	0.000725137424041642	0.000772334901698647	0.000633560263100298
vm_mlimitecompra_rank_delta1	0.00072473265271838	0.00118729495422227	0.00213682597827464
Master_mconsumototal_rank_lag2	0.000721216388506546	0.00119216802833832	0.00186036331801269
vmr_msaldototal	0.000720860067458959	0.00100079538450483	0.00115768738984691
vm_fechaalta_tend6	0.000720258803067795	0.00131008891412155	0.000668118095633042
Visa_mpagominimo_rank_delta2	0.000712207622925533	0.00129233425211677	0.00168181451659352
cproductos_delta1	0.000712113529402252	0.00123634359167261	0.000149750607641889
vm_mlimitecompra_rank_tend6	0.000711709993839611	0.00167872853260587	0.00160117957401712
rf_007_016	0.000711543999323245	0.00104810760013607	0.00168181451659352
catm_trx_other_tend6	0.000709805245214834	0.00122763683434494	0.000339818686571978
vmr_mpagominimo	0.000705043323301751	0.000872336997249162	0.00161269885152803
vmr_mconsumospesos_lag2	0.000703328037733091	0.00106375224166349	0.00184308440174632
rf_008_026	0.000703291355416443	0.000757431710627195	0.000696916289410328
Master_msaldopesos_rank_delta1	0.000702308023701557	0.00133641783932076	0.00177396873668084
vm_mconsumototal_rank_delta1	0.000699936064180109	0.000957554424136319	0.001347755468777
mcuenta_corriente_rank_delta1	0.000699572417811228	0.00130536135684106	0.000979138588427734
mrentabilidad_annual_rank_tend6	0.000698542984043442	0.00185017422751416	0.00161845849028349
mcuenta_debitos_automaticos_rank_delta2	0.00069655958367749	0.00167575595581337	0.000760272315720358
Master_Fvencimiento_delta2	0.000686415038826468	0.00108414112745635	0.00158390065775075
mtransferencias_recibidas_rank_tend6	0.000686323565799545	0.00181591033781241	0.00144566932761977
Master_mconsumototal_rank_lag1	0.000684938467973807	0.00133431005959177	0.00186036331801269
vm_msaldopesos_rank_tend6	0.000682709166860267	0.00151910096640818	0.00166453560032715
numero_de_cliente	0.000680757299773909	0.00307306489318624	0.00123256269366785
Master_cconsumos	0.000680187664159063	0.000970846121700927	0.00206771031320916
tcallcenter_delta1	0.000679808367599986	0.000993193711551564	0.000512607849235696
Visa_fultimo_cierre_lag1	0.000674428681200996	0.000922746058941517	0.00110009100229234
ccomisiones_otras	0.000665221140746359	0.00126616067668422	0.000702675928165786
Master_msaldototal_rank	0.000664583749807353	0.00144591577832916	0.00172789162663718
Visa_mconsumosdolares_rank_delta1	0.000663341663937508	0.0012676757652875	0.00200435428689913
mpayroll_rank_delta1	0.000662211120088557	0.00134547278258395	0.000466530739192038
mttarjeta_visa_debitos_automaticos_rank_lag2	0.000661960802340316	0.00129384733722739	0.00142263077259794
Master_mpagospesos_rank_delta2	0.000661614921368944	0.00131064999751432	0.00145142896637523
vm_status01	0.000661462642968042	0.00174871730631073	0.00090426328460679
Visa_Fvencimiento_tend6	0.000659297225885538	0.000900415999651686	0.000679637373143957
mautoservicio_rank_lag2	0.000657982792306714	0.00133110344322208	0.00137079402379883
ctarjeta_visa_transacciones_delta2	0.000653496671133715	0.00143662711182973	0.000639319901855756
Master_mpagominimo_rank_delta1	0.000653073734760507	0.000918460957198716	0.00147446752139706
vm_msaldopesos_rank_lag1	0.000650438375380468	0.00101795427105968	0.00112312955731417
vm_mlimitecompra_rank_lag2	0.000649885812345224	0.00103445464121013	0.00158390065775075
rf_006_015	0.000648587863350324	0.00127758061122795	0.0015896602965062
mcomisiones_mantenimiento_rank_lag2	0.000643395113076827	0.000969882257197562	0.00104249461473776
vmr_msaldopesos2_lag2	0.000641464926905436	0.00113634305146508	0.0015896602965062
vmr_mconsumospesos_delta2	0.000639143367742742	0.00156995224638251	0.00145718860513069
mtransferencias_emitidas_rank_lag1	0.000636208315200914	0.00140367342724467	0.00126136088744514
mplazo_fijo_dolares_rank_tend6	0.000636065556864004	0.00191532319562589	0.000316780131550149
vmr_Visa_mlimitecompra_lag2	0.000635472147593201	0.00125952444993905	0.00156662174148437
vm_cconsumos_delta2	0.000635452202767856	0.000711873394652388	0.000213106633951919
Master_mconsumospesos_rank_delta1	0.00063370013700907	0.00129602175944918	0.00183732476299087
vmr_msaldopesos_lag1	0.000633153232983447	0.00114696005996217	0.00125560124868968
cpayroll_trx_tend6	0.000633003121108931	0.00105831318087	0.00029374157652832
mcaja_ahorro_rank_lag2	0.000631187360792083	0.0014838560507067	0.00118072594486874
Master_mpagospesos_rank_lag2	0.000629222517051527	0.00132492451367736	0.00170485307161535
vm_mpagominimo_rank_delta2	0.000628908398611046	0.00120206488666985	0.00157238138023983
vmr_mpagospesos_delta2	0.000628874977854873	0.00156749193102998	0.00139383257882066
rf_020_017	0.000628613343053574	0.000907468425635954	0.0013880729400652
vm_mfinanciacion_limite_rank	0.000628584463898813	0.000930828754666247	0.00142263077259794
vmr_mconsumospesos	0.000628295609557181	0.0011623153022467	0.00151478499268526
vmr_msaldopesos_delta1	0.000627180838767435	0.00104961963077686	0.00129015908122243
Master_mpagosdolares_rank	0.000622998182678184	0.00142503917388147	0.00221170128209559
vm_mconsumototal_rank_tend6	0.000622582774405051	0.00135688557309462	0.00171637234912626
mttarjeta_visa_debitos_automaticos_rank_tend6	0.000622218645340811	0.00185106348827755	0.000863945813318589
Master_mconsumospesos_rank_lag1	0.000612534777480253	0.000990686999526826	0.00165301632281623
vmr_msaldopesos2_lag1	0.000611612237621501	0.000780106713357841	0.00119224522237965
Master_cconsumos_delta1	0.000606810456575684	0.000920955147394307	0.00175668982041446
Master_mconsumototal_rank_delta2	0.000605077580251945	0.00109298715388587	0.00158390065775075
matm_rank_lag2	0.000596527753303826	0.00132760458054098	0.00143990968886431
Visa_mpagosdolares_rank_delta2	0.000593324548705337	0.00115289284988848	0.00185460367925724
catm_trx_tend6	0.000592781376166313	0.00146791552494697	0.000501088571724782
vm_msaldototal_rank_delta2	0.000591536516746214	0.00105283447201117	0.00156662174148437
mpagomiscuentas_rank_lag1	0.000589411638126845	0.00126309586014396	0.000789070509497644
Master_msaldototal_rank_delta2	0.000584803781528781	0.00113241043262233	0.0015896602965062
vm_mpagominimo_rank_tend6	0.000584573792620679	0.00122078742016333	0.00144566932761977
mtransferencias_emitidas_rank_tend6	0.00058236310946256	0.00165762426812341	0.00107705244727051
mtransferencias_emitidas_rank_lag2	0.000582195232081371	0.0014883367302399	0.00115192775109145
vm_msaldopesos_rank	0.000581079655752444	0.000967424208955151	0.00110009100229234
ctransferencias_recibidas_tend6	0.000579173451788496	0.0017085984465556	0.000990657865938648
ctransferencias_emitidas_tend6	0.000574914612222639	0.00178611067791462	0.000938821117139533
vm_status02_tend6	0.000573498812782412	0.00105715445034336	0.00120952413864602
mextraccion_autoservicio_rank_delta2	0.000572431511095037	0.0013876980512573	0.00104825425349322
Master_fultimo_cierre_delta2	0.000569558909787864	0.000758612215955674	0.00140535185633157
vm_fultimo_cierre	0.000567421054171285	0.00133121313444541	0.00125560124868968
Visa_mpagado_rank_tend6	0.000566265998082774	0.00112984928359299	0.00105977353100414
thomebanking_tend6	0.000563962319728162	0.0026217839175921	0.000455011461681123
rf_009_015	0.000563151501850635	0.000905258546866362	0.00179700729170266
mtransferencias_emitidas_rank	0.000561157063600381	0.00234878716368695	0.00116344702860237
vm_mconsumospesos_rank_delta2	0.00056013582621012	0.00109234490267849	0.00114040847358054
mautoservicio_rank	0.000558176754764452	0.00156229726997969	0.000627800624344841
vmr_msaldototal_lag1	0.000556131340985291	0.000835838923248403	0.00138231330130974
rf_015_014	0.000556118539573426	0.00116103388415616	0.00112888919606962
mpagomiscuentas_rank_tend6	0.000555792072629237	0.00203194579180143	0.000639319901855756
mtarjeta_master_consumo_rank_tend6	0.000555433377215083	0.0011627114929209	0.000455011461681123
mv_status07_rank_tend6	0.000551058609906544	0.000626083627907108	0.000276462660261948
mtransferencias_recibidas_rank_delta1	0.000550787515342296	0.00115566447109448	0.00110009100229234
mttarjeta_visa_debitos_automaticos_rank_lag1	0.000544435418917112	0.000923499108565539	0.00107129280851505
Visa_mpagosdolares_rank_lag2	0.000543309742649498	0.000796227448010302	0.00167605487783806
vmr_mpagospesos_tend6	0.000538738287469694	0.000831328876730633	0.00110009100229234
vm_fultimo_cierre_lag1	0.000535697690185953	0.00121274334439586	0.00123832233242331
vmr_msaldopesos2_delta1	0.00053502548231531	0.000909562839959939	0.00138231330130974
mpagomiscuentas_rank_delta2	0.000534956929540703	0.0011665390338458	0.000639319901855756
vmr_mpagospesos_lag2	0.000534229081580522	0.00072326907639019	0.00127288016495605
Master_cconsumos_lag1	0.00053064631158696	0.000803457973947658	0.00160693921277257
Visa_fultimo_cierre_lag2	0.000523590050718322	0.00132225920939125	0.00120376449989057
vm_cconsumos_tend6	0.000521263295194647	0.0013021030978118	0.000610521708078469
mpagomiscuentas_rank_lag2	0.000520858556053956	0.00125036680131511	0.000852426535807674
ccomisiones_otras_lag1	0.000519937776833717	0.00101848387852823	0.000806349425764016
Visa_msaldototal_rank_delta1	0.000515087093083366	0.00119957420258642	0.00145718860513069
rf_006_016	0.000513376552504758	0.00083962694791669	0.000287981937772863
cproductos	0.000507846137429837	0.000283637039823573	4.60771100436581e-05
vmr_mconsumosdolares	0.000506542965478254	0.000640748746054295	0.000443492184170209
vmr_mpagado_tend6	0.000503533527502105	0.000900114500367574	0.000610521708078469
vm_mconsumospesos_rank_delta1	0.000501055042963896	0.000915933841182905	0.00109433136353688
rf_014_023	0.000499949381294411	0.000811566688715268	0.00147446752139706
vm_mlimitecompra_rank_delta2	0.000496484221072366	0.00111561633990272	0.00112888919606962
vmr_msaldototal_delta1	0.000494343348782283	0.000802414866037101	0.00107705244727051
vm_mlimitecompra_rank_lag1	0.000491168346587848	0.000660669579054515	0.00116344702860237
vmr_msaldopesos2	0.000487543077646935	0.00118216356136135	0.00124408197117877
mplazo_fijo_dolares_rank_delta2	0.00048718152900617	0.00149266635697097	0.000178548801419175
vmr_msaldopesos2_delta2	0.000485318320734545	0.00108795812368302	0.00133047655251063
Master_mpagado_rank_lag2	0.000483631310490516	0.00080342908147451	0.000852426535807674
vmr_mpagospesos_lag1	0.000481579693472227	0.000863222555526217	0.00118072594486874
mcaja_ahorro_dolares_rank_tend6	0.000480121842969585	0.00155037659407882	0.000823628342030388
Master_mpagospesos_rank_delta1	0.000479226227886288	0.000950563315572252	0.00132471691375517
vmr_mconsumospesos_lag1	0.000478562259111571	0.000710947016551227	0.00112312955731417
Master_mpagado_rank_lag1	0.000478515149333655	0.000699377083675191	0.000835147619541302
Master_msaldopesos_rank_delta2	0.000474601885723118	0.000868569455657185	0.0013074379974888
chomebanking_transacciones_tend6	0.00047065893945029	0.0013280010084709	0.00103673497598231
rf_002_021	0.000469593123508615	0.000841681186940422	0.00121528377740148
vmr_msaldototal_delta2	0.000469525285400624	0.00089610419346062	0.00119800486113511
Master_mpagado_rank_tend6	0.000460712639132135	0.00146872820483948	0.00114040847358054
mcaja_ahorro_dolares_rank_lag1	0.000456731425583263	0.00135130244536158	0.000789070509497644
rf_010_026	0.000454375954021618	0.000895731728357427	0.000408934351637465
rf_003_015	0.000452874634899476	0.000899931549853301	0.00131319763624425
mautoservicio_rank_lag1	0.000450083974956004	0.00101945127550551	0.000898503645851332
vm_msaldototal_rank_delta1	0.000448950002681392	0.000837396348815078	0.00100217714344956
vm_fultimo_cierre_delta2	0.000447810341293976	0.000656219900934106	0.000771791593231273
rf_003_027	0.000432601161993966	0.000922167286817474	0.00108281208602596
Visa_msaldodolares_rank	0.000432013874636409	0.000766959372711987	0.000512607849235696
mtransferencias_emitidas_rank_delta1	0.000429561230972804	0.00101679179716518	0.000489569294213867
ctarjeta_visa_transacciones_tend6	0.000429523587008873	0.00168358845221087	0.000564444598034811
tcallcenter_tend6	0.000429311063201571	0.000909022318728722	0.000259183743995577
ccallcenter_transacciones_tend6	0.000427994595598925	0.00178192733250973	0.000512607849235696
mcuenta_debitos_automaticos_rank_tend6	0.000427726104493983	0.00208925678027258	0.000564444598034811
rf_015_017	0.000423591532924546	0.000869555253132866	0.000771791593231273
rf_017_025	0.00042284633082683	0.000713431294730483	0.00103097533722685
ccajas_consultas_delta2	0.000418377912956265	0.000627833098790278	0.000339818686571978
Visa_fultimo_cierre_delta2	0.000415740631294519	0.000569113681338429	0.000927301839628618
matm_other_rank_lag2	0.000411253858386549	0.000883135480002765	0.000933061478384076
rf_004_016	0.000410864344163871	0.000721090541736083	0.000760272315720358
mtransferencias_emitidas_rank_delta2	0.000403941039572449	0.00131380544573585	0.000679637373143957
mpayroll_rank_tend6	0.000403735059376069	0.00129886091944734	0.000362857241593807
Visa_mpagado_rank	0.000402540779638114	0.00111266783138393	0.000789070509497644
vm_mpagospesos_rank_delta1	0.000402159748388421	0.000949108437195854	0.00116344702860237
Visa_msaldodolares_rank_tend6	0.000400655123097649	0.00153223114555766	0.000863945813318589
vm_mconsumospesos_rank_lag1	0.000392225431878274	0.000992133811209078	0.000921542200873161
vm_cconsumos_lag2	0.000391452673150427	0.000803952309400632	0.000558684959279354
mextraccion_autoservicio_rank_tend6	0.000387545316925559	0.00105163859778502	0.000691156650654871
mpayroll_sobre_edad_rank_lag2	0.000385611460152428	0.00106577471478381	0.000501088571724782
cextraccion_autoservicio_tend6	0.000384636035854399	0.000983088542706516	0.000581723514301183
vmr_mconsumospesos_delta1	0.000384186891367841	0.00148215816975961	0.00103673497598231
vm_msaldopesos_rank_delta1	0.000378459597203752	0.000915138322786765	0.000886984368340418
vm_fultimo_cierre_delta1	0.000378283263644821	0.000613543477347024	0.000742993399453986
rf_012_020	0.000377352615088554	0.00077578981934988	0.000437732545414752
ctarjeta_debito_transacciones_lag2	0.000377103108788759	0.000793353121443556	0.000858186174563131
cproductos_lag2	0.000376510929281084	0.000647645769548414	0.000207346995196461
mtarjeta_visa_consumo_rank_lag1	0.000376181570444508	0.000811053530975955	0.000973378949672277
mv_status07_rank	0.0003759242504536	0.000530106259138374	0.000305260854039235
vmr_mpagospesos_delta1	0.000371942687024962	0.00119178377953485	0.000898503645851332
ctransferencias_recibidas_delta2	0.000368829364421087	0.00135360316670642	0.000570204236790269
vmr_mconsumosdolares_lag2	0.000367915364281879	0.000997421792838692	0.000875465090829503
ccomisiones_mantenimiento_delta2	0.000366878569601168	0.000742091942687317	9.79138588427734e-05
vm_mconsumospesos_rank_lag2	0.000366839039283693	0.000739573420600563	0.000731474121943072
ccajas_transacciones_tend6	0.000362482118711945	0.00141500507630248	0.000385895796615636
mcajeros_propios_descuentos_rank_delta2	0.000360893957199414	0.000769232387862226	0.000627800624344841
mautoservicio_rank_delta1	0.000357341367192137	0.00110120070931563	0.000737233760698529
vm_status05_tend6	0.000357055971716517	0.000586435008969495	0.000138231330130974
Master_mpagado_rank_delta1	0.000356983879640321	0.00102723096932663	0.000898503645851332
rf_002_020	0.000356950828458372	0.000888315167581567	0.000270703021506491
vm_mpagospesos_rank_lag1	0.00035365001554991	0.000810740037097607	0.000956100033405905
mextraccion_autoservicio_rank_lag1	0.000352249389123166	0.00074039348178183	0.000616281346833927
rf_020_025	0.000351970770235713	0.00085893856097673	0.000950340394650448
mv_status07_rank_delta2	0.00035191235640981	0.000881929851930755	0.000368616880349265
rf_017_023	0.00034873313895568	0.00108914247782635	0.000783310870742187
mautoservicio_rank_tend6	0.00034792289492951	0.00133396255906163	0.000823628342030388
mtarjeta_visa_descuentos_rank_delta1	0.000341953371299488	0.000719125405412385	0.000719954844432157
matm_other_rank_delta2	0.000341623729595793	0.000717878257591099	0.000564444598034811
matm_rank_tend6	0.000341543969424042	0.00116839063013132	0.000645079540611213
cprestamos_personales_lag1	0.00033919235323037	0.000539453791415671	9.21542200873161e-05
cpagomiscuentas_tend6	0.000338876940641414	0.00197203772324172	0.000455011461681123
Visa_msaldodolares_rank_delta1	0.000338611256844838	0.000932437901977735	0.000541406043012982
rf_008_021	0.000338018540977294	0.000907646499227296	0.000639319901855756
rf_010_021	0.000335902523104722	0.000732452691333516	0.000593242791812098
mcuenta_debitos_automaticos_rank_delta1	0.000333760620814567	0.0011223212389951	0.00054716568176844
mpayroll_rank_lag1	0.000331399680676234	0.000548785743901333	0.000253424105240119
ctarjeta_debito_transacciones_lag1	0.000330754733060852	0.000770039373617689	0.000334059047816521
cextraccion_autoservicio_lag2	0.000330513920805423	0.000737398365696872	0.000506848210480239
ccuenta_debitos_automaticos_tend6	0.000326364173869361	0.000734110871491769	0.000184308440174632
ctarjeta_debito_tend6	0.000326350820355198	0.00312085288560156	0.000316780131550149
Visa_mpagado_rank_lag2	0.000323546996249062	0.00106206142566422	0.000725714483187615
ctarjeta_visa_tend6	0.000321229872152855	0.000205735445482444	4.60771100436581e-05
Visa_mpagado_rank_lag1	0.000321193210619946	0.000855232494975429	0.000754512676964901
matm_rank_lag1	0.000318698005499608	0.000964273980359244	0.000575963875545726
vm_Fvencimiento_delta1	0.000314731889681734	0.000516932082235528	0.000431972906659294
rf_005_022	0.000312957805029938	0.000679086685363792	0.00023038555021829
rf_005_013	0.000312728573578089	0.00109650019918609	0.000305260854039235
Visa_status_lag2	0.000310423125740783	0.0017117052309948	0.000385895796615636
rf_003_023	0.000309900793812865	0.00107674805499579	0.000575963875545726
rf_004_015	0.000302228889665549	0.000570608866823806	0.000512607849235696
rf_009_018	0.000301187691541119	0.000817524126873693	0.00065083917936667
vm_mconsumosdolares_rank_tend6	0.000299722930411274	0.00132564144770994	0.000639319901855756
rf_018_017	0.00029938206335656	0.000892550893774911	0.000783310870742187
cproductos_delta2	0.000299041661002979	0.00100619748613103	0.000149750607641889
mtarjeta_master_consumo_rank_delta1	0.000298569354699135	0.00109019533958277	0.000368616880349265
vm_cconsumos	0.000297220600985967	0.000463308601096797	0.000218866272707376
Visa_msaldodolares_rank_delta2	0.000297142737666918	0.000611508587844542	0.000529886765502068
ccajas_extracciones_tend6	0.000295282062576488	0.00259457959790767	0.000397415074126551
mtarjeta_master_descuentos_rank_lag2	0.000292844659676014	0.000301515496585568	0.000305260854039235
Master_status_tend6	0.000291674830909795	0.000612019715729446	0.000702675928165786
ctransferencias_recibidas_lag2	0.000287675461874566	0.000983883823846945	0.00054716568176844
vm_Fvencimiento_tend6	0.000287544158633972	0.000553842401213548	0.00054716568176844
rf_008_017	0.000285355780120057	0.000389304221774116	0.000558684959279354
matm_other_rank_tend6	0.000280495787517021	0.00145404529251403	0.000512607849235696
rf_004_021	0.000278482474576397	0.000807646987127847	0.000518367487991153
vmr_mconsumosdolares_tend6	0.000276565053093375	0.00108135666808026	0.000541406043012982
Visa_msaldodolares_rank_lag2	0.000275981231997327	0.000841901729303882	0.000639319901855756
ccajas_consultas_delta1	0.000274021998285434	0.00067132813366262	7.48753038209444e-05
matm_rank_delta2	0.000273061530797087	0.000686376683399158	0.000599002430567555
vmr_mconsumosdolares_lag1	0.00026994608795831	0.000978113501358593	0.000575963875545726
rf_001_021	0.000269350595708815	0.000861621817611567	0.000754512676964901
ctrx_quarter	0.000269148642589453	0.000836865897770669	0.000449251822925666
rf_004_022	0.00026184382810242	0.000610367176984746	0.000633560263100298
ctarjeta_master_transacciones_tend6	0.000259616898411007	0.000570349941758794	0.00023038555021829
ccaja_ahorro_lag2	0.000259295058401993	0.000866386966741242	0.000115192775109145
vmr_Visa_mlimitecompra_tend6	0.000257472739620938	0.00127766984573671	0.000564444598034811
mpayroll_sobre_edad_rank_delta1	0.00025616198720561	0.00120456134397556	0.000334059047816521
rf_020_012	0.000254890898117812	0.00104225415906392	0.000120952413864602
mtarjeta_master_consumo_rank	0.000251103149532318	0.00109597320153036	0.000529886765502068
ccomisiones_mantenimiento_delta1	0.000249136736063797	0.000906059601229071	0.000109433136353688
active_quarter	0.00024801119961582	0.00090524444333248	0.000535646404257525
vm_mconsumosdolares_rank_lag1	0.000245498400162486	0.000700500753080217	0.000558684959279354
cproductos_lag1	0.000243156880302556	0.000554103567026935	0.000155510246397346
vm_mpagado_rank_delta2	0.000243105541898087	0.00103277260367214	0.000397415074126551
vm_mpagado_rank_tend6	0.000243049207410174	0.00118887679076534	0.000466530739192038
rf_005_015	0.0002419412097251	0.000872761368629387	0.000455011461681123
rf_011_025	0.000240632883140101	0.000567448726211564	0.000478050016702952
Master_mpagado_rank_delta2	0.000238671455732708	0.000706321452864358	0.000708435566921243
rf_020_019	0.000238123126622836	0.00107418956850275	0.000478050016702952
vm_mconsumosdolares_rank_lag2	0.000235461066257578	0.00108132796013933	0.000558684959279354
Visa_Fvencimiento_delta2	0.000233550605416944	0.000548838019242804	0.000512607849235696
ctarjeta_visa_debitos_automaticos_lag2	0.000227573118667238	0.00062391468892839	0.000449251822925666
ctarjeta_visa_debitos_automaticos_delta2	0.000224095140131503	0.00107414446355608	0.000437732545414752
catm_trx_delta2	0.000224025087505562	0.00114798769352807	0.000460771100436581
rf_003_026	0.000223680463182447	0.000944850751668449	0.000455011461681123
vm_cconsumos_lag1	0.000221132007937295	0.000746329830543798	0.000334059047816521
vm_mpagospesos_rank_lag2	0.000218249997433113	0.000625212504024667	0.000725714483187615
vm_mconsumosdolares_rank	0.000211978519093578	0.000434185858101823	0.000449251822925666
rf_001_023	0.000211565209825471	0.000859848990221821	0.000339818686571978
mpagomiscuentas_rank_delta1	0.000210924141670853	0.000757224454583504	0.000374376519104722
vm_mconsumosdolares_rank_delta2	0.000208973059670134	0.000862139667741592	0.000443492184170209
mtarjeta_master_descuentos_rank_delta2	0.000207712764201304	0.000435576466542515	0.000575963875545726
ctarjeta_master_transacciones_delta2	0.000205918549598924	0.000484956022985029	0.000241904827729205
mprestamos_prendarios_rank_lag1	0.000205457827277897	0.00150279132348694	0.000143990968886431
rf_014_017	0.000201644760776734	0.00051560611279498	0.000512607849235696
rf_014_020	0.000201094445312939	0.00100776761805907	8.63945813318589e-05
ccaja_seguridad	0.000200480261752107	0.00100179072493241	8.06349425764016e-05
mcheques_emitidos_rank_lag1	0.000198586238428715	0.00169278854324518	0.000201587356441004
cextraccion_autoservicio_delta2	0.000197706947225608	0.000896509215319595	0.000489569294213867
ccajas_depositos_tend6	0.000197323840683606	0.00188334950893249	0.000253424105240119
mprestamos_prendarios_rank_lag2	0.000195710819907045	0.00125333384214103	0.000132471691375517
catm_trx_other_lag2	0.000194719700326097	0.00038071677770691	0.000270703021506491
vmr_mpagado	0.000193897908059622	0.000823169969199452	0.000328299409061064
Master_msaldodolares_rank_delta1	0.000192729686883144	0.000331254893532973	0.00054716568176844
rf_014_019	0.000192595598702026	0.000562043830240337	0.000247664466484662
vmr_mconsumosdolares_delta1	0.00019181955732411	0.00101488291680653	0.000426213267903837
vmr_mpagado_delta2	0.000190532835419216	0.000803151202314431	0.000264943382751034
rf_020_022	0.000189822655164731	0.00093456756195555	0.00042045362914838
rf_008_022	0.000186618300153166	0.000440814018152848	0.000391655435371094
vmr_msaldodolares2_tend6	0.000181813332237504	0.00142873725227386	0.000380136157860179
mextraccion_autoservicio_rank_delta1	0.000180232630254726	0.000648466937922995	0.000345578325327435
mv_status07_rank_lag2	0.000176416925202838	0.00107427292434225	0.000282222299017406
vmr_mpagado_lag1	0.00017545611533305	0.000844805976451852	0.000270703021506491
mv_status07_rank_delta1	0.000175154639216895	0.000883190866030213	0.000207346995196461
ctarjeta_visa_transacciones_delta1	0.000174639586997274	0.00096637166353968	0.000178548801419175
vm_cconsumos_delta1	0.000171961418577676	0.000416580350853485	0.000161269885152803
mforex_sell_rank_tend6	0.000170609592176561	0.00172311578075711	0.000236145188973748
ctarjeta_debito_transacciones_delta1	0.000169790505509003	0.00162111011345785	0.000253424105240119
rf_008_023	0.000166544710310403	0.00084233292837621	0.000362857241593807
rf_016_022	0.000164932244687972	0.000768409848676874	0.000374376519104722
vmr_mpagado_lag2	0.00016304868725204	0.000655640759745625	0.000328299409061064
mplazo_fijo_dolares_rank_lag1	0.000163039272791583	0.000906073862933426	0.000138231330130974
mtarjeta_master_consumo_rank_lag1	0.000161367716763718	0.000377789859457747	0.000403174712882008
matm_rank_delta1	0.000161345763453238	0.000551701352961646	0.000328299409061064
mtarjeta_visa_descuentos_rank_lag2	0.000161171639398003	0.000586251926646495	0.00042045362914838
rf_018_022	0.000155217685183952	0.000847256116170592	0.000247664466484662
vm_mconsumosdolares_rank_delta1	0.000154621463737968	0.000479980296231722	0.000322539770305606
rf_011_016	0.000151496137230149	0.00053970314716704	0.000368616880349265
ccallcenter_transacciones_delta1	0.000150606269721405	0.000821780362505092	0.000143990968886431
vmr_msaldodolares2_lag2	0.000149914314151982	0.000506823301831336	0.000282222299017406
rf_005_008	0.000149248278454209	0.000533518734379236	0.000282222299017406
rf_011_022	0.000146244783002279	0.000413889001162758	0.000374376519104722
vm_mpagado_rank_delta1	0.000143765412976208	0.00064771557545069	0.00019006807893009
ccomisiones_mantenimiento_lag2	0.000142664620113223	0.000462819327098972	0.000120952413864602
ccajas_otras_tend6	0.000140628208080242	0.00157635580436126	0.000207346995196461
minversion2_rank_lag1	0.000139777380151499	0.000946769333149466	0.000109433136353688
minversion2_rank	0.000139472134091421	0.00126421813237648	0.000120952413864602
cforex_buy_tend6	0.000139451012759501	0.00115161559695375	0.000143990968886431
mforex_buy_rank_tend6	0.000136750797534606	0.00199799858574924	0.00023038555021829
vm_mpagado_rank_lag2	0.000134883968001204	0.000564385675908265	0.00035709760283835
matm_other_rank_lag1	0.000134446464581542	0.000852530284245525	0.000305260854039235
vm_msaldodolares_rank_tend6	0.000134093892752213	0.000762643401365121	0.000218866272707376
rf_010_022	0.000125344566527106	0.000451117796389039	0.000195827717685547
mtarjeta_visa_descuentos_rank	0.000121685704701073	0.000782267269301467	0.000287981937772863
rf_004_019	0.000121503692023031	0.0005215055287514	0.000276462660261948
rf_016_017	0.00012046958196202	0.000496992110608023	0.000287981937772863
rf_012_018	0.000119625451061832	0.000606382019183068	0.000299501215283777
vm_status05_delta2	0.000117339202187704	0.000844354215217977	0.000167029523908261
rf_009_020	0.000109472183982753	0.000355753918163268	0.000236145188973748
rf_013_018	0.000106008498182321	0.000417647790655205	0.000138231330130974
vm_mpagado_rank_lag1	0.000105589225794377	0.000346267617657278	0.000184308440174632
mcajeros_propios_descuentos_rank_lag2	0.00010499294201342	0.00034935381357319	0.000184308440174632
mttarjeta_master_debitos_automaticos_rank_lag1	0.000100891885538509	0.000561918770119341	0.00019006807893009
vmr_mpagado_delta1	0.000100174316393058	0.00043377725104545	0.000195827717685547
vmr_msaldodolares_tend6	0.000100034582642864	0.000520447104666666	0.000207346995196461
mtarjeta_visa_descuentos_rank_lag1	9.66825596584652e-05	0.000320203548915838	0.000253424105240119
rf_010_016	9.51515179332906e-05	0.000373793471552456	0.000224625911462833
vmr_msaldodolares_lag1	9.24207467080607e-05	0.000596479730331946	0.000207346995196461
mplazo_fijo_dolares_rank_lag2	9.22455849475584e-05	0.00115886779224597	0.00019006807893009
ccajas_depositos_lag2	9.17374433519581e-05	0.000583492616375681	0.000207346995196461
cprestamos_personales_lag2	9.12157988308147e-05	0.000604917281513827	0.00012671205262006
rf_008_019	9.0038640584024e-05	0.000465237779999534	0.000155510246397346
internet_delta2	8.89821264110268e-05	0.000348961418990344	0.000120952413864602
rf_002_018	8.7891687220327e-05	0.000686577638985657	0.000143990968886431
ccajas_depositos_delta2	8.51232713009761e-05	0.000618977423961872	0.000224625911462833
vmr_mpagosdolares_tend6	8.46337064592462e-05	0.000749210009418061	0.000167029523908261
mttarjeta_master_debitos_automaticos_rank_delta2	8.28637661623563e-05	0.000385914101293499	0.00012671205262006
ctarjeta_debito_transacciones	8.19194592791287e-05	0.000406507422423272	0.000167029523908261
cforex_tend6	8.15780850673486e-05	0.00107574303980759	0.000132471691375517
mtarjeta_visa_descuentos_rank_tend6	8.15060604073648e-05	0.000756451343671101	0.000167029523908261
ctransferencias_emitidas_delta1	7.99640554315862e-05	0.00079410371942524	0.000115192775109145
ctarjeta_debito_lag1	7.86648247400365e-05	0.000858243428107731	0.00012671205262006
ctarjeta_master_debitos_automaticos_tend6	7.83244867650265e-05	0.00114684340923801	0.000155510246397346
ctransferencias_emitidas_lag2	7.81073088188135e-05	0.000536362903109047	0.00012671205262006
vmr_msaldodolares2_delta1	7.76774612776445e-05	0.00118853126736612	0.000184308440174632
ctarjeta_visa_descuentos_lag2	7.66663236175633e-05	0.000327354541466802	0.000207346995196461
ccomisiones_mantenimiento	7.45956121902815e-05	0.000429338882113891	3.45578325327435e-05
cpagomiscuentas_lag2	7.36578894327467e-05	0.000380498449730079	0.000109433136353688
ccajas_otras_delta2	7.11579665247576e-05	0.000285654556935724	0.000155510246397346
ccomisiones_mantenimiento_lag1	7.06051198314364e-05	0.00036514547455567	8.06349425764016e-05
ccajas_consultas	6.89971216352674e-05	0.00014311296070463	1.15192775109145e-05
vm_mpagosdolares_rank_tend6	6.6822167383784e-05	0.000460198099651467	0.000132471691375517
ccuenta_debitos_automaticos	6.55527402970209e-05	0.00014311296070463	1.15192775109145e-05
vmr_mpagosdolares_delta2	6.34520659203207e-05	0.000582927895062028	0.00012671205262006
vm_status03_tend6	6.14997241426534e-05	0.000551896930752048	0.000120952413864602
mcaja_ahorro_adicional_rank_tend6	5.96955798718021e-05	0.000932566547296128	9.79138588427734e-05
ctarjeta_debito_lag2	5.91491114986693e-05	0.000461982104421337	0.000109433136353688
mttarjeta_master_debitos_automaticos_rank	5.72940397504918e-05	0.000556961918375864	0.000109433136353688
vmr_mpagosdolares_delta1	5.64074658289667e-05	0.000454093220250055	0.00012671205262006
ccallcenter_transacciones	5.6018190805336e-05	0.000467291913576284	4.60771100436581e-05
cpayroll_trx_lag2	5.19451413615447e-05	0.000154694466386972	6.91156650654871e-05
ctarjeta_master_descuentos_tend6	5.15485696924681e-05	0.000883720921648438	9.79138588427734e-05
ctransferencias_emitidas_lag1	5.09665837416652e-05	0.000574503920179117	8.06349425764016e-05
rf_002_014	5.08547339878128e-05	0.000293860362012277	4.60771100436581e-05
ctransferencias_recibidas_delta1	4.96829832807456e-05	0.000700113024526337	8.63945813318589e-05
ctarjeta_master_transacciones_delta1	4.88350933632112e-05	0.00116466537277924	0.000132471691375517
vm_mpagosdolares_rank_delta1	4.63399183850375e-05	0.00078363143691135	0.000132471691375517
mcajeros_propios_descuentos_rank_tend6	4.47812860941505e-05	0.000801809389464794	9.79138588427734e-05
vmr_mpagosdolares	4.43186971509337e-05	0.00033078483724767	6.33560263100298e-05
ctransferencias_recibidas	4.33187844773738e-05	0.000367311698274594	4.60771100436581e-05
cseguro_accidentes_personales	4.24603989643162e-05	0.00105594009653357	0.000103673497598231
cplazo_fijo_lag2	4.17560540937883e-05	0.000499364298645104	6.91156650654871e-05
cpagomiscuentas_delta1	4.110980821381e-05	0.000746485022139983	0.000103673497598231
mforex_sell_rank	4.07695119431733e-05	0.000418312185728867	7.48753038209444e-05
cliente_edad_tend6	4.01697934578824e-05	0.000334036664011014	5.18367487991153e-05
catm_trx_lag1	4.01588487265837e-05	0.000255902849053137	6.33560263100298e-05
mttarjeta_master_debitos_automaticos_rank_delta1	3.86820431057557e-05	0.000389207553253101	8.06349425764016e-05
mpagodeservicios_rank_lag2	3.80796431622135e-05	0.000720757645612994	9.21542200873161e-05
ccallcenter_transacciones_lag1	3.79894515943057e-05	0.00043853135460373	7.48753038209444e-05
ctransferencias_recibidas_lag1	3.65007540684677e-05	0.000596910560339836	8.63945813318589e-05
vm_mpagosdolares_rank_delta2	3.63061923320774e-05	0.000244200659299564	9.21542200873161e-05
ctarjeta_visa_debitos_automaticos_lag1	3.52228124738102e-05	0.000213324833862277	6.91156650654871e-05
cseguro_vivienda_lag1	3.42857848299157e-05	6.28069115498388e-05	3.45578325327435e-05
ccajas_depositos_delta1	3.40948074690332e-05	0.00050795817497823	6.91156650654871e-05
mpagodeservicios_rank_tend6	3.39181675643357e-05	0.000364910723211347	7.48753038209444e-05
cliente_edad_delta2	3.24132768064688e-05	0.000338275896316518	7.48753038209444e-05
cpagomiscuentas_lag1	3.2400493262263e-05	0.000177268081844147	6.33560263100298e-05
ccuenta_debitos_automaticos_lag2	3.16819969700639e-05	0.000121878179219843	7.48753038209444e-05
cseguro_vida_tend6	3.07213939234016e-05	0.000481576895352317	6.91156650654871e-05
ctarjeta_visa_debitos_automaticos_delta1	3.04510676732149e-05	0.000218301905064609	4.03174712882008e-05
internet_delta1	2.70137859505553e-05	0.00016160506618006	4.60771100436581e-05
ctarjeta_visa	2.0510928342875e-05	0.000369841318656235	4.60771100436581e-05
ccuenta_debitos_automaticos_lag1	1.97704476338374e-05	0.000325730552492557	5.18367487991153e-05
active_quarter_delta1	1.91048174266622e-05	0.000197129126405409	3.45578325327435e-05
cpagomiscuentas	1.55385436036055e-05	0.000504399734752134	4.60771100436581e-05
cinversion2_lag2	1.40559839101228e-05	8.61733828668505e-05	1.72789162663718e-05
ctransferencias_emitidas	1.20976208706241e-05	0.000398628951141492	4.03174712882008e-05
mtarjeta_master_descuentos_rank_tend6	1.12789172903619e-05	0.000275355128387552	3.45578325327435e-05
cpayroll_trx_lag1	7.01374363834476e-06	9.20961816915937e-05	1.72789162663718e-05
mpagodeservicios_rank_delta2	3.66771420200678e-06	0.000147107819628679	2.87981937772863e-05
ctarjeta_debito	3.17257277189905e-06	0.00028521529116925	2.3038555021829e-05
ccajas_otras	2.86286118051738e-06	0.000142802920214953	1.15192775109145e-05
ccuenta_debitos_automaticos_delta1	2.29331447215008e-06	6.82519300978271e-05	5.75963875545726e-06
catm_trx	9.74811806116089e-07	7.01346068813743e-05	5.75963875545726e-06
