Feature	Gain	Cover	Frequency
rf_002_015	0.0463507622282036	0.0021234143167142	0.000236753360742828
rf_007_016	0.0342126016508003	0.00262197008087565	0.000496604610338615
rf_018_026	0.0236431278129185	0.00168151378721161	0.00204416316348686
vm_status02_tend6	0.0204278589871211	0.00163394485659806	0.000871945304199196
vm_status04_delta2	0.0174085531802474	0.000970923222098648	0.000230978888529588
mcaja_ahorro_rank_delta1	0.0138607051987743	0.00215941452614758	0.00136277544232457
ctrx_quarter_lag2	0.0129459679898112	0.00211833942558229	0.00229246546865616
rf_008_026	0.0111796687833719	0.000835885854498303	0.000427310943779739
rf_004_016	0.011068716675983	0.00122077299596011	0.000981660276250751
Visa_mpagominimo_rank_delta1	0.0109559922111238	0.00192354778153317	0.00258696355153139
rf_005_013	0.00985641668656235	0.00060143076271391	0.00039843858271354
vm_cconsumos_tend6	0.00911503047704832	0.00152524489600336	0.00079687716542708
cdescubierto_preacordado_delta2	0.00908072663985423	0.00119005393197964	0.000184783110823671
mautoservicio_rank	0.00888507259459799	0.00133749623116228	0.000785328221000601
rf_006_015	0.00850562702962385	0.0017730559384298	0.00122996258142006
mpasivos_margen_rank_lag1	0.00845340686258452	0.00198597346458103	0.00255809119046519
ctarjeta_visa_transacciones_lag1	0.00732761323173885	0.000949983009950122	0.000658289832309327
cproductos_delta1	0.00715487428608797	0.00133173238248918	0.000155910749757472
vm_mconsumospesos_rank_lag1	0.00707423587810702	0.000960539308313908	0.00107982630387583
mtransferencias_recibidas_rank	0.00705629586022185	0.00178679126714008	0.00109137524830231
mpagomiscuentas_rank	0.00642616216723566	0.00103811849342135	0.000739132443294683
mrentabilidad_annual_rank_delta2	0.0055411106945485	0.00362443838739556	0.00669838776735806
rf_006_021	0.00545503513995756	0.00158738510174067	0.0040132581882016
chomebanking_transacciones_lag1	0.00529558646401053	0.0019874010095269	0.00263893380145055
rf_015_023	0.00521195841678514	0.00194144148563029	0.00433085415992978
mprestamos_personales_rank	0.00519289676952898	0.00285527428780428	0.000548574860257773
rf_010_026	0.00505413630956259	0.0012524126675095	0.000756455859934402
rf_004_026	0.00480084013624757	0.000766898945103513	0.000623642999029889
mcaja_ahorro_rank_lag1	0.00468108231857501	0.00159429070126275	0.00099320922067723
rf_002_024	0.00455793436610885	0.00129700282955554	0.00276019771792858
vmr_Visa_mlimitecompra_lag2	0.00441031140233303	0.0013734312882004	0.00187670346930291
Visa_status	0.00438369061182132	0.0019569935577319	0.00106827735944935
rf_006_022	0.00430861534930314	0.000899904682563143	0.000513928026978334
rf_005_020	0.00408481580086437	0.00129350748802587	0.00250612094054603
mcuenta_corriente_rank_lag1	0.0040627762307622	0.00211062301136483	0.00146671594216289
mv_status07_rank_delta2	0.00401796795398484	0.000524239192120123	0.00020788099967663
Visa_mconsumosdolares_rank_delta1	0.00389343126921415	0.00108820099182877	0.00233866124636208
rf_006_016	0.00384475938298983	0.00114129335666498	0.00040421305492678
rf_007_021	0.00372910418421027	0.00108450591649741	0.00214232919111193
ctarjeta_visa_transacciones_lag2	0.0036648851693368	0.00129509896991445	0.00203261421906038
mprestamos_personales_rank_tend6	0.00364614231390336	0.00226977624240565	0.00058899616575045
ctrx_quarter_normalizado_lag2	0.00343734350737193	0.00212173099317929	0.00282949138448746
mprestamos_personales_rank_delta1	0.00343222845620032	0.00439300125286926	0.000664064304522567
rf_014_022	0.00341338271271132	0.00141552348418093	0.0039843858271354
mcomisiones_rank_lag2	0.00340992084371549	0.00285874642473287	0.0059765787407031
ctrx_quarter_normalizado_delta2	0.00340913667908849	0.00173836263113583	0.00211923130225897
rf_011_028	0.00323889253326686	0.000793852607180102	0.00039843858271354
mcomisiones_otras_rank_lag1	0.00322830899502372	0.00172939469959472	0.00274287430128886
matm_rank_lag2	0.00319536135640027	0.00150793877781136	0.00159375433085416
mprestamos_personales_rank_delta2	0.00317632559300997	0.00428132466201499	0.000733357971081443
vmr_mpagominimo	0.00317518187801454	0.00145201064705153	0.00191135030258234
mcomisiones_mantenimiento_rank_delta2	0.00303865930761841	0.00212041099720357	0.00127615835912598
mpayroll_rank_lag2	0.00300303872484655	0.000918681956623607	0.000490830138125375
cdescubierto_preacordado_tend6	0.00298990041803465	0.00172161616885131	0.00020788099967663
mtransferencias_recibidas_rank_delta2	0.00295616095351263	0.00198681601071041	0.00239063149628124
mautoservicio_rank_tend6	0.00287859727714017	0.00159264317458683	0.00109714972051554
mextraccion_autoservicio_rank_lag1	0.00286981939981687	0.000769853215525651	0.000537025915831293
ctrx_quarter_normalizado_lag1	0.00277345911722875	0.000831341765315991	0.000623642999029889
mcomisiones_otras_rank_delta2	0.00276598701673125	0.00287082601672066	0.00698133690580681
mrentabilidad_rank_delta2	0.00273615839763047	0.00298365618511478	0.00499491846445235
mcuentas_saldo_rank	0.00270232602446588	0.00308565410782432	0.00100475816510371
rf_012_020	0.00269310195834361	0.00167320529928223	0.000438859888206218
mrentabilidad_annual_rank_lag2	0.00265130129670672	0.00340150515880853	0.00562433593569548
ctrx_quarter_normalizado	0.00262499874459795	0.00106832217238854	0.000681387721162286
mpasivos_margen_rank_delta1	0.00261005167560333	0.0024081380980907	0.0036494664387675
rf_020_017	0.00252972403205274	0.000868965399262855	0.0012068646925671
Visa_cconsumos_lag2	0.00252179141251733	0.00176108046355989	0.00270245299579618
Visa_Fvencimiento_tend6	0.00249790017710959	0.00114382421571448	0.000981660276250751
ctrx_quarter_delta1	0.00242223570859954	0.00170819720412194	0.00100475816510371
Visa_cconsumos_tend6	0.00241647433566615	0.00302053830138311	0.00405945396590752
Visa_mconsumospesos_rank_delta2	0.00240173338360991	0.00208843125549379	0.00396128793828244
rf_004_025	0.00240103361382879	0.001454663600845	0.00315863630064212
rf_018_017	0.0023889000121611	0.000625761354510585	0.000565898276897492
rf_008_019	0.00238576318070613	0.00168626252038424	0.00020788099967663
Master_fechaalta	0.00232146941051091	0.00321898959348868	0.00547419965815125
mrentabilidad_rank_delta1	0.00231613091732915	0.00267803279304191	0.00465422460387121
vm_status01	0.00227017676212571	0.000989173284454955	0.000664064304522567
mactivos_margen_rank_lag1	0.00226599119458573	0.0025425297230895	0.0023559846630018
Visa_mpagospesos_rank_delta1	0.00223589863987951	0.00250756089085655	0.00563011040790872
mpayroll_sobre_edad_rank_tend6	0.0022267185466816	0.00138847380943757	0.000542800388044533
mcuenta_corriente_rank_delta2	0.00222417812609351	0.0019085112000403	0.0011779923315009
mcomisiones_otras_rank_lag2	0.00222136362077	0.00267270244010733	0.00494872268674643
mcuentas_saldo_rank_delta2	0.0022167237971043	0.00213689344445362	0.00235021019078856
mcomisiones_mantenimiento_rank_tend6	0.00220337217882716	0.00189270065666557	0.00118954127592738
rf_005_019	0.00217046805682519	0.00141381753681995	0.00220584838545757
ctrx_quarter_delta2	0.00215611007796754	0.00207061629920668	0.00230978888529588
vmr_mpagominimo_lag2	0.00213836781763439	0.00150685724277017	0.00220007391324433
cprestamos_personales_tend6	0.00211523197871321	0.00270376891313225	0.000409987527140019
mrentabilidad_annual_rank_delta1	0.00211142597970843	0.00238581730457458	0.00429620732665034
rf_007_023	0.00210539134981773	0.0013648325975639	0.00279484455120802
rf_008_024	0.00208902467541203	0.000874081472621922	0.00198641844135446
mrentabilidad_rank_lag1	0.00208747254348223	0.00254623929139696	0.00392086663278976
Master_fechaalta_lag1	0.00208139829660076	0.00258329276268865	0.0039843858271354
mcomisiones_rank_delta1	0.00208113977079959	0.00272443096045544	0.00487942902018756
Master_msaldodolares_rank_delta1	0.0020764002772225	0.000431465428321404	0.000669838776735806
mpasivos_margen_rank_delta2	0.00206977362856088	0.00238101616965778	0.00508153554765095
mcomisiones_rank_delta2	0.00205763189588143	0.00240234726977904	0.00531828890839377
mactivos_margen_rank_delta2	0.0019863172433895	0.00360933308966084	0.00493717374231995
mcomisiones_otras_rank	0.00198299826824087	0.00185769064220547	0.00300272555088465
rf_001_025	0.00197772117113544	0.000835681421698894	0.00148981383101585
Visa_mpagominimo_rank_lag1	0.00197321756044624	0.00190453708872111	0.00278907007899478
vmr_mconsumospesos_delta2	0.00195961208653553	0.00170189864646743	0.00149558830322908
cproductos_tend6	0.00194625170647762	0.00187925708819537	0.000294498082875225
vm_fechaalta	0.00193591748844389	0.00172617625574494	0.0024714741072666
foto_mes	0.00192906039187843	0.00305405052352141	0.000721809026654964
mactivos_margen_rank_delta1	0.00192089128044735	0.00300989913698661	0.003926641105003
chomebanking_transacciones_delta1	0.00188330661820025	0.00331928011689975	0.00320483207834804
mtarjeta_visa_consumo_rank_lag2	0.00187001823659739	0.00110111724299936	0.00150713724765556
cdescubierto_preacordado_lag1	0.00185540476041286	0.00127778693837702	0.000768004804360881
vm_mconsumospesos_rank_delta2	0.00182272863589564	0.00084207026346678	0.00125306047027302
Visa_mconsumospesos_rank_tend6	0.00181743488985688	0.00205627276707884	0.00344735991130411
Master_mfinanciacion_limite_rank_delta2	0.00176918435652801	0.00235700363136928	0.0051335057975701
mtarjeta_visa_consumo_rank_delta2	0.00176272523787596	0.00168741060696047	0.00203838869127362
Visa_mconsumosdolares_rank_lag1	0.00175682773019806	0.00169393400373592	0.00303159791195085
chomebanking_transacciones_delta2	0.00175082983464454	0.00258275847608906	0.00379382824409849
rf_008_017	0.00174212105163368	0.000570496099214745	0.000554349332471012
Visa_mpagospesos_rank_tend6	0.00173789887021062	0.00201733666083237	0.00359749618884834
mcomisiones_rank_lag1	0.00173515701424954	0.00204375387160255	0.0031124405229362
mcuentas_saldo_rank_lag1	0.00173375048158988	0.00202980592644517	0.000981660276250751
mactivos_margen_rank_lag2	0.00171136676095144	0.00270004522143279	0.00379382824409849
mpayroll_rank	0.00170980632800662	0.00170240033047052	0.000317595971728184
mcuentas_saldo_rank_delta1	0.00169727828385341	0.00302857092118829	0.00215387813553841
ctrx_quarter	0.00168701795546453	0.000857205735102549	0.000883494248625676
Visa_msaldopesos_rank	0.00168525026132359	0.00184624826598629	0.00272555088464914
Visa_msaldototal_rank_lag2	0.00166027407851201	0.00160097668863886	0.00261006144038435
Master_mlimitecompra_rank_lag1	0.00165283117696471	0.0020792515522692	0.00383424954959117
mcomisiones_mantenimiento_rank_lag2	0.00164739508529683	0.00107235013738938	0.00103363052616991
mrentabilidad_annual_rank_lag1	0.00164612927893686	0.00260348897566547	0.00259851249595787
Visa_mlimitecompra_rank	0.00164456666609082	0.00197938845285803	0.00306624474523029
mrentabilidad_rank_lag2	0.00163925985802201	0.00239087266054746	0.00394973899385596
mcuentas_saldo_rank_lag2	0.0016383946158399	0.00271663315854163	0.00250612094054603
mcomisiones_otras_rank_tend6	0.00163145305093157	0.00185416858502588	0.00210190788561925
vmr_mpagospesos	0.00162441553229098	0.00116502054963727	0.00127038388691274
rf_019_021	0.0016219152318286	0.00174332390155898	0.00304314685637733
Visa_mpagospesos_rank_delta2	0.00161821940276526	0.00192144521764607	0.00367256432762046
mpayroll_sobre_edad_rank	0.00161542312412802	0.00151112897487714	0.000433085415992978
ccaja_ahorro_tend6	0.00161361398597413	0.00261877674234511	0.000265625721809027
mcomisiones_rank_tend6	0.00159998113448361	0.00246120572719176	0.00285836374555366
Master_fechaalta_lag2	0.00159912130580683	0.00202993367054593	0.00343581096687763
mcaja_ahorro_rank_tend6	0.00159599999719672	0.00250771817528564	0.00179008638610431
Master_mfinanciacion_limite_rank_delta1	0.00158873168308777	0.00241745465302398	0.00481590982584192
mcomisiones_otras_rank_delta1	0.0015862311638228	0.00233354029503828	0.00399593477156188
Master_mlimitecompra_rank_lag2	0.00158094085081196	0.00201823691487749	0.00419226682681203
Visa_fechaalta_lag1	0.00157509088493035	0.00217762897643694	0.00298540213424493
Master_mfinanciacion_limite_rank_lag1	0.00157058004445814	0.0022881602261968	0.0040421305492678
mprestamos_personales_rank_lag2	0.0015628593235248	0.00209028384854184	0.000623642999029889
Master_Fvencimiento	0.00155572578323293	0.00221250129442472	0.00385157296623089
Visa_mpagominimo_rank	0.0015546139844242	0.00161976428465498	0.0020210652746339
thomebanking_lag1	0.0015476180624238	0.0017249005306634	0.00323947891162748
Visa_mconsumototal_rank_tend6	0.00154696190585938	0.00241617480971973	0.00454450963181965
mpasivos_margen_rank_lag2	0.00153835058836808	0.00200680916362872	0.00378805377188525
rf_020_026	0.00152751815758647	0.00158756920741514	0.00332032152261283
Visa_mfinanciacion_limite_rank_delta2	0.00152562314084322	0.00182362058568128	0.00340693860581143
vm_fechaalta_lag2	0.00152264645709783	0.00182842414929353	0.00284681480112718
Visa_status_tend6	0.00151719770984119	0.000795500820226471	0.000496604610338615
mpasivos_margen_rank	0.00151701856921375	0.0022639904826758	0.00215387813553841
Visa_Fvencimiento	0.00151622296524636	0.00167150571404738	0.00281794244006098
chomebanking_transacciones	0.00151599688611986	0.00210955934835427	0.00270245299579618
Visa_fechaalta_lag2	0.00151183210831568	0.00177538719567192	0.00332609599482607
mactivos_margen_rank_tend6	0.00151055070754242	0.00221392839058991	0.0019633205525015
Visa_fechaalta	0.00150101505321862	0.00214488604358164	0.00304892132859057
Visa_msaldototal_rank_delta2	0.00149848744839257	0.001417823405972	0.00304314685637733
Master_Fvencimiento_lag1	0.00149620793805731	0.00190067820844137	0.00369566221647341
Master_mfinanciacion_limite_rank	0.00149063749287514	0.00162740271662948	0.00310089157850972
rf_018_020	0.00145541032434987	0.000741476232321361	0.000254076777382547
mcaja_ahorro_rank_delta2	0.00145537501394567	0.00210558212196918	0.00129925624797893
chomebanking_transacciones_lag2	0.00144432860928528	0.00153363424365182	0.00290455952325957
Master_mpagominimo_rank_lag1	0.00144113302384497	0.0016912888376072	0.00267358063472999
Visa_msaldopesos_rank_delta2	0.00143872841872796	0.00156214063408528	0.00230401441308264
mcuenta_corriente_rank	0.00143289389485451	0.00236622177133921	0.00106827735944935
ccomisiones_mantenimiento_tend6	0.00140834886915642	0.00260104375452936	0.000415761999353259
mcuenta_corriente_rank_delta1	0.0014070873110321	0.00164528509561412	0.000923915554118354
rf_011_015	0.00139783748466129	0.000749285016162412	0.00133967755347161
Master_mpagominimo_rank	0.00139755325663229	0.00190018766475869	0.00295652977317873
Visa_mlimitecompra_rank_delta1	0.0013954476289585	0.00225602789905564	0.00383424954959117
internet_lag2	0.00139294716798829	0.00128957614286565	0.000294498082875225
Master_mlimitecompra_rank_delta1	0.00138866587403093	0.00220135843971149	0.00394396452164272
mpayroll_rank_delta1	0.00138770964013492	0.00131205657030973	0.000473506721485656
rf_005_022	0.00138695315773268	0.0017081230497142	0.000306047027301705
Visa_msaldopesos_rank_lag1	0.00138544506378733	0.00160548616891105	0.00256964013489167
rf_011_018	0.00137321140286712	0.0003147546005851	0.000155910749757472
vmr_msaldopesos_lag2	0.00137309091776449	0.000985536471415473	0.0015129117198688
internet_tend6	0.00136745495694394	0.00331405966243417	0.000450408832632697
vmr_msaldototal_delta2	0.00135724410402291	0.00112226555738933	0.00172079271954543
cdescubierto_preacordado	0.00135413741054849	0.00148984483833415	0.000612094054603409
mrentabilidad_annual_rank	0.00135226653580823	0.0026704805797558	0.00254076777382547
mcomisiones_rank	0.00135107464289256	0.00192131631199531	0.00329722363375987
Visa_mfinanciacion_limite_rank_lag1	0.00134649768880951	0.00176976703601318	0.00266780616251675
vmr_mpagospesos_lag1	0.00134411999217286	0.00083272828642789	0.0012934817757657
mcuentas_saldo_rank_tend6	0.00133957945084439	0.00221753172987039	0.00147826488658937
Visa_mconsumospesos_rank_lag1	0.00133764498017646	0.00173846033332986	0.00333187046703931
vmr_Visa_mlimitecompra	0.00133393269119468	0.00143684977970902	0.00233288677414884
Visa_mpagospesos_rank	0.00133245100139118	0.00176056418098525	0.00314708735621564
ccaja_seguridad	0.00132807496552859	0.00143314467280951	0.000115489444264794
cdescubierto_preacordado_delta1	0.00131168630408158	0.00102860426379773	0.000138587333117753
Master_mpagospesos_rank	0.0013104949226333	0.00183726238321796	0.00174966508061163
Master_mfinanciacion_limite_rank_tend6	0.00130450904371016	0.00252609492578817	0.00347623227237031
vm_mconsumospesos_rank_lag2	0.00130201573722148	0.000964677726159893	0.00120109022035386
Master_msaldopesos_rank_tend6	0.00129511946439361	0.00172619996192441	0.00250612094054603
vm_Finiciomora	0.00129054155512557	0.00364778636069281	0.000334919388367903
vm_msaldototal_rank	0.0012899824353454	0.00120257203549002	0.00145516699773641
vm_Fvencimiento_lag2	0.00128785926326142	0.00181603056922255	0.00308356816187001
Master_mfinanciacion_limite_rank_lag2	0.00128472030273544	0.0012484336460017	0.00281216796784774
Visa_mconsumototal_rank_delta1	0.00127527874478134	0.0019458402490687	0.00352242805007622
Master_Fvencimiento_lag2	0.00127363844224131	0.0017781587331605	0.00327990021712016
rf_008_021	0.00127229005912469	0.000527209407455851	0.000525476971404814
vmr_mconsumospesos_tend6	0.00127155232079653	0.00106439212077263	0.0012934817757657
mtransferencias_recibidas_rank_lag1	0.00126588544741851	0.00206877563844496	0.00119531574814062
Visa_mfinanciacion_limite_rank	0.00126365365131262	0.00157487787456208	0.00259273802374463
mv_status07_rank_tend6	0.00125174962628607	0.000815720369798673	0.000271400194022266
ctarjeta_visa_transacciones_tend6	0.00124749208391193	0.00201811835758124	0.00106250288723611
Visa_mfinanciacion_limite_rank_tend6	0.00124233662353241	0.00193729739202863	0.00300272555088465
Visa_msaldototal_rank	0.00124088193643698	0.00143506962514258	0.0024426017462004
rf_003_026	0.00122772585002764	0.000761957685018941	0.000554349332471012
Visa_mpagominimo_rank_tend6	0.00122187366403316	0.00150972019952326	0.00209035894119278
Visa_mconsumospesos_rank_lag2	0.0012173738588562	0.00178329545043087	0.00360904513327482
Visa_cconsumos_lag1	0.00121451275926633	0.00168058061378363	0.00302582343973761
Visa_cconsumos_delta1	0.00120965196708571	0.00152537002661663	0.0024426017462004
Visa_cconsumos	0.00120950422673232	0.0014926608051101	0.00227514205201645
Visa_mpagospesos_rank_lag1	0.00120888748674977	0.00151575373898649	0.00273132535686238
vm_Fvencimiento_lag1	0.0012068004751564	0.00223503224929364	0.00292188293989929
Visa_mconsumospesos_rank	0.00120195846512142	0.00177876419109625	0.00304314685637733
ccomisiones_otras_tend6	0.00119810356537678	0.00156590495363576	0.00168037141405276
Visa_mconsumosdolares_rank_delta2	0.00119381783474794	0.00189238698536876	0.00285258927334042
mpasivos_margen_rank_tend6	0.00118314717948041	0.00203411540892702	0.00214232919111193
vm_mpagospesos_rank_lag1	0.00117785538337823	0.000708096321287223	0.000964336859611032
rf_004_021	0.0011739417047402	0.00114163714906512	0.000692936665588765
Master_mlimitecompra_rank_tend6	0.00117246000543693	0.00222401830023118	0.00321060655056128
Visa_mconsumospesos_rank_delta1	0.00117025265097493	0.00185955952335234	0.00368411327204694
vm_fechaalta_lag1	0.00116963654201137	0.00171119215519282	0.00224049521873701
mrentabilidad_rank	0.00116886406997279	0.00208119479901472	0.00258118907931815
vm_Fvencimiento	0.00116775730074106	0.00140639121971416	0.00199796738578094
Visa_fechaalta_tend6	0.00116641945878502	0.00108546271690828	0.000900817665265395
cextraccion_autoservicio_lag2	0.00115980580284117	0.000757996086761081	0.000525476971404814
Visa_mlimitecompra_rank_lag1	0.00115217523144059	0.00154907689246397	0.00259851249595787
Visa_cconsumos_delta2	0.00114834982216152	0.00142488362363795	0.00261583591259759
Visa_Fvencimiento_lag2	0.00113979617171934	0.00178241570830273	0.0023271123019356
Visa_mlimitecompra_rank_delta2	0.00113357690225317	0.00203149743362777	0.00326835127269368
vm_status02	0.00113207187718597	0.00129280871010744	0.000958562387397792
Visa_mconsumosdolares_rank_tend6	0.00112645961990277	0.00167561393159345	0.00265048274587703
mprestamos_personales_rank_lag1	0.00112262964513367	0.00232571707101886	0.000519702499191574
mcuenta_debitos_automaticos_rank_delta2	0.00111776841930831	0.0017316911367358	0.000687162193375526
vmr_mpagominimo_lag1	0.00111701132107517	0.00133695006507409	0.00201529080242066
Visa_mpagominimo_rank_delta2	0.00111694755146631	0.00171096501937075	0.00259851249595787
Visa_mlimitecompra_rank_lag2	0.00111521380999163	0.00176457958012704	0.00251766988497251
mcuenta_corriente_rank_lag2	0.0011141552191152	0.00218379321667366	0.00138587333117753
rf_010_023	0.00111290384458695	0.00119871426396254	0.00382270060516469
vmr_mpagominimo_delta2	0.00111111689194233	0.00143965764203385	0.00136277544232457
Visa_Finiciomora_tend6	0.00111110097143803	0.00294351536672975	0.000542800388044533
Visa_mfinanciacion_limite_rank_delta1	0.00110992241266043	0.00135394098083518	0.00317595971728184
Visa_mpagospesos_rank_lag2	0.00110765068395233	0.00165221928510543	0.00315863630064212
Visa_mlimitecompra_rank_tend6	0.00110057739446786	0.00157530260587789	0.00245415069062688
Master_mlimitecompra_rank_delta2	0.00109877952039825	0.00169560410144018	0.00340693860581143
Visa_Fvencimiento_lag1	0.00109786194773033	0.00164887697778782	0.00222894627431053
vmr_msaldototal	0.00109620612202208	0.00139168842545214	0.00206726105233982
Visa_mconsumosdolares_rank_lag2	0.00109549712354328	0.00199313592504554	0.00269090405136971
vmr_Master_mlimitecompra_lag2	0.00108327125696522	0.00161526784542139	0.00255231671825195
mrentabilidad_rank_tend6	0.0010794052968249	0.0025556788122367	0.0015995288030674
Visa_msaldototal_rank_delta1	0.00107239710038198	0.00176241014791855	0.0024714741072666
cliente_edad_lag2	0.00106895357512341	0.00222929234438979	0.00177853744167783
Visa_msaldopesos_rank_tend6	0.00106738898582131	0.00225710745418207	0.00228091652422969
Master_mpagospesos_rank_tend6	0.00106354818618747	0.00219556465472711	0.00289878505104633
ccallcenter_transacciones_delta2	0.00106301207149457	0.000986700502905289	0.000490830138125375
Visa_msaldopesos_rank_lag2	0.00106235781050979	0.00155950943295539	0.00216542707996489
thomebanking	0.00106036925683196	0.00213431778653266	0.000352242805007622
cmobile_app_trx_tend6	0.0010509921523033	0.0034252800281284	0.00163417563634684
mpayroll_sobre_edad_rank_delta2	0.00104514711074114	0.00117764694128597	0.000438859888206218
cliente_antiguedad_lag2	0.00104284687205801	0.0014970366807338	0.00176121402503811
vmr_msaldopesos_lag1	0.0010370652159754	0.00103535714589411	0.00136854991453781
vmr_Master_mlimitecompra_lag1	0.00103604608795369	0.00148586705757293	0.00224049521873701
rf_016_021	0.0010352499541102	0.00145336005136127	0.00240218044070772
vm_mfinanciacion_limite_rank	0.00102919997840091	0.0015962101626322	0.00221162285767081
Master_msaldototal_rank_lag1	0.00102849728531391	0.00166247899223712	0.00249457199611955
Master_msaldototal_rank_lag2	0.00102323473312059	0.00122338046451166	0.00209035894119278
Master_msaldototal_rank	0.00102309638521614	0.00154896353574385	0.00237330807964152
Master_cconsumos_lag2	0.00101990853233092	0.00136215229454779	0.00281216796784774
Visa_msaldopesos_rank_delta1	0.00101923701807376	0.00218777477247237	0.00291610846768605
Master_fultimo_cierre	0.00101806712382944	0.00141268436560164	0.00229823994086941
mrentabilidad_annual_rank_tend6	0.00101514624924169	0.00263110905065376	0.0024426017462004
rf_012_019	0.00101243500457325	0.00150824920204797	0.00313553841178916
Master_fechaalta_tend6	0.00100231406902899	0.00123996396661142	0.00174389060839839
Master_Fvencimiento_tend6	0.00100191397346316	0.00132400757343312	0.00144361805330993
vm_mlimitecompra_rank_delta2	0.00100139430562736	0.00194837329922387	0.00243105280177392
mplazo_fijo_dolares_rank	0.000994732542722328	0.0021799151444201	0.000265625721809027
Visa_mconsumosdolares_rank	0.000994498167014133	0.00138000465802457	0.00267358063472999
mcomisiones_mantenimiento_rank_delta1	0.000989521709569739	0.00218839865681488	0.000923915554118354
tcallcenter_delta2	0.000985891363314977	0.00171587264730315	0.00107982630387583
Master_cconsumos_tend6	0.000979271921968571	0.00158282435487546	0.00253499330161223
mactivos_margen_rank	0.00097699951716965	0.00229871243273673	0.00117221785928766
Visa_mpagominimo_rank_lag2	0.000975830835211426	0.001593621199684	0.00239063149628124
vm_mpagominimo_rank_lag2	0.000973440616749161	0.00108852390272783	0.00172079271954543
Master_msaldopesos_rank_lag2	0.000970380120176414	0.0013991872074384	0.00250612094054603
cliente_edad_lag1	0.00097017328128421	0.00166232400450916	0.00139742227560401
vm_msaldopesos_rank_lag2	0.000969012341119986	0.00114046572589351	0.00170346930290571
rf_017_025	0.000963169934706498	0.000785515133298534	0.00131657966461865
vmr_Master_mlimitecompra	0.000961423494711156	0.00152593321997182	0.00223472074652377
mcomisiones_mantenimiento_rank	0.000961188248071528	0.00205106522165754	0.00155333302536148
Master_mconsumototal_rank_delta2	0.000944507431305101	0.00158876138009351	0.0019633205525015
rf_009_015	0.00094360428288511	0.00123898929416992	0.00252921882939899
Master_msaldopesos_rank	0.000940945517878171	0.00152470744154014	0.00233866124636208
rf_020_019	0.000939717476925769	0.00155825179109539	0.000542800388044533
Master_mconsumospesos_rank	0.0009392338734717	0.00178215697304098	0.00233288677414884
ccomisiones_otras_delta2	0.000937069499841713	0.00120790283720529	0.00219429944103109
rf_003_019	0.000934394433326621	0.001316110960573	0.00020788099967663
Master_fultimo_cierre_lag2	0.000928922971260048	0.00151230926806691	0.00237330807964152
cextraccion_autoservicio	0.00092881033007078	0.000291119196461414	2.88723610661986e-05
rf_020_025	0.000919833648434017	0.00182040253781445	0.00079110269321384
mautoservicio_rank_delta2	0.000918328355137535	0.00122866570178841	0.00127615835912598
mtransferencias_emitidas_rank	0.000917584663552759	0.00264812285422956	0.00125306047027302
mextraccion_autoservicio_rank_lag2	0.000915654154858134	0.00137402814010662	0.001686145886266
vm_mfinanciacion_limite_rank_delta2	0.000915650216935276	0.00202931269007841	0.00229246546865616
ctrx_quarter_tend6	0.000909199761559617	0.00168867986432043	0.000975885804037511
mcuenta_corriente_rank_tend6	0.000902738901355034	0.00230927675635504	0.00079110269321384
vmr_mconsumospesos	0.000900047397966652	0.00130561701632494	0.00149558830322908
cliente_antiguedad_lag1	0.0008991555921619	0.00168765065182682	0.00185360558044995
rf_013_023	0.000899152084606758	0.00132739570917786	0.00268512957915647
Master_msaldopesos_rank_delta1	0.000896674059846682	0.0018369221546644	0.00219429944103109
vm_mpagominimo_rank_lag1	0.000895264895243543	0.00187310053002795	0.00173234166397191
mtransferencias_emitidas_rank_tend6	0.000893227646372353	0.00187465851175867	0.00111447313715526
vm_msaldototal_rank_tend6	0.000891156344917007	0.00132146367334502	0.00206148658012658
cprestamos_personales	0.00089002173259898	0.000505574245224107	4.61957777059177e-05
ctrx_quarter_normalizado_tend6	0.000889175429494106	0.00156625851361541	0.00110869866494202
vmr_mpagospesos_tend6	0.000886807368791246	0.00154823146885846	0.00157643091421444
Visa_mpagosdolares_rank_lag2	0.000885433124435223	0.000996763881688682	0.00211345683004573
rf_004_022	0.000883528423518744	0.000660853654228407	0.000687162193375526
ccallcenter_transacciones_tend6	0.000879860576265851	0.00197319435550663	0.000692936665588765
ctarjeta_visa_transacciones_delta2	0.00087662078253039	0.00186228393886946	0.000964336859611032
Master_mconsumospesos_rank_tend6	0.000874956915090787	0.00209949243212316	0.00206726105233982
vmr_Visa_mlimitecompra_lag1	0.000870846530123408	0.00135107248032075	0.00205571210791334
cmobile_app_trx_lag1	0.000870010708899294	0.00217699321260582	0.00142629463667021
Master_mpagospesos_rank_lag2	0.000869579691029719	0.00169729803731823	0.00206148658012658
Visa_fultimo_cierre_tend6	0.000864609440183507	0.00128054150139633	0.0011779923315009
vm_mpagominimo_rank	0.000863202882416915	0.00175840002854946	0.00178431191389107
vm_mfinanciacion_limite_rank_lag2	0.000860054339324304	0.0017104740269074	0.0020788099967663
Master_msaldopesos_rank_lag1	0.00084715213891396	0.000835454206680233	0.00169769483069247
Master_mpagominimo_rank_lag2	0.000841915685280323	0.00129754588057783	0.00222894627431053
vmr_msaldopesos2_lag1	0.000839657842409858	0.00134184243446335	0.0019344481914353
Visa_msaldototal_rank_tend6	0.000838143947155199	0.000927963612259262	0.0015995288030674
rf_010_021	0.000834133625734253	0.000888329784048894	0.000513928026978334
mcaja_ahorro_dolares_rank_delta2	0.000832483963241593	0.00159773263789143	0.000652515360096087
Visa_mfinanciacion_limite_rank_lag2	0.000832108689327865	0.0016057336054592	0.00184205663602347
vmr_msaldopesos2_tend6	0.000831360842694833	0.0017754442964138	0.00170924377511895
Visa_fultimo_cierre_delta1	0.00082017125801182	0.00153255291980154	0.00138587333117753
rf_014_021	0.000819255432523871	0.000984678957130454	0.00196909502471474
mautoservicio_rank_lag2	0.000818781981296326	0.00163141542308719	0.00199796738578094
vm_mpagominimo_rank_delta2	0.000815312130978359	0.00143862660801865	0.00160530327528064
vm_mpagospesos_rank_tend6	0.000815016680405351	0.00116057099478536	0.00143206910888345
ccomisiones_otras_lag1	0.000812090718062766	0.00113963336972547	0.00080265163764032
Master_mpagosdolares_rank	0.000807519274159913	0.00136014241707065	0.00266203169030351
vm_fultimo_cierre_lag1	0.000807369756548222	0.00176860377009041	0.00145516699773641
Visa_msaldototal_rank_lag1	0.000807217270967427	0.00101637551823082	0.00179008638610431
ccomisiones_otras_lag2	0.000805018178087871	0.00158800663658433	0.00194022266364854
mextraccion_autoservicio_rank	0.000802938524766586	0.000865103852697888	0.000669838776735806
vmr_msaldototal_delta1	0.000802290671689596	0.00145286063766044	0.00146671594216289
Master_msaldototal_rank_delta1	0.000797835449260797	0.00170873246747948	0.00182473321938375
Visa_mpagosdolares_rank_delta2	0.000796226409059273	0.00149788896804384	0.00229823994086941
cprestamos_personales_delta2	0.000793492257509233	0.00103296131703172	0.000150136277544232
vm_msaldototal_rank_lag2	0.000787855922260943	0.000888301510866021	0.00156488196978796
vm_mpagospesos_rank_delta2	0.000782874501153593	0.00087449316289914	0.0011491199704347
vm_mfinanciacion_limite_rank_tend6	0.00078208020328696	0.00167753442251858	0.00180163533053079
numero_de_cliente	0.000775960962835581	0.00256542318715284	0.00124728599805978
vm_Fvencimiento_tend6	0.000775945261237751	0.000901977468532148	0.000721809026654964
Master_mpagominimo_rank_tend6	0.000775644353641485	0.00154622710874381	0.00183628216381023
internet	0.000774576546459779	0.00110025246902687	0.000109714972051554
Master_mpagospesos_rank_delta1	0.000767934313684491	0.00134917485081146	0.00207303552455306
vm_mfinanciacion_limite_rank_delta1	0.000767832131012877	0.00153547078619083	0.00208458446897954
Master_cconsumos_lag1	0.000767028838439419	0.00138133494955708	0.00254654224603871
vmr_msaldototal_tend6	0.000766635280752478	0.0014339010002505	0.00169192035847923
vm_mpagado_rank_tend6	0.000766466329313545	0.00124750221489871	0.000646740887882848
Master_msaldototal_rank_delta2	0.000765298036150287	0.00118731908891141	0.00200951633020742
Master_mconsumospesos_rank_lag1	0.000761921363289322	0.00123262780162468	0.00203261421906038
vmr_msaldototal_lag2	0.000761623939721045	0.00086331957990873	0.001541784080935
internet_lag1	0.000759355169119749	0.00144527542579488	0.000225204416316349
mtarjeta_visa_consumo_rank_lag1	0.000758087318489416	0.000905863750832272	0.000860396359772717
thomebanking_tend6	0.000756140944586955	0.00321947023759752	0.000710260082228484
cliente_antiguedad	0.000756004290897754	0.00135142152609474	0.001541784080935
mpayroll_rank_delta2	0.000754919053903525	0.00110489927618729	0.000490830138125375
vmr_mpagominimo_tend6	0.000753402595002361	0.00125921995766368	0.0015129117198688
vmr_mpagominimo_delta1	0.000752842149820727	0.00122356182470431	0.00138587333117753
rf_002_017	0.000751010531099983	0.00160808080761491	0.00137432438675105
Master_fultimo_cierre_lag1	0.00075012553971841	0.0011205935589669	0.00171501824733219
vm_mpagospesos_rank	0.000747821799284726	0.000500652414703115	0.000779553748787361
cliente_edad	0.000746164830898678	0.00181530071984171	0.00125306047027302
Master_msaldopesos_rank_delta2	0.000745962841340571	0.00112876791427053	0.00164572458077332
vm_mlimitecompra_rank_delta1	0.000745604922708733	0.00145414742386581	0.0023559846630018
vm_fultimo_cierre_lag2	0.000744380357161771	0.0015082262878344	0.00139164780339077
vm_msaldototal_rank_lag1	0.000742924629209533	0.000941277351118483	0.0011779923315009
vm_msaldopesos_rank_lag1	0.00074229358457676	0.00105214109456488	0.00116644338707442
mextraccion_autoservicio_rank_delta2	0.000741782521677804	0.00129170600317768	0.00105672841502287
rf_001_017	0.000739998053492488	0.00105016788510922	0.0020499376357001
vm_fultimo_cierre	0.000739197376577321	0.00177456006647886	0.0015995288030674
vmr_msaldopesos_tend6	0.000737595374570727	0.00132135556999874	0.00147826488658937
mcaja_ahorro_dolares_rank_tend6	0.000734992464788649	0.00117377459758581	0.000785328221000601
vmr_msaldopesos2_delta2	0.000731276053046889	0.00163688957063159	0.00188825241372939
Master_mpagospesos_rank_lag1	0.000728064431836016	0.00097053141016569	0.00149558830322908
ccajas_transacciones_delta2	0.000724017556378512	0.00123299949762361	0.000819975054280039
tcallcenter_delta1	0.000723907681419478	0.00117657649376748	0.000554349332471012
rf_001_021	0.000723897602656394	0.00051332186289829	0.000508153554765095
vmr_msaldopesos2_lag2	0.000722809160034443	0.00116348149589172	0.0015706564420012
mtransferencias_recibidas_rank_lag2	0.000722305893211908	0.00137224685038905	0.00170346930290571
vm_mlimitecompra_rank_lag1	0.000721223265344134	0.00112527278393177	0.00174389060839839
Master_Fvencimiento_delta2	0.000716624445862206	0.0009938031963427	0.00143206910888345
vm_msaldopesos_rank_tend6	0.000710586772050812	0.00118289416419921	0.00151868619208204
Visa_fultimo_cierre_lag2	0.000708534271561725	0.00146498193985265	0.00144939252552317
Master_mconsumospesos_rank_lag2	0.000708208403409146	0.00146143847319472	0.00166882246962628
vm_mfinanciacion_limite_rank_lag1	0.000707847693064918	0.000833660219109286	0.00151868619208204
Master_status	0.00070691273120926	0.00127687926625124	0.000843072943132998
cdescubierto_preacordado_lag2	0.000704746871398045	0.000974979064299417	0.00059477063796369
mplazo_fijo_dolares_rank_delta2	0.00070241489517076	0.00154838291913871	0.000265625721809027
Visa_mpagado_rank_delta1	0.000694894834278263	0.00139810118459041	0.000768004804360881
ctrx_quarter_normalizado_delta1	0.000694015850985258	0.00178569750942506	0.000935464498544833
Master_mconsumospesos_rank_delta2	0.000693082850967172	0.00160669283456551	0.00170924377511895
Master_fechaalta_delta1	0.000691851604670587	0.00098784856308265	0.00118376680371414
Master_mpagominimo_rank_delta2	0.000689854556192966	0.000935386867096883	0.00150136277544232
Master_mconsumototal_rank_lag1	0.000689673661200095	0.00124069257524568	0.00174966508061163
vmr_msaldototal_lag1	0.000685581318470746	0.000984348997734817	0.00147826488658937
ccaja_ahorro	0.00068432018301595	0.00100320127096665	8.08426109853559e-05
mcaja_ahorro_rank	0.000684307808553301	0.00123290219141253	0.000854621887559477
Master_mconsumototal_rank	0.000679118147495636	0.00104678888337127	0.00172656719175867
Master_mconsumototal_rank_delta1	0.000679086727643721	0.00123199343693334	0.00181895874717051
Master_mconsumototal_rank_lag2	0.000672977455608602	0.00130697742896078	0.00150136277544232
mttarjeta_visa_debitos_automaticos_rank_delta1	0.000668803937910371	0.00142482546694152	0.00099898369289047
rf_019_018	0.000666067926176007	0.00128769179198474	0.00170924377511895
Master_mpagospesos_rank_delta2	0.000660022102868135	0.00118237109711663	0.00161107774749388
Master_mlimitecompra_rank	0.00065941941524669	0.001046739596693	0.00188247794151615
vmr_mpagospesos_lag2	0.000658059946059206	0.000891820822563797	0.00142052016445697
ctarjeta_debito_transacciones_lag2	0.00065334245575043	0.00168384177099465	0.00153023513650852
Master_fultimo_cierre_delta2	0.000650467531929125	0.000746740297709545	0.00136854991453781
ctrx_quarter_lag1	0.000647363475769873	0.00124469580451137	0.00110292419272878
mtransferencias_emitidas_rank_delta2	0.000647281236792045	0.00131738832238408	0.000762230332147642
mpagomiscuentas_rank_lag2	0.000641879373634597	0.00114788779278227	0.00111447313715526
vm_msaldototal_rank_delta2	0.000640775356277185	0.00093687214635736	0.00155910749757472
rf_014_019	0.000640725478636905	0.000640948356728024	0.000236753360742828
Visa_fultimo_cierre	0.00064016258475169	0.00101665281189366	0.00133967755347161
Master_cconsumos_delta2	0.000639843186695918	0.000928953912827989	0.00187670346930291
rf_008_022	0.000639084340455433	0.000794924744225865	0.000502379082551855
cproductos_delta2	0.000635318881648384	0.00156413142518407	0.000282949138448746
vm_cconsumos_lag2	0.000632597800915026	0.000878776800893569	0.000640966415669608
vm_msaldopesos_rank_delta1	0.000630252759976846	0.00117875405682595	0.00109714972051554
vm_mlimitecompra_rank_tend6	0.000623955772050208	0.00125853422078385	0.00144361805330993
vm_fultimo_cierre_tend6	0.000621352861091352	0.00154647562764536	0.00129925624797893
mttarjeta_visa_debitos_automaticos_rank_tend6	0.000621003127916544	0.00239739880280472	0.000762230332147642
vm_mpagospesos_rank_lag2	0.000612811869663399	0.0008345384565022	0.00130503072019217
mtransferencias_recibidas_rank_tend6	0.000612237863669266	0.00113780384928417	0.000975885804037511
vm_mlimitecompra_rank	0.000611957579462425	0.000845812856752546	0.00135122649789809
vmr_mpagospesos_delta2	0.000611461027830979	0.00155586356510571	0.00150136277544232
mcuenta_debitos_automaticos_rank	0.000604315302737539	0.00189674657289365	0.000467732249272417
mtransferencias_emitidas_rank_lag1	0.000600437016152887	0.0012881356888755	0.0012934817757657
rf_003_015	0.000597013238802794	0.00089881852772083	0.00101053263731695
vmr_msaldopesos_delta2	0.000594704642124916	0.00106626496174903	0.0015706564420012
mcaja_ahorro_dolares_rank_lag2	0.000590536628242992	0.00171237218439395	0.00110292419272878
vm_mpagominimo_rank_delta1	0.000590028978338992	0.00130399184948646	0.00147826488658937
vm_mpagominimo_rank_tend6	0.000589019693155385	0.00123196925557431	0.00118954127592738
Visa_mpagado_rank_delta2	0.000583341937064942	0.00120892563477505	0.000877719776412436
Master_cconsumos_delta1	0.000583280919231916	0.00118296084772856	0.00185938005266319
vm_msaldopesos_rank_delta2	0.000582602447123046	0.00112626012782778	0.00144361805330993
vmr_mpagospesos_delta1	0.000582062873136222	0.00136416145925562	0.00141474569224373
ccomisiones_otras	0.000579565625483403	0.00138172406880596	0.000779553748787361
vm_mconsumospesos_rank_delta1	0.000576505473163095	0.000757925997778329	0.000889268720838915
Visa_mpagosdolares_rank_tend6	0.000576240851822389	0.00153025299801046	0.00189402688594262
vmr_msaldopesos_delta1	0.000575395052259673	0.000961177527239335	0.00118376680371414
Master_delinquency_tend6	0.000575014237261609	0.00145923699276586	0.00102785605395667
mtransferencias_emitidas_rank_lag2	0.000574845249767952	0.00160689798013424	0.00113179655379498
mpayroll_sobre_edad_rank_lag2	0.000569921344968762	0.00126151520685591	0.000565898276897492
vm_mlimitecompra_rank_lag2	0.000565901234937827	0.000723168726037948	0.00131080519240541
vm_Fvencimiento_delta1	0.000559374345925485	0.000572943115473577	0.000502379082551855
ccaja_seguridad_lag1	0.00055648928964072	0.000810619818971379	8.08426109853559e-05
mttarjeta_visa_debitos_automaticos_rank_delta2	0.000555900957066616	0.00126974011598325	0.00114334549822146
vm_mconsumototal_rank_delta2	0.000553569188966504	0.00129364790358115	0.00133390308125837
mttarjeta_visa_debitos_automaticos_rank_lag1	0.00055138871711473	0.00106352119586492	0.00116066891486118
vm_msaldopesos_rank	0.000551311737685813	0.000778519962432402	0.00100475816510371
ccajas_consultas_tend6	0.000547497609256464	0.00302349988429046	0.000519702499191574
mpayroll_rank_tend6	0.000547301491954902	0.00135793594725658	0.000386889638287061
rf_003_027	0.000545034233967313	0.000966609225411125	0.00141474569224373
rf_009_023	0.000543853093088608	0.000843138625475053	0.00116644338707442
vmr_Master_mlimitecompra_tend6	0.000541667935153108	0.00161667883827981	0.0011202476093685
mtransferencias_recibidas_rank_delta1	0.000540468247243613	0.0010286594110237	0.000918141081905114
Master_cconsumos	0.000538336405091813	0.00100175580119243	0.00158797985864092
rf_019_016	0.000538194746291981	0.000901668654626223	0.00125883494248626
vmr_mconsumospesos_lag1	0.000535740557312868	0.000912680254189829	0.00128770730355246
mtarjeta_visa_consumo_rank_delta1	0.000528396290309024	0.00169285814445039	0.0011491199704347
Visa_mpagado_rank	0.000527640624848875	0.00107971903696694	0.000866170831985956
mtarjeta_visa_consumo_rank	0.000526972281849465	0.00116792046479933	0.000935464498544833
mpayroll_sobre_edad_rank_delta1	0.000523660023330417	0.00121371122076121	0.000409987527140019
Visa_fultimo_cierre_lag1	0.000523419295348637	0.000908663746295764	0.00113757102600822
rf_020_027	0.000521577408032955	0.000806772738983642	0.000768004804360881
vm_fultimo_cierre_delta2	0.000519815383966436	0.000496250800187437	0.000640966415669608
mcaja_ahorro_dolares_rank	0.000514742827997737	0.00246408388969025	0.000843072943132998
vmr_msaldopesos2_delta1	0.000508647358761714	0.00101185328730754	0.00153600960872176
mplazo_fijo_dolares_rank_tend6	0.000507342332480699	0.0018185442954096	0.000277174666235506
mpagomiscuentas_rank_tend6	0.000506678895925006	0.00173651769375821	0.000583221693537211
mttarjeta_visa_debitos_automaticos_rank_lag2	0.000504799720453166	0.000829084160903203	0.00128770730355246
Visa_mpagado_rank_tend6	0.000503002720853626	0.00111313656638165	0.00105095394280963
rf_018_015	0.000500785120730906	0.000545671848669498	0.000652515360096087
mcaja_ahorro_rank_lag2	0.000500465589323331	0.00124264374165026	0.00099898369289047
vm_mconsumospesos_rank_tend6	0.000498289737825592	0.000876193936082858	0.00107405183166259
rf_012_022	0.000492524919446324	0.00086744646145134	0.00166882246962628
ctarjeta_visa_transacciones	0.00049166163028022	0.00125540136204972	0.000508153554765095
ctarjeta_visa_debitos_automaticos_tend6	0.000489134469848219	0.00186206382514509	0.000490830138125375
vmr_mconsumospesos_lag2	0.000487931857172672	0.000805478059518069	0.00108560077608907
Visa_fultimo_cierre_delta2	0.000487390907836784	0.000671900285083957	0.000923915554118354
mcajeros_propios_descuentos_rank_delta2	0.000485906110277127	0.000820060897344073	0.000733357971081443
rf_010_022	0.00047982420631251	0.00063772901531688	0.000213655471889869
vmr_Visa_mlimitecompra_tend6	0.000479205999583049	0.00133175215523799	0.000658289832309327
vm_mconsumototal_rank_tend6	0.000477386662483747	0.000832971631152186	0.00103363052616991
chomebanking_transacciones_tend6	0.000472986188706171	0.00138867034897678	0.00107405183166259
mcuenta_debitos_automaticos_rank_tend6	0.000470906289791011	0.00212577337195965	0.000681387721162286
rf_012_013	0.000470688701345375	0.00119534935921773	0.000502379082551855
mpagomiscuentas_rank_delta2	0.00047059663875241	0.00120862091269298	0.000560123804684252
ccajas_consultas_delta2	0.000468475049660154	0.000755742072593737	0.000213655471889869
rf_007_017	0.000466199921344188	0.000827165755488297	0.000329144916154664
mtarjeta_master_consumo_rank_tend6	0.000465814793795674	0.000956898429849439	0.000409987527140019
ccomisiones_mantenimiento_delta1	0.000463347850752834	0.000822451340838296	9.81660276250751e-05
Master_status_tend6	0.000461547023814817	0.000752904696339443	0.00058899616575045
vmr_msaldopesos	0.00046137054666242	0.000693854662373868	0.0012646094146995
rf_016_022	0.000455315299678396	0.00090394819649463	0.000565898276897492
mcomisiones_mantenimiento_rank_lag1	0.000453516339830078	0.00142288377772896	0.00101053263731695
ctarjeta_debito_transacciones_delta2	0.000452349498147596	0.00108595780119548	0.000831523998706518
Visa_Fvencimiento_delta2	0.000452260760507505	0.000720515930637666	0.000548574860257773
vm_status01_tend6	0.000451626370512797	0.000726613328951849	0.000692936665588765
rf_005_015	0.000448649958170227	0.000934721008561309	0.000415761999353259
rf_017_026	0.000448011993150215	0.000475896141231535	0.000912366609691874
ctransferencias_recibidas_tend6	0.000446602883439591	0.00135239656812032	0.000929690026331593
rf_014_023	0.000439817449487223	0.000686555244605207	0.00122418810920682
rf_015_014	0.000436575631596409	0.00160480938124596	0.000929690026331593
cpagomiscuentas_tend6	0.000435887335001427	0.0014288152327868	0.000421536471566499
ctransferencias_recibidas_delta2	0.000435880848639045	0.00129238125970868	0.000623642999029889
vm_mpagospesos_rank_delta1	0.000433748026639038	0.000970788931079718	0.00129925624797893
rf_019_024	0.000433128098499732	0.000967843319484829	0.00101053263731695
vm_msaldototal_rank_delta1	0.000433093872562807	0.000740373525391596	0.00108560077608907
Master_mconsumospesos_rank_delta1	0.000432603566097127	0.000947337923017999	0.00127615835912598
vm_fultimo_cierre_delta1	0.00043128240132425	0.000700332309918769	0.000935464498544833
rf_014_017	0.000429751297612362	0.000699464552874688	0.000716034554441724
rf_007_015	0.00042886293939268	0.000773829940332331	0.000508153554765095
tcallcenter_tend6	0.00042831292579799	0.0016409359620392	0.000519702499191574
mcuenta_debitos_automaticos_rank_lag2	0.000426792403407398	0.00138074749564628	0.000629417471243128
vm_status05_delta2	0.000425699235396271	0.000777386184040227	0.000277174666235506
ctarjeta_visa_transacciones_delta1	0.000425493370923988	0.00120195005186568	0.000236753360742828
cextraccion_autoservicio_tend6	0.000423856662593441	0.00143900611808119	0.000710260082228484
Master_mpagado_rank_tend6	0.000422097074483423	0.00113844462889936	0.00101053263731695
mextraccion_autoservicio_rank_tend6	0.000421746379448553	0.00152024613919395	0.000727583498868204
rf_013_026	0.000421688072375537	0.00119679242669537	0.000866170831985956
vmr_msaldopesos2	0.000420130251599521	0.000561898200544158	0.00111447313715526
mcaja_ahorro_dolares_rank_delta1	0.000419689217994535	0.00169323630817089	0.000583221693537211
rf_013_018	0.00041843502753136	0.000324797229861736	0.000132812860904513
vm_fechaalta_tend6	0.000418316212987545	0.00122856578208984	0.000583221693537211
vmr_mconsumosdolares_lag2	0.000416271265763829	0.000820179692230093	0.00099898369289047
rf_003_023	0.000413029330353192	0.000636236502767788	0.000473506721485656
vmr_mpagado_tend6	0.000410932289636919	0.000632502357118361	0.000565898276897492
rf_006_017	0.000405420811985873	0.000975234182916861	0.000779553748787361
rf_002_021	0.00040325207238501	0.00067538234798525	0.00106827735944935
mtarjeta_visa_descuentos_rank_delta1	0.000399583828949642	0.000840308772896874	0.000854621887559477
Master_mpagado_rank_delta2	0.000397535032096325	0.000759485193856774	0.000952787915184552
active_quarter	0.000395648045495158	0.000800154227102785	0.000710260082228484
Visa_status_lag2	0.000393888558907959	0.00157707631912163	0.000415761999353259
Master_mpagominimo_rank_delta1	0.000392210681392321	0.000848525973556063	0.00105095394280963
ctarjeta_debito_tend6	0.000391665980391959	0.00278431606967201	0.000329144916154664
mpagomiscuentas_rank_lag1	0.00038815487852903	0.0010036056223598	0.00059477063796369
mautoservicio_rank_lag1	0.000385077969282198	0.00116798722752528	0.000837298470919758
ctarjeta_visa_debitos_automaticos_delta2	0.000374482210575809	0.000571320535723724	0.000427310943779739
mcuenta_debitos_automaticos_rank_delta1	0.000372199115171261	0.0014049675026035	0.00059477063796369
Master_mpagado_rank_lag2	0.000359504863525444	0.000666967578231178	0.000756455859934402
ctransferencias_emitidas_tend6	0.000354810693306996	0.00158830565651188	0.000560123804684252
Visa_msaldodolares_rank	0.000354601570575533	0.00106334276594612	0.000669838776735806
ccaja_ahorro_lag2	0.000348871286582245	0.00147436206324939	0.000259851249595787
ccaja_seguridad_lag2	0.000342981670798227	0.000663223057828372	6.92936665588765e-05
ccajas_consultas_delta1	0.000342047883367662	0.000531068710117416	9.23915554118354e-05
matm_rank_tend6	0.000341499056907431	0.00122802447339254	0.000623642999029889
ctarjeta_debito_transacciones_tend6	0.000339906991722863	0.00140023349999674	0.000617868526816649
mcaja_ahorro_dolares_rank_lag1	0.000336605218122604	0.00127420881001124	0.000756455859934402
mtarjeta_visa_consumo_rank_tend6	0.000335257213237097	0.00101523519292049	0.000895043193052155
rf_017_023	0.000333836155502774	0.000790625874087162	0.000710260082228484
Visa_msaldodolares_rank_tend6	0.000332475442189618	0.0013176852568014	0.000629417471243128
matm_other_rank_lag2	0.000331412176817678	0.000742139952548987	0.000675613248949046
rf_015_017	0.000330979500593244	0.00077930382388809	0.000716034554441724
matm_other_rank_delta2	0.00032847015254964	0.000988961486372613	0.000721809026654964
matm_rank_delta2	0.000327909280306091	0.000861051310355063	0.000877719776412436
vm_mconsumosdolares_rank_lag2	0.00032590161705825	0.000857215872266156	0.000721809026654964
cproductos_lag1	0.000325332419484841	0.00069148805705344	0.000173234166397191
ccomisiones_mantenimiento_delta2	0.000324272589484666	0.000874360455812024	0.000132812860904513
internet_delta2	0.000322384306845272	0.000955918979213635	0.000138587333117753
matm_other_rank_tend6	0.000321462903354589	0.00127284163926633	0.000409987527140019
vm_mconsumospesos_rank	0.000320754578329914	0.000676507889931994	0.000652515360096087
mtarjeta_master_descuentos_rank_delta2	0.000319812809792103	0.000583109080240765	0.000860396359772717
ctransferencias_recibidas_lag2	0.000318068843971336	0.00119666985677186	0.000525476971404814
vmr_mconsumosdolares_tend6	0.000316911360886577	0.00168955720415198	0.000664064304522567
mtarjeta_master_consumo_rank	0.000313398169733514	0.00117422102876747	0.000617868526816649
ctarjeta_debito_transacciones_lag1	0.000313027234030831	0.000816640264598285	0.000450408832632697
rf_019_019	0.000305428166177918	0.000751548428325184	0.00080265163764032
vm_status06_delta2	0.000299427507500514	0.000828166140422903	0.000271400194022266
vm_status04	0.000296322686881299	0.000399226528968057	0.000433085415992978
Master_mpagado_rank_delta1	0.000291873336628917	0.00098503338827261	0.000819975054280039
rf_011_016	0.000287080163494596	0.00060343855468083	0.00040421305492678
vm_mconsumosdolares_rank_lag1	0.000287020072659321	0.00115566708909273	0.000698711137802005
Visa_mpagado_rank_lag2	0.000284154145222162	0.000764942894909171	0.000664064304522567
vmr_mconsumosdolares_lag1	0.000281259528352495	0.000917269379833375	0.00060631958239017
catm_trx_tend6	0.000280225236741985	0.00116828875534486	0.000485055665912136
rf_020_012	0.00027451163323944	0.000791752287196404	0.000103940499838315
ctarjeta_visa_debitos_automaticos_lag2	0.000274313152934271	0.000661753433093986	0.000513928026978334
cpayroll_trx_tend6	0.000273999713755962	0.000871904886321399	0.00019633205525015
rf_009_018	0.000273893914040546	0.0007201802690875	0.000490830138125375
cproductos_lag2	0.000273130506470218	0.000537260246779054	0.000225204416316349
ccajas_otras_tend6	0.000272550563378153	0.00142398600947918	0.000213655471889869
mpayroll_rank_lag1	0.000269951021600014	0.00076171333713783	0.000300272555088465
vm_mconsumototal_rank_delta1	0.000268009721604057	0.000742361280621074	0.000762230332147642
Master_mpagado_rank_lag1	0.000267345374630114	0.00073086776980318	0.000814200582066799
ccajas_transacciones_tend6	0.000266614467354052	0.0013166989952588	0.000363791749434102
mtarjeta_master_consumo_rank_lag1	0.00026496531049432	0.000631911682546206	0.000623642999029889
mtransferencias_emitidas_rank_delta1	0.000264773101441011	0.00129993474014024	0.000508153554765095
vmr_mconsumosdolares	0.000264255997701541	0.000833928695551691	0.000548574860257773
rf_004_015	0.000262559914854955	0.000559112671657896	0.000485055665912136
rf_012_018	0.00026087024969188	0.000664877685798586	0.000433085415992978
catm_trx_delta2	0.00026043084981789	0.00125407703666037	0.000467732249272417
ctarjeta_visa	0.000260371424014975	0.000633242607651447	0.000103940499838315
ccajas_extracciones_tend6	0.000259126856982955	0.00198935927722578	0.000340693860581143
Visa_mpagado_rank_lag1	0.000258373390005021	0.000699219914606078	0.000583221693537211
matm_rank_delta1	0.000255157510083544	0.000838709820129908	0.000433085415992978
mpagomiscuentas_rank_delta1	0.000250569065756633	0.000519862920513463	0.000300272555088465
vm_cconsumos_lag1	0.000247494068844938	0.000572218070685901	0.000427310943779739
Visa_msaldodolares_rank_lag2	0.000245743777072153	0.000658268043935885	0.000617868526816649
vmr_mpagado_lag2	0.000244886695986456	0.000774611029907344	0.000433085415992978
mprestamos_prendarios_rank_lag1	0.000240759451440804	0.00158733745179195	0.000167459694183952
ctarjeta_debito_transacciones_delta1	0.000237949539529616	0.00183089262782843	0.000329144916154664
vm_mconsumosdolares_rank_delta2	0.000235571261579319	0.000730899765225815	0.000346468332794383
mautoservicio_rank_delta1	0.000234673638926288	0.00113889203683897	0.000496604610338615
rf_012_014	0.000232777459092237	0.000442722114934302	0.000560123804684252
Visa_msaldodolares_rank_delta1	0.000232376360551035	0.000818245421098188	0.000554349332471012
ccajas_depositos_tend6	0.000230829929817039	0.00211633419430513	0.000271400194022266
ctarjeta_master_transacciones_tend6	0.000229624261565261	0.00137658750992877	0.000444634360419458
mtarjeta_master_consumo_rank_delta1	0.000229382251312016	0.000720760806496048	0.000265625721809027
matm_rank	0.000228636415935018	0.00069158164102476	0.000525476971404814
catm_trx_lag1	0.000225642444997825	0.00016844483904804	5.77447221323971e-05
vm_status06_tend6	0.000221862326491333	0.000680338708219778	0.00019633205525015
vmr_mconsumospesos_delta1	0.000220496256838693	0.000834917860969285	0.000716034554441724
rf_011_025	0.000219525556719516	0.000392178797964577	0.000502379082551855
vm_mpagado_rank_delta2	0.000219371908124796	0.000770374012305963	0.000242527832956068
mv_status07_rank	0.0002141630107792	0.000500318548275672	0.000433085415992978
ctarjeta_master_transacciones_delta2	0.000211031551934207	0.000677570681780057	0.000433085415992978
mprestamos_prendarios_rank_lag2	0.00021092256052912	0.00148654410922665	0.000155910749757472
vmr_mpagado_delta2	0.000206981459774077	0.000817160058221781	0.000329144916154664
mcajeros_propios_descuentos_rank_lag2	0.000204692807671067	0.000702262014047279	0.000438859888206218
minversion2_rank_lag1	0.000202690864058298	0.000971142623053695	0.000121263916478034
mplazo_fijo_dolares_rank_lag2	0.000199671154385274	0.000933037157049134	0.000225204416316349
vm_status03_tend6	0.000195074527209831	0.000904490323556699	0.000167459694183952
rf_014_020	0.00019114113832547	0.000432201085452231	5.77447221323971e-05
ccajas_depositos_delta2	0.000189028656731601	0.000651249140491413	0.000230978888529588
rf_011_022	0.000187230651381899	0.000481396212459946	0.000409987527140019
cprestamos_personales_lag2	0.000184327061117677	0.000527968005199111	0.000109714972051554
catm_trx_other_tend6	0.000183823247104066	0.000779592389865664	0.000294498082875225
rf_020_022	0.000178024238196902	0.000674577869017122	0.0003926641105003
vm_mconsumosdolares_rank_tend6	0.000177775694363862	0.000695115392900904	0.000346468332794383
rf_008_023	0.000177552636385101	0.000748003456932028	0.000381115166073821
ccuenta_debitos_automaticos_tend6	0.000177458701466153	0.00112681817340458	0.000236753360742828
vm_cconsumos	0.00017582881469518	0.000371722476985106	0.000254076777382547
vm_mconsumosdolares_rank	0.000175161777207709	0.000479775137445316	0.000375340693860581
cforex_tend6	0.000175065252268751	0.00127885009980918	0.000219429944103109
vm_mpagado_rank_lag2	0.000175054162920777	0.000624754739444178	0.000334919388367903
rf_010_016	0.000166527949576666	0.000383056697060279	0.000277174666235506
matm_rank_lag1	0.000165997181650752	0.000667941115521544	0.00039843858271354
vmr_mconsumosdolares_delta1	0.000165459780463177	0.000642618612825466	0.000323370443941424
mforex_sell_rank_tend6	0.000164349217142718	0.0016997801640656	0.000265625721809027
rf_001_023	0.000163397465740784	0.000478280248998503	0.000230978888529588
mpayroll_sobre_edad_rank_lag1	0.000160929992179587	0.00122043039150882	0.000323370443941424
ccomisiones_mantenimiento_lag2	0.00015738756922667	0.000392866356365998	0.000109714972051554
mtarjeta_visa_descuentos_rank_lag2	0.000156317164068117	0.000498125753072923	0.000323370443941424
ccallcenter_transacciones_delta1	0.000153759605522697	0.000813920944061831	0.000109714972051554
rf_004_019	0.000152325538581992	0.000545409206375939	0.000300272555088465
Visa_msaldodolares_rank_delta2	0.000146839550394191	0.000381556317649846	0.000346468332794383
rf_012_015	0.000143317346111039	0.000455903410695041	0.000242527832956068
cprestamos_personales_lag1	0.000140205832575767	0.000681359367481599	0.000132812860904513
rf_002_018	0.000138777751776047	0.000613347843297624	0.000144361805330993
matm_other_rank_lag1	0.000137894375239956	0.000484193119256402	0.000213655471889869
vmr_mpagado_lag1	0.000137429291409316	0.000784436660525517	0.000277174666235506
cextraccion_autoservicio_delta2	0.000137111916490227	0.000640970901357504	0.000294498082875225
vmr_msaldodolares2_tend6	0.000136824233137352	0.000537024874511553	0.00020788099967663
rf_016_017	0.000135929996979471	0.000636890587410214	0.000311821499514944
vmr_mpagado	0.000135370619721076	0.000842839341558874	0.000294498082875225
vm_mconsumosdolares_rank_delta1	0.000133751975444991	0.000607772429712614	0.000294498082875225
rf_018_022	0.000130889842750312	0.000673015901058003	0.000219429944103109
mcheques_emitidos_rank_lag1	0.000129858005100882	0.00149988041911422	0.000138587333117753
catm_trx_other_lag2	0.000127098632639463	0.000272697990272648	0.000288723610661986
vmr_msaldodolares2_lag2	0.000123842616078557	0.000630705940851966	0.000265625721809027
vm_status05_tend6	0.000118640843014317	0.000179689778166653	0.000103940499838315
mforex_buy_rank_tend6	0.000118480145788179	0.00149658813764306	0.000173234166397191
ctransferencias_emitidas_lag1	0.000117813279088614	0.00064750850072155	0.000115489444264794
cproductos	0.000116629352872467	7.92999422308706e-05	1.73234166397191e-05
rf_002_020	0.000116375797289278	0.000861754972063255	0.000173234166397191
vmr_msaldodolares_lag1	0.000116196118174717	0.000665953096303431	0.000259851249595787
vmr_msaldodolares_tend6	0.000114248716485807	0.000621110270734264	0.00020788099967663
vm_cconsumos_delta2	0.00011301613463156	0.000464604291332376	0.000161685221970712
mtarjeta_visa_descuentos_rank_lag1	0.000110586743398859	0.00032675499598221	0.000236753360742828
mextraccion_autoservicio_rank_delta1	0.000106068306756897	0.000383298325858444	0.000213655471889869
rf_005_008	0.000105853360715084	0.000532455548015678	0.00019055758303691
ctarjeta_debito_lag2	0.000104050557032749	0.00063546731908024	9.81660276250751e-05
vmr_msaldodolares2_delta1	0.000104004901924724	0.00119961303967131	0.00020788099967663
ccallcenter_transacciones	0.000102535949052623	0.000225772347166324	2.30978888529588e-05
vmr_mpagado_delta1	0.000102341881679587	0.000455695783633142	0.000161685221970712
vm_mpagado_rank_delta1	0.000101407428339113	0.000800692077548957	0.000179008638610431
vm_mpagosdolares_rank_tend6	0.000101302587362737	0.000462875508954422	0.000161685221970712
minversion2_rank	0.000100375951772223	0.000786988031492001	6.35191943456368e-05
mttarjeta_master_debitos_automaticos_rank_delta1	0.000100039025178257	0.000496930254137744	0.000121263916478034
mv_status07_rank_lag2	9.85763584702285e-05	0.000624143104174356	0.000230978888529588
cforex_buy_tend6	9.75067734725362e-05	0.00136233698099726	0.000144361805330993
mplazo_fijo_dolares_rank_lag1	9.61373136765251e-05	0.000693475680288601	0.000150136277544232
vm_cconsumos_delta1	9.27511474200828e-05	0.000399094561049121	8.66170831985957e-05
mttarjeta_master_debitos_automaticos_rank_delta2	9.25306276518024e-05	0.00044329138002811	0.000150136277544232
ctarjeta_visa_descuentos_lag2	8.98333708517513e-05	0.000253493952183873	0.000225204416316349
mtarjeta_visa_descuentos_rank	8.97393275324774e-05	0.000411536794225634	0.000242527832956068
vm_msaldodolares_rank_tend6	8.92386189069485e-05	0.000820919705173407	0.00019055758303691
vmr_mpagosdolares_tend6	8.85191203538069e-05	0.000597990885196586	0.000179008638610431
mtarjeta_master_descuentos_rank_lag2	8.66271535471702e-05	0.000275831957759038	0.000271400194022266
ctarjeta_debito_transacciones	8.51542961635823e-05	0.000396368112819506	0.00020788099967663
ccajas_depositos_lag2	8.4211090917456e-05	0.000335696370266576	0.000161685221970712
mv_status07_rank_delta1	8.36981243843735e-05	0.000707223812447701	0.00019633205525015
mcaja_ahorro_adicional_rank_tend6	8.32688733626419e-05	0.00141214870626114	0.000150136277544232
vm_mpagosdolares_rank_delta2	8.18345678437926e-05	0.000320511004778678	0.000144361805330993
ctransferencias_recibidas_delta1	8.13929814207694e-05	0.000598712022952455	0.000103940499838315
ctransferencias_recibidas_lag1	7.73090477225885e-05	0.000779339858336849	0.000150136277544232
ctransferencias_emitidas_lag2	7.6955142984389e-05	0.000455667695242314	0.000161685221970712
ccajas_otras_delta2	7.47447559385258e-05	0.000290278577449073	0.000155910749757472
cpagomiscuentas_lag2	7.15269625763379e-05	0.000684006856710305	0.000127038388691274
ctarjeta_master_descuentos_tend6	7.0319784387669e-05	0.000802505151498258	0.000103940499838315
ccomisiones_mantenimiento_lag1	6.63096191739695e-05	0.000266113612122374	4.61957777059177e-05
ctarjeta_master_transacciones_delta1	6.47769669171281e-05	0.00113852469665254	0.000138587333117753
ctarjeta_master_debitos_automaticos_tend6	6.4143374248138e-05	0.000939101028806595	0.000121263916478034
vmr_mpagosdolares	6.30391494766441e-05	0.000127389907214509	6.92936665588765e-05
ctarjeta_visa_tend6	6.22337222703155e-05	0.000284510689749846	5.19702499191574e-05
vm_mpagado_rank_lag1	6.18956408765787e-05	0.000357427993945768	0.000144361805330993
rf_009_020	6.10832224945924e-05	0.000397743256021211	0.00020788099967663
cliente_edad_delta2	5.68549866952426e-05	0.000292970311173106	0.000109714972051554
cseguro_accidentes_personales	5.37016818222937e-05	0.000984342450816654	0.000109714972051554
cseguro_vida_tend6	5.20981931006434e-05	0.000584731132013346	9.23915554118354e-05
vmr_mpagosdolares_delta2	5.17478761733061e-05	0.000360399582022401	0.000127038388691274
mttarjeta_master_debitos_automaticos_rank_lag1	5.06997165160509e-05	0.000339655434233535	9.81660276250751e-05
cpagomiscuentas_lag1	4.91006542775321e-05	0.000146653369145157	5.19702499191574e-05
ccuenta_debitos_automaticos_lag1	4.87322445205054e-05	0.000484868745371493	6.35191943456368e-05
mttarjeta_master_debitos_automaticos_rank	4.7622815336611e-05	0.000634253816120113	0.000109714972051554
mcajeros_propios_descuentos_rank_tend6	4.712161436137e-05	0.000537550317491851	8.66170831985957e-05
rf_002_014	4.50300758999602e-05	0.000168891111836522	2.88723610661986e-05
ccomisiones_mantenimiento	4.36254606513797e-05	0.000339662852314195	2.88723610661986e-05
ctransferencias_emitidas_delta1	4.16560795396959e-05	0.000602957620184494	9.23915554118354e-05
vmr_mpagosdolares_delta1	4.09300301017554e-05	0.000329762697704192	6.92936665588765e-05
cpayroll_trx_lag2	4.04810878072555e-05	5.62674617520321e-05	4.0421305492678e-05
cliente_edad_tend6	3.92594339662921e-05	0.000507546504320676	8.66170831985957e-05
ctarjeta_debito_lag1	3.92441511486116e-05	0.00055928510903467	6.92936665588765e-05
mpagodeservicios_rank_lag2	3.24773145194026e-05	0.000701282167428522	6.92936665588765e-05
ccallcenter_transacciones_lag1	3.1050519345515e-05	0.000346063203986592	4.61957777059177e-05
vm_mpagosdolares_rank_delta1	3.10280827162071e-05	0.000347252208801335	8.08426109853559e-05
mtarjeta_visa_descuentos_rank_tend6	3.09865324019685e-05	0.000455562284580119	6.35191943456368e-05
cpagomiscuentas	2.917707743781e-05	0.000753876174518452	6.35191943456368e-05
active_quarter_delta1	2.68337216034943e-05	0.000379841262680943	6.92936665588765e-05
cseguro_vivienda_lag1	2.65859281513377e-05	5.67643675608222e-05	3.46468332794383e-05
mpagodeservicios_rank_tend6	2.63962164227281e-05	0.00026729530445191	4.0421305492678e-05
internet_delta1	2.38095065458785e-05	0.000240901403878249	5.19702499191574e-05
ccuenta_debitos_automaticos_lag2	2.24634244737479e-05	9.3978291145235e-05	3.46468332794383e-05
ccajas_depositos_delta1	2.09929748597499e-05	0.000355193488538594	4.0421305492678e-05
ctarjeta_visa_debitos_automaticos_lag1	2.07989808340016e-05	0.000151903469534518	4.0421305492678e-05
ctransferencias_recibidas	2.054246021297e-05	0.000335074597833147	3.46468332794383e-05
ctarjeta_debito	1.9500808556784e-05	0.000144650460967996	1.73234166397191e-05
ccuenta_debitos_automaticos_delta1	1.92394133981959e-05	0.000261011926143947	2.88723610661986e-05
mtarjeta_master_descuentos_rank_tend6	1.90283382382189e-05	0.000221768220339269	3.46468332794383e-05
cinversion2_lag2	1.5404668415361e-05	0.00022968653306523	2.88723610661986e-05
mforex_sell_rank	1.50748614794691e-05	0.000447949037121457	6.35191943456368e-05
cplazo_fijo_lag2	1.22349725370433e-05	0.000251958779071268	2.88723610661986e-05
ctarjeta_visa_debitos_automaticos_delta1	9.93672271489616e-06	0.000100058926181057	2.30978888529588e-05
ctarjeta_visa_debitos_automaticos	9.17519107951744e-06	7.09733710799533e-05	1.15489444264794e-05
cpagomiscuentas_delta1	8.08562999665079e-06	0.00026694010774271	2.88723610661986e-05
mpagodeservicios_rank_delta2	6.68321146904361e-06	9.01087457246086e-05	2.88723610661986e-05
ccuenta_debitos_automaticos	5.43458844937108e-06	0.000143314467280951	1.15489444264794e-05
ctransferencias_emitidas	4.64384487759041e-06	0.000143314467280951	1.15489444264794e-05
cpayroll_trx_lag1	1.06030305604463e-06	7.07430409953922e-05	5.77447221323971e-06
ccajas_otras	1.05966527755539e-06	7.16572336404753e-05	5.77447221323971e-06
