Feature	Gain	Cover	Frequency
vm_status06_delta2	0.0390019542060335	0.00146557558369345	0.000259840746493594
rf_004_016	0.034606921971301	0.00287841080670364	0.000329131612225218
ctrx_quarter_normalizado	0.0241750749720248	0.00147314619012614	0.000796844955913687
active_quarter	0.0231529601389064	0.00250555507784094	0.000259840746493594
cdescubierto_preacordado	0.0157526794612864	0.00183696664173974	0.000652488985639468
rf_008_021	0.013980236647259	0.00228264996490834	0.000635166269206562
ctrx_quarter	0.0136000624105702	0.00162151847021563	0.000952749403809843
mpasivos_margen_rank	0.0130243783050463	0.00250427597129532	0.00228082433033265
vmr_mpagominimo	0.0127395507147146	0.00143870247706976	0.00255798779325915
mpayroll_rank_lag2	0.0120179432148332	0.00123372501493512	0.000594746597529781
mcaja_ahorro_rank_lag2	0.0113772333153839	0.00147548612636844	0.000906555493322093
rf_002_015	0.0105827380644316	0.000966391746899096	0.00131075221008991
rf_018_015	0.0101499662730125	0.00083071552630678	0.000525455731798156
mtarjeta_visa_consumo_rank	0.00990266006647584	0.00132294940086049	0.00121259015030344
mtransferencias_recibidas_rank	0.00940355870673107	0.00191240834737986	0.00146665665798606
rf_014_023	0.00819755480284178	0.00161819489332873	0.00146088241917509
Visa_mpagospesos_rank_lag2	0.00814865264854974	0.00256598968429091	0.00410548379459878
mcuenta_corriente_rank_lag1	0.00814253666997831	0.00279387603071576	0.00103358874716341
rf_014_022	0.00793571337532295	0.00161761725183397	0.00277740886807597
Visa_msaldototal_rank	0.0074959161834847	0.0015622867550045	0.00269079528591144
rf_006_015	0.00729011149859997	0.00181010214091899	0.00133962340414475
rf_010_026	0.00693637685476403	0.000752921436275142	0.00041574519438975
mcuenta_corriente_rank_delta2	0.00665781000805088	0.0018274735726185	0.00135117188176669
mpayroll_rank	0.00644004152775374	0.00142378390974841	0.000300260418170375
vm_status05_delta2	0.00639330599886644	0.00106615010934015	0.000346454328658125
mpasivos_margen_rank_lag2	0.00626452090240704	0.00212397211736658	0.00377057794356259
Visa_mpagominimo_rank_lag1	0.00582451102277565	0.00190555781242825	0.00255221355444819
mautoservicio_rank	0.00556440005588011	0.000909857569307587	0.000664037463261406
vm_fultimo_cierre	0.00532418959142231	0.001146127967924	0.00114329928457181
mprestamos_personales_rank_tend6	0.00476960793326742	0.0023120004900819	0.000606295075151718
rf_004_026	0.00468675947632238	0.000739977361221599	0.000542778448231062
rf_001_017	0.00466470132677916	0.00105316797926809	0.00193437000167453
rf_005_019	0.00438349244558301	0.00122366591031025	0.0021249198824365
mcaja_ahorro_rank	0.00428572327600657	0.00148080959185294	0.000802619194724655
mpayroll_sobre_edad_rank_lag2	0.00420109706809456	0.0014214179718752	0.000819941911157562
mprestamos_personales_rank_delta1	0.00409982788642127	0.00482447405450502	0.000808393433535624
rf_006_022	0.00401187609939431	0.000901753797854063	0.000664037463261406
Visa_fultimo_cierre_lag1	0.00396401265344647	0.0014009566095228	0.00139736579225444
Master_status	0.00390007073514437	0.00181568251725463	0.00121836438911441
internet_lag2	0.00365884348037947	0.00125319765737697	0.000456164866066531
mcuentas_saldo_rank_delta2	0.00357635680343117	0.00278130403163164	0.00355115686874578
vmr_mconsumospesos_tend6	0.00340380567147182	0.0011201919463932	0.00123568710554731
mprestamos_personales_rank	0.0033866182443021	0.00422159023961725	0.000756425284236906
Visa_cconsumos_lag2	0.00336472277883334	0.00187870549658231	0.00333173579392897
cprestamos_personales_tend6	0.00328785054185394	0.00237866219764278	0.000369551283902
mrentabilidad_annual_rank_delta2	0.00326059585544779	0.0030427182441942	0.0064844701847179
rf_020_027	0.00325888853642673	0.00105268979137981	0.00101049179191953
mactivos_margen_rank	0.00314172292918631	0.00296861046432763	0.00173227164329062
mrentabilidad_annual_rank_delta1	0.00304176469418609	0.00317110121785601	0.00636321116968756
vm_msaldototal_rank_lag1	0.00300926435724011	0.00113307312276469	0.00113752504576084
cdescubierto_preacordado_tend6	0.00297308089496212	0.00209786645361631	0.000265614985304562
mprestamos_personales_rank_lag2	0.00293523417914185	0.00215262904640389	0.000612069313962687
mrentabilidad_annual_rank	0.0029032609063211	0.00205631371571077	0.00247714844990559
mcomisiones_mantenimiento_rank	0.00279083989027371	0.00269766870679718	0.00219998498697909
rf_009_015	0.00279002285886671	0.00137014301889668	0.00220575922579006
mcomisiones_otras_rank_delta1	0.00277504125421485	0.00322501025710586	0.00553749501971903
mcomisiones_rank_tend6	0.00277473221442708	0.00205860617529097	0.00275431191283209
rf_019_024	0.00274941573189826	0.000918021291889867	0.00096429788143178
Visa_mpagospesos_rank_tend6	0.00273296009624362	0.00269413993282911	0.00487345755645762
rf_001_021	0.00271696597657708	0.000740889260524234	0.000473487582499437
mrentabilidad_rank	0.00270923265240121	0.00237620638571131	0.00289866788310631
cproductos_tend6	0.00268917256376648	0.00238044920446666	0.00041574519438975
mautoservicio_rank_lag1	0.00267295342795966	0.0011108157793413	0.000802619194724655
rf_012_013	0.00263876871929502	0.00121001565938405	0.000889232776889187
rf_003_019	0.00263603927142338	0.000781838618478506	0.000167452925518094
vm_mconsumototal_rank_delta2	0.00262896850397281	0.000918124429937977	0.00131075221008991
mcomisiones_otras_rank_lag1	0.00260428101265074	0.00175781575607903	0.00308921776386828
mcuentas_saldo_rank_lag1	0.00260200209175851	0.00210832968885277	0.0012010416726815
mcaja_ahorro_rank_delta2	0.002463549376955	0.00178164414541208	0.0018650791359429
Visa_msaldodolares_rank	0.00245624625120821	0.000700795324645946	0.000438842149633625
Master_fechaalta_tend6	0.00239363498764665	0.00114287489545937	0.00159946415063834
mcomisiones_otras_rank_lag2	0.00233213580568938	0.00240911187070593	0.00476952125786018
vmr_msaldopesos_delta2	0.00228882871590207	0.00111592715257529	0.0016803034939919
vm_Fvencimiento_delta1	0.00226391554482403	0.000827413766577796	0.00050813301536525
mrentabilidad_annual_rank_lag1	0.00224573059917016	0.00204504332458365	0.0024194060617959
matm_rank_lag2	0.0022260056867829	0.00128455083447934	0.00165720653874803
vm_mpagospesos_rank_tend6	0.00222054856399934	0.00124002609437041	0.00154749600133962
Visa_mconsumospesos_rank_tend6	0.00220817994403439	0.00265433593618941	0.00525455731798156
ccaja_ahorro_tend6	0.00220271190862208	0.00355456698063655	0.000363777045091031
mcomisiones_rank_delta1	0.00218347565681774	0.00210633161615855	0.00355115686874578
ctrx_quarter_tend6	0.00217996234669097	0.00125411608340477	0.000889232776889187
mactivos_margen_rank_delta2	0.00216940468543541	0.00340599726711074	0.00524300884035962
mprestamos_personales_rank_delta2	0.00216124506516533	0.00267524324756585	0.000525455731798156
Visa_mconsumototal_rank_tend6	0.00215131968976326	0.00174421392924278	0.00328554188344122
mpasivos_margen_rank_delta2	0.00211854902387009	0.0026482598971852	0.00567030251237131
mrentabilidad_rank_lag2	0.0020902157546679	0.00220637207524101	0.00421519433200718
mpayroll_sobre_edad_rank	0.00208201913418997	0.00129699045683929	0.000311808895792312
mtransferencias_emitidas_rank_lag1	0.00206617024865589	0.00112842219946429	0.000825716149968531
rf_005_020	0.00205616012115798	0.00170170718413029	0.00267347256947853
mrentabilidad_annual_rank_lag2	0.00205269074887695	0.00338292789907025	0.00460206833234209
rf_013_026	0.00204412873053339	0.000883023965161623	0.001108653851706
vm_status04_delta2	0.00202244637571184	0.00120311141053701	0.000288711940548437
mcomisiones_otras_rank_delta2	0.00200903592975316	0.00219448182944506	0.00429603367536075
mrentabilidad_rank_delta2	0.00200095450925677	0.0030525695989462	0.00438842149633625
mactivos_margen_rank_delta1	0.00199926960454085	0.00300791008722605	0.00420942009319622
cdescubierto_preacordado_delta2	0.0019925153010848	0.00131669608757915	0.00023096955243875
Visa_mconsumospesos_rank_delta2	0.0019777520540177	0.00286933934297428	0.00523723460154865
mcomisiones_rank_lag1	0.00197602610376227	0.00239580835205425	0.00418632313795234
mcomisiones_rank_delta2	0.00194835505390538	0.00217683288033872	0.00518526645224993
Master_mfinanciacion_limite_rank	0.00191349298823486	0.00281075293139664	0.0048965545117015
Visa_msaldototal_rank_lag1	0.00190328089342071	0.00163369454972951	0.00239053486774106
chomebanking_transacciones_delta2	0.00188619203503062	0.00345192977973039	0.0046367137652079
chomebanking_transacciones_lag2	0.00185994211925572	0.00250718702230722	0.00393803086908068
Visa_msaldopesos_rank	0.00184420817805555	0.0018844322505203	0.00254066507682625
ctrx_quarter_normalizado_delta2	0.00184418725497996	0.00213414322901691	0.0025117938827714
ctrx_quarter_normalizado_delta1	0.00182635110473178	0.00159942626872945	0.00107400841884019
Visa_mfinanciacion_limite_rank_delta2	0.00180963305394566	0.00215604412903034	0.0042671624813059
ctrx_quarter_lag2	0.00180256177269323	0.00186262767233797	0.0026965695247224
matm_rank_lag1	0.00180208399438169	0.000897168299709978	0.000548552687042031
mcomisiones_rank_lag2	0.00179540219404533	0.00237225561158976	0.00482726364596987
foto_mes	0.00178616191330706	0.00377523182147285	0.000773748000669812
mprestamos_personales_rank_lag1	0.00178176051110439	0.00258741423863688	0.000652488985639468
mcuentas_saldo_rank_tend6	0.00177420432231919	0.00241449665582607	0.00190549880761969
vm_mpagominimo_rank_lag2	0.00176821443382992	0.0014660632458602	0.00185930489713194
mcuentas_saldo_rank_delta1	0.00176618784626588	0.00281396331697328	0.00163410958350415
Master_mlimitecompra_rank_lag1	0.00173016501331511	0.0017252981112005	0.00405928988411103
Visa_mconsumosdolares_rank	0.00171530696600065	0.00188771716708756	0.00291021636072825
mcaja_ahorro_rank_delta1	0.00171270833726064	0.00269421693765911	0.00166875501636997
Master_fechaalta_lag1	0.00170240094867047	0.00248178292887757	0.00404774140648909
rf_017_026	0.001681019846871	0.00076078119242321	0.00121259015030344
rf_019_018	0.00165991121483467	0.00147300449702815	0.00194591847929647
Visa_mfinanciacion_limite_rank_tend6	0.00165272638969515	0.00208660537886302	0.00316428286841087
Master_mlimitecompra_rank_delta2	0.00165194959910137	0.00205010051020828	0.00501781352673184
Master_fechaalta_lag2	0.0016417338911953	0.00209643807454992	0.0033432842715509
vm_Finiciomora	0.00163375052522355	0.0032735034303387	0.000375325522712968
vm_fechaalta_lag2	0.00162660257130407	0.00216757432592704	0.0032508964505754
mrentabilidad_rank_lag1	0.00162468616581894	0.00244045609987864	0.00315273439078893
mpagomiscuentas_rank	0.00161685574495688	0.00134235956569932	0.000623617791584624
Master_Fvencimiento_tend6	0.00161461008966052	0.00147901876900023	0.00221153346460103
Visa_cconsumos_delta2	0.0016137172737945	0.00222380714251091	0.00332018731630703
Visa_mfinanciacion_limite_rank	0.00160227720842439	0.00207213881357696	0.00337792970441672
cproductos_delta2	0.00159773979244343	0.000778060539399497	0.000144355970274219
Visa_msaldototal_rank_delta2	0.00159538915103366	0.00168704047471158	0.0032508964505754
Master_Fvencimiento_lag2	0.00159263709886753	0.00202708767202932	0.00430180791417171
Visa_fechaalta_lag2	0.00159194991365258	0.0021141156043963	0.00321625101770959
Master_mlimitecompra_rank_lag2	0.00158996783404637	0.00254756468650821	0.00437109877990334
internet_lag1	0.00157773919270933	0.00154896763011078	0.000242518030060687
vm_Fvencimiento_lag2	0.00157147620550564	0.00182854513983078	0.00297950722645987
Visa_mconsumospesos_rank_delta1	0.00156097851936957	0.00197244648159334	0.00377057794356259
Visa_mconsumospesos_rank	0.00156063074824528	0.00226480974064669	0.00341257513728253
cproductos	0.00155588061244725	0.000216958108337652	2.3096955243875e-05
mrentabilidad_rank_tend6	0.00155548622317169	0.00248471871828325	0.00173227164329062
Visa_fechaalta	0.00155176975685056	0.00217366544482448	0.00284669973380759
Visa_msaldopesos_rank_lag2	0.00154894800769752	0.00166727857728459	0.00248292268871656
Master_Fvencimiento_lag1	0.00154558827313737	0.00225864619615385	0.00429025943654978
mrentabilidad_rank_delta1	0.00154450950260326	0.00185320823941439	0.00314696015197797
mtarjeta_visa_consumo_rank_delta1	0.00153675420717801	0.00152935176815942	0.0014031400310654
mcuenta_corriente_rank_lag2	0.00153637535951358	0.00198591630014959	0.00120681591149247
Master_Fvencimiento	0.00152383580138627	0.00190136391779422	0.00352228567469093
Visa_mpagominimo_rank_delta2	0.00152162716742679	0.002299425096048	0.00266192409185659
vm_Fvencimiento_lag1	0.00151678616524368	0.0018690387849907	0.0028813451666734
Master_mfinanciacion_limite_rank_tend6	0.00149535886906865	0.00220054921001145	0.00381677185405034
Master_fechaalta	0.00149449358847802	0.00218802018730716	0.00359157654042256
mcaja_ahorro_rank_tend6	0.0014917284554195	0.00234131527617168	0.00191704728524162
Master_mfinanciacion_limite_rank_delta2	0.00149007695727417	0.00200259355672918	0.00399577325719037
Master_mpagominimo_rank_lag2	0.00148922452100847	0.00175670208096244	0.00286979668905147
ctrx_quarter_delta2	0.00147537113602964	0.001683179258839	0.00228082433033265
mcuentas_saldo_rank	0.00146896608158771	0.00304640705451608	0.000889232776889187
mtransferencias_recibidas_rank_delta2	0.00146099091142539	0.00204952386877625	0.00244827725585075
mcuentas_saldo_rank_lag2	0.00146008939282605	0.00228986178567889	0.00235011519606428
Visa_mlimitecompra_rank_delta1	0.0014552878211023	0.00253624747665498	0.00423251704844009
mcuenta_corriente_rank_delta1	0.00145037516822301	0.00203758272505096	0.00115484776219375
rf_018_026	0.00144919609548359	0.00145262690308788	0.00325667068938637
mactivos_margen_rank_lag2	0.00144901234895192	0.00229801116525627	0.00336060698798381
chomebanking_transacciones_delta1	0.00144085147478168	0.00324304209864954	0.00298528146527084
mcomisiones_otras_rank	0.00143899906118125	0.00230707223359676	0.00349341448063609
vm_fechaalta_lag1	0.00143898803127048	0.00204020578431485	0.002586858987314
thomebanking_lag1	0.0014370625854935	0.00168496405499791	0.00322779949533153
cdescubierto_preacordado_delta1	0.00142375961773285	0.0013015738759056	0.000150130209085187
vm_status01	0.00141879426344152	0.000971218286477894	0.000692908657316249
Visa_mpagospesos_rank_lag1	0.00141241225448534	0.00181897756603637	0.0034356720925264
mcomisiones_mantenimiento_rank_delta2	0.00140309617550871	0.00158982248213733	0.00116062200100472
mcuenta_corriente_rank	0.00140233835681737	0.00271452463247823	0.00156481871777253
rf_016_021	0.00140058219968035	0.00137737339346257	0.00224617889746684
Visa_mfinanciacion_limite_rank_lag2	0.00139446048345283	0.00189045378610588	0.00296795874883793
mtransferencias_recibidas_rank_lag2	0.00137707189328685	0.00215458887985751	0.00307189504743537
rf_004_025	0.00137123398539095	0.00144372905551146	0.00381099761523937
Master_mfinanciacion_limite_rank_delta1	0.00136695502276212	0.00182723039947114	0.00400732173481231
Visa_mpagospesos_rank_delta1	0.00135257803284157	0.00206491596579896	0.004065064122922
rf_008_026	0.00134912244964709	0.000606060461506085	0.000588972358718812
ccaja_seguridad_lag2	0.0013469611779142	0.000825171968069965	0.000121259015030344
Visa_mlimitecompra_rank	0.0013412344504544	0.00193996499687765	0.00283515125618565
rf_020_025	0.00134024309847726	0.00195026627458716	0.00122991286673634
vm_mpagominimo_rank	0.00132572587656009	0.00194687498292664	0.0019401442404855
Master_mfinanciacion_limite_rank_lag1	0.00132565512620449	0.00173437252248317	0.00340680089847156
rf_005_022	0.00131978404108481	0.000776113364634609	0.000173227164329062
mtarjeta_visa_consumo_rank_delta2	0.00130903812839963	0.0018376674488546	0.00236166367368622
Visa_fechaalta_lag1	0.00129467747059082	0.00208616379853404	0.00250601964396044
Visa_mconsumototal_rank_delta1	0.00129340519377779	0.00200719245045032	0.00374748098831872
Master_msaldopesos_rank_lag1	0.00128882939688584	0.00138776428205593	0.00198633815097325
Visa_mpagominimo_rank_delta1	0.00128631025957919	0.00189436189965687	0.0026965695247224
Master_mlimitecompra_rank	0.00128622039439212	0.00161689733825753	0.00381099761523937
vmr_msaldopesos_lag1	0.00128468268557515	0.00121226606369483	0.00183620794188806
mactivos_margen_rank_tend6	0.00127737196670377	0.00223348543377621	0.00211337140481456
mrentabilidad_annual_rank_tend6	0.0012746010671595	0.0021571675415998	0.00229814704676556
mpayroll_rank_delta2	0.00127457970242601	0.00144649872923465	0.000438842149633625
cprestamos_personales_lag1	0.0012641903890028	0.000559684368432007	0.000109710537408406
Visa_mlimitecompra_rank_lag1	0.00125976015283697	0.00162751955715018	0.002771634629265
Visa_mfinanciacion_limite_rank_lag1	0.00125920168948452	0.00182411246706189	0.00301415265932568
Visa_mpagospesos_rank_delta2	0.00124448358241889	0.00161578339996654	0.00350496295825803
tcallcenter_delta2	0.00123810815689195	0.00172892189112767	0.00114907352338278
Visa_cconsumos	0.00123672052547277	0.00177820816673812	0.00312963743554506
Visa_mpagominimo_rank	0.00123665606606957	0.00154905792524808	0.00191127304643065
Visa_msaldototal_rank_lag2	0.00123651396810787	0.00150145804488766	0.00257531050969206
Master_mlimitecompra_rank_delta1	0.00123432739383196	0.00221871561262683	0.00389183695859293
Visa_mlimitecompra_rank_lag2	0.00122721257034834	0.00187679400826633	0.00264460137542369
Visa_mpagominimo_rank_lag2	0.00121755212104707	0.00190397639744715	0.00296218451002697
internet_tend6	0.00121734747289515	0.00239973294032281	0.000363777045091031
rf_006_021	0.00121716782296406	0.00112002277788765	0.00338947818203865
cliente_edad_lag2	0.00121460450634758	0.00211693449173266	0.00168607773280287
mcomisiones_mantenimiento_rank_tend6	0.00121390550201202	0.00247802716698785	0.00127033253841312
Visa_fechaalta_tend6	0.00121094967151483	0.000941049209962061	0.000987394836675655
Visa_cconsumos_lag1	0.00121040055060573	0.00162714155975671	0.00311808895792312
ctrx_quarter_normalizado_tend6	0.00120964042773983	0.00214831290726017	0.00162256110588222
rf_015_023	0.00120756302580442	0.00153597999969372	0.00301992689813665
ctarjeta_debito_transacciones_lag1	0.00120627568769318	0.000716854174015912	0.00041574519438975
Visa_mpagospesos_rank	0.00120528460632164	0.00175496034013569	0.00307189504743537
Master_mlimitecompra_rank_tend6	0.00118946730466901	0.00180470498660196	0.0031585086295999
rf_002_017	0.00118926407436604	0.00101280365800927	0.00107978265765116
vmr_msaldopesos_lag2	0.00117423515595125	0.000957841236898321	0.00150707632966284
Visa_fultimo_cierre_tend6	0.00117202988210178	0.00177695779883719	0.00191704728524162
Master_mconsumospesos_rank_lag2	0.00116367345892579	0.00214435510638209	0.00310654048030118
Visa_mlimitecompra_rank_delta2	0.00116316939354603	0.00199999642014388	0.00312386319673409
rf_007_023	0.00115627972436492	0.0013055185970159	0.00317005710722184
vm_status02	0.00115523084833941	0.00168930135336355	0.001293429493657
Visa_msaldopesos_rank_lag1	0.00115452142417458	0.0016835609406741	0.00234434095725331
mcomisiones_rank	0.00115148810832173	0.00126558161835092	0.00215379107649134
Master_mpagospesos_rank_lag1	0.00115095904103817	0.00197499877326056	0.00231546976319847
vm_Fvencimiento	0.00114611328177085	0.00179298085648849	0.00239053486774106
mpasivos_margen_rank_delta1	0.00114503103730753	0.0021479874921122	0.00302570113694762
Visa_mlimitecompra_rank_tend6	0.00113956752037077	0.00189955209362424	0.00321625101770959
thomebanking	0.00113797512649771	0.00247161197513189	0.000664037463261406
Master_msaldototal_rank	0.00113569767166725	0.00187061406800824	0.00237898639011912
mautoservicio_rank_delta2	0.00113368548671982	0.00161626243001291	0.00170917468804675
rf_001_025	0.00112440212842919	0.00158588978809719	0.00295063603240503
Visa_mconsumospesos_rank_lag1	0.00112279285913084	0.00153557560590774	0.00284669973380759
Master_msaldopesos_rank_lag2	0.00112222935607498	0.00136720457142954	0.002402083345363
Visa_msaldopesos_rank_delta2	0.00112048440483941	0.00174324486846005	0.00291021636072825
chomebanking_transacciones	0.00111941745482856	0.0020838372578688	0.0017726913149674
Visa_Fvencimiento_tend6	0.00111809566934558	0.000769240828303003	0.00077952223948078
Visa_msaldototal_rank_delta1	0.00111720350722738	0.0018622640179494	0.00255798779325915
Visa_Fvencimiento_lag1	0.0011074138996577	0.00135955095979049	0.00230392128557653
Visa_mconsumospesos_rank_lag2	0.00110515438235845	0.00163371157711331	0.00321047677889862
vmr_msaldopesos_delta1	0.00110231664235236	0.00130504351458556	0.00170917468804675
Master_cconsumos_tend6	0.00109745316055814	0.00166067940020425	0.0027889573456979
ctarjeta_visa_transacciones_lag2	0.00109740408455626	0.00123873767145096	0.00168607773280287
Master_mfinanciacion_limite_rank_lag2	0.00108803717179538	0.00160745050887871	0.00320470254008765
mttarjeta_visa_debitos_automaticos_rank_delta2	0.00108769506877423	0.00151921213216756	0.00114907352338278
Visa_Fvencimiento_lag2	0.00108503620238786	0.00179830566416244	0.00245982573347269
vmr_msaldopesos	0.00108284802261738	0.00102581555310619	0.00150130209085187
cliente_edad_lag1	0.00108259275681594	0.00224654648985141	0.00179001403140031
ctrx_quarter_normalizado_lag2	0.00107620764235436	0.00177550654991527	0.0021422425988694
vm_fechaalta	0.00107002625840872	0.00127656962334479	0.00231546976319847
Master_mconsumospesos_rank	0.0010629773218363	0.00145969708339532	0.00196324119572937
rf_010_023	0.00106221484399277	0.00132971279876762	0.00373015827188581
Master_msaldototal_rank_lag2	0.00105707410393338	0.00136238863777913	0.00258108474850303
Master_mconsumospesos_rank_tend6	0.00105535660112774	0.00282180036117046	0.00289289364429534
Visa_mfinanciacion_limite_rank_delta1	0.00105467960228977	0.00136387594159412	0.00303724961456956
Visa_cconsumos_tend6	0.00105049960313855	0.00199123573906574	0.00252334236039334
rf_020_026	0.00104769589130794	0.00126474222359601	0.00293908755478309
vm_fultimo_cierre_tend6	0.00104087636891376	0.00165974644694946	0.00133384916533378
tcallcenter_tend6	0.00104085839654966	0.00181380221510527	0.0004619391048775
mpasivos_margen_rank_lag1	0.00103673464753876	0.00143137562276813	0.00215956531530231
rf_007_016	0.00103383043692081	0.000815094993903204	0.00140891426987637
ctrx_quarter_lag1	0.00103308128083576	0.00103472487508654	0.000785296478291749
vmr_Master_mlimitecompra	0.00102283167264915	0.00171815174190371	0.00236743791249719
Master_mpagominimo_rank_lag1	0.00102270985417731	0.00173103828703299	0.00245982573347269
ccomisiones_mantenimiento_tend6	0.00102229130936952	0.00320762090322957	0.000409970955578781
vm_status06_tend6	0.00101802718270357	0.000648742822896966	0.000144355970274219
Master_fultimo_cierre_lag2	0.0010178560374933	0.00145236404449525	0.00226927585271072
rf_008_024	0.00101350616129083	0.00121124702609317	0.00292753907716115
Visa_mconsumosdolares_rank_lag1	0.00101133759245654	0.00150867170787903	0.00256376203207012
Visa_msaldototal_rank_tend6	0.00100617878384173	0.00162723835530173	0.00224040465865587
vmr_Master_mlimitecompra_lag1	0.00100610931765465	0.00167432978271765	0.00250024540514947
vmr_mpagominimo_tend6	0.000995043081950033	0.00159002565277561	0.00181311098664419
Master_mpagospesos_rank_tend6	0.000992805746597818	0.00167831595379626	0.002217307703412
Master_msaldopesos_rank	0.00098781612516391	0.00150189999366079	0.00237898639011912
Visa_mpagominimo_rank_tend6	0.000983390374591551	0.00152855945530501	0.00248292268871656
Master_msaldopesos_rank_tend6	0.000975471864025295	0.00194806429436634	0.00243672877822881
vm_mpagospesos_rank_delta2	0.000974648109356129	0.000921762973949092	0.00131075221008991
mcomisiones_otras_rank_tend6	0.000972908227661323	0.00172475407707687	0.00197478967335131
vm_mlimitecompra_rank_delta2	0.000970877928784125	0.00232830277577363	0.0023270182408204
Master_fultimo_cierre_lag1	0.000968445133217567	0.0013978265974085	0.00192282152405259
vmr_Master_mlimitecompra_lag2	0.000967591449418408	0.001539069535585	0.002217307703412
rf_003_015	0.000965624884778867	0.00111112706202389	0.00109710537408406
Visa_mconsumosdolares_rank_delta2	0.000961058217152565	0.00125060354729729	0.002402083345363
Master_fechaalta_delta1	0.000953421044139682	0.00123097650043384	0.00161678686707125
rf_014_020	0.000947297495253246	0.00182792462722595	0.000173227164329062
chomebanking_transacciones_lag1	0.000936820748821667	0.00141301894506017	0.00196901543454034
Master_msaldopesos_rank_delta2	0.000931392020363384	0.00128919936289268	0.00206717749432681
vmr_msaldototal_lag1	0.000928257977522936	0.00135908827287448	0.00195169271810744
ccajas_transacciones_tend6	0.000921839191214177	0.00127977021883367	0.000386874000334906
ccallcenter_transacciones_tend6	0.000920730304582833	0.00205492081255376	0.000767973761858843
mtarjeta_visa_consumo_rank_lag2	0.000919085949533385	0.00186153339317481	0.00228082433033265
Visa_Fvencimiento	0.000917244791414889	0.00151808108754045	0.0020498547778939
rf_011_015	0.00091482946542094	0.000789572866754302	0.00158214143420544
Master_mpagominimo_rank	0.000913794330583396	0.00122874938705764	0.00196324119572937
cliente_antiguedad_lag2	0.000909269761254485	0.00144404741758545	0.00172649740447965
vmr_msaldototal_lag2	0.000908116532838743	0.00136605407821412	0.0017553685985345
Visa_mconsumosdolares_rank_lag2	0.000899647184217128	0.00144638516948022	0.00262150442017981
vmr_mpagominimo_delta1	0.000896891627703272	0.0012494390532037	0.00121836438911441
vm_mfinanciacion_limite_rank_delta2	0.000886751194409879	0.00169632850465628	0.00193437000167453
vmr_Visa_mlimitecompra_lag2	0.000886091787728515	0.00126895640897643	0.00191127304643065
mcuenta_corriente_rank_tend6	0.00088222636109909	0.00348524986967779	0.00127610677722409
Visa_mconsumosdolares_rank_tend6	0.000879480915270957	0.00148429881070841	0.0023096955243875
Visa_msaldopesos_rank_delta1	0.000874044609069692	0.00149822539475662	0.0021422425988694
ccomisiones_otras_tend6	0.000870587710478396	0.00179427377969022	0.00150707632966284
mactivos_margen_rank_lag1	0.00086833806204276	0.00241768214510429	0.00180733674783322
rf_006_016	0.000866806142336184	0.001340754701879	0.000271389224115531
Visa_cconsumos_delta1	0.000865650053889988	0.00119427906706923	0.00222885618103394
vmr_msaldopesos_tend6	0.000861660831549991	0.00141020584756066	0.00133384916533378
Visa_fultimo_cierre_lag2	0.000858182031473456	0.00169788626025865	0.00156481871777253
cmobile_app_trx_tend6	0.000853252486009885	0.00258479936409689	0.00139736579225444
vm_status02_tend6	0.000853042073535781	0.00132996231441808	0.00113752504576084
ccomisiones_otras_delta2	0.000850832482558745	0.00120186862205885	0.00209027444957069
cmobile_app_trx_lag1	0.00084937154137077	0.00224056111442866	0.00118949319505956
Visa_mconsumosdolares_rank_delta1	0.000849092310748005	0.00118848467730995	0.00191704728524162
mextraccion_autoservicio_rank_tend6	0.000847436045583756	0.00107171611635345	0.000606295075151718
vmr_msaldototal_delta2	0.000845496515991471	0.00096777772856934	0.00130497797127894
mtransferencias_emitidas_rank	0.000840212515496939	0.00197609865803848	0.00131652644890087
rf_007_021	0.000838253724300126	0.0011354358499102	0.00184198218069903
vm_msaldopesos_rank_delta2	0.000828475900151516	0.00141174854958724	0.00170340044923578
vm_mpagospesos_rank_lag1	0.000823870551454841	0.000535058376439065	0.000664037463261406
ccomisiones_otras_lag2	0.000823129387867432	0.00149478186297732	0.001662980777559
ccomisiones_otras_lag1	0.000819066801232521	0.00129936068445526	0.000848813105212405
vmr_msaldopesos2_tend6	0.000816387416481946	0.00166131470321047	0.00154172176252865
vm_msaldototal_rank_tend6	0.000815587364879092	0.00174311330757653	0.00196324119572937
Master_mconsumototal_rank_lag2	0.000813753701751023	0.00158223387457555	0.00211914564362553
vm_mlimitecompra_rank_delta1	0.00081356821031086	0.0013968005856852	0.00244250301703978
vmr_mpagospesos	0.00081307323106777	0.000976361503814517	0.00129920373246797
vm_mlimitecompra_rank	0.000809947449516408	0.0010173502852942	0.00182465946426612
vm_fultimo_cierre_lag2	0.000808011647939075	0.0014431799684393	0.00144933394155315
rf_002_020	0.000802909208839619	0.00100310926047058	0.000207872597194875
ctarjeta_visa_transacciones_tend6	0.000796224965113343	0.00201836854618924	0.000796844955913687
rf_014_021	0.000795455611200913	0.00131794069196069	0.002217307703412
Master_mconsumototal_rank_lag1	0.000794483466409178	0.00132673842799462	0.00209027444957069
ctarjeta_visa_debitos_automaticos_tend6	0.000792905432058574	0.00157317246410834	0.000433067910822656
rf_012_022	0.000792378546317403	0.000906695134106977	0.00207295173313778
vm_msaldopesos_rank	0.000786294597987288	0.000962215458632549	0.00131652644890087
Visa_msaldopesos_rank_tend6	0.000781157426568615	0.00161938691546476	0.00200943510621712
mcaja_ahorro_dolares_rank_delta2	0.000778058646638688	0.00147161340977451	0.000750651045425937
Master_mpagospesos_rank_delta2	0.00077757943701281	0.00174557172493458	0.00187085337475387
vmr_Visa_mlimitecompra_lag1	0.000767130180628436	0.00111918301468858	0.0015705929565835
Visa_fultimo_cierre_delta1	0.000764508087073118	0.000937580492392502	0.000941200926187905
vmr_mpagominimo_lag1	0.000762441885658475	0.000943079626790274	0.00129920373246797
vm_mfinanciacion_limite_rank_lag1	0.000761919862641067	0.00114504934763775	0.00178423979258934
Master_cconsumos_lag1	0.000761598276483188	0.00107953837014924	0.00222885618103394
tcallcenter_delta1	0.000761093835877501	0.000809358318290263	0.000409970955578781
Master_msaldototal_rank_lag1	0.000759744879862029	0.000822399425745791	0.00150130209085187
vm_mfinanciacion_limite_rank	0.000759426432655402	0.000971585572673207	0.00180156250902225
vm_mfinanciacion_limite_rank_lag2	0.000759236794171917	0.00112908308302238	0.00153017328490672
Master_mpagosdolares_rank	0.000756335526931518	0.00114300514047088	0.00228659856914362
Master_fultimo_cierre	0.000749265057293422	0.00117621017056976	0.00199211238978422
vmr_msaldopesos2_lag2	0.000744299378976498	0.00138732138585495	0.00165720653874803
vmr_mpagominimo_lag2	0.000741305121882554	0.00115282978302108	0.00162256110588222
rf_003_026	0.000738319275167125	0.000974059412051207	0.000560101164663968
Master_mpagospesos_rank	0.000736848503803499	0.00132374834570982	0.00166875501636997
Master_mpagominimo_rank_delta1	0.000736211429173364	0.00173253535461828	0.00195169271810744
mcuenta_debitos_automaticos_rank_delta2	0.000733267591189458	0.00182593889741118	0.000733328328993031
cpagomiscuentas_tend6	0.000732286611274142	0.00148163767010856	0.000450390627255562
Master_delinquency_tend6	0.000728721110617684	0.00112449253192978	0.000889232776889187
Master_msaldototal_rank_delta1	0.000728243237186179	0.00116092244851484	0.00179001403140031
Master_fultimo_cierre_delta2	0.000721354093305783	0.000672847176907872	0.001478205135608
mpasivos_margen_rank_tend6	0.000721291536946344	0.00167409084667815	0.00163410958350415
rf_010_021	0.000719320331616217	0.000747680344378447	0.000531229970609124
chomebanking_transacciones_tend6	0.000714712955558756	0.00121833336530889	0.00127033253841312
vmr_mpagominimo_delta2	0.000712697529254938	0.00129494232837383	0.00163410958350415
ctarjeta_visa_transacciones_delta1	0.000708561405538855	0.00105055107828521	0.0002771634629265
Master_mpagominimo_rank_tend6	0.000702191053332977	0.00128635757938336	0.00153017328490672
Master_cconsumos_lag2	0.000700804944125741	0.00127359619999963	0.00245982573347269
vm_mpagominimo_rank_delta1	0.000700747267201737	0.00101138541115735	0.00108555689646212
Master_mpagospesos_rank_delta1	0.000698647456201556	0.00127063311940847	0.00185930489713194
mpayroll_sobre_edad_rank_tend6	0.000696345569051027	0.00112772560313986	0.000404196716767812
vm_msaldopesos_rank_tend6	0.000696195774091981	0.00107510235506545	0.00161678686707125
rf_019_021	0.000695934104950928	0.000998639611698215	0.00187085337475387
rf_013_018	0.000695400020526723	0.000377458754421953	0.000196324119572937
Master_mpagominimo_rank_delta2	0.000693484614674839	0.00155599733419521	0.00191704728524162
vm_mconsumospesos_rank	0.000692298304453557	0.00085904382946842	0.00096429788143178
vm_mfinanciacion_limite_rank_delta1	0.000689405191226887	0.00163215750595256	0.00203830630027197
vmr_mpagospesos_delta2	0.0006887885320786	0.00164337149880536	0.00138004307582153
vm_mpagominimo_rank_lag1	0.000688494719866697	0.00172398971334394	0.00145510818036412
vm_mfinanciacion_limite_rank_tend6	0.00068524930824214	0.00149458827188727	0.00154172176252865
internet	0.000683986663427844	0.00120570786286887	0.000127033253841312
ctransferencias_recibidas_tend6	0.000680543742190269	0.00137337514267891	0.000814167672346593
vm_mlimitecompra_rank_tend6	0.000679706997329975	0.00148866755841507	0.00151285056847381
vm_mlimitecompra_rank_lag2	0.000679073964513762	0.00129902187373023	0.00160523838944931
vmr_msaldopesos2_lag1	0.000679027503246287	0.00110593649961236	0.00182465946426612
Visa_mpagado_rank_tend6	0.000678735187112528	0.00102416337052841	0.00110287961289503
vm_msaldopesos_rank_lag1	0.00067834908665223	0.000932700081013631	0.00113752504576084
vmr_Master_mlimitecompra_tend6	0.000678202214316323	0.00181243812954527	0.00137426883701056
vmr_mconsumospesos	0.000672600549574226	0.0011823511873338	0.00134539764295572
mcuenta_debitos_automaticos_rank_lag2	0.000671248225125009	0.00140775653603692	0.000744876806614968
mtransferencias_emitidas_rank_lag2	0.000670832469390218	0.00161272631347902	0.00146088241917509
rf_005_013	0.000670083234469551	0.000473847510773208	0.000404196716767812
mtransferencias_recibidas_rank_tend6	0.000663801835276867	0.00155310660024714	0.00125300982198022
Master_mconsumototal_rank	0.000663166558049494	0.00112184128668744	0.00157636719539447
Master_msaldototal_rank_delta2	0.000662056476852433	0.00130083909297545	0.00169762621042481
vmr_mconsumospesos_lag1	0.00065801581905388	0.0012072049567716	0.00147243089679703
mtarjeta_visa_consumo_rank_tend6	0.000657365976674363	0.000829152165089645	0.000941200926187905
vmr_mpagospesos_tend6	0.000655570992049675	0.00139027443950139	0.00128188101603506
ccaja_seguridad_lag1	0.000654095115301733	0.00107966348325991	0.000127033253841312
mtransferencias_emitidas_rank_delta2	0.000652494058576854	0.00191991744995482	0.00087191006045628
vm_mlimitecompra_rank_lag1	0.000651647475284274	0.00091676005488613	0.00162833534469319
cliente_antiguedad_lag1	0.000651314216236282	0.00119138741201075	0.00105091146359631
mpayroll_rank_tend6	0.000645451779471623	0.00132498589701739	0.000404196716767812
mextraccion_autoservicio_rank_delta2	0.00064544229241738	0.00174287913499371	0.00131075221008991
mpayroll_sobre_edad_rank_delta1	0.000640799559139154	0.00121484161997917	0.000438842149633625
vm_msaldototal_rank_delta2	0.00064038827698012	0.00106667098411642	0.00148975361322994
ctransferencias_emitidas_tend6	0.000634984084268603	0.00181832955170653	0.000808393433535624
Master_mconsumototal_rank_delta2	0.000634282383101346	0.00147708046321268	0.00167452925518094
vmr_mpagado_tend6	0.000633716539249836	0.00122094250264692	0.000675585940883343
Visa_mpagosdolares_rank_delta2	0.000633236795672521	0.00112160164007706	0.00177846555377837
numero_de_cliente	0.000632769102548251	0.00163603990736449	0.000923878209754999
mcuenta_debitos_automaticos_rank	0.000632547975566516	0.00200947604105318	0.000635166269206562
mautoservicio_rank_lag2	0.000630984434746929	0.00131516693903426	0.00153594752371769
Master_mconsumospesos_rank_lag1	0.00062870141452224	0.00119538076775053	0.00184198218069903
Master_mconsumospesos_rank_delta2	0.000628603437832175	0.00127319746446329	0.001478205135608
Master_Fvencimiento_delta2	0.000627745792652455	0.00109696688437654	0.00142046274749831
vmr_mpagospesos_lag2	0.000623146890163328	0.00105096184089172	0.00139159155344347
vm_msaldototal_rank_lag2	0.000621778260034213	0.000894704908355734	0.000970072120242749
Visa_mpagosdolares_rank_tend6	0.000618806828039347	0.00115285044221163	0.00167452925518094
mttarjeta_visa_debitos_automaticos_rank_lag1	0.000618169130243529	0.000929627993585199	0.00122991286673634
mcaja_ahorro_dolares_rank_tend6	0.000613776688165165	0.00180213722027991	0.000762199523047874
Visa_Fvencimiento_delta2	0.000611581515591711	0.00034356523377022	0.000450390627255562
vm_mpagospesos_rank	0.000611461555161698	0.000907384493135352	0.00103358874716341
rf_012_019	0.000610597381135345	0.00104344386933942	0.00132807492652281
Visa_mpagosdolares_rank_lag2	0.00060892677476708	0.000841552100749788	0.00165720653874803
vmr_Visa_mlimitecompra	0.000607095845756851	0.000973199384423189	0.00136272035938862
ccuenta_debitos_automaticos_tend6	0.000604870966833957	0.00131049293533881	0.000300260418170375
vmr_msaldototal	0.00060421474293556	0.000900371632212646	0.00159368991182737
Master_msaldopesos_rank_delta1	0.000603075159241813	0.00105704898585569	0.00154749600133962
vm_mpagospesos_rank_delta1	0.000600632728457606	0.00148872143021515	0.00154172176252865
mplazo_fijo_dolares_rank	0.000600148041513172	0.00185261528116944	0.000213646836005844
ccajas_transacciones_delta2	0.000599918255977233	0.000977139894743061	0.000866135821645312
cextraccion_autoservicio_tend6	0.000599160352606045	0.00114092198349252	0.000652488985639468
vm_msaldototal_rank	0.000596718549606745	0.00065791853000693	0.00109133113527309
Visa_mpagado_rank_delta2	0.000595228331539591	0.0012025952202651	0.000756425284236906
mcaja_ahorro_dolares_rank_delta1	0.000594065312928943	0.00139587655404264	0.000617843552773656
rf_012_020	0.000593873288208835	0.000762749921171615	0.000398422477956843
Master_cconsumos	0.000592781951922712	0.00101754474485977	0.00202675782265003
Visa_Finiciomora_tend6	0.00059200602239561	0.00294317471101743	0.000519681492987187
Master_mpagospesos_rank_lag2	0.000590652236583191	0.0010333341825945	0.00158214143420544
vmr_mconsumospesos_lag2	0.000589973167551254	0.00112383812246197	0.001478205135608
cprestamos_personales_lag2	0.000587745418620761	0.000606827693839987	0.000127033253841312
mcomisiones_mantenimiento_rank_delta1	0.000585021454281037	0.00230862425199717	0.00112597656813891
vm_cconsumos_tend6	0.000580877514210241	0.00135893342105639	0.000756425284236906
mpayroll_rank_delta1	0.000577019098485353	0.000926637148094637	0.000225195313627781
rf_002_024	0.000576240788036458	0.000729319613784692	0.0019401442404855
mcaja_ahorro_dolares_rank	0.00057070828909685	0.00190790532809334	0.000739102567803999
vm_Fvencimiento_tend6	0.000570189738166368	0.00086699993376503	0.000981620597864686
mextraccion_autoservicio_rank_lag2	0.000567509894435052	0.00110978084600577	0.00145510818036412
mcaja_ahorro_dolares_rank_lag2	0.000567175535358423	0.00146196146226684	0.000970072120242749
vmr_msaldopesos2_delta2	0.000566396919870062	0.00139203504993276	0.00147243089679703
mttarjeta_visa_debitos_automaticos_rank_delta1	0.000565776862621442	0.00146263689936935	0.00101049179191953
vm_mconsumototal_rank_tend6	0.000564550126875538	0.00104049118413713	0.00137426883701056
Visa_mpagado_rank	0.00056334229378714	0.00140188966804735	0.000848813105212405
mcomisiones_mantenimiento_rank_lag1	0.000562376470871271	0.00138487007420575	0.001108653851706
vm_fultimo_cierre_lag1	0.000559860862134552	0.00129684857951922	0.00116639623981569
vm_msaldototal_rank_delta1	0.00055975269491037	0.00100299680604864	0.00125878406079119
vm_mpagominimo_rank_tend6	0.000558891192646591	0.00104087015527589	0.00124146134435828
mttarjeta_visa_debitos_automaticos_rank_lag2	0.000557642263050133	0.00100881959232589	0.00121259015030344
vm_cconsumos_delta2	0.000556054123173835	0.000935069940185435	0.000329131612225218
Master_msaldodolares_rank_delta1	0.000555897636299824	0.00032510347052357	0.000658263224450437
mtransferencias_recibidas_rank_lag1	0.000555053190835764	0.00155018715397182	0.000993169075486624
ctarjeta_visa_transacciones	0.000547106881687704	0.00160729034093771	0.000762199523047874
matm_other_rank_lag2	0.000545305604473827	0.000719986186255661	0.000785296478291749
rf_017_025	0.000543458506521018	0.000697892721532347	0.00106823418002922
thomebanking_tend6	0.000542274896799846	0.00299242893198573	0.000450390627255562
rf_009_023	0.000538103682071163	0.000825111516909845	0.00104513722478534
vm_fultimo_cierre_delta1	0.000537759905272216	0.000985689852077591	0.000819941911157562
mplazo_fijo_dolares_rank_delta2	0.000536917091623402	0.0019947378534669	0.000300260418170375
vm_msaldopesos_rank_lag2	0.000535911584385387	0.000839937552111481	0.00102204026954147
ccomisiones_otras	0.000535318258717983	0.00116992572375667	0.0004619391048775
Master_cconsumos_delta1	0.000534314904498663	0.000984606178842826	0.00181311098664419
Visa_status	0.000532986821179966	0.00151952644135577	0.000554326925852999
cprestamos_personales_delta2	0.000532409673728465	0.00133290089347242	0.000144355970274219
mpayroll_sobre_edad_rank_delta2	0.000531534104539595	0.00102837605581474	0.000427293672011687
rf_015_014	0.000527904370293833	0.00122106995800976	0.000814167672346593
vm_mconsumospesos_rank_lag2	0.000526859797902972	0.00115889708463515	0.00116062200100472
mplazo_fijo_dolares_rank_tend6	0.000525841467338873	0.00154864716264157	0.000219421074816812
mcomisiones_mantenimiento_rank_lag2	0.000522659009430956	0.00110544775843056	0.00102204026954147
vmr_msaldopesos2	0.000522328748210394	0.00120404867985199	0.00124146134435828
vmr_mconsumospesos_delta1	0.00052198612954861	0.00161909400235543	0.00118371895624859
Visa_msaldodolares_rank_tend6	0.000521505822158191	0.0014469211767846	0.000750651045425937
cproductos_delta1	0.000519437124072708	0.00100385838640563	0.000144355970274219
mttarjeta_visa_debitos_automaticos_rank_tend6	0.00051797360161489	0.00219413259701372	0.00077952223948078
mcaja_ahorro_dolares_rank_lag1	0.00050963471201183	0.00133868312457433	0.00091810397094403
ctrx_quarter_delta1	0.000507886440089886	0.00138588850650628	0.000750651045425937
vm_mpagominimo_rank_delta2	0.00050549240067872	0.00122886418373176	0.00121259015030344
cextraccion_autoservicio_lag2	0.000503508785422596	0.000758666559786384	0.00050813301536525
vm_msaldopesos_rank_delta1	0.000498024073714854	0.00105727307885892	0.00136849459819959
ccajas_consultas_delta2	0.000497870636419988	0.000904474073742016	0.000288711940548437
mcuenta_debitos_automaticos_rank_tend6	0.000496886100868461	0.0018707154691053	0.000664037463261406
vmr_mpagospesos_lag1	0.000494608948013243	0.00067635971301535	0.00125300982198022
ctrx_quarter_normalizado_lag1	0.000490715562616925	0.000902787520587344	0.000883458538078218
mplazo_fijo_dolares_rank_lag1	0.000490255904537302	0.000533983414277004	0.000121259015030344
rf_013_023	0.000487058884400609	0.000937782820872694	0.00108555689646212
cliente_edad	0.000486463940254071	0.001574901046215	0.000750651045425937
matm_rank_tend6	0.000485382060143458	0.000934388239532155	0.000519681492987187
Master_mpagado_rank_delta2	0.0004841904178213	0.000981852900884873	0.000993169075486624
vmr_msaldototal_tend6	0.000483470511697723	0.00111198045765698	0.00126455829960216
Master_mconsumototal_rank_delta1	0.000477909560868837	0.00105606126600786	0.00132807492652281
mtarjeta_visa_consumo_rank_lag1	0.000476907795989252	0.000845497427161215	0.00101049179191953
ctarjeta_debito_transacciones_tend6	0.000476458539953314	0.00186378882411666	0.000854587344023374
vm_fechaalta_tend6	0.000472508849669883	0.00128161372920165	0.000716005612560124
vm_fultimo_cierre_delta2	0.000469592989065454	0.000728408398735502	0.000646714746828499
Master_cconsumos_delta2	0.00046608340785004	0.000681868058517189	0.00141468850868734
rf_002_021	0.000463294215014391	0.000842491212285582	0.00128188101603506
vmr_msaldopesos2_delta1	0.000461730848791206	0.000977583290975407	0.00136272035938862
rf_003_027	0.000461110332232507	0.000767520009841203	0.000831490388779499
mcaja_ahorro_rank_lag1	0.00046042143657538	0.0020065470678645	0.000895007015700155
mpagomiscuentas_rank_lag2	0.000457181943322299	0.00134434679560818	0.000906555493322093
mautoservicio_rank_delta1	0.000451560205807872	0.000890173755725645	0.000692908657316249
vm_mpagospesos_rank_lag2	0.000451326096334779	0.00085525603925398	0.00104513722478534
rf_004_021	0.000450823370600426	0.000808660300824064	0.000594746597529781
ctarjeta_visa_transacciones_delta2	0.00044793460498521	0.0016905172191004	0.000756425284236906
ccaja_ahorro_lag2	0.000445468125161147	0.00105953190475055	0.000144355970274219
mtarjeta_master_consumo_rank_tend6	0.000443519070086755	0.00139565767189256	0.000594746597529781
mtransferencias_recibidas_rank_delta1	0.000439986101259417	0.000918352417922356	0.00091810397094403
rf_010_016	0.000437135899603126	0.000409526502660401	0.000311808895792312
vm_mconsumototal_rank_delta1	0.000435201062468437	0.000622792484678709	0.000981620597864686
vm_mconsumospesos_rank_tend6	0.00043347191868401	0.000824739914654341	0.00122991286673634
cdescubierto_preacordado_lag1	0.000432657135873748	0.000764588457543392	0.000646714746828499
rf_019_016	0.000431544737090045	0.000698416649131679	0.00113752504576084
rf_006_017	0.00042943955703397	0.00108846227199145	0.000808393433535624
rf_018_020	0.000426611392638663	0.00129183452817905	0.000282937701737468
ctarjeta_visa	0.00041979439743404	0.000689160094845447	0.000121259015030344
rf_014_017	0.000410600629087838	0.000664381356429634	0.000531229970609124
mtransferencias_emitidas_rank_tend6	0.000409434685680717	0.000910624459514767	0.000744876806614968
cdescubierto_preacordado_lag2	0.000408151425033006	0.000896065756870596	0.000710231373749156
Master_mconsumospesos_rank_delta1	0.000406992482092475	0.000997098620305243	0.00130497797127894
vm_status01_tend6	0.000406622433470056	0.000443011655592683	0.000456164866066531
ctarjeta_debito_transacciones_lag2	0.000404755525124859	0.000876264409600759	0.000831490388779499
rf_007_015	0.000404335324307999	0.000424176053108113	0.0004619391048775
mautoservicio_rank_tend6	0.000403770084649622	0.00126964613644897	0.000993169075486624
ctransferencias_recibidas_lag2	0.00040125899380441	0.00122329201843745	0.000646714746828499
vmr_mpagospesos_delta1	0.000400379823591844	0.000954402705432662	0.00114907352338278
mpagomiscuentas_rank_lag1	0.000398934994650239	0.00122630739178227	0.000669811702072374
Master_mpagado_rank_tend6	0.000398271724900055	0.00130763483501658	0.001108653851706
Visa_mpagado_rank_delta1	0.000396231528064398	0.00115918302362283	0.000912329732133062
rf_016_017	0.000396115946978015	0.000873549423518285	0.000329131612225218
vm_cconsumos_lag2	0.000394919109946893	0.000775436058993841	0.000588972358718812
vm_mconsumospesos_rank_delta1	0.000393257273252863	0.00101996684415035	0.00114329928457181
vm_mconsumospesos_rank_delta2	0.000384342944066954	0.000770405138174515	0.000975846359053718
ctarjeta_debito_transacciones_delta2	0.000382950022251853	0.00103461944742113	0.000560101164663968
matm_rank_delta2	0.000380628229969777	0.000959547501815696	0.000923878209754999
mpagomiscuentas_rank_tend6	0.000380230459051228	0.00173192231616646	0.000479261821310406
vmr_msaldototal_delta1	0.000376913604365617	0.000558639381834323	0.000929652448565968
ccaja_ahorro	0.000376013483948183	0.00142872435120836	0.000115484776219375
rf_020_017	0.00037410463742922	0.000774678379890728	0.00106823418002922
Visa_fultimo_cierre_delta2	0.000373598879667442	0.000509153330535377	0.000681360179694312
vm_mpagado_rank_tend6	0.000371395957211266	0.00120427829951767	0.000502358776554281
rf_004_015	0.000368546322805084	0.000657490450524775	0.000421519433200718
matm_other_rank_delta2	0.000367779900950601	0.00108754839888081	0.000692908657316249
ctarjeta_debito_tend6	0.000361089991959317	0.00222799424724538	0.000288711940548437
Master_status_tend6	0.000357068125267773	0.000656089441596181	0.000981620597864686
Visa_fultimo_cierre	0.000356870733533742	0.000628789966123947	0.000773748000669812
rf_020_012	0.000356811384140651	0.000718557596649747	8.08393433535624e-05
vm_mconsumosdolares_rank_lag2	0.000355017208266577	0.00107827297498996	0.000843038866401437
rf_017_023	0.000352945319489182	0.000785174564562299	0.000612069313962687
vm_mconsumospesos_rank_lag1	0.00034958032576739	0.000553201698659398	0.00077952223948078
rf_019_019	0.000348920114496542	0.000668205438394098	0.000825716149968531
Visa_mpagado_rank_lag1	0.000344750087075302	0.000640301740812508	0.000698682896127218
mtarjeta_visa_descuentos_rank_delta1	0.000339422450227484	0.000881152874116328	0.000831490388779499
vm_mconsumosdolares_rank	0.000337973757789329	0.00045396486893062	0.000485036060121375
rf_016_022	0.000337599492593417	0.000634205147887509	0.00041574519438975
mcajeros_propios_descuentos_rank_delta2	0.00033540723046659	0.000885056461067611	0.000710231373749156
vmr_mconsumospesos_delta2	0.000335326700738214	0.00108261877388878	0.000825716149968531
Master_mpagado_rank_lag1	0.000335312382751484	0.00065752271570645	0.000837264627590468
cextraccion_autoservicio_delta2	0.000334968906560885	0.00082083524868801	0.000433067910822656
rf_015_017	0.00033325444478189	0.000736297288289863	0.000646714746828499
vmr_Visa_mlimitecompra_tend6	0.000327366688050523	0.000811405394058118	0.000502358776554281
vmr_mconsumosdolares_tend6	0.000326792338223832	0.000975461105233246	0.000525455731798156
rf_018_017	0.00032528124749245	0.000967435312355009	0.000831490388779499
mtarjeta_master_consumo_rank	0.000325209682489383	0.00125041295639543	0.000710231373749156
internet_delta2	0.00032349146552738	0.000697512671378541	0.000144355970274219
ccomisiones_mantenimiento_delta1	0.000320122566919516	0.00149354060091069	0.00013858173146325
mcuenta_debitos_automaticos_rank_delta1	0.000317473218031318	0.00105327882832618	0.000502358776554281
Master_mpagado_rank_delta1	0.000317189373626199	0.00117117003864637	0.000970072120242749
mextraccion_autoservicio_rank_lag1	0.000313940660705753	0.00117187745143871	0.000635166269206562
ccajas_otras_tend6	0.000313662594139502	0.00201859395506448	0.000288711940548437
cliente_antiguedad	0.000311933302318388	0.00100219480837624	0.000744876806614968
Master_mpagado_rank_lag2	0.000310975053494763	0.000685439966769739	0.000762199523047874
rf_011_028	0.000310652370383659	0.000550032868320822	0.000438842149633625
ctarjeta_visa_transacciones_lag1	0.000307196870499807	0.000907399151949539	0.000629392030395593
vmr_mconsumosdolares	0.000303989726263091	0.000879702625257136	0.000675585940883343
cproductos_lag1	0.000299636491822052	0.000621638307021671	0.000150130209085187
vm_status04	0.000296047403678387	0.000454423766135239	0.000565875403474937
ctarjeta_visa_debitos_automaticos_lag2	0.000295954287992302	0.000649180087165748	0.000571649642285906
ccajas_consultas_tend6	0.000291746141781227	0.00199940051434562	0.000317583134603281
ccallcenter_transacciones_delta1	0.000289151579072084	0.00116282554156741	0.000155904447896156
mpagomiscuentas_rank_delta2	0.000285655582067157	0.00132020338651603	0.000444616388444593
ccallcenter_transacciones_delta2	0.000285167346271289	0.00106918843149282	0.0004619391048775
rf_008_022	0.000283604311662827	0.000489788826455279	0.000363777045091031
vmr_mconsumosdolares_lag1	0.000279906103452148	0.000894385256727168	0.000600520836340749
ccajas_otras_delta2	0.000278220538166837	0.000424425910885291	0.000173227164329062
cpayroll_trx_tend6	0.000276834391517464	0.00083457197872268	0.000242518030060687
vmr_mconsumosdolares_lag2	0.000275195637414895	0.000635370984170551	0.000646714746828499
catm_trx_tend6	0.000274330504450075	0.00114512408916789	0.000444616388444593
Visa_mpagado_rank_lag2	0.000273540154369818	0.000942238968798237	0.000675585940883343
rf_020_019	0.000271277541600354	0.000927524519543013	0.000381099761523937
mv_status07_rank	0.000269647224522605	0.000274370998939715	0.000173227164329062
catm_trx_delta2	0.000269196767460514	0.000700736636754319	0.000352228567469093
mextraccion_autoservicio_rank_delta1	0.000263551638452979	0.000803989928935362	0.000496584537743312
Visa_msaldodolares_rank_lag2	0.000263488292622893	0.00055869251674607	0.000560101164663968
ctransferencias_recibidas_delta2	0.000262470438528162	0.00115745817859268	0.000467713343688468
mpayroll_sobre_edad_rank_lag1	0.000262176327474885	0.00156498987192144	0.000386874000334906
rf_004_022	0.000261138766076261	0.000541083885958108	0.000456164866066531
Visa_msaldodolares_rank_delta2	0.000258153830888603	0.000474945711234959	0.000623617791584624
rf_011_025	0.000257790873979154	0.000768890674761256	0.000525455731798156
cproductos_lag2	0.000257369333921606	0.000369452410132018	0.00023096955243875
rf_012_014	0.000255494116275458	0.000479181371646578	0.000479261821310406
mtransferencias_emitidas_rank_delta1	0.000253067933371602	0.000830889221412044	0.00041574519438975
ccajas_depositos_tend6	0.000252938962024341	0.00197265459991038	0.000282937701737468
Visa_msaldodolares_rank_delta1	0.000251195651084723	0.000613110377384581	0.000560101164663968
vmr_mpagado_delta2	0.000250240294941925	0.00114642177582629	0.000352228567469093
ctarjeta_debito_transacciones	0.000246216621409032	0.000355053954381173	0.000213646836005844
vmr_mpagado_lag2	0.000241488751599761	0.000695451042066261	0.000456164866066531
mpayroll_rank_lag1	0.000236379175917589	0.000698293430876702	0.000363777045091031
ccajas_extracciones_tend6	0.000234868219852607	0.0019037334348393	0.0002771634629265
matm_rank	0.000231318998781456	0.000503611982963538	0.000381099761523937
mcheques_emitidos_rank_lag1	0.00023120814498162	0.00144969319275997	0.000184775641951
mextraccion_autoservicio_rank	0.000230459611066493	0.000535115222109879	0.000473487582499437
vm_status05_tend6	0.000229964378859653	0.000604846753799334	0.000225195313627781
matm_other_rank_tend6	0.000228229921880861	0.00139858814517533	0.000398422477956843
mforex_sell_rank_tend6	0.000220519293622969	0.0015482389791442	0.000358002806280062
ctarjeta_master_transacciones_delta2	0.000220121713181626	0.000674283293301682	0.000363777045091031
rf_005_008	0.000217133325131168	0.000671989438897151	0.000288711940548437
rf_009_018	0.000213535963943225	0.00065184120144815	0.000444616388444593
vm_mconsumosdolares_rank_tend6	0.000213035175445022	0.000932842405730187	0.000421519433200718
Visa_status_tend6	0.000212602388935739	0.000584099741951096	0.000334905851036187
ccaja_seguridad	0.00021117112681069	0.00071436217560418	5.77423881096874e-05
rf_010_022	0.000210237584827725	0.000668266863299505	0.000225195313627781
mprestamos_prendarios_rank_lag1	0.000210142552046792	0.00164004992204391	0.000155904447896156
rf_003_023	0.000209839806556949	0.000420735837326282	0.0004619391048775
vm_cconsumos	0.000208547728175772	0.000644809023524344	0.000294486179359406
catm_trx_other_tend6	0.000204522072712817	0.000829341255897421	0.000363777045091031
mtarjeta_master_consumo_rank_lag1	0.000203577223559669	0.000489970601014682	0.000479261821310406
ctarjeta_debito_transacciones_delta1	0.000201178325140341	0.00147158127618003	0.00023096955243875
vm_status03_tend6	0.000200521472013491	0.000887925851571689	0.000155904447896156
vm_mconsumosdolares_rank_lag1	0.000200415047131073	0.000747548730860049	0.000427293672011687
mtarjeta_master_descuentos_rank_delta2	0.000200159560034755	0.000349178875350265	0.000588972358718812
ccajas_depositos_delta2	0.000199459876495471	0.000838626969907385	0.000329131612225218
minversion2_rank	0.000196766329729459	0.001241207089499	0.000132807492652281
vm_mconsumosdolares_rank_delta2	0.000194723298069339	0.000807643026490902	0.000409970955578781
rf_008_017	0.000192674813819462	0.000361164995580837	0.000404196716767812
mtarjeta_master_consumo_rank_delta1	0.000191418428404513	0.00118837417037859	0.000352228567469093
rf_011_022	0.000191231101784629	0.000532309914572667	0.000329131612225218
mpagomiscuentas_rank_delta1	0.000188108681886304	0.000742474833660891	0.000386874000334906
vm_mpagado_rank_delta2	0.000188093939132539	0.000796180912811983	0.000329131612225218
ccajas_consultas_delta1	0.000183702104035474	0.00052199432017569	6.92908657316249e-05
rf_007_017	0.000176127945474652	0.000460988072607321	0.000352228567469093
vm_cconsumos_lag1	0.000175163754994767	0.000401169662701996	0.000369551283902
ctarjeta_master_transacciones_tend6	0.000172957873166404	0.000948245477125462	0.00023096955243875
rf_008_019	0.000171375957021841	0.000287991879602662	0.000144355970274219
ccajas_depositos_lag2	0.000167573553625965	0.000613983563732694	0.000329131612225218
rf_008_023	0.000165501604358354	0.000468541888513164	0.000329131612225218
rf_004_019	0.000164294553341283	0.000466690219738731	0.000392648239145875
vmr_msaldodolares2_tend6	0.000163803854593386	0.000978123614339978	0.000300260418170375
vmr_msaldodolares_tend6	0.000161568703390144	0.000921341500144425	0.000248292268871656
mtarjeta_visa_descuentos_rank	0.000161087894586645	0.000863183799667503	0.000427293672011687
vmr_mpagado	0.000160601573280466	0.000631396998066756	0.000265614985304562
mv_status07_rank_delta2	0.00015636176296548	0.000784116129752678	0.0002771634629265
rf_020_022	0.000153699515429995	0.000703821909220288	0.000369551283902
rf_005_015	0.000150619980060792	0.000674395089787615	0.000392648239145875
rf_011_016	0.000149483937649237	0.000370768624268315	0.000311808895792312
ccajas_consultas	0.000148134473295901	0.000214308652681254	1.73227164329062e-05
vm_mconsumosdolares_rank_delta1	0.000147953786648092	0.000462170752052087	0.000282937701737468
rf_001_023	0.000143499157438654	0.000661754823263643	0.000386874000334906
vmr_mconsumosdolares_delta1	0.000143372656465615	0.000702672573972245	0.000288711940548437
vm_cconsumos_delta1	0.000143108827490975	0.000658343556666022	0.000173227164329062
mtarjeta_visa_descuentos_rank_lag2	0.000139825573820199	0.0005306183874218	0.000329131612225218
mprestamos_prendarios_rank_lag2	0.000138877864072983	0.00109347782342571	0.000127033253841312
rf_012_018	0.00013607219687056	0.000580268449008019	0.000346454328658125
vmr_msaldodolares2_lag2	0.000136032486913312	0.000989884746774354	0.000334905851036187
ctransferencias_recibidas_delta1	0.000135725220451589	0.00109295268522413	0.000161678686707125
ctarjeta_visa_debitos_automaticos_delta2	0.000134592937274541	0.000435477446179783	0.000254066507682625
vm_mpagado_rank_delta1	0.000134478699040445	0.000545786786202887	0.000225195313627781
rf_002_018	0.00013344929653539	0.000775488535969583	0.000150130209085187
vmr_msaldodolares2_delta1	0.000132838557068337	0.00123987569019972	0.000236743791249719
vmr_mpagado_lag1	0.000132362233431926	0.00054002313521375	0.000236743791249719
cforex_tend6	0.00013169487043133	0.00131313081132153	0.000179001403140031
ccomisiones_mantenimiento_lag2	0.000130009715073255	0.000288820589476851	9.81620597864686e-05
mforex_buy_rank_tend6	0.000127877839277298	0.00193796173964771	0.000213646836005844
vm_msaldodolares_rank_tend6	0.000127680183832431	0.000922533811772301	0.0002771634629265
rf_012_015	0.000126629778252905	0.00050542230703943	0.0002771634629265
mv_status07_rank_tend6	0.000124201348763511	0.000829777151659313	0.000207872597194875
Visa_status_lag2	0.000122132024671172	0.000746547115403801	0.0002771634629265
matm_rank_delta1	0.000122018072616887	0.000491853429638301	0.000236743791249719
ctarjeta_visa_descuentos_lag2	0.00012196413573124	0.000380440678300289	0.000300260418170375
ccomisiones_mantenimiento_delta2	0.000119933374709105	0.000894288198007742	0.00013858173146325
mv_status07_rank_lag2	0.000119293461970877	0.00089836008498905	0.000271389224115531
rf_014_019	0.000118699722511121	0.000370802705353363	0.000173227164329062
ccomisiones_mantenimiento_lag1	0.000118530721020337	0.000198113926367579	4.619391048775e-05
vmr_msaldodolares_lag1	0.000117997325745764	0.00107119816281304	0.000259840746493594
vmr_mpagado_delta1	0.000117191840451794	0.000627540650920617	0.000225195313627781
mtarjeta_master_descuentos_rank_lag2	0.000115489542978668	0.000420398447743027	0.000306034656981343
vm_mpagado_rank_lag2	0.000115456677013134	0.000284976953654325	0.0002771634629265
matm_other_rank_lag1	0.000113250532010217	0.000618364391144409	0.000219421074816812
cprestamos_personales	0.000105648925533346	0.000140773987709727	1.15484776219375e-05
minversion2_rank_lag1	0.000102582273154849	0.000775911983582264	7.50651045425937e-05
rf_018_022	0.00010051864506433	0.000999284678474748	0.000179001403140031
ctransferencias_recibidas_lag1	9.84282596101313e-05	0.000878921523632253	0.000150130209085187
mttarjeta_master_debitos_automaticos_rank_delta2	9.7408170785371e-05	0.000720994170532435	0.000184775641951
vm_mpagado_rank_lag1	9.65194437656625e-05	0.00023730667414139	0.000155904447896156
mplazo_fijo_dolares_rank_lag2	9.47906712070966e-05	0.000882081379723724	0.000190549880761969
ctarjeta_master_debitos_automaticos_tend6	9.19769720493474e-05	0.000900187199591784	0.000109710537408406
ctarjeta_debito_lag1	9.16194726892099e-05	0.000691403577669451	0.000132807492652281
mttarjeta_master_debitos_automaticos_rank_lag1	8.83000594344488e-05	0.000404389233065262	0.000179001403140031
ccomisiones_mantenimiento	8.46300626165123e-05	0.000247378911168917	2.3096955243875e-05
catm_trx_other_lag2	8.3606982753124e-05	0.000286714299468566	0.000179001403140031
vm_mpagosdolares_rank_delta2	8.02531387334797e-05	0.000616136409292678	0.000161678686707125
active_quarter_delta1	8.01999090703496e-05	0.000713999758135303	0.000103936298597437
rf_009_020	8.01818052793139e-05	0.000473798349794931	0.000196324119572937
cpagomiscuentas_lag2	7.94979372449854e-05	0.000661499280919384	0.000127033253841312
rf_011_018	7.9296538890035e-05	0.000369892806176182	0.000103936298597437
cforex_buy_tend6	7.84252684842974e-05	0.00116472439751211	0.000121259015030344
cpagomiscuentas_delta1	7.83878459765081e-05	0.00039726983914466	7.50651045425937e-05
mtarjeta_visa_descuentos_rank_tend6	7.63338598058274e-05	0.000699432291783549	0.000144355970274219
vmr_mpagosdolares_tend6	7.33339437212659e-05	0.000279244436196934	0.000132807492652281
mv_status07_rank_delta1	7.14339201933788e-05	0.000510228608506721	0.000213646836005844
mtarjeta_visa_descuentos_rank_lag1	7.09583893739712e-05	0.000322444251096861	0.000196324119572937
mcaja_ahorro_adicional_rank_tend6	7.06512806858613e-05	0.00139366386262366	0.000150130209085187
ctarjeta_debito_lag2	6.97725301946578e-05	0.00064618834688222	0.000115484776219375
mttarjeta_master_debitos_automaticos_rank_delta1	6.78218990797606e-05	0.00046394131047585	9.81620597864686e-05
ctarjeta_master_descuentos_tend6	6.74814223480282e-05	0.000632291291001903	9.23878209754999e-05
vm_mpagosdolares_rank_tend6	6.66065977481279e-05	0.000428025531402362	0.000121259015030344
rf_002_014	6.56281232486985e-05	0.000551985227621427	6.92908657316249e-05
ctransferencias_emitidas_lag2	6.54735201120141e-05	0.000301288397815249	0.000103936298597437
mttarjeta_master_debitos_automaticos_rank	6.54390341837802e-05	0.00070603770609721	0.000127033253841312
mcajeros_propios_descuentos_rank_lag2	6.4723262162283e-05	0.000342809633744882	0.000196324119572937
ctransferencias_emitidas_lag1	5.8487314198633e-05	0.000792027310178881	0.000132807492652281
ccallcenter_transacciones_lag1	5.52210262207337e-05	0.000408350376258244	8.08393433535624e-05
cseguro_vida_tend6	5.39163088985544e-05	0.000595250388725349	8.08393433535624e-05
cliente_edad_tend6	5.29845600077265e-05	0.000460886566240503	5.77423881096874e-05
cseguro_accidentes_personales	5.16865281223168e-05	0.0010385735112227	0.000109710537408406
cseguro_vivienda_lag1	5.11823548786965e-05	0.000271242460602071	7.50651045425937e-05
ctransferencias_emitidas_delta1	4.68281527996869e-05	0.000819355524295804	0.000109710537408406
mcajeros_propios_descuentos_rank_tend6	4.66916989565301e-05	0.000904900942621922	0.000115484776219375
cpayroll_trx_lag1	4.41504568695698e-05	6.74039646440389e-05	4.04196716767812e-05
ccuenta_debitos_automaticos_lag2	4.17799266587813e-05	0.000152813400756688	6.35166269206562e-05
vmr_mpagosdolares_delta2	4.07067217280854e-05	0.000381552905957662	9.81620597864686e-05
cliente_edad_delta2	3.93586942400622e-05	0.000168143914969354	6.92908657316249e-05
catm_trx_lag1	3.92050845030008e-05	0.000297468263466813	6.35166269206562e-05
mpagodeservicios_rank_lag2	3.74285016556396e-05	0.000769352861645899	9.81620597864686e-05
ccajas_depositos_delta1	3.67438438193115e-05	0.000348171733231577	3.46454328658125e-05
vmr_mpagosdolares_delta1	3.53385252755596e-05	0.000370383100086949	7.50651045425937e-05
ctarjeta_visa_tend6	3.27378006422652e-05	0.000111745614321554	3.46454328658125e-05
ccuenta_debitos_automaticos_lag1	3.15777678321766e-05	0.000371816111022816	5.77423881096874e-05
ccuenta_debitos_automaticos_delta1	3.09050979427132e-05	0.000238605887211324	2.88711940548437e-05
vm_mpagosdolares_rank_delta1	2.99557939088289e-05	0.000449912404220174	6.92908657316249e-05
ccallcenter_transacciones	2.8175194869459e-05	0.000142872435120836	1.15484776219375e-05
mforex_sell_rank	2.53686687845375e-05	0.000355477638850816	5.77423881096874e-05
ctarjeta_master_transacciones_delta1	2.47776991090743e-05	0.000593624049873836	6.92908657316249e-05
mpagodeservicios_rank_tend6	2.43003339065397e-05	0.000301641367323097	5.19681492987187e-05
ctarjeta_visa_debitos_automaticos_lag1	2.33919006639982e-05	0.000468302320855101	6.35166269206562e-05
ctransferencias_recibidas	2.26518148215762e-05	0.000436266390401844	4.04196716767812e-05
internet_delta1	2.19063704636367e-05	0.000250374283259192	5.19681492987187e-05
vmr_mpagosdolares	2.04108781571618e-05	0.000160122017072266	5.77423881096874e-05
cpagomiscuentas	1.98822092013049e-05	0.000427239008384799	4.619391048775e-05
cplazo_fijo_lag2	1.94433703706774e-05	0.000345391690436949	4.619391048775e-05
mtarjeta_master_descuentos_rank_tend6	1.75929130642522e-05	0.000253121297666379	2.88711940548437e-05
ccuenta_debitos_automaticos	1.43457955984898e-05	8.23092679755316e-05	1.15484776219375e-05
ctarjeta_visa_debitos_automaticos_delta1	1.36113607001162e-05	3.22813669004829e-05	2.88711940548437e-05
cpagomiscuentas_lag1	1.26485795997979e-05	9.29857007949745e-05	2.88711940548437e-05
cpayroll_trx	8.8285789029314e-06	0.000258678540972094	2.3096955243875e-05
ctransferencias_emitidas	8.52858801712586e-06	0.000276710250928575	2.3096955243875e-05
ctarjeta_visa_debitos_automaticos	7.92125566397575e-06	0.000199141543454736	2.88711940548437e-05
cseguro_vida	7.56564407545392e-06	0.000100796506504287	1.73227164329062e-05
cinversion2_lag2	7.28570411069843e-06	6.04736088963328e-05	1.73227164329062e-05
cprestamos_prendarios	5.62347303661098e-06	7.1436217560418e-05	5.77423881096874e-06
cextraccion_autoservicio	4.81180595660209e-06	0.000285744870241672	2.3096955243875e-05
cpayroll_trx_lag2	4.63192327673528e-06	8.581504050088e-05	1.73227164329062e-05
catm_trx	3.66433354902071e-06	0.000200444809410459	1.73227164329062e-05
ccajas_otras	2.98063135688315e-06	0.000141668912263439	1.15484776219375e-05
mpagodeservicios_rank_delta2	2.16881101982745e-06	7.45798621087315e-05	2.3096955243875e-05
