Feature	Gain	Cover	Frequency
rf_012_022	0.0301695060351163	0.00130503413235333	0.00236812912051593
vm_status01	0.0241527479086781	0.00229974902860588	0.0010461152911017
rf_002_015	0.0191497348032592	0.00139277828570358	0.00131626594319939
rf_003_015	0.0186568630066893	0.00251907182999374	0.000821947728722762
cprestamos_personales_tend6	0.0180633006072068	0.00309525052279238	0.000419595693683648
Visa_msaldototal_rank	0.0180287081685863	0.00184028310929701	0.00267851497611753
Visa_fultimo_cierre_delta1	0.0161681301144351	0.001044981249792	0.000902418135730585
rf_005_019	0.0156129121106118	0.00149201357672318	0.00232214603079717
vm_cconsumos	0.0146166997250328	0.000700838512592647	0.000270150652097691
mcaja_ahorro_rank	0.0146014383451533	0.00113351483425559	0.0010978462670353
vm_msaldopesos_rank	0.0139279192419876	0.000930314208361519	0.00121855187754703
rf_018_020	0.0136586317113104	0.000315521462562293	0.000143697155371112
mpasivos_margen_rank_delta2	0.0113955847410573	0.00239991727415168	0.00407525132632474
rf_001_025	0.00993335665542507	0.00130490500315583	0.00242560798266438
mpayroll_rank	0.00949313287816081	0.00149396697643371	0.000373612603964892
mcaja_ahorro_rank_lag2	0.0087885242984914	0.00152226746943849	0.00123004764997672
vm_status03_tend6	0.00873322297740631	0.00121529706062854	0.000183932358875024
matm_rank_lag2	0.00850597174923718	0.00135597910771909	0.00133350960184392
mpayroll_sobre_edad_rank_lag1	0.00777717792868572	0.00189653640957719	0.000488570328261782
rf_006_015	0.00714620013425662	0.00154776373374802	0.0015634250504377
rf_020_019	0.00635638213989903	0.00196680399645279	0.000557544962839916
mpasivos_margen_rank_lag2	0.00612955393053525	0.00198169507396318	0.00390281473987941
mcomisiones_otras_rank_tend6	0.00587324879540313	0.00200762463032657	0.00282221213148865
vm_mpagominimo_rank	0.00586574824938376	0.00146215877017175	0.00131051805698454
mtransferencias_emitidas_rank_lag1	0.00586555381059926	0.00110370012213678	0.00120705610511734
rf_005_020	0.00585642099186431	0.00191364974456987	0.00358668099806296
ctrx_quarter	0.00583212178724575	0.00182159012693863	0.000902418135730585
cdescubierto_preacordado_delta2	0.0055103662277657	0.00139396604401308	0.00022991544859378
rf_011_028	0.00522456563033243	0.000548204215686281	0.000534553417980538
Visa_mfinanciacion_limite_rank_delta1	0.00514343485726208	0.00174112949890679	0.00387407530880519
vm_status06_delta2	0.00503201441999464	0.000752859494814058	0.000189680245089868
mprestamos_personales_rank_delta1	0.00498466496591589	0.00391449467328718	0.000839191387367296
ctrx_quarter_delta2	0.0044956148736641	0.00190642437188154	0.00211522212706277
mcuentas_saldo_rank	0.00431241190195297	0.00275893797703978	0.00123004764997672
mcomisiones_rank	0.00422424530224363	0.00173930093630044	0.00285669944877771
vmr_mpagospesos	0.00416170936728603	0.000851166960882387	0.000919661794375119
Visa_mconsumospesos_rank	0.0040385318881898	0.00158503917706206	0.0029716571730746
mrentabilidad_annual_rank_delta1	0.00403018380396651	0.00290614769611416	0.00515010604850066
mpasivos_margen_rank_tend6	0.0039689545339004	0.00254772791246069	0.00196577708547682
mcuenta_corriente_rank_lag2	0.00378060323159853	0.00244610449025516	0.00131051805698454
Visa_mfinanciacion_limite_rank	0.0037341153935024	0.00172970559530886	0.00274748961069567
mprestamos_personales_rank	0.0036693122628246	0.00393393152252444	0.00062651959741805
rf_008_026	0.00362201870956234	0.000822562462049056	0.000661006914707117
rf_003_026	0.00361276122145857	0.000889432961755395	0.000482822442046937
ctarjeta_debito_transacciones_lag1	0.00354072209406203	0.000460490002303997	0.000344873172890669
mprestamos_personales_rank_tend6	0.00341989868127401	0.00217902019051476	0.000597780166343827
mprestamos_personales_rank_delta2	0.0034052575066327	0.00450803284216128	0.000936905453019652
Master_mpagospesos_rank_delta1	0.00335680996194418	0.00148261397088928	0.00198876863033619
mrentabilidad_annual_rank_delta2	0.00331774456575294	0.0031286720327127	0.00677675784730166
mactivos_margen_rank_delta1	0.00323955052730499	0.00308165058022913	0.00421894848169586
rf_006_022	0.0031784028040827	0.00116299918604606	0.000465578783402404
rf_004_026	0.00316843341992271	0.000659600524987121	0.000465578783402404
mpasivos_margen_rank_delta1	0.00313031913473208	0.00258769881654439	0.00372463026721923
rf_010_023	0.00307695986903699	0.0015467396245816	0.00452358645108262
mcuentas_saldo_rank_tend6	0.00303290461434187	0.00298558615165582	0.00216695310299637
vm_msaldopesos_rank_delta2	0.00303002051314774	0.00125527924454283	0.00179908838524633
vm_mpagominimo_rank_lag1	0.00299761884442383	0.00126493828648024	0.00123579553619157
mcomisiones_otras_rank_delta2	0.00297332201720398	0.00345173475556238	0.00622496077067658
mcuenta_debitos_automaticos_rank	0.00294011686089766	0.00178342383872117	0.000580536507699294
mpayroll_rank_lag2	0.00293741932322831	0.00136910252323978	0.000615023824988361
mactivos_margen_rank_lag2	0.00286857639990502	0.00341069553898542	0.00504089621041862
vm_Finiciomora	0.002857454735472	0.00344179848103699	0.000431091466113337
Visa_mconsumospesos_rank_tend6	0.00285422390016735	0.00203218283670628	0.00366715140507079
vmr_Visa_mlimitecompra_tend6	0.00284867273973953	0.00113260941193769	0.000586284393914138
mrentabilidad_annual_rank_lag1	0.00272985052492709	0.0029941110602788	0.00337400920811372
mcomisiones_rank_delta2	0.00265943811050185	0.00243574916086349	0.00492019059990688
Master_Fvencimiento_lag1	0.00250641417284837	0.00178601647245051	0.0036039246567075
Visa_cconsumos	0.00249574634686029	0.00163322582819395	0.00314409375951994
cdescubierto_preacordado	0.0024845548744018	0.00207199603253215	0.000770216752789162
cdescubierto_preacordado_delta1	0.00247276233132019	0.00147540398692575	0.00016668870023049
mcuentas_saldo_rank_lag1	0.00236749128956696	0.00213527543721738	0.00111508992567983
mcuenta_corriente_rank_tend6	0.00236069293570535	0.00234412901171306	0.0015116940745041
Master_fechaalta_tend6	0.00236065928394153	0.00159056563976755	0.00171287009202366
Visa_msaldopesos_rank	0.00228271548586153	0.00231163027568298	0.00262678400018393
mautoservicio_rank	0.00226177276392661	0.00151148533847552	0.000764468866574317
mactivos_margen_rank_delta2	0.00224289415395559	0.0032403570376312	0.00562718060433276
mactivos_margen_rank	0.00222343554760785	0.00306855663359299	0.00195428131304713
rf_004_025	0.00221273757601066	0.00147370099422	0.00335676554946918
Visa_mpagospesos_rank_tend6	0.00220924283154334	0.00266848237225516	0.0046385441753795
rf_014_022	0.00220268780182943	0.00120566125880612	0.00277622904176989
Visa_mpagospesos_rank_lag1	0.00215933312334733	0.00179650038144236	0.00323605993895745
mrentabilidad_rank_delta2	0.00215689700556585	0.00316318530461167	0.0058915833702156
mautoservicio_rank_tend6	0.00213756979721952	0.00137815729601608	0.00109209838082045
rf_012_020	0.00211878764654358	0.00148518692380052	0.000431091466113337
rf_009_023	0.00210812793472877	0.000972446364625656	0.0011495772429689
mrentabilidad_rank_delta1	0.00210454822355882	0.00254516048169389	0.005063887755278
vm_cconsumos_tend6	0.00208308601955233	0.00129552259186648	0.00095989699787903
vm_msaldopesos_rank_delta1	0.00205576194322516	0.00128663214868707	0.00143697155371112
vm_mpagospesos_rank	0.00205161021301381	0.000816075957521178	0.000775964639004006
mcomisiones_otras_rank_delta1	0.00204326375578911	0.00289358452962686	0.0045350822235123
mcuenta_corriente_rank_lag1	0.00203512075155663	0.00246084730734727	0.00126453496726579
vm_mconsumototal_rank_delta2	0.00200911365028895	0.00144994506906226	0.00186806301982446
mrentabilidad_annual_rank_lag2	0.00194377582860128	0.00306177245669132	0.00474775401346155
mrentabilidad_rank_lag2	0.00188730385034935	0.0025522087270193	0.00406375555389506
mcuentas_saldo_rank_delta1	0.00188243188820282	0.00247104084575822	0.00164964334366037
Master_mfinanciacion_limite_rank_lag2	0.00186905699722757	0.00218389661045426	0.00466153572023888
mcomisiones_rank_lag2	0.00183663480039152	0.00229264786491052	0.00443736815785995
chomebanking_transacciones_delta2	0.00181793548309591	0.00353022787755262	0.00426493157141461
ctarjeta_visa_transacciones_delta2	0.00180598193777013	0.00157586359756188	0.00100588008759779
mprestamos_personales_rank_lag2	0.00178688795980648	0.00274811999139491	0.00084493927358214
cmobile_app_trx_lag1	0.00176256407536731	0.00179369882221979	0.00101162797381263
Master_mlimitecompra_rank_lag2	0.00174374287441501	0.00217143956859117	0.00409824287118412
vmr_msaldototal_delta2	0.00173732171305975	0.00156041664162531	0.00186231513360962
mcomisiones_rank_lag1	0.0017027589112635	0.00211410322137545	0.00311535432844571
ctrx_quarter_normalizado_delta2	0.00169358532910784	0.00201287765528268	0.00243135586887922
Master_fechaalta_lag2	0.00168160405455147	0.00235813591800169	0.00389706685366457
Visa_msaldopesos_rank_tend6	0.00166333564969486	0.00254713023846734	0.00300039660414882
Visa_mpagospesos_rank	0.00165978919574287	0.00247635026986727	0.0041729653919771
rf_006_021	0.00164893507628456	0.00183175895964175	0.00517309759336004
chomebanking_transacciones_delta1	0.00164604179534869	0.00332302189111917	0.00300614449036367
Visa_msaldopesos_rank_lag2	0.0016285131270111	0.00170513558567255	0.00278197692798473
rf_016_021	0.00162292906347965	0.00132218923674187	0.00202900383384011
Visa_mconsumospesos_rank_lag2	0.00161701035111857	0.00188205098722715	0.00395454571581301
ccaja_ahorro_tend6	0.001612683134129	0.00238394984955873	0.000241411221023469
mcomisiones_otras_rank	0.00161242847007986	0.00211219836942766	0.00310960644223087
Visa_mpagospesos_rank_delta2	0.00159154923064359	0.00223296054975583	0.0042764273438443
rf_010_026	0.00158985701780451	0.000665630314147047	0.000436839352328181
rf_014_020	0.00158613894099133	0.00166871790673789	0.000155192927800801
Visa_mconsumospesos_rank_lag1	0.00158598256776524	0.00206150953258153	0.00394879782959816
vm_Fvencimiento	0.00157751756688445	0.00201681672391747	0.00323605993895745
mcomisiones_rank_delta1	0.00157632531400492	0.00222484574541432	0.00392005839852394
mrentabilidad_annual_rank	0.00157301481125433	0.00210618208465888	0.00220144042028544
internet_tend6	0.0015584912260219	0.00256563117582142	0.000459830897187559
cdescubierto_preacordado_tend6	0.00155710998940602	0.00131649833975429	0.000160940814015646
Master_fechaalta_lag1	0.00155265427726878	0.00214549245128503	0.00315558953194963
ctrx_quarter_tend6	0.00154897279757816	0.00201253876311033	0.00169562643337913
mcaja_ahorro_rank_delta2	0.00154850546613542	0.00225168129986422	0.00168413066094944
Master_mfinanciacion_limite_rank_tend6	0.00154620516096377	0.0032303768738346	0.00429941888870368
Master_mpagado_rank_delta2	0.00152844273965156	0.00105265983089399	0.00128752651212517
mrentabilidad_rank_tend6	0.00151218722078062	0.00253769545840535	0.0016668870023049
chomebanking_transacciones_lag2	0.00151056023232958	0.00184213797406053	0.00318432896302385
Master_msaldopesos_rank_lag1	0.00150819989452533	0.00129270862744739	0.00221868407892997
cprestamos_personales_lag2	0.00150113746414626	0.000524250147611187	0.000143697155371112
ccallcenter_transacciones_tend6	0.00149343868194337	0.00252635572171036	0.000804704070078229
rf_016_017	0.00149197885681116	0.00119003374706624	0.000275898538312536
Master_mfinanciacion_limite_rank_delta2	0.00149108057769337	0.00222982624861657	0.00417871327819195
vm_status05_tend6	0.00148765222528534	0.000957174599375757	0.000235663334808624
Master_Fvencimiento_lag2	0.00148698611374316	0.00194537650574415	0.00378785701558252
Master_mlimitecompra_rank_lag1	0.00147368984121238	0.0016067841518191	0.00354644579455905
Master_mfinanciacion_limite_rank_lag1	0.00147318069800707	0.00178816162928103	0.00354644579455905
Visa_Fvencimiento_lag1	0.00147136600068512	0.00179616452514089	0.00274748961069567
ctarjeta_visa_transacciones_tend6	0.0014560150669401	0.00178574743147964	0.00101737586002747
Master_mlimitecompra_rank	0.00145571609623455	0.00221081779739995	0.00400627669174661
Visa_mpagominimo_rank_delta2	0.00145295091083127	0.0019355315690581	0.00314409375951994
rf_007_023	0.00143952174781782	0.00125162512902971	0.00296590928685976
Master_Fvencimiento	0.00143427547370718	0.00180843331683829	0.00316133741816447
Visa_fechaalta_lag2	0.00143148414483365	0.00196074926604333	0.002919926197141
mrentabilidad_rank_lag1	0.00142884500066366	0.00188989675059781	0.00295441351443007
Visa_mpagominimo_rank_lag2	0.00142204445899584	0.00132697871562056	0.00218419676164091
rf_019_024	0.00141447146937165	0.000772878367606861	0.000948401225449341
vmr_mpagospesos_lag1	0.00141370563224353	0.000904226917569004	0.00137949269156268
vmr_mpagominimo	0.00141316978104076	0.00182967004493636	0.00277622904176989
Visa_fultimo_cierre_tend6	0.00140677135224398	0.00130609291849314	0.00155192927800801
Master_mfinanciacion_limite_rank	0.00139358605540303	0.00175297920956659	0.00349471481862545
Master_mlimitecompra_rank_delta2	0.00138773504840104	0.00192120775448968	0.00404651189525052
Master_mpagospesos_rank_tend6	0.00138729959086986	0.00269257601187672	0.00354069790834421
rf_007_015	0.0013771244809444	0.000411616930298192	0.000356368945320358
Visa_Fvencimiento	0.00136681844039399	0.00206340430857857	0.00258080091046518
mextraccion_autoservicio_rank_delta1	0.00135652122533035	0.000851880181168182	0.000482822442046937
mtransferencias_recibidas_rank_lag2	0.00135512280980649	0.00196522220304044	0.00243710375509406
ctrx_quarter_normalizado_tend6	0.00135455601350364	0.00125752379997329	0.0010978462670353
Visa_mconsumototal_rank_delta1	0.0013506166974352	0.00253410428487033	0.0043281583197779
Master_mlimitecompra_rank_tend6	0.00135050180841151	0.00224203997589736	0.0038625795363755
thomebanking	0.00134232339062681	0.00268148668218652	0.00196002919926197
Visa_mlimitecompra_rank	0.00134016085221828	0.00134325632246902	0.0020922305822034
Visa_msaldopesos_rank_delta2	0.00133981678135353	0.00168206943131521	0.00296016140064491
vm_fechaalta_lag1	0.00133779000550149	0.0020522064203332	0.00269575863476207
Visa_mconsumototal_rank_tend6	0.00133660089944897	0.00184671295295894	0.00383958799151612
Visa_mpagominimo_rank	0.00133344277346309	0.00196379612886706	0.00262103611396909
rf_002_017	0.0013312507368458	0.00113804123921996	0.0013565011467033
Visa_mconsumospesos_rank_delta1	0.00132115981081328	0.00180486360376982	0.00384533587773096
Visa_Fvencimiento_tend6	0.00131647556302064	0.00111825411329457	0.00118406456025797
vm_msaldopesos_rank_lag1	0.0013144515633214	0.00132955496611568	0.00147720675721503
Visa_status	0.00131298206225928	0.00133473963163445	0.000810451956293073
mplazo_fijo_dolares_rank	0.0013119998638962	0.00240756596762831	0.000287394310742225
Master_mlimitecompra_rank_delta1	0.0013102944045862	0.0023540282015054	0.00404651189525052
Master_mfinanciacion_limite_rank_delta1	0.00130919978048977	0.00196394766069792	0.00436264563706697
mtransferencias_recibidas_rank	0.00130894136152832	0.00218219924457816	0.00112083781189468
Visa_msaldopesos_rank_delta1	0.00130838834119046	0.00229208902912736	0.00294866562821522
vmr_mpagospesos_tend6	0.00130835605254124	0.0014205124317619	0.00177609684038695
vm_Fvencimiento_lag1	0.00130383674232353	0.00160817701461193	0.00274748961069567
vm_fechaalta_lag2	0.00129670480132415	0.00172954354261512	0.00227041505486357
chomebanking_transacciones	0.00129421336610445	0.00237786740374186	0.00236238123430109
Visa_fechaalta_lag1	0.00129318796101097	0.00146049702343585	0.00215545733056668
vmr_mpagominimo_delta1	0.00129285854081464	0.00102847192224743	0.00127603073969548
Visa_mfinanciacion_limite_rank_lag2	0.00128672578378641	0.00176781503946127	0.00287394310742225
vmr_mconsumosdolares	0.00128132291392661	0.000646263054398268	0.000390856262609425
Visa_mfinanciacion_limite_rank_tend6	0.00127986238729165	0.00202654975212187	0.00306937123872696
mprestamos_personales_rank_lag1	0.00127558154840804	0.0017882976415306	0.000488570328261782
Master_mconsumospesos_rank	0.00127396505267134	0.00138980067214141	0.00213246578570731
mpagomiscuentas_rank_lag1	0.00127270755730915	0.00117404724359511	0.000735729435500095
Visa_mpagospesos_rank_delta1	0.00126723645737261	0.00186924406124543	0.00335101766325434
foto_mes	0.00125075464042017	0.00321351672000458	0.000592032280128983
ccomisiones_otras_tend6	0.00124654230440256	0.00170332144345287	0.0016151560263713
Visa_mconsumosdolares_rank_tend6	0.00124267630573065	0.00178615099293594	0.00286244733499256
Master_mpagominimo_rank_lag1	0.001235915078999	0.00127584263741732	0.00222443196514482
Master_fechaalta	0.00123443245956231	0.00187434953240838	0.00306362335251211
Visa_cconsumos_delta2	0.00122809639342178	0.00181679975823572	0.00248883473102767
internet	0.00122183862433751	0.00104279374779699	0.00011495772429689
rf_013_023	0.00121713733680853	0.00120569004723685	0.00190829822332837
Visa_mpagominimo_rank_delta1	0.00121229706489825	0.00157339687396005	0.00213821367192215
mcomisiones_otras_rank_lag2	0.00121165364899899	0.00185174234415085	0.00336251343568403
vm_Fvencimiento_lag2	0.00121091151510605	0.00171886039151128	0.002661271317473
Visa_mfinanciacion_limite_rank_delta2	0.00121004509157845	0.00190527851382441	0.00346022750133638
vmr_mpagospesos_delta2	0.00120690509448958	0.00204862712856869	0.00199451651655104
mactivos_margen_rank_lag1	0.00120440372084674	0.00286406830119217	0.00223017985135966
Visa_mconsumospesos_rank_delta2	0.00120394705035088	0.00159751027291361	0.00273024595205113
mcuentas_saldo_rank_lag2	0.00120008850768653	0.00309668133397118	0.00237387700673078
vm_mlimitecompra_rank_lag2	0.00119758114188431	0.00107149374570646	0.00165539122987521
rf_014_023	0.001195691654757	0.0010678143487169	0.00144271943992597
Visa_cconsumos_tend6	0.00119410917825403	0.00205483561536957	0.00329928668732074
vm_fechaalta	0.00119331985151241	0.00202474704676058	0.00262103611396909
mcaja_ahorro_rank_tend6	0.00118795172825984	0.00253536788760917	0.00136224903291814
Master_status_tend6	0.00118474550310775	0.00099438524254934	0.00090816602194543
mcomisiones_otras_rank_lag1	0.00118286711066295	0.00181092464146274	0.00272449806583629
mcomisiones_mantenimiento_rank_tend6	0.00118081156709022	0.00264333727445799	0.00136799691913299
mtransferencias_recibidas_rank_delta2	0.00118014942349157	0.00188721327628385	0.00216695310299637
mrentabilidad_rank	0.00117861709769368	0.00185531676805343	0.00239112066537531
vm_mpagospesos_rank_tend6	0.00117700654886215	0.00127813427501768	0.00183357570253539
Visa_mconsumosdolares_rank_lag2	0.001176969686038	0.00188025673519598	0.00321306839409807
vmr_mpagominimo_lag2	0.00117534916993842	0.00130093814059974	0.00175885318174241
ctarjeta_debito_transacciones	0.00117472347506815	0.000328603736798336	0.000172436586445335
Visa_mconsumosdolares_rank_delta1	0.00116636570997756	0.00132726919088667	0.00243135586887922
Visa_mlimitecompra_rank_delta1	0.00115980605580203	0.00208041526144304	0.00320732050788323
Visa_mlimitecompra_rank_tend6	0.00115544267969833	0.00194229996466547	0.00299464871793398
Visa_fechaalta_tend6	0.00115480619739932	0.000989348130823738	0.00108635049460561
ctrx_quarter_normalizado_lag2	0.00114733476667362	0.00188207687064351	0.00217270098921122
Visa_Fvencimiento_lag2	0.00114476806914723	0.00141137603069883	0.00229340659972295
rf_008_024	0.00114034731691151	0.00155816290006832	0.00329928668732074
ctrx_quarter_lag2	0.00113963294852953	0.00141625305257824	0.00169562643337913
internet_lag2	0.00113667060453832	0.00125992548789296	0.000304637969386758
mpasivos_margen_rank_lag1	0.001136368740072	0.00205755397602732	0.00274174172448082
cliente_edad_lag1	0.00113042334815001	0.00218221102166346	0.00152318984693379
rf_015_023	0.00112918351233809	0.00136787506306717	0.00347172327376607
Visa_mpagospesos_rank_lag2	0.00112857160383787	0.00171294151632359	0.00324180782517229
mttarjeta_visa_debitos_automaticos_rank_tend6	0.00112612092723684	0.00213410393128559	0.000879426590871207
rf_018_015	0.00112164674309645	0.00043016801186435	0.000574788621484449
ctrx_quarter_normalizado_delta1	0.00111642547871223	0.00188892506254662	0.000994384315168097
rf_018_017	0.00111449893751925	0.000615812405844539	0.000683998459566494
mcuentas_saldo_rank_delta2	0.00110907678941748	0.00241188684936854	0.00185656724739477
ccaja_seguridad_lag1	0.0011081019335277	0.00113862124758536	0.000143697155371112
mv_status07_rank_delta2	0.00110783815395593	0.000837581229335401	0.000310385855601603
Visa_mlimitecompra_rank_lag2	0.0011031012847808	0.0015215702136461	0.00196002919926197
mcuenta_corriente_rank_delta2	0.00110229377480221	0.00222879169710118	0.0012013082189025
Visa_Fvencimiento_delta2	0.00110099541168038	0.000431978280731532	0.00044833512475787
mcuenta_corriente_rank	0.00109773389402545	0.0022977978796272	0.000977140656523564
Visa_mconsumosdolares_rank_lag1	0.00109276877508501	0.00133382405485189	0.00277622904176989
chomebanking_transacciones_lag1	0.0010912394119152	0.00162148012228301	0.00253481782074642
cproductos_tend6	0.00109056552845724	0.00177335754517406	0.000293142196957069
Visa_mlimitecompra_rank_delta2	0.00108806478977187	0.00151434779831475	0.00289693465228162
rf_001_021	0.00108627766003162	0.000906637974814313	0.000689746345781339
cextraccion_autoservicio_delta2	0.00108117620740443	0.000743406002272089	0.000488570328261782
cproductos_delta2	0.00107070160375968	0.0011314024438935	0.000172436586445335
Visa_msaldototal_rank_tend6	0.0010677417499576	0.00162763058731031	0.00260379245532455
mpayroll_sobre_edad_rank_lag2	0.00106701552386413	0.00119453827282326	0.000580536507699294
Master_msaldototal_rank	0.00106098471624393	0.00169780257042458	0.00259229668289487
mtransferencias_recibidas_rank_lag1	0.00105513985862195	0.00144270776226083	0.00112083781189468
vm_msaldototal_rank_delta2	0.00105495645575481	0.00117036138229428	0.00179908838524633
rf_004_022	0.00105368984088438	0.000797520217463501	0.000638015369847739
ccomisiones_otras_lag2	0.00105350887424528	0.00148624256938425	0.00193703765440259
vmr_mpagominimo_lag1	0.0010519032134963	0.00136552218462324	0.00226466716864873
mcomisiones_mantenimiento_rank	0.00104913112988	0.00210108773629872	0.00141972789506659
Visa_msaldototal_rank_lag1	0.00103736679248309	0.00144077257777556	0.00214970944435184
mcomisiones_mantenimiento_rank_delta2	0.00103076516417902	0.00190592609648813	0.00127028285348063
Visa_mpagominimo_rank_tend6	0.00103046512158342	0.00156169916621453	0.0025060783896722
rf_012_019	0.00102765182702122	0.00108375630863429	0.0023508854618714
Master_mpagominimo_rank_lag2	0.00101750236700395	0.00165220944284625	0.0025060783896722
mrentabilidad_annual_rank_tend6	0.00101510984900791	0.00211064813860391	0.00213246578570731
Visa_cconsumos_lag2	0.0010112675460889	0.00152624231424129	0.00226466716864873
rf_015_014	0.0010091397931079	0.00156992551263949	0.00108635049460561
vmr_mpagominimo_delta2	0.00100657729486562	0.00166717264846127	0.00205199537869948
vmr_Master_mlimitecompra	0.00100197311430812	0.00161307115252199	0.002402616437805
mautoservicio_rank_lag2	0.00100062325964277	0.00139634794642944	0.00167838277473459
ctarjeta_visa_transacciones_lag2	0.000996465334933029	0.00148610451577323	0.00222443196514482
Master_msaldopesos_rank	0.000995001187193331	0.00154363785436907	0.00234513757565655
mtarjeta_visa_consumo_rank_lag2	0.000993320095876043	0.00219623732088588	0.00251182627588704
mcaja_ahorro_dolares_rank_delta1	0.000991430452772866	0.00151119766353858	0.000592032280128983
cmobile_app_trx_tend6	0.00099098008300538	0.00344817506610207	0.0018738109060393
Master_mconsumospesos_rank_tend6	0.000990480235772933	0.00246990501130924	0.0025060783896722
vmr_msaldototal_lag1	0.000990179022841455	0.000942392080420539	0.00132201382941423
vm_mfinanciacion_limite_rank_delta1	0.000983605111470939	0.00143832244677836	0.00217844887542606
rf_007_021	0.000983054052460774	0.00128689658350902	0.00282796001770349
Visa_msaldototal_rank_delta2	0.000980103894030217	0.00128372590426183	0.00222443196514482
rf_020_026	0.000979389933843673	0.00144951243129093	0.0031268501008754
Master_fultimo_cierre_lag2	0.000958495292023572	0.00152043885448954	0.00238537277916046
vm_mpagominimo_rank_lag2	0.000952393635582169	0.00112165017978311	0.00155767716422286
Visa_msaldopesos_rank_lag1	0.000950942798141893	0.00152787027382802	0.00206349115112917
Visa_mpagosdolares_rank_delta2	0.000944290857320767	0.00143196106723897	0.00181633204389086
Visa_fechaalta	0.000940173659637808	0.00142056396305292	0.00204049960626979
ccallcenter_transacciones_delta2	0.000938927032568487	0.00141111520751637	0.000615023824988361
Master_mconsumototal_rank_lag1	0.00093794097988444	0.00146840669712274	0.00246009529995344
rf_020_025	0.000933634094029157	0.00158079680922383	0.00121855187754703
Visa_mpagominimo_rank_lag1	0.000930864575748479	0.0012335660940874	0.0018738109060393
Master_msaldototal_rank_lag2	0.000928296205885016	0.00108577628813372	0.0020922305822034
vmr_mpagominimo_tend6	0.000928281731112836	0.00156309370397061	0.00206349115112917
internet_lag1	0.000925481087829946	0.00130815623766648	0.00022991544859378
vm_mlimitecompra_rank_tend6	0.000924616602221254	0.00187642873756122	0.00204624749248464
vmr_msaldopesos2_tend6	0.000924262669557086	0.00154754358076681	0.00213246578570731
vmr_msaldopesos_tend6	0.000913914398295845	0.00145841920536195	0.00151744196071895
Visa_mconsumosdolares_rank	0.000913887165223808	0.00106362194189164	0.00216120521678153
mextraccion_autoservicio_rank_delta2	0.000913584562384243	0.00187688571464218	0.00160940814015646
vmr_msaldototal	0.000912618727982734	0.00117139614318008	0.00157492082286739
ctarjeta_visa_tend6	0.000900435662889846	0.000212331426298804	4.59830897187559e-05
mpasivos_margen_rank	0.000899679759537063	0.00181915564637922	0.00160366025394161
Visa_fultimo_cierre_delta2	0.000898052688737397	0.000810449311076736	0.000988636428953252
Master_mpagominimo_rank_tend6	0.000897156457090508	0.00160370776776822	0.00179334049903148
thomebanking_lag1	0.000893679516012032	0.00128110089663357	0.002661271317473
Master_fultimo_cierre	0.000887586348804073	0.00134487766071668	0.00212671789949246
Visa_msaldototal_rank_delta1	0.000887313497087065	0.00123882500758616	0.00230490237215264
mcaja_ahorro_rank_delta1	0.000886947477967732	0.00190570293380734	0.00154043350557832
vmr_Master_mlimitecompra_lag2	0.000886689976533515	0.00156252280321784	0.00202325594762526
vmr_msaldopesos	0.000886658084613915	0.00104752303268414	0.00164389545744552
Master_mpagospesos_rank_lag1	0.000885918821564706	0.00178367419338335	0.00220144042028544
Visa_msaldodolares_rank_tend6	0.000885578816031364	0.00101241059502769	0.000701242118211028
Master_mconsumospesos_rank_lag2	0.000880470394653099	0.00166007035939999	0.00241986009644953
mcuenta_corriente_rank_delta1	0.000875260831741888	0.00195204921907628	0.000936905453019652
vmr_Visa_mlimitecompra_lag2	0.000869575243112069	0.00129748457576363	0.00177609684038695
mtarjeta_visa_consumo_rank_delta2	0.000863226349342644	0.00149463842732364	0.00176460106795726
vm_Fvencimiento_tend6	0.000861746722938731	0.0013816779902384	0.00122429976376188
rf_001_017	0.000860568870997665	0.0011765046240426	0.00255206147939095
vm_msaldototal_rank	0.000856799193893694	0.00110057042714644	0.00139098846399237
Master_mpagominimo_rank	0.000849640459661956	0.00133325964458169	0.00220718830650028
Master_mconsumototal_rank_lag2	0.000848367183433319	0.00178786510844447	0.00249458261724251
cliente_edad_lag2	0.000844518783872858	0.00193983305786453	0.00145421521235566
mactivos_margen_rank_tend6	0.000843555064216039	0.00151825847108831	0.00152893773314863
rf_014_021	0.000843303217517063	0.00135603650138145	0.00256355725182064
rf_018_026	0.000840191431923513	0.00128108234118139	0.00279347270041442
Visa_mconsumosdolares_rank_delta2	0.00083958485582944	0.00138287017149771	0.00232789391701202
vm_fechaalta_tend6	0.000838388868217832	0.00143294955726519	0.000701242118211028
ccomisiones_otras_delta2	0.000838272241930772	0.00142488709552501	0.00214970944435184
Visa_mfinanciacion_limite_rank_lag1	0.000836747011653503	0.00125559000256696	0.00221868407892997
vm_status02_tend6	0.000830631564408129	0.00196151331099502	0.00127603073969548
ccajas_consultas_tend6	0.000828005842916899	0.00247947439037057	0.000471326669617248
Visa_cconsumos_delta1	0.000826277645326664	0.00139563006765213	0.00193128976818775
vm_status04	0.000826172377765166	0.000752898306852948	0.000672502687136805
mpayroll_sobre_edad_rank	0.0008237752651118	0.00149983615232144	0.000379360490179736
vm_fultimo_cierre_tend6	0.000822278134972461	0.0013741441364291	0.0014599630985705
matm_rank	0.000813578922440115	0.000687155868719288	0.000419595693683648
rf_019_018	0.000813574292529769	0.00172103475551335	0.00206349115112917
rf_011_018	0.000812993037655145	0.000277027771373477	0.00011495772429689
rf_017_025	0.000811752466122818	0.00101313281824091	0.00155767716422286
Visa_status_tend6	0.000810291679902377	0.000663457468080416	0.000517309759336004
vm_msaldototal_rank_lag2	0.000805173295197422	0.00125499376799515	0.00159791236772677
vm_mpagominimo_rank_tend6	0.000804995917286366	0.00124400255451115	0.00151744196071895
Master_msaldototal_rank_lag1	0.000803962803080601	0.00113952818783869	0.00190255033711353
Visa_Finiciomora_tend6	0.000800455904978816	0.00265783478794893	0.000534553417980538
cliente_edad	0.000798743289027253	0.00187760678631817	0.00108635049460561
cliente_antiguedad_lag1	0.000797232425276918	0.00142889975785727	0.0014082321226369
mautoservicio_rank_delta2	0.000792551903837079	0.00133063570997675	0.00138524057777752
rf_011_016	0.000792015473922312	0.00110190236315132	0.000569040735269605
mttarjeta_visa_debitos_automaticos_rank_delta1	0.000786796748723407	0.00111939834873106	0.000770216752789162
cdescubierto_preacordado_lag2	0.000783206358022613	0.00143605124896382	0.000873678704656363
vm_fultimo_cierre_lag2	0.000782735260686978	0.00131987671444358	0.00143697155371112
Master_Fvencimiento_delta2	0.000782202886164087	0.00119487831653283	0.00164964334366037
ccaja_seguridad	0.00078208923732957	0.00134975117564181	0.000109209838082045
Visa_mlimitecompra_rank_lag1	0.000781528120003805	0.00131915103661867	0.00189680245089868
rf_017_026	0.000781467796069348	0.0011391050240782	0.00186231513360962
Master_msaldototal_rank_delta1	0.000780877269082645	0.00154548850555318	0.00191979399575806
cprestamos_personales_delta2	0.000780228775306583	0.000963979530118858	0.000149445041585957
Master_fultimo_cierre_lag1	0.000779963331727897	0.00142663062757549	0.00185081936117993
vmr_msaldopesos_lag1	0.000777691742066943	0.00101326862112008	0.0014599630985705
Master_mconsumospesos_rank_lag1	0.000776940993901116	0.00120697545066915	0.00187955879225415
Master_msaldototal_rank_delta2	0.000776515557001305	0.00131792386433036	0.00200601228898073
mcomisiones_rank_tend6	0.000776431809407978	0.0016452029145741	0.002143961558137
rf_015_017	0.000776353104798803	0.0010142103168607	0.000867930818441518
thomebanking_tend6	0.000774033554508751	0.00289175235538102	0.00051156187312116
vmr_msaldopesos2_lag2	0.000774012727565671	0.00158828418280314	0.00209797846841824
vm_mconsumospesos_rank_lag2	0.000772345175173741	0.000904272848201676	0.00106335894974623
vm_mfinanciacion_limite_rank_tend6	0.000772099011185217	0.00157585838947305	0.00189105456468384
ccaja_ahorro	0.000771184204159347	0.00113663256896152	9.19661794375119e-05
Master_mpagospesos_rank_lag2	0.000768985588779801	0.00146058357192716	0.00197152497169166
mcaja_ahorro_dolares_rank_lag1	0.000766405418758512	0.00136537358397805	0.000839191387367296
Master_mpagospesos_rank_delta2	0.000766177511139306	0.00163711522370008	0.00184507147496508
cliente_antiguedad	0.000765806463936688	0.00144778808280384	0.00133350960184392
vm_mconsumototal_rank_tend6	0.000763967264822713	0.000925061497461017	0.00139673635020721
Master_msaldopesos_rank_lag2	0.000761101887013759	0.00123268584856075	0.00220144042028544
Master_mconsumototal_rank	0.000757857092339092	0.00122466073326662	0.00216120521678153
vm_status02	0.00075768409738276	0.00132752637625833	0.000735729435500095
Visa_cconsumos_lag1	0.00075232856439517	0.00135509867899333	0.00216120521678153
vm_msaldopesos_rank_tend6	0.0007477372003666	0.00124181390097891	0.00158641659529708
cliente_antiguedad_lag2	0.000745190836076781	0.00152717618476301	0.0015634250504377
vm_mconsumosdolares_rank_lag2	0.000741151142117173	0.000803385729369137	0.000787460411433695
Master_msaldopesos_rank_delta2	0.000740432605236998	0.00126261288790202	0.00189105456468384
rf_010_016	0.000736586082184605	0.00033969398248406	0.000258654879668002
vm_mpagominimo_rank_delta2	0.0007337572503286	0.00148820963051373	0.0015634250504377
Master_fechaalta_delta1	0.000730584799948736	0.00112286458047669	0.00144271943992597
Master_msaldopesos_rank_tend6	0.000725637698471892	0.00123546806719212	0.00187955879225415
vmr_msaldopesos2_delta1	0.000718785082146003	0.00121330081849881	0.00167838277473459
Visa_fultimo_cierre_lag2	0.000715869457026872	0.00145762605792391	0.0013047701707697
vmr_Visa_mlimitecompra_lag1	0.000715566277876928	0.00107316703398595	0.00175310529552757
mtransferencias_recibidas_rank_tend6	0.00071513281515062	0.0013653557089797	0.00126453496726579
Master_msaldopesos_rank_delta1	0.000714554511677366	0.00139317137863961	0.00179334049903148
Master_mconsumospesos_rank_delta1	0.000711185964333166	0.00127805560408788	0.00200601228898073
vm_fultimo_cierre_delta2	0.000710057978375913	0.000584923257148123	0.000638015369847739
rf_002_020	0.000704164928278397	0.000931108559679384	0.000183932358875024
vm_msaldopesos_rank_lag2	0.000703879067123698	0.000858911048749947	0.0011495772429689
ccajas_otras_tend6	0.000702910881090803	0.00205639537254676	0.000275898538312536
vmr_Visa_mlimitecompra	0.00070064491423817	0.00119450956290643	0.00183932358875024
vm_mpagospesos_rank_delta2	0.000699593303675986	0.00115863339435389	0.0017703489541721
vm_msaldototal_rank_lag1	0.000697268675110973	0.00109421627088604	0.00116682090161343
vmr_msaldototal_lag2	0.000696970471352916	0.000946276110810025	0.00148870252964472
Visa_mpagosdolares_rank_lag2	0.000696725946064941	0.00106265402250775	0.00213821367192215
vmr_msaldopesos2_lag1	0.000696690849733504	0.00135874376540772	0.00172436586445335
ctarjeta_debito_transacciones_lag2	0.000696128799780664	0.00113397652217066	0.00122429976376188
mttarjeta_visa_debitos_automaticos_rank_lag2	0.000696097365539884	0.00139205891516212	0.00167263488851975
Visa_msaldototal_rank_lag2	0.000695996919186776	0.00100167523217902	0.00158066870908224
mcaja_ahorro_dolares_rank	0.000694873380456148	0.00199736037706122	0.000718485776855561
mpagomiscuentas_rank	0.000694390784914851	0.00122605699832854	0.000488570328261782
vm_mfinanciacion_limite_rank_lag1	0.000693826502771716	0.00121637382645191	0.00164964334366037
Master_Fvencimiento_tend6	0.00069301203439873	0.000914872224972077	0.00132201382941423
chomebanking_transacciones_tend6	0.000692507425085277	0.00153134770689033	0.0013565011467033
mpayroll_rank_tend6	0.000690903266647798	0.00151207102601316	0.000436839352328181
vmr_Master_mlimitecompra_lag1	0.000687494201416908	0.0011469448989062	0.00167263488851975
mextraccion_autoservicio_rank_lag1	0.000686967350817686	0.000597644367434953	0.000454083010972715
rf_006_016	0.000686565192186117	0.00102396491021685	0.000321881628031292
Master_cconsumos_tend6	0.000683156545750941	0.00142928518260221	0.00191979399575806
Visa_mpagosdolares_rank_tend6	0.00068024058855214	0.00117955551724663	0.0016668870023049
rf_008_021	0.000678519575271417	0.000674343786991338	0.000666754800921961
rf_012_013	0.000675993126037047	0.00054730769161061	0.000649511142277428
Master_delinquency_tend6	0.00067441050536287	0.00108174826324797	0.000764468866574317
rf_007_016	0.000672414171381943	0.00077029044471164	0.00141972789506659
vm_mfinanciacion_limite_rank_delta2	0.000671991306335686	0.0014776482544719	0.00164964334366037
vmr_msaldototal_delta1	0.000671009087347923	0.000980496159456315	0.00148295464342988
mautoservicio_rank_lag1	0.000668174804175503	0.00117914125172837	0.000827695614937607
mcaja_ahorro_dolares_rank_lag2	0.000667482904017349	0.00141073381315174	0.00133925748805877
rf_019_021	0.000667344460232473	0.000861681830522933	0.00172436586445335
Visa_fultimo_cierre	0.000663534874990333	0.0012293052493109	0.00122429976376188
mtarjeta_visa_consumo_rank_tend6	0.000663511613911805	0.00143754725285258	0.00124154342240641
Master_mpagospesos_rank	0.000661362761619941	0.00121694496274638	0.0014599630985705
mtransferencias_emitidas_rank_delta2	0.000660156033400609	0.00163479662966003	0.000798956183863384
rf_009_015	0.00065782901092084	0.00110149461428692	0.00196002919926197
vmr_Master_mlimitecompra_tend6	0.000657575873849916	0.00136775192709753	0.00112083781189468
vm_mlimitecompra_rank_lag1	0.000655727888977836	0.00102547737585373	0.00143122366749628
mcomisiones_mantenimiento_rank_lag1	0.000654825831003941	0.00191183649217441	0.00123579553619157
vm_mfinanciacion_limite_rank	0.000654070387108486	0.000911410730231871	0.00149445041585957
mttarjeta_visa_debitos_automaticos_rank_delta2	0.000652892688191367	0.00138828849438884	0.000971392770308719
mcuenta_debitos_automaticos_rank_lag2	0.000652728382254402	0.00237622973460258	0.00112658569810952
Master_cconsumos_lag1	0.00065160515540194	0.000950352290889012	0.00160366025394161
vm_mlimitecompra_rank_delta1	0.000650713146351578	0.00151090242509575	0.00194853342683228
ctrx_quarter_delta1	0.000647054841028125	0.00129811017453479	0.000925409680589963
Master_cconsumos_lag2	0.000644968975082247	0.0011348676026158	0.00196577708547682
Master_mpagosdolares_rank	0.000642844145012237	0.0012744500363375	0.00217270098921122
mcomisiones_mantenimiento_rank_delta1	0.000641855750818564	0.00221311016779673	0.000804704070078229
Master_cconsumos_delta2	0.000637348360271937	0.000865679522871218	0.00189105456468384
vm_mfinanciacion_limite_rank_lag2	0.000636809627731041	0.0011172674814307	0.0013565011467033
Master_cconsumos_delta1	0.00062729592432624	0.000884168133542683	0.00179908838524633
ccajas_transacciones_tend6	0.000622944188096036	0.00172263711956803	0.000482822442046937
Master_mconsumototal_rank_delta1	0.00061948951841068	0.00104209395338844	0.00154043350557832
mv_status07_rank_tend6	0.000618875822339533	0.000848980898308919	0.000344873172890669
vmr_msaldopesos2_delta2	0.000618726332279913	0.00154998031205807	0.00149445041585957
mpayroll_sobre_edad_rank_delta1	0.000616066610791954	0.00120601218977677	0.000350621059105514
mtransferencias_emitidas_rank_tend6	0.000615547432035658	0.00152810136641291	0.000988636428953252
vm_fultimo_cierre	0.000615271108780676	0.00102385276619349	0.00117831667404312
Master_mpagominimo_rank_delta1	0.000613366612399905	0.00116679611834693	0.00142547578128143
Visa_mpagado_rank_tend6	0.000613343491177567	0.00101521678657048	0.00104036740488685
mtarjeta_visa_consumo_rank_delta1	0.000610413404438346	0.0011538906574182	0.00117256878782828
matm_rank_delta2	0.000606643309085655	0.00143832304871827	0.00106910683596108
Visa_mpagado_rank	0.000605717321989881	0.0011197489394748	0.000936905453019652
mextraccion_autoservicio_rank	0.000605357467897813	0.000681382715333708	0.000661006914707117
vm_fultimo_cierre_lag1	0.000604293128215698	0.00127664363624556	0.00118981244647281
vmr_mpagospesos_lag2	0.000603568402523185	0.00101560315348223	0.0014599630985705
rf_002_024	0.000597754045836415	0.000923782767710395	0.00187955879225415
cdescubierto_preacordado_lag1	0.000597337012935381	0.000803134903623538	0.000609275938773516
mttarjeta_visa_debitos_automaticos_rank_lag1	0.000594501535207703	0.00103469263104573	0.00134500537427361
Master_mconsumospesos_rank_delta2	0.000594185968770934	0.00159594376354085	0.00166113911609006
vmr_mconsumospesos_lag1	0.000592483246188031	0.000755226688959448	0.00101737586002747
mpagomiscuentas_rank_tend6	0.000587681197248346	0.00195838767255628	0.000764468866574317
Master_mpagominimo_rank_delta2	0.000587003209864134	0.00124088508151822	0.00162090391258615
vmr_msaldopesos2	0.000586454794673385	0.000926764987421475	0.00166113911609006
vmr_msaldopesos_delta2	0.000586310449140546	0.000924321739476345	0.00117831667404312
mtransferencias_emitidas_rank_lag2	0.000584449156827314	0.00131739352909363	0.00114382935675405
vm_mpagospesos_rank_delta1	0.000581259504010738	0.0012558150234101	0.00157492082286739
Master_mconsumototal_rank_delta2	0.000581024390533091	0.00121151002107933	0.0014082321226369
vm_mconsumospesos_rank_delta1	0.000578859949566832	0.000955103507326121	0.00129327439834001
mcuenta_debitos_automaticos_rank_delta2	0.000578149098354404	0.00144012648687598	0.000632267483632894
cproductos_lag1	0.000576595220656959	0.000726430354492222	0.000143697155371112
Master_fultimo_cierre_delta2	0.000571171134601724	0.000784997276265327	0.00139098846399237
tcallcenter_delta2	0.000569970110785605	0.00134247906101049	0.000885174477086052
rf_005_022	0.000569074625534325	0.000774482066397873	0.00022991544859378
Master_cconsumos	0.000565886573319068	0.00102463785287092	0.0016668870023049
mpagomiscuentas_rank_delta2	0.000563887977510468	0.00137491283987231	0.000615023824988361
cproductos_delta1	0.000562800733587696	0.00135626788185066	0.000201176017519557
vmr_mconsumosdolares_lag2	0.000561505013694249	0.000967918415554543	0.00114382935675405
mcaja_ahorro_rank_lag1	0.000561339440399511	0.00164382470770964	0.000902418135730585
tcallcenter_delta1	0.000560524006970262	0.000756570742276536	0.000373612603964892
vm_mlimitecompra_rank_delta2	0.00055869162247813	0.0018048510677168	0.00154618139179317
vmr_msaldototal_tend6	0.000550488116296312	0.000997740141581927	0.00122429976376188
vmr_msaldopesos_delta1	0.000547345975497252	0.00134484387356752	0.00123579553619157
cprestamos_personales_lag1	0.000547271775852542	0.00069384677110538	0.000126453496726579
mplazo_fijo_dolares_rank_tend6	0.000545216869233568	0.00189676744981948	0.000224167562378935
mpayroll_sobre_edad_rank_delta2	0.00054092422726512	0.00184136976787203	0.000540301304195382
ctransferencias_emitidas_tend6	0.000539015592005091	0.0015280654332171	0.000666754800921961
vm_mlimitecompra_rank	0.00053732569798396	0.000809967078690634	0.00129902228455486
ctransferencias_recibidas_tend6	0.000536623855878982	0.00159371357615445	0.000982888542738408
ctarjeta_visa_transacciones_lag1	0.000536431220992339	0.000856544273345368	0.000758720980359473
mcuenta_debitos_automaticos_rank_tend6	0.00053615196357712	0.00209536676848667	0.000712737890640717
Visa_fultimo_cierre_lag1	0.000535766386733546	0.000770507692678482	0.000913913908160274
numero_de_cliente	0.000531920561835986	0.00249723742790232	0.000850687159796985
mtarjeta_visa_descuentos_rank_delta1	0.000531703360094514	0.000893849525770866	0.000810451956293073
rf_006_017	0.000531019581493135	0.00105325941539228	0.000689746345781339
cpagomiscuentas_tend6	0.000529526166888344	0.00160724186169647	0.000465578783402404
mcaja_ahorro_dolares_rank_delta2	0.000527581770297591	0.00190383597790291	0.000781712525218851
ccajas_consultas_delta2	0.000524325343182252	0.000824633004501378	0.000316133741816447
mcomisiones_mantenimiento_rank_lag2	0.000523159974548099	0.00115541793601126	0.000948401225449341
ctrx_quarter_lag1	0.000519948828897153	0.00134096141345607	0.000936905453019652
vmr_msaldopesos_lag2	0.000515073729223602	0.000813502716725632	0.00122429976376188
mtransferencias_emitidas_rank_delta1	0.000508713421762139	0.00164293629673718	0.000798956183863384
ctarjeta_debito_transacciones_delta2	0.000508342926443238	0.00118159211552199	0.00079320829764854
mtarjeta_visa_consumo_rank_lag1	0.000503518154132543	0.00107515160371558	0.00122429976376188
ctrx_quarter_normalizado_lag1	0.000502666535633349	0.000832433700892282	0.00084493927358214
Master_mpagado_rank_tend6	0.000501975911901448	0.00132711428295802	0.00122429976376188
vm_fultimo_cierre_delta1	0.000501086459154493	0.00106786637726262	0.000798956183863384
vm_mconsumospesos_rank_delta2	0.000496118479039105	0.000708036431586573	0.00101737586002747
vm_status01_tend6	0.000492067905194159	0.000674764019566158	0.000402352035039114
vm_mconsumospesos_rank_tend6	0.000487285787688274	0.000859222461056592	0.00127028285348063
Master_status	0.000484042739491234	0.000871260395710793	0.000954149111664186
ccomisiones_mantenimiento_tend6	0.000477309194315048	0.00246475292905981	0.000373612603964892
mcaja_ahorro_dolares_rank_tend6	0.0004749860503232	0.00127392312954115	0.000661006914707117
vmr_mconsumospesos_lag2	0.000474762938257152	0.000818195387963147	0.00134500537427361
vm_mpagominimo_rank_delta1	0.000472544479225149	0.000935150664724902	0.00100013220138294
active_quarter	0.000469914633593551	0.000740791384650188	0.00079320829764854
tcallcenter_tend6	0.00046795427543697	0.00164916221362431	0.000459830897187559
mtransferencias_emitidas_rank	0.000464423130166486	0.00194216743319889	0.000718485776855561
Visa_mpagado_rank_delta2	0.000464239279229276	0.00127975181842675	0.000879426590871207
rf_011_015	0.00046336093082081	0.000649720728128577	0.0013565011467033
rf_005_013	0.000462745859589995	0.00101593589539892	0.000252906993453158
vm_mpagospesos_rank_lag1	0.000462042694865747	0.00098325163101841	0.00104036740488685
ccajas_transacciones_delta2	0.000459278507176136	0.000883418901547169	0.000735729435500095
matm_rank_lag1	0.000459074851273286	0.000680761670368865	0.000419595693683648
ctarjeta_debito_transacciones_tend6	0.000457649381590022	0.00177837309174792	0.000666754800921961
vm_mconsumospesos_rank_lag1	0.000455229241861457	0.000958556260851904	0.00112083781189468
mtarjeta_visa_consumo_rank	0.000452244516720495	0.00109678906676947	0.00103461951867201
rf_019_019	0.000447223272057254	0.000800647740235888	0.000862182932226674
vm_msaldototal_rank_tend6	0.000442860470416233	0.000736146397522489	0.00106910683596108
vm_msaldototal_rank_delta1	0.000441826543294431	0.000894134583577738	0.00117256878782828
rf_002_021	0.000440831626988485	0.000904912396276091	0.00112083781189468
rf_004_019	0.000440094580514699	0.000782022148976729	0.000408099921253959
vm_mpagospesos_rank_lag2	0.000438893555229316	0.000785975166914774	0.00101737586002747
mpagomiscuentas_rank_lag2	0.000438426073869991	0.001019799957086	0.000816199842507918
rf_020_027	0.00043188572683488	0.000462072162114559	0.000459830897187559
Visa_mpagado_rank_lag1	0.000429375118817426	0.000650595530024694	0.000775964639004006
mplazo_fijo_dolares_rank_delta2	0.000429233959929998	0.00174831519590331	0.000258654879668002
rf_019_016	0.00042836039040854	0.000988851478050968	0.0013565011467033
vmr_mconsumospesos_tend6	0.000427960479091266	0.000840252926564059	0.000948401225449341
mextraccion_autoservicio_rank_lag2	0.000427329224200974	0.000953212552338981	0.0011495772429689
vm_status05_delta2	0.000423204932287591	0.000720808078654992	0.000212671789949246
vm_mconsumospesos_rank	0.000420432171839394	0.000574302603110279	0.000741477321714939
Visa_mpagado_rank_delta1	0.000417501873203808	0.00158432700362829	0.000821947728722762
mautoservicio_rank_delta1	0.000410990975049831	0.00108110306217261	0.000655259028492272
rf_020_017	0.00040592589232033	0.000921555275967969	0.00100013220138294
rf_004_021	0.000405282623280817	0.000790853942271337	0.000666754800921961
mtransferencias_recibidas_rank_delta1	0.000401024814586081	0.000780218370592112	0.000741477321714939
rf_005_008	0.000399361312584539	0.000956125287246788	0.000258654879668002
vmr_mpagospesos_delta1	0.000396931197774084	0.000837916221983947	0.000896670249515741
ctarjeta_visa_debitos_automaticos_tend6	0.000393316165073251	0.00178638758149397	0.000500066100691471
vmr_mconsumospesos_delta2	0.000392473596683194	0.00130524321487436	0.000862182932226674
ctarjeta_visa_transacciones	0.000391680818822299	0.000943773401669778	0.000454083010972715
rf_003_019	0.000388228497822281	0.00110208535288559	0.000149445041585957
vm_mconsumototal_rank_delta1	0.000386111041253308	0.000631215891250698	0.000902418135730585
rf_017_023	0.000385804159023569	0.000705308047320669	0.000574788621484449
ccomisiones_mantenimiento_lag2	0.000383477477512741	0.000444479395064949	0.000120705610511734
vmr_mconsumospesos	0.000373090780756425	0.0011090552936794	0.000890922363300896
rf_003_027	0.00036656520423402	0.000807454764683042	0.000879426590871207
mtarjeta_master_consumo_rank_tend6	0.000365509421850368	0.00094750048276916	0.000459830897187559
cextraccion_autoservicio_tend6	0.000365125110211571	0.00123382644618644	0.000603528052558672
Visa_status_lag2	0.000360423759930441	0.00107464974285397	0.000431091466113337
ctrx_quarter_normalizado	0.000359090287891379	0.00141147820345663	0.000712737890640717
mpayroll_rank_delta1	0.000358323391419737	0.00103185066333492	0.000373612603964892
Master_mpagado_rank_delta1	0.000355243011018077	0.000879438168201716	0.000948401225449341
rf_008_022	0.000352990135173347	0.000649472519513045	0.000551797076625071
rf_003_023	0.000349189643333942	0.000700691900966306	0.000569040735269605
mpayroll_rank_delta2	0.000346287767139822	0.000839596759713719	0.000287394310742225
vmr_mconsumospesos_delta1	0.000345273503439639	0.00109925780556145	0.000936905453019652
ctransferencias_recibidas_delta2	0.000342566486181226	0.00112957738824144	0.000471326669617248
mpayroll_sobre_edad_rank_tend6	0.000342202297118992	0.00106553922520726	0.000367864717750047
Visa_msaldodolares_rank_delta2	0.000340396839293498	0.00078886979128252	0.000775964639004006
mv_status07_rank_delta1	0.000340301096389302	0.000895384551068926	0.000258654879668002
ccallcenter_transacciones_delta1	0.000337829684524338	0.000957316343140173	0.000155192927800801
vm_status04_delta2	0.000334698431383481	0.00116874137878295	0.000264402765882847
rf_004_016	0.000331177408651632	0.000706415407394519	0.000747225207929784
vmr_mpagado_tend6	0.000327098993590115	0.0008870459821067	0.000500066100691471
ccomisiones_otras	0.00032529983722109	0.00128055776363081	0.00051156187312116
ccuenta_debitos_automaticos_tend6	0.000321334596452073	0.00102136850782021	0.000189680245089868
rf_010_022	0.000320706541823698	0.000762351642367113	0.000270150652097691
ccaja_seguridad_lag2	0.000318889477297634	0.000403003065424243	7.47225207929784e-05
Master_mpagado_rank_lag2	0.000316830511981356	0.000862108265696012	0.000839191387367296
Visa_msaldodolares_rank	0.000315585981669337	0.000790901626381154	0.000597780166343827
ccaja_ahorro_lag2	0.000312327404786323	0.000827907531469614	0.000160940814015646
matm_other_rank_lag2	0.000311350212364966	0.000901240405764615	0.000816199842507918
vm_cconsumos_lag2	0.000307504784120539	0.000714984885742536	0.000500066100691471
ccomisiones_otras_lag1	0.000303800257420442	0.000871167539936024	0.000638015369847739
matm_rank_tend6	0.000303434433188164	0.000835625317180003	0.000523057645550849
vmr_mconsumosdolares_lag1	0.000300668259530387	0.00098548244651602	0.000661006914707117
Visa_msaldodolares_rank_lag2	0.000296504009980459	0.000574045731794226	0.000569040735269605
rf_016_022	0.000294474337905902	0.000884112545700065	0.000465578783402404
rf_009_018	0.000289777524920197	0.000743894411085149	0.000534553417980538
rf_008_023	0.000289053871052746	0.000625886969522652	0.000523057645550849
ctarjeta_master_transacciones_delta2	0.000286075598900455	0.000577743213152553	0.000333377400460981
mpagomiscuentas_rank_delta1	0.000285137506968554	0.00114309512674929	0.000477074555832093
Visa_mpagado_rank_lag2	0.000283806789915965	0.000784146604308426	0.000632267483632894
rf_004_015	0.000283146577004298	0.000330142740134097	0.00044833512475787
matm_rank_delta1	0.000281505511965092	0.00103030865029959	0.000523057645550849
rf_013_026	0.000280697082843771	0.000933745579934657	0.000747225207929784
vmr_mconsumosdolares_tend6	0.000278218374384078	0.000893266167478984	0.00051156187312116
rf_014_017	0.000277736448399009	0.000611544180761252	0.000586284393914138
Master_msaldodolares_rank_delta1	0.000275685661428756	0.000336721341469025	0.000638015369847739
ctarjeta_master_transacciones_tend6	0.000272558309602994	0.00082528299492476	0.000459830897187559
ctarjeta_debito_tend6	0.00027246198892837	0.00209555279409181	0.000247159107238313
vm_Fvencimiento_delta1	0.000271041826927237	0.00042997044471561	0.000402352035039114
ccajas_extracciones_tend6	0.000262545837444899	0.00227677201369861	0.000333377400460981
rf_010_021	0.000258170175239594	0.000764125323755961	0.000551797076625071
mprestamos_prendarios_rank_lag1	0.000256434958299768	0.00181657358585535	0.000183932358875024
mpayroll_rank_lag1	0.000256305607960322	0.00104260832413176	0.000390856262609425
rf_001_023	0.000255702245692784	0.000807530242714168	0.000431091466113337
ctransferencias_recibidas_lag2	0.000254860356018256	0.00116371214461885	0.000471326669617248
rf_011_025	0.000254819189173838	0.000704167842264481	0.000689746345781339
Master_mpagado_rank_lag1	0.000253770263723164	0.000715941813180148	0.00079320829764854
ctarjeta_visa_debitos_automaticos_delta2	0.000251724708703868	0.000720312027822137	0.000419595693683648
internet_delta2	0.000251434716091831	0.000517078923343941	0.000160940814015646
vm_cconsumos_delta2	0.000251261588922494	0.000526470703958936	0.000235663334808624
mtarjeta_master_consumo_rank_lag1	0.000250712920557084	0.00094271474638647	0.000620771711203205
ctarjeta_visa_transacciones_delta1	0.000250181910634772	0.00113350290014248	0.000195428131304713
mtarjeta_master_descuentos_rank_delta2	0.000248091277464912	0.000481606002192089	0.000672502687136805
mforex_sell_rank_tend6	0.00024554533414114	0.00175515734223596	0.000316133741816447
matm_other_rank_delta2	0.000242814099441208	0.000597813329352063	0.000517309759336004
Visa_msaldodolares_rank_delta1	0.000242263161491036	0.000536882511017452	0.000442587238543026
catm_trx_tend6	0.000241121323937134	0.00168650983738559	0.000505813986906315
ctarjeta_visa_debitos_automaticos_lag2	0.000235315775922734	0.000840394617985873	0.000482822442046937
mprestamos_prendarios_rank_lag2	0.000233561743807561	0.00109890273952529	0.000120705610511734
ctarjeta_visa_descuentos_lag2	0.000232476037024746	0.000407727875018978	0.000339125286675825
mextraccion_autoservicio_rank_tend6	0.000230744973284678	0.000785772496362404	0.000465578783402404
rf_012_014	0.000229954787770902	0.000481490272700536	0.000471326669617248
matm_other_rank_tend6	0.000227807857757586	0.00144851150989689	0.000362116831535203
vm_status06_tend6	0.00022776836374149	0.000233750830075536	9.77140656523564e-05
vm_mconsumosdolares_rank_delta2	0.000224507227550414	0.000781994852310132	0.000390856262609425
rf_005_015	0.000223764616698428	0.000606294060819516	0.000431091466113337
mcuenta_debitos_automaticos_rank_delta1	0.000221521115304239	0.000946469281180252	0.000419595693683648
rf_008_017	0.000221304764733068	0.000415311532813445	0.000534553417980538
vm_mpagado_rank_tend6	0.000220693197332508	0.00106325622413611	0.000425343579898492
vmr_mpagado_lag1	0.000220149418038704	0.000795706729526337	0.000408099921253959
vm_mpagado_rank_delta2	0.000220071769725302	0.00132346948442793	0.000367864717750047
vm_mconsumosdolares_rank	0.000215635842709904	0.000413459939462509	0.000367864717750047
vm_mconsumosdolares_rank_lag1	0.000212515054079804	0.000752579016984803	0.000442587238543026
rf_014_019	0.000211596559249053	0.000579511529424764	0.000224167562378935
vm_cconsumos_lag1	0.00021086945289784	0.000744113098473528	0.000385108376394581
cpayroll_trx_tend6	0.000206483297137066	0.00104726377977973	0.000235663334808624
rf_020_022	0.000205795508890013	0.000591547736773121	0.000431091466113337
vmr_mpagado_lag2	0.000200742022158518	0.000464887461269981	0.000333377400460981
catm_trx_delta2	0.000199993853021007	0.000965622067120061	0.000459830897187559
ccomisiones_mantenimiento_delta1	0.000198923762655194	0.0010581404153094	0.00011495772429689
vm_mconsumosdolares_rank_tend6	0.000194459950723308	0.000852444329725375	0.000385108376394581
cextraccion_autoservicio_lag2	0.000192483794842704	0.000855386297976027	0.000471326669617248
mcheques_emitidos_rank_lag1	0.000188644090244965	0.0015019434392799	0.000160940814015646
mcajeros_propios_descuentos_rank_delta2	0.000187331507414749	0.00084360565337869	0.000540301304195382
ccajas_depositos_tend6	0.000182843430474006	0.00193793995683074	0.000212671789949246
mplazo_fijo_dolares_rank_lag2	0.000179212466785879	0.00124574621741813	0.000339125286675825
minversion2_rank_lag1	0.00017918097523153	0.00103249955456368	0.000120705610511734
cproductos_lag2	0.000175060666885288	0.0005906374989359	0.000189680245089868
vmr_mpagado_delta2	0.000172338470538204	0.000645315836513203	0.000218419676164091
rf_020_012	0.000169804639821377	0.00065270621925224	6.89746345781339e-05
vmr_mpagosdolares_tend6	0.000167822611242962	0.00124809619084768	0.000327629514246136
mtarjeta_master_consumo_rank	0.000165807232894027	0.000783098496059288	0.000356368945320358
ccomisiones_mantenimiento_delta2	0.000163254489533398	0.000853702750546678	0.000126453496726579
vmr_msaldodolares2_tend6	0.000157882192669045	0.000684685873704875	0.000258654879668002
catm_trx_other_tend6	0.000155340003577049	0.000687703529357059	0.000258654879668002
vm_msaldodolares_rank_tend6	0.00015518687179127	0.0011692410412553	0.000287394310742225
ctarjeta_debito_transacciones_delta1	0.000153423593758161	0.00149497425745381	0.000212671789949246
rf_011_022	0.000146869853568217	0.000501146437437386	0.000275898538312536
mforex_buy_rank_tend6	0.000144895682207908	0.00192725520927756	0.000212671789949246
cforex_tend6	0.000144343601983779	0.00138452100480122	0.000224167562378935
vm_cconsumos_delta1	0.000142913531346435	0.000531687795719229	0.000189680245089868
mtarjeta_master_consumo_rank_delta1	0.000140407662280895	0.00140360294503013	0.00028164642452738
ccajas_otras_delta2	0.00013907961417861	0.000563784383543248	0.000252906993453158
vmr_mpagado	0.000135837409770305	0.00114634288047694	0.000293142196957069
mcajeros_propios_descuentos_rank_lag2	0.000134224531449742	0.000445645274167092	0.000293142196957069
rf_007_017	0.000132781398425384	0.000536764373766238	0.000270150652097691
rf_012_015	0.000130990391955418	0.000356133929910561	0.000206923903734402
rf_012_018	0.000130206509183007	0.000466485611745251	0.000350621059105514
mv_status07_rank	0.0001279593297525	0.000354581265155851	0.000310385855601603
cpagomiscuentas_lag1	0.000124817057514846	0.00049347500110048	0.000103461951867201
vmr_msaldodolares2_lag2	0.000122716553420717	0.000974385841204234	0.000287394310742225
ccajas_depositos_delta2	0.00012051404014332	0.000622662246539586	0.000258654879668002
mtarjeta_visa_descuentos_rank	0.000119428996410574	0.000580315014526562	0.000247159107238313
vmr_msaldodolares_tend6	0.000119171808633131	0.00113089076879414	0.000258654879668002
mtarjeta_master_descuentos_rank_lag2	0.000117952850745577	0.000285026610681736	0.00022991544859378
mttarjeta_master_debitos_automaticos_rank_delta2	0.000115484253236359	0.000587699351695145	0.000178184472660179
vmr_mpagado_delta1	0.000115463109924994	0.000875858771752002	0.000189680245089868
mtarjeta_visa_descuentos_rank_lag1	0.000114324618936578	0.000400528019348802	0.000247159107238313
mtarjeta_visa_descuentos_rank_lag2	0.000113778611556042	0.000601123213747502	0.000321881628031292
vmr_mconsumosdolares_delta1	0.000113560592255275	0.000442112305604762	0.000247159107238313
vm_mpagado_rank_delta1	0.000111857333560678	0.000652789915071775	0.000195428131304713
rf_002_018	0.000111363770254673	0.000676331942189158	0.000201176017519557
rf_008_019	0.000110486901726937	0.000565326396578586	0.000189680245089868
ccallcenter_transacciones_lag1	0.00011004887407183	0.000517182849578892	9.77140656523564e-05
minversion2_rank	0.000109812632260721	0.00107062255544984	0.00011495772429689
rf_013_018	0.000109692400737041	0.00051022068166138	0.000126453496726579
vm_mconsumosdolares_rank_delta1	0.000109431527189335	0.000463760341864127	0.000235663334808624
ccajas_depositos_lag2	0.000108057929059263	0.000593675280318297	0.000241411221023469
vm_mpagado_rank_lag1	0.00010696567845578	0.000283163318759402	0.000206923903734402
mv_status07_rank_lag2	0.000106734915777909	0.000727020438808376	0.000327629514246136
ccajas_consultas	0.000104422784205288	0.00028316873621864	2.2991544859378e-05
vm_mpagado_rank_lag2	0.000103836476122513	0.000400945608622255	0.000201176017519557
rf_018_022	0.000103132160192083	0.000684616258045099	0.000189680245089868
mttarjeta_master_debitos_automaticos_rank_lag1	0.000100288171831616	0.000687248358095847	0.000252906993453158
ctransferencias_emitidas_lag2	9.96189648312192e-05	0.000667516977040878	0.000149445041585957
vmr_msaldodolares2_delta1	9.75875127697882e-05	0.00109859747747431	0.000218419676164091
ctransferencias_emitidas_delta1	9.64667191636614e-05	0.000546227837573761	8.04704070078229e-05
cproductos	9.44314199973674e-05	0.000275318000300859	4.02352035039114e-05
vm_mpagosdolares_rank_tend6	9.33659509000081e-05	0.000312407993778365	0.00016668870023049
ctarjeta_master_debitos_automaticos_tend6	9.17923488060957e-05	0.00113828672602022	0.000137949269156268
mplazo_fijo_dolares_rank_lag1	9.04948343269245e-05	0.00058591915365243	0.000178184472660179
catm_trx_other_lag2	8.96568631709561e-05	0.000232493822504468	0.000235663334808624
ctransferencias_recibidas_lag1	8.95859719547112e-05	0.000414736627851679	0.000143697155371112
vmr_msaldodolares_lag1	8.68325912974935e-05	0.000597147479120476	0.000189680245089868
matm_other_rank_lag1	8.48783951493151e-05	0.000642492581282379	0.000218419676164091
ctarjeta_debito_lag1	8.31393183569269e-05	0.000712960404779389	0.000126453496726579
rf_002_014	8.2705328838583e-05	0.000515328743783092	7.47225207929784e-05
mtarjeta_visa_descuentos_rank_tend6	8.21307166338564e-05	0.000838428917764026	0.000149445041585957
cforex_buy_tend6	7.99322832703347e-05	0.000834301127880122	9.77140656523564e-05
mcaja_ahorro_adicional_rank_tend6	7.99171871797543e-05	0.00145997838677052	0.00016668870023049
rf_009_020	7.94551129468287e-05	0.000505284067730342	0.000195428131304713
ctarjeta_debito_lag2	7.78491873543961e-05	0.000595201093318522	0.00011495772429689
cpagomiscuentas_delta1	7.39061426356144e-05	0.00058090250788395	8.04704070078229e-05
ctransferencias_emitidas_lag1	7.14322381977287e-05	0.000686672275425551	0.000120705610511734
ctransferencias_recibidas_delta1	6.93568139105336e-05	0.000792859710754507	0.000103461951867201
mforex_sell_rank	6.28392304938864e-05	0.000500445779375912	0.000103461951867201
ctarjeta_visa	6.18504814474591e-05	0.000383898722561971	8.04704070078229e-05
ctarjeta_master_descuentos_tend6	6.14094097466297e-05	0.000749800959590231	0.000103461951867201
vm_mpagosdolares_rank_delta2	5.76561125882301e-05	0.000417819502385126	0.000103461951867201
mttarjeta_master_debitos_automaticos_rank_delta1	5.5420662262845e-05	0.000584343222611426	0.000109209838082045
ccajas_consultas_delta1	5.03691481287652e-05	0.000473686200211846	6.32267483632894e-05
cliente_edad_delta2	4.80678152624834e-05	0.000480409555010766	0.000103461951867201
vm_mpagosdolares_rank_delta1	4.76707303212483e-05	0.000594250394650469	9.77140656523564e-05
cseguro_accidentes_personales	4.71977368216677e-05	0.000824360822974434	8.62182932226674e-05
cpagomiscuentas_lag2	4.63604737873743e-05	0.000211543801005211	5.17309759336004e-05
vmr_mpagosdolares	4.58291276411543e-05	0.000276009629263603	6.89746345781339e-05
vmr_mpagosdolares_delta2	4.52613365148284e-05	0.000393969674600591	0.000103461951867201
cliente_edad_tend6	4.42754041552979e-05	0.000257842768562547	5.17309759336004e-05
ctarjeta_visa_debitos_automaticos_lag1	4.19797823652561e-05	0.000313798448811537	6.89746345781339e-05
ccomisiones_mantenimiento_lag1	4.19772154766539e-05	0.000460444307213031	8.04704070078229e-05
cseguro_vida_tend6	4.14723052575133e-05	0.000513364666181886	8.62182932226674e-05
mttarjeta_master_debitos_automaticos_rank	4.11296887556719e-05	0.000314296724204949	8.62182932226674e-05
cprestamos_personales	3.98558018669423e-05	0.000172794154495865	1.72436586445335e-05
ccuenta_debitos_automaticos_delta1	3.88824908997701e-05	0.000270913318055891	3.44873172890669e-05
vmr_mpagosdolares_delta1	3.56603762299689e-05	0.00038753200571976	9.19661794375119e-05
mpagodeservicios_rank_lag2	3.37167707232452e-05	0.000710038614601551	8.04704070078229e-05
ccomisiones_mantenimiento	3.26277079260417e-05	0.00014207907112019	1.1495772429689e-05
ctarjeta_master_transacciones_delta1	3.23023102151087e-05	0.000762781322781475	8.62182932226674e-05
ccajas_depositos_delta1	3.04706140996778e-05	0.000270802561111465	4.02352035039114e-05
cpayroll_trx_lag2	2.82195295342256e-05	9.63873824235461e-05	4.02352035039114e-05
mcajeros_propios_descuentos_rank_tend6	2.64768853787842e-05	0.000561909523906018	7.47225207929784e-05
mpagodeservicios_rank_tend6	2.52775802359145e-05	0.000191857643957795	2.87394310742225e-05
ccuenta_debitos_automaticos_lag2	2.18117691545929e-05	7.75565034819501e-05	4.02352035039114e-05
active_quarter_delta1	2.03231674783612e-05	0.000107159201894047	3.44873172890669e-05
internet_delta1	1.57857740341108e-05	0.000209133136329412	4.59830897187559e-05
mtarjeta_master_descuentos_rank_tend6	1.5351945810685e-05	0.000375079491491683	5.17309759336004e-05
catm_trx_lag1	1.53490973329468e-05	0.000201226891082915	3.44873172890669e-05
ctransferencias_emitidas	1.50201005560871e-05	0.000495600006029491	4.59830897187559e-05
cextraccion_autoservicio	1.49324297383355e-05	0.000226307241082242	2.87394310742225e-05
cplazo_fijo_lag2	1.37501952369231e-05	0.000297333010538186	3.44873172890669e-05
cseguro_vivienda_lag1	1.36315311944832e-05	0.000187010274162034	3.44873172890669e-05
mpagodeservicios_rank_delta2	1.34717561172943e-05	2.85725175039157e-05	2.2991544859378e-05
ccuenta_debitos_automaticos	1.20568244070828e-05	0.000295226037635335	2.87394310742225e-05
ccuenta_debitos_automaticos_lag1	1.19149261858624e-05	0.000121807906988951	2.2991544859378e-05
cpayroll_trx	9.0914406385118e-06	0.00014207907112019	1.1495772429689e-05
ctarjeta_visa_debitos_automaticos	7.81939783658455e-06	0.000128502028445025	1.1495772429689e-05
ctarjeta_visa_debitos_automaticos_delta1	7.68545552582702e-06	9.19806064745245e-05	2.2991544859378e-05
catm_trx	7.04140098621629e-06	2.83791901058838e-05	1.1495772429689e-05
cpagomiscuentas	6.77053071820313e-06	0.000163694681138028	1.72436586445335e-05
cinversion2_lag2	6.56446126105046e-06	1.31778256547805e-05	5.74788621484449e-06
ccajas_otras	5.00230992831536e-06	0.000199876007056353	1.72436586445335e-05
cpayroll_trx_lag1	4.42081994795142e-06	0.000108503307553736	1.72436586445335e-05
ctarjeta_debito	1.95185068630451e-06	7.10395355600952e-05	5.74788621484449e-06
ctransferencias_recibidas	1.79551526187272e-06	5.35706372765448e-05	5.74788621484449e-06
ccallcenter_transacciones	8.95522419638936e-07	7.10395355600952e-05	5.74788621484449e-06
