Feature	Gain	Cover	Frequency
rf_005_020	0.043618988189539	0.00163903665656201	0.00260968470158948
rf_006_015	0.0338929622775525	0.0024857683625384	0.000692836646439686
mcaja_ahorro_rank_lag2	0.0322424912361742	0.00224774411846559	0.00140876784776069
rf_019_024	0.0210253205782701	0.00162189973279918	0.00101038677605787
vm_status01_tend6	0.0186634029532196	0.0012477700185911	0.000490759291228111
rf_003_015	0.0173576894530045	0.00168632983725894	0.00096997130501556
mtarjeta_visa_consumo_rank	0.0165392932587198	0.000981949376312304	0.000975744943735891
Visa_mpagospesos_rank	0.0154609830894232	0.00293530136880574	0.0047747992217135
vm_fultimo_cierre	0.0154018969443004	0.00114277438375432	0.00120669049254912
rf_003_019	0.0134365685691074	0.000933304019175557	0.000213624632652236
mprestamos_personales_rank_delta2	0.010195445582156	0.00323370675149969	0.000663968452838032
rf_010_026	0.010161467937138	0.000708381779491356	0.000450343820185796
rf_011_015	0.00971331197053353	0.000645720897061085	0.00131061598951507
vm_status05_delta2	0.00965404580028734	0.000568410843576914	0.000150114606728599
mcaja_ahorro_rank_lag1	0.0094816326992619	0.00137173628645926	0.00101038677605787
cdescubierto_preacordado_delta1	0.00806570883590524	0.00112052072567534	0.000150114606728599
vm_status06_delta2	0.00729107443130867	0.000773871719997502	0.000196303716491244
ctarjeta_debito_transacciones_delta2	0.00723839958718675	0.00198750118753007	0.000790988504685308
mpayroll_rank	0.00640469407938029	0.00169315797382423	0.000381060155541827
Visa_mpagominimo_rank_lag1	0.0062934446959017	0.00124802414627648	0.00178982800330252
Visa_mpagospesos_rank_lag1	0.00624033140839229	0.00222686588069437	0.0039664898008672
ccomisiones_mantenimiento_tend6	0.00579780373851282	0.00295774946368476	0.000409928349143481
rf_018_026	0.00578581492423005	0.00134253389777907	0.00296187666352966
mcuentas_saldo_rank_delta2	0.00536060780327047	0.00292705693751186	0.00340067320627479
Visa_Fvencimiento	0.00512221353086603	0.00214944074107497	0.00292146119248734
ccomisiones_otras_lag1	0.00495586138343782	0.00124747293455114	0.000658194814117701
mtransferencias_recibidas_rank	0.00491641564755116	0.00150132198340645	0.00108544407942217
mpasivos_margen_rank	0.00456798371245788	0.00264671325246935	0.00239606006893725
rf_020_025	0.00454343785605982	0.00107348559934897	0.00127597415719309
mcaja_ahorro_rank	0.00451121079943398	0.00153716529273604	0.000658194814117701
rf_012_022	0.0045111473451151	0.00118542110998013	0.00260391106286915
mcuenta_corriente_rank	0.00439040250547739	0.00291459877772363	0.00164548703529425
mprestamos_personales_rank	0.00430673720136963	0.00281734967577154	0.000635100259236379
foto_mes	0.00403115016512956	0.00381285649924532	0.000860272169329276
Visa_mpagospesos_rank_lag2	0.00383077352548766	0.00203558935067615	0.00345263595475777
rf_001_017	0.00378755035545614	0.00137632895324957	0.0025750428692675
ctrx_quarter_normalizado	0.00376706143623913	0.00133225299268162	0.000883366724210599
ctrx_quarter_delta1	0.00374364649084795	0.00173706988328346	0.00120669049254912
ctrx_quarter_normalizado_delta2	0.00369526525100519	0.00219644152867127	0.00289836663760602
Visa_msaldopesos_rank	0.00364810843900335	0.00183777428371252	0.00274247839215709
mprestamos_personales_rank_tend6	0.00363126195177004	0.00262931234477781	0.000629326620516048
mpayroll_rank_lag1	0.00360907179034465	0.00103757237394043	0.000427249265304473
active_quarter	0.00357565293436015	0.00189930380644836	0.000571590233312741
mprestamos_personales_rank_lag1	0.0034589526716374	0.00240753092616005	0.000710157562600678
Master_status	0.00336701217863462	0.00183173939025932	0.00120091685382879
cdescubierto_preacordado	0.00330226423400674	0.00188677161942087	0.00064664753667704
vmr_mconsumospesos	0.00303871804498571	0.00113458099936768	0.0010334813309392
mcuentas_saldo_rank	0.00295253169005945	0.00285348316450004	0.000785214865964977
mrentabilidad_annual_rank_lag1	0.00289654149560803	0.00288631365215839	0.00328520043186818
mautoservicio_rank	0.00288139768042318	0.00104653581027841	0.000519627484829764
mactivos_margen_rank_delta2	0.00286558425490303	0.00364216391643908	0.00584292238497468
Visa_mpagominimo_rank	0.00284817210926421	0.00185451437509058	0.00224017182348832
Visa_mconsumospesos_rank_tend6	0.00284701868077221	0.00190177329611821	0.00377595972309629
mtransferencias_recibidas_rank_lag1	0.00284393023609734	0.00144823127605735	0.0013337105443964
ctrx_quarter	0.00284085302423174	0.000923334929775857	0.000583137510753402
cdescubierto_preacordado_tend6	0.00273883419254516	0.00129001187458664	0.000184756439050583
rf_004_026	0.00273211080668259	0.000609754621872322	0.000513853846109434
vm_cconsumos_tend6	0.0027080584323269	0.00186356939015994	0.000900687640371591
mrentabilidad_annual_rank_delta2	0.00267604833187397	0.0027010232614486	0.00514431209981467
ctrx_quarter_lag2	0.00266186825411881	0.00181944583500526	0.00215934088140369
mactivos_margen_rank	0.0026330313847655	0.00359959240336416	0.00175518617098054
Master_mfinanciacion_limite_rank_delta1	0.00259832256224692	0.00140252410721997	0.0033833522901138
mautoservicio_rank_lag1	0.00258433304849395	0.00124794250284919	0.000946876750134237
mprestamos_personales_rank_lag2	0.00255876151090176	0.00251437919214426	0.000900687640371591
rf_010_023	0.0025369432039361	0.00188932175108151	0.00518472757085698
rf_014_022	0.00252298549417479	0.00104755877764992	0.00256349559182684
rf_012_013	0.00249319328270349	0.00103870354915972	0.000837177614447954
rf_006_021	0.00244111865517827	0.00196300689437213	0.0046246846149849
mcomisiones_otras_rank_lag2	0.00243208847309711	0.00275351031342476	0.005150085738535
vm_status04	0.00238582083463974	0.000698376849206857	0.00072747847876167
rf_002_020	0.00234862976329656	0.000526135782055747	0.000178982800330252
mautoservicio_rank_delta2	0.00226418956518508	0.00173278948020195	0.00179560164202285
rf_007_021	0.002239416314616	0.00120393946266965	0.0022748136558103
Visa_mpagospesos_rank_tend6	0.00221458339010479	0.00295973678803968	0.00544454131327186
mcomisiones_rank_lag2	0.00220526418670035	0.00300394109059953	0.00590643241089832
mcuenta_corriente_rank_tend6	0.00215482734026699	0.00339542469769144	0.00194571624875145
mprestamos_personales_rank_delta1	0.00212327126037603	0.00467554106210659	0.000739025756202331
mpasivos_margen_rank_delta2	0.00211947415137637	0.00297102998730398	0.00569858141696642
Master_mlimitecompra_rank	0.00210817088587546	0.00214662406918722	0.00475170466683218
mcomisiones_otras_rank_delta1	0.00210560254628366	0.00268926270758796	0.00468819464090854
rf_007_023	0.00210012415435025	0.00154695604738028	0.00321014312850388
rf_014_021	0.00208289204278088	0.00130567447301183	0.00270783655983511
mcuenta_debitos_automaticos_rank	0.00208090162830952	0.0020750806032385	0.000560042955872079
cprestamos_personales	0.00207615461691091	0.000357152150614637	4.61891097626457e-05
mcuentas_saldo_rank_tend6	0.00205491856769457	0.0023832184200781	0.00210737813292071
mcomisiones_rank_tend6	0.00205058552576261	0.00140707360682698	0.00226326637836964
Master_mlimitecompra_rank_lag1	0.00204695809027689	0.00190225641016243	0.00392030069110455
mcomisiones_otras_rank_delta2	0.00202543372602877	0.00242485343191609	0.00489604563484045
Master_Fvencimiento_tend6	0.00202512522968542	0.00146363120823342	0.00198035808107344
Visa_mfinanciacion_limite_rank_delta2	0.00200363761031931	0.00186243378753723	0.00341799412243578
mrentabilidad_rank_delta1	0.00199018744161929	0.00223224422711595	0.00428981356920572
ctrx_quarter_lag1	0.0019615123809314	0.00138934459691798	0.000981518582456221
mcuentas_saldo_rank_delta1	0.00195347392580449	0.00220421488951237	0.00156465609320962
mcomisiones_rank_delta2	0.00194061021031338	0.00266824885423353	0.00532906853886525
Master_fechaalta_lag1	0.00192963008348461	0.00248930525173547	0.00421475626584142
Master_mfinanciacion_limite_rank_tend6	0.00192906202327971	0.00254458169963189	0.00469396827962887
mrentabilidad_annual_rank_delta1	0.00191762890044579	0.00220992415798573	0.00413969896247712
vmr_mpagominimo_tend6	0.00191408685146406	0.00118287458876156	0.00117782229894747
vm_mpagominimo_rank	0.00189770500877127	0.00133346404563754	0.00158775064809095
Visa_mconsumototal_rank_tend6	0.00189492886068494	0.00261366566392205	0.00481521469275582
mcuentas_saldo_rank_lag2	0.00187391508682575	0.0029372431805077	0.0021420199652427
rf_018_015	0.00187146855465916	0.000386949339860938	0.000577363872033071
ccaja_ahorro_tend6	0.0018700184227539	0.00302348702253912	0.000288681936016536
ccomisiones_mantenimiento_delta1	0.00186246811183467	0.000852672174510299	0.000121246413126945
Master_Fvencimiento_lag1	0.00182039759306094	0.00234362038276192	0.00461891097626457
mcomisiones_mantenimiento_rank_tend6	0.00181909539831177	0.00231991443094801	0.00124710596359143
rf_003_026	0.00181242050969415	0.000956903212589231	0.000421475626584142
Master_Fvencimiento_lag2	0.00180815312683423	0.00223352661924478	0.00460736369882391
ctarjeta_visa_transacciones	0.00180497078578384	0.00155473338761373	0.000710157562600678
Visa_mpagominimo_rank_lag2	0.00178671190691742	0.00179746456765075	0.00269628928239444
Master_fechaalta_lag2	0.00176031396120857	0.00246944573840748	0.00403577346551117
mactivos_margen_rank_lag2	0.00174114818160019	0.00248536596954576	0.00313508582513958
chomebanking_transacciones	0.0017408762364349	0.00259544898079745	0.00306580216049561
mpasivos_margen_rank_delta1	0.00173299045147953	0.00274709816830546	0.00438796542745134
mrentabilidad_annual_rank_lag2	0.00172025391288172	0.00280873342165145	0.00449766456313763
cdescubierto_preacordado_delta2	0.00170940502009286	0.00112677577703414	0.000190530077770914
vm_msaldopesos_rank_lag1	0.00170068976862741	0.00119080135386032	0.00133948418311673
ctarjeta_visa_transacciones_tend6	0.00169889191574944	0.00164851388252503	0.0012413323248711
Master_mfinanciacion_limite_rank_lag1	0.00168542621513155	0.0020728820021384	0.00444570181465465
mpayroll_sobre_edad_rank_delta2	0.00167251750063652	0.00128144745798156	0.000444570181465465
mcuenta_corriente_rank_lag2	0.0016716200434696	0.00225705800486685	0.00128752143463375
tcallcenter_delta1	0.001671268818632	0.00114084880586489	0.000531174762270426
mrentabilidad_rank_delta2	0.00166977432340713	0.00317288155485733	0.00471706283451019
mcaja_ahorro_rank_delta2	0.00166175515065264	0.00231988807735625	0.00226326637836964
mactivos_margen_rank_delta1	0.00165112397910026	0.00284490177618186	0.00361429783892703
chomebanking_transacciones_delta1	0.00164762268049346	0.00295321182319404	0.00311199127025825
Visa_fechaalta_lag2	0.00163881569078579	0.00203870426616189	0.00299651849585164
vmr_msaldototal_delta2	0.00163733181374444	0.00112114422530289	0.00146073059624367
Visa_mpagospesos_rank_delta2	0.00163359732480519	0.00241220123063171	0.00487295107995912
vm_status01	0.0016311960707859	0.00119420212675592	0.000623552981795717
Master_mfinanciacion_limite_rank	0.00163001808568905	0.00265229143817728	0.00418011443351944
Visa_mconsumospesos_rank	0.00162803425538214	0.0016826005404884	0.00306002852177528
mpayroll_sobre_edad_rank_lag1	0.00160220143745433	0.0014846836432462	0.00048498565250778
Master_mpagospesos_rank_lag1	0.00159508513145837	0.00148956762263988	0.002199756352446
Visa_mconsumospesos_rank_delta1	0.00159146908897082	0.00174916067400249	0.00367203422613033
mrentabilidad_annual_rank	0.00159079087127425	0.00258383721931592	0.00236141823661526
Visa_mpagominimo_rank_delta2	0.00158889046654137	0.00223979142143253	0.00314085946385991
Master_fechaalta	0.00157762511514682	0.00243279384817539	0.00379328063925728
mcomisiones_otras_rank_lag1	0.0015725327848875	0.0020912058653207	0.00316972765746156
rf_019_021	0.00156883894280766	0.0014075900054576	0.00271361019855544
Master_mlimitecompra_rank_delta2	0.00153009531397296	0.0021384981499955	0.00433600267896837
mcomisiones_rank_lag1	0.00150708756193607	0.00192310626511531	0.00334293681907148
Master_status_tend6	0.00150143477972051	0.00134728942976649	0.00100461313733754
chomebanking_transacciones_delta2	0.00149851200729363	0.00271161561329352	0.00383946974901993
internet_lag1	0.00148760469969821	0.00136884453318858	0.000202077355211575
Visa_mfinanciacion_limite_rank_tend6	0.00148254793344963	0.00218061843687224	0.00353924053556273
ctrx_quarter_normalizado_tend6	0.00148212624406684	0.00169489341054908	0.00148959878984532
rf_011_028	0.00147570900923963	0.000672409126733386	0.000450343820185796
rf_005_022	0.00147531112360748	0.00129179076838431	0.000259813742414882
vm_msaldototal_rank_lag1	0.0014530931275854	0.00124168821574456	0.00148959878984532
mcomisiones_otras_rank_tend6	0.00145294412058228	0.00178763270140337	0.00247111737230155
Visa_mpagospesos_rank_delta1	0.00144932998425327	0.0019546173338484	0.00402422618807051
ctarjeta_visa_transacciones_delta2	0.00144539358955514	0.00192485643349796	0.00109699135686284
Visa_cconsumos_tend6	0.00144326608031615	0.0021799056249222	0.00343531503859678
Visa_mconsumospesos_rank_lag1	0.00143575091891763	0.00193971606433569	0.00329097407058851
mextraccion_autoservicio_rank_lag1	0.00143438214856548	0.000670729480562302	0.000681289368999024
mcomisiones_rank	0.00143392348278905	0.00179482767996602	0.00304270760561429
Visa_fechaalta	0.00142363400390047	0.00214987673489711	0.00269051564367411
Visa_cconsumos_lag2	0.00141821982921301	0.00194723492854112	0.00282330933424172
mrentabilidad_rank_lag2	0.00141806322665351	0.00230227294131726	0.00357388236788471
mtarjeta_visa_consumo_rank_delta2	0.00140052193220493	0.00233653619469904	0.00283485661168238
mpasivos_margen_rank_lag2	0.00139144397398769	0.00202974238468582	0.00356810872916438
mcomisiones_otras_rank	0.00138438750963187	0.0019197717451494	0.00305425488305495
vmr_Master_mlimitecompra	0.00137826024985756	0.00189252086629294	0.00304848124433462
rf_019_016	0.00137471571327343	0.000847954380866285	0.00131061598951507
ctrx_quarter_normalizado_lag2	0.00137450496101873	0.0024613680199351	0.00259813742414882
Visa_Fvencimiento_lag1	0.00137385972519417	0.00218104726251742	0.00333138954163082
mtransferencias_recibidas_rank_lag2	0.00137274720979369	0.00191990720261107	0.00266742108879279
mrentabilidad_rank	0.00136979574405817	0.00203245688369829	0.00228058729453063
thomebanking_lag1	0.00135619784851973	0.00149924626910475	0.00297342394097032
mcaja_ahorro_rank_tend6	0.0013502652676569	0.00215603161625361	0.00200345263595476
mrentabilidad_annual_rank_tend6	0.00134143621319484	0.00243964019507259	0.00249421192718287
Visa_mconsumosdolares_rank_lag2	0.00133586683152395	0.00210748042050024	0.00336603137395281
Visa_mconsumospesos_rank_delta2	0.0013351956502417	0.00191282557084659	0.00374709152949463
ctrx_quarter_tend6	0.00132778092421195	0.0014234179726711	0.00143763604136235
ccomisiones_otras_tend6	0.00132503376209994	0.0013221278109579	0.00183024347434484
mcuenta_corriente_rank_delta1	0.0013148860706162	0.00171024656509978	0.000831403975727623
Visa_mfinanciacion_limite_rank	0.00131221582357583	0.0020948462977798	0.00316395401874123
mtransferencias_emitidas_rank	0.00130881329258935	0.00182395301074389	0.000825630337007292
chomebanking_transacciones_lag1	0.00129093090867178	0.00134984720396874	0.00180714891946351
Visa_mlimitecompra_rank_lag2	0.0012879772606145	0.00131335074722087	0.00213624632652236
Visa_mconsumospesos_rank_lag2	0.00128586447300392	0.00177371220716175	0.00347573050963909
mpasivos_margen_rank_lag1	0.00128053952992743	0.0020895745779905	0.00258659014670816
Master_mfinanciacion_limite_rank_delta2	0.00127819807067232	0.00192501057565619	0.00363739239380835
vm_Fvencimiento	0.00126719944561256	0.00190092017764562	0.00258659014670816
Visa_msaldototal_rank_delta2	0.00126641831344406	0.00156313644117644	0.00284063025040271
vmr_mpagospesos_tend6	0.00126603609285197	0.00143179672822221	0.00135103146055739
ccomisiones_otras_lag2	0.00126503034644262	0.00177864538871125	0.00235564459789493
Visa_mlimitecompra_rank	0.00125812657041244	0.00204129996318269	0.00299074485713131
Visa_fultimo_cierre_tend6	0.00125579241712951	0.00153240976074862	0.00160507156425194
chomebanking_transacciones_lag2	0.00123898244702745	0.00217047973575594	0.00316395401874123
rf_006_016	0.00123648791505282	0.00146180429819156	0.000398381071702819
Visa_msaldopesos_rank_delta2	0.00123458354125697	0.00163556812858198	0.00286949844400437
Visa_mlimitecompra_rank_tend6	0.00123370973747138	0.00188616949255625	0.00304270760561429
Master_mpagospesos_rank_lag2	0.00122676400418105	0.00204470447828833	0.00285217752784337
Visa_mlimitecompra_rank_delta1	0.00122634037186806	0.00236958910667188	0.00356233509044405
rf_002_015	0.00120718496427792	0.000733277016194397	0.0010912177181425
vmr_msaldototal	0.00120713810101849	0.000922950404518427	0.00148959878984532
Master_mlimitecompra_rank_delta1	0.00120692341187988	0.00241014754793272	0.00386833794262158
Master_mlimitecompra_rank_tend6	0.00120495776344875	0.00169343610963171	0.00301383941201263
Visa_mfinanciacion_limite_rank_lag1	0.00119840992923848	0.00214718811511175	0.00327365315442751
vmr_mpagominimo_lag2	0.00119561491243522	0.00151891582574329	0.0023498709591746
Visa_mconsumototal_rank_delta1	0.00119403130655286	0.0015930988937967	0.0032332376833852
mrentabilidad_rank_lag1	0.00119022053944756	0.00169302578420795	0.0022748136558103
vm_fechaalta	0.00118983474257967	0.00202709622053679	0.00234409732045427
Visa_mfinanciacion_limite_rank_lag2	0.00118962227810291	0.00202983831175984	0.00309467035409726
Master_mlimitecompra_rank_lag2	0.00118844658247801	0.00199482413913433	0.00336025773523248
mcomisiones_rank_delta1	0.0011871149030644	0.00166822365474461	0.00299651849585164
vmr_msaldopesos_delta2	0.00117798056342632	0.00116167770971232	0.00151846698344698
rf_001_025	0.00117230335000086	0.00114213841887786	0.00241338098509824
vm_Fvencimiento_lag2	0.00117122058895147	0.00145879195088497	0.00243647553997956
internet	0.00117057790006027	0.00110529029980149	9.81518582456221e-05
vmr_mpagominimo	0.00116908030285328	0.00123526028482379	0.00183024347434484
vm_fechaalta_lag1	0.00116001425388517	0.00231299753548565	0.00243070190125923
mtransferencias_recibidas_rank_delta2	0.00115913843850317	0.00178199933127429	0.00254617467566585
Master_msaldopesos_rank_lag2	0.00115869424679233	0.001721327512536	0.00281753569552139
mactivos_margen_rank_lag1	0.00115492841498839	0.00247851904286953	0.00180714891946351
vm_mpagospesos_rank_delta2	0.00115426211669675	0.00140458825229489	0.00173786525481955
Master_mfinanciacion_limite_rank_lag2	0.00115060115878851	0.00145444587465279	0.00305425488305495
mcuenta_corriente_rank_lag1	0.00114488132552315	0.00239076548262672	0.00132793690567606
rf_016_021	0.00113938632399926	0.00142462915739499	0.00210160449420038
Master_msaldototal_rank	0.00113786068117517	0.00180779180236253	0.00244802281742022
mcomisiones_mantenimiento_rank_delta2	0.00113168130691316	0.00171410662839265	0.001466504234964
Master_mpagospesos_rank_tend6	0.00113067025154663	0.0022290439259929	0.00231522912685262
Visa_fechaalta_tend6	0.00112966968851873	0.00116907727120784	0.000941103111413906
Visa_msaldototal_rank_lag2	0.00112605121426476	0.00152950193178697	0.00264432653391147
cmobile_app_trx_tend6	0.00112143029677446	0.00353480707884101	0.0019745844423531
Master_Fvencimiento	0.00111982013829729	0.00149522687199607	0.00303116032817362
mttarjeta_visa_debitos_automaticos_rank_delta2	0.00111930287928398	0.00119512020683221	0.00117204866022714
mactivos_margen_rank_tend6	0.00111592532169466	0.00198216342563981	0.00189375350026847
mcuenta_corriente_rank_delta2	0.00110867563972502	0.00256619791703328	0.00144918331880301
vmr_msaldototal_lag1	0.00110076743863003	0.00124364860672871	0.0019168480551498
cproductos_tend6	0.00109780560649417	0.00214549191888504	0.000340644684499512
cliente_edad	0.00108875118796728	0.00201378570653014	0.00159929792553161
Visa_fechaalta_lag1	0.00108610998463386	0.00181013070998518	0.00256349559182684
vm_Fvencimiento_lag1	0.00108560061878172	0.00166643566895778	0.0023498709591746
vm_Finiciomora	0.00108454543932719	0.00333526145056702	0.000398381071702819
mpayroll_sobre_edad_rank	0.00107725571161663	0.000861859695439051	0.000294455574736866
Visa_msaldopesos_rank_lag2	0.00107723383756297	0.0016632911320349	0.00213047268780203
Visa_mlimitecompra_rank_delta2	0.00106236303120612	0.00197693099905582	0.00297919757969065
mpayroll_rank_delta2	0.00106232196388091	0.00166812951971483	0.000612005704355056
rf_008_024	0.00105738910039223	0.00137215836558495	0.00323901132210553
mtarjeta_master_consumo_rank	0.00105601074829523	0.000654291823003334	0.00040415471042315
mpasivos_margen_rank_tend6	0.00105523568702539	0.00192737496720208	0.00208428357803939
cproductos	0.00105437705978564	0.000304728479026673	5.77363872033071e-05
Visa_msaldopesos_rank_delta1	0.00105108457431161	0.00140879776421455	0.00236141823661526
Master_mpagominimo_rank	0.00105060842005913	0.00144146662529461	0.00225749273964931
Master_msaldototal_rank_lag1	0.00104077318631817	0.00110034794720206	0.00236141823661526
Visa_mconsumosdolares_rank_delta2	0.00103681668414613	0.00123773873471484	0.00254040103694551
Master_delinquency_tend6	0.00103555723357403	0.00123042521769643	0.000883366724210599
ctrx_quarter_normalizado_lag1	0.00103442226928855	0.00108613785334054	0.000623552981795717
Master_mpagominimo_rank_lag2	0.00103188399504872	0.00154004803307834	0.002199756352446
rf_007_016	0.00103177823446089	0.000957222380939086	0.0012586532410321
vm_msaldototal_rank_delta2	0.00103024503614119	0.00143361341307046	0.00175518617098054
vm_mpagospesos_rank_tend6	0.00102936978866527	0.00153115316878613	0.00209005721675972
Master_msaldototal_rank_lag2	0.00102384049936548	0.00119469741615954	0.00217088815884435
Visa_status	0.00102222212687516	0.00139435660206045	0.000687063007719355
Visa_Fvencimiento_lag2	0.0010212378566054	0.001246356016625	0.00232677640429328
mpayroll_rank_tend6	0.00101943880152783	0.00112238202715445	0.000375286516821496
Visa_msaldopesos_rank_tend6	0.00101539627295585	0.00182879745974992	0.0020496417457174
Visa_msaldototal_rank_tend6	0.0010134559678354	0.00137173114750886	0.00225171910092898
Visa_msaldototal_rank	0.00100996110687318	0.00137996448394061	0.00222285090732733
Visa_mlimitecompra_rank_lag1	0.00100886242241317	0.00183237780601981	0.00239028643021692
vmr_Visa_mlimitecompra_lag2	0.00100823407980493	0.00164641726982505	0.00218820907500534
vmr_Master_mlimitecompra_lag1	0.00100538571396227	0.00145184559210702	0.00241915462381857
vm_fechaalta_lag2	0.00100427781406248	0.00166869219525258	0.00202077355211575
ccomisiones_otras_delta2	0.000997750386855271	0.00151490122498832	0.00226904001708997
Visa_cconsumos_delta2	0.000997306438745357	0.00157231987729847	0.00235564459789493
vm_status02_tend6	0.000994654675188447	0.00136668949457566	0.000975744943735891
mtarjeta_visa_consumo_rank_lag2	0.000990660503170289	0.00162337869636898	0.00236141823661526
vm_mlimitecompra_rank_delta2	0.000990195099268646	0.00189603598742321	0.00258081650798783
Visa_mpagominimo_rank_tend6	0.000983131637449151	0.00181752202280648	0.0021420199652427
rf_002_024	0.000978094545210022	0.00106058596419151	0.00246534373358121
rf_020_026	0.000977074736072059	0.00143875665909992	0.002933008469928
mcaja_ahorro_rank_delta1	0.000976705081967305	0.00265592586201746	0.00123555868615077
Master_msaldopesos_rank	0.000975643211454199	0.00164927249701755	0.00246534373358121
rf_002_021	0.000973775026993173	0.000778146615178329	0.000941103111413906
cprestamos_personales_tend6	0.000971768049883531	0.00230372568306325	0.000288681936016536
cliente_antiguedad_lag1	0.000971533267162842	0.00181088505519584	0.00173209161609921
vmr_msaldopesos_lag1	0.000961328680823836	0.00095535462282999	0.00128174779591342
vm_mconsumototal_rank_delta2	0.000955792367402678	0.00102434342430029	0.00127597415719309
mcaja_ahorro_dolares_rank_delta2	0.000953264879078949	0.00154362005161323	0.000814083059566631
Visa_mconsumosdolares_rank_tend6	0.000938052153643133	0.00144424418845218	0.00253462739822518
vm_mlimitecompra_rank_tend6	0.00093698850425616	0.0014554185857248	0.00137412601543871
vm_mpagominimo_rank_lag2	0.000935641981439664	0.0011422688428035	0.00173209161609921
rf_015_014	0.000934919690861704	0.00142001119115658	0.00102193405349854
ccallcenter_transacciones_delta2	0.000934365471582699	0.00122723664392171	0.000606232065634725
vmr_mpagominimo_delta1	0.000932998871453842	0.00117877209877805	0.00129906871207441
cliente_antiguedad_lag2	0.000924594406884756	0.00203707521888699	0.00178405436458219
Master_msaldopesos_rank_lag1	0.000916415121509426	0.00136982878713378	0.00229213457197129
vm_mconsumospesos_rank_tend6	0.000912173123048121	0.00112204862786505	0.00127597415719309
vmr_Master_mlimitecompra_lag2	0.000910647067664358	0.00149307670879763	0.00225171910092898
Master_fultimo_cierre_lag1	0.000906540865107928	0.00139896550266329	0.00210160449420038
mpagomiscuentas_rank	0.00090488433088796	0.00121379330781257	0.000508080207389103
Visa_fultimo_cierre_lag2	0.000903780320400057	0.0016941775415824	0.0016916761450569
Master_mpagominimo_rank_lag1	0.000902987708911462	0.00149417312362939	0.0019745844423531
cliente_edad_lag2	0.000901381753796965	0.00211186183689898	0.00142608876392169
Master_mconsumototal_rank	0.000897808782991801	0.00124925994525507	0.0017667334484212
mtransferencias_recibidas_rank_tend6	0.000894541886857988	0.00162903639086326	0.00151269334472665
vm_mpagominimo_rank_lag1	0.000893526433278059	0.00158783009925608	0.00143186240264202
Visa_msaldopesos_rank_lag1	0.000883525127898994	0.00117311896345515	0.00177828072586186
vm_msaldototal_rank_tend6	0.000883153678781722	0.00125034874389881	0.0017667334484212
vmr_mpagominimo_lag1	0.00088184858082954	0.00117372815308237	0.0019745844423531
Master_cconsumos_tend6	0.000878354881060728	0.0016619302325562	0.00235564459789493
Master_mconsumospesos_rank_lag2	0.0008765739979935	0.00184791838731513	0.00217666179756468
Master_fechaalta_delta1	0.000875982365958579	0.00129180658053937	0.00130484235079474
cdescubierto_preacordado_lag1	0.000874225735946685	0.00154446336654968	0.000825630337007292
Master_mconsumospesos_rank_tend6	0.000871139519539841	0.00207903098029034	0.00218820907500534
vmr_msaldototal_lag2	0.000867897995349534	0.000993655799895459	0.00162239248041293
mcomisiones_mantenimiento_rank	0.000865800404650728	0.0016929635370242	0.00128174779591342
ccaja_ahorro	0.000864476882621711	0.00185989303775526	0.000150114606728599
mextraccion_autoservicio_rank_lag2	0.000860383560207435	0.00142988322027781	0.00172054433865855
Visa_fultimo_cierre_delta1	0.000859880614192088	0.000981939836312085	0.00121823776998978
vm_mfinanciacion_limite_rank_delta2	0.000858627889867462	0.00208285746910731	0.00222862454604766
mautoservicio_rank_lag2	0.000854880201929648	0.00170108840207225	0.00192262169387013
mttarjeta_visa_debitos_automaticos_rank_delta1	0.000853698413965589	0.00161075100392493	0.00111431227302383
internet_tend6	0.000853095364635975	0.00311754452005344	0.000536948400990756
Visa_msaldototal_rank_delta1	0.000851830329893301	0.00120754500297326	0.0019919053585141
ccaja_seguridad	0.000850966894908453	0.00143068695211943	0.000115472774406614
cpayroll_trx_tend6	0.000850424332484181	0.000887589076028608	0.000196303716491244
vmr_mpagominimo_delta2	0.000849912140988708	0.00101899143147047	0.00169744978377723
ccaja_seguridad_lag2	0.00084910423470872	0.00094022291751089	0.000150114606728599
vm_msaldototal_rank	0.000846448537429822	0.00110659875563258	0.00147227787368433
vm_mlimitecompra_rank_lag2	0.000846392542499771	0.00135687141125677	0.00196881080363277
rf_003_027	0.00084402165959169	0.00101606494416584	0.00114318046662548
ctrx_quarter_delta2	0.000839793289778121	0.00166307255534481	0.00192839533259046
vmr_msaldopesos2_tend6	0.000835385276620861	0.00247139867132516	0.00191107441642947
Visa_mconsumosdolares_rank	0.00083536949825693	0.00160933254820182	0.00230945548813229
mcuentas_saldo_rank_lag1	0.000832503937692418	0.00246767983693056	0.00131061598951507
cliente_edad_lag1	0.000831957286561492	0.00170045143575931	0.00127597415719309
Master_mpagominimo_rank_delta1	0.000831416923413082	0.00155517960662948	0.00148382515112499
vmr_msaldototal_tend6	0.000831125877325372	0.00144756120963315	0.00192839533259046
Master_mconsumospesos_rank_lag1	0.000829845747238597	0.00145461372067873	0.00230945548813229
mcaja_ahorro_dolares_rank	0.000828960096217553	0.00200922498029304	0.000767893949803985
Visa_msaldototal_rank_lag1	0.000825919737486055	0.00149288372144514	0.00230945548813229
vmr_msaldopesos2	0.000825667645276136	0.000934820299431295	0.00143763604136235
chomebanking_transacciones_tend6	0.000822843258148085	0.00141666122798589	0.00126442687975243
Master_fechaalta_tend6	0.000822550491853999	0.00130996251863495	0.00185333802922616
mttarjeta_visa_debitos_automaticos_rank_tend6	0.000821800324125631	0.00249931113074927	0.00110276499558317
Master_mpagominimo_rank_tend6	0.000816617001100108	0.00133152486929477	0.00162816611913326
cprestamos_personales_delta2	0.000812854026243216	0.0012264619800918	0.000144340968008268
ccajas_consultas_tend6	0.000810101069102438	0.0024358781144339	0.000427249265304473
rf_015_023	0.000807881957464667	0.00110692208784993	0.00288681936016536
vmr_msaldopesos_tend6	0.00080634683429187	0.00130272866852444	0.00158197700937062
Visa_mpagominimo_rank_delta1	0.000806129798015837	0.00159535784462194	0.00211892541036137
mrentabilidad_rank_tend6	0.000805277923568547	0.00263996191027045	0.00144918331880301
tcallcenter_delta2	0.000805244976307285	0.00154891417195553	0.00117204866022714
rf_017_026	0.000802695063821152	0.000998581786914409	0.00161084520297227
mtransferencias_emitidas_rank_lag2	0.000801824265722555	0.00166303442169753	0.00147805151240466
mcomisiones_mantenimiento_rank_lag1	0.000801581588497168	0.00183890735639042	0.00113740682790515
vm_mconsumospesos_rank_delta2	0.000800305165318546	0.00114850275858171	0.00148959878984532
Visa_cconsumos	0.000799008514387524	0.00118460124974035	0.00231522912685262
vmr_mconsumospesos_lag2	0.000798252245732904	0.000958347679307412	0.00177250708714153
Visa_cconsumos_lag1	0.000798093534551066	0.00122493175878602	0.00222862454604766
Master_msaldopesos_rank_tend6	0.000792667492249909	0.00134502605153783	0.00172054433865855
Visa_mconsumosdolares_rank_lag1	0.000787755401346429	0.00135867871422636	0.00223439818476799
internet_lag2	0.000786462465293876	0.0012309862329579	0.000288681936016536
Master_mconsumototal_rank_delta2	0.000785919715062141	0.0014774414654007	0.00195148988747178
Visa_mpagado_rank_delta2	0.000785528617779618	0.0014467393465204	0.00113163318918482
vm_mfinanciacion_limite_rank_lag2	0.000785502830215168	0.00118577290407659	0.00187643258410748
rf_004_025	0.000783906587870185	0.000942809338067392	0.00230368184941196
Master_mconsumospesos_rank_delta1	0.000780807619044525	0.00141285764044018	0.00211892541036137
Master_msaldototal_rank_delta2	0.000779402223005501	0.00133528816219868	0.00192262169387013
vmr_Visa_mlimitecompra	0.00077885135891087	0.000971094753522147	0.00162239248041293
vm_mfinanciacion_limite_rank_delta1	0.000778580227393699	0.00134677753760006	0.00218243543628501
rf_012_019	0.000777511794296185	0.00120050116225937	0.0024249282625389
mcuenta_debitos_automaticos_rank_delta2	0.000777383005797546	0.0012920682189984	0.000531174762270426
Visa_Fvencimiento_tend6	0.000771810480244809	0.00106047886319458	0.000918008556532584
vmr_Visa_mlimitecompra_lag1	0.000769646945420544	0.000961539599988286	0.00166280795145525
Master_mconsumototal_rank_lag2	0.000768549022216245	0.00152583459231067	0.00202654719083608
vm_mfinanciacion_limite_rank	0.000767978532541677	0.000962999509911241	0.00156465609320962
Master_mconsumototal_rank_lag1	0.000765196822395864	0.00121152982416954	0.0020496417457174
Visa_mfinanciacion_limite_rank_delta1	0.000764396470728096	0.00105039874611278	0.00229790821069162
vm_msaldototal_rank_lag2	0.000757524869845354	0.000953140631232298	0.00157042973192995
tcallcenter_tend6	0.000756392619327451	0.001395878574692	0.000508080207389103
rf_006_022	0.000755921142934017	0.000909490808243166	0.000577363872033071
rf_005_019	0.000755144101576003	0.00106729116125123	0.00155888245448929
Visa_mpagosdolares_rank_tend6	0.000745134641156525	0.00120824590309982	0.00152424062216731
vm_msaldopesos_rank	0.000737732398956071	0.000993323481103314	0.0010334813309392
Master_msaldototal_rank_delta1	0.000733909604607954	0.00110995406858239	0.00171477069993822
vm_mlimitecompra_rank_delta1	0.000733560777620813	0.00139238722450151	0.00215934088140369
vmr_mpagospesos	0.00073344136441867	0.00102627432561525	0.00122978504743044
vm_fultimo_cierre_delta1	0.00073179741939601	0.00121484320855485	0.000912234917812253
Master_mpagosdolares_rank	0.000730935539384143	0.00131202890376517	0.00244802281742022
vm_fultimo_cierre_tend6	0.000730581120615149	0.00165608484778138	0.00169744978377723
rf_013_026	0.000727127037503898	0.00124334250976037	0.000802535782125969
vm_mpagospesos_rank	0.000722759454505221	0.000818159247200141	0.000883366724210599
vmr_msaldopesos2_delta2	0.000719247394523343	0.00163634073683173	0.00168590250633657
vm_mpagominimo_rank_delta2	0.00071696115625913	0.00139101968391769	0.00155310881576896
Master_cconsumos_lag1	0.000715742539424855	0.00130233209967558	0.00250575920462353
rf_020_027	0.000713229986271235	0.000626075427605409	0.000715931201321009
vm_fultimo_cierre_lag2	0.000713222965229185	0.00121278580999942	0.0011662750215068
rf_018_020	0.000709814103451437	0.000651536607691582	0.000225171910092898
vmr_msaldopesos	0.00070397493307775	0.00106227941964468	0.00127597415719309
rf_002_017	0.000700903548928839	0.00122864500621917	0.00163971339657392
Master_fultimo_cierre	0.000699627506019069	0.00118709743559865	0.00167435522889591
mtransferencias_recibidas_rank_delta1	0.000695915984585919	0.00111549978666526	0.000941103111413906
mcomisiones_mantenimiento_rank_delta1	0.000693015229905514	0.00192540487809616	0.000756346672363324
rf_014_023	0.000690686744060729	0.000866433124107382	0.00143763604136235
Visa_mpagosdolares_rank_delta2	0.000677371949913326	0.00120911198753955	0.00206118902315807
ccajas_transacciones_delta2	0.000676223975499987	0.000914741155269549	0.000825630337007292
Master_mpagospesos_rank_delta1	0.00067194874343924	0.00105182257796861	0.00181292255818384
rf_012_014	0.000671754036279029	0.000578590102870933	0.000456117458906126
vm_msaldopesos_rank_delta2	0.000671261467283107	0.00102647311075792	0.00143763604136235
rf_013_023	0.000669647053804237	0.00101340491802754	0.00178982800330252
mplazo_fijo_dolares_rank_tend6	0.000669275791322916	0.00184633537976504	0.000277134658575874
vm_mlimitecompra_rank_lag1	0.000663764818542229	0.00089657878689758	0.00163393975785359
vmr_msaldopesos_lag2	0.000654778769955149	0.00079926588289982	0.00137412601543871
Master_Fvencimiento_delta2	0.000652648692978278	0.000740678712330848	0.00135103146055739
cmobile_app_trx_lag1	0.000651651218244753	0.00181784654093546	0.000975744943735891
rf_015_017	0.000651390536114488	0.000998861055926333	0.000456117458906126
Master_cconsumos	0.000640835334724689	0.000938533784046771	0.00196303716491244
Master_mconsumototal_rank_delta1	0.000635727897964932	0.00114604093780706	0.00172054433865855
vmr_msaldopesos2_lag1	0.000630902092490912	0.00119964166621758	0.00144340968008268
Master_msaldopesos_rank_delta2	0.000629776000100655	0.000998109135246121	0.00178982800330252
Visa_fultimo_cierre	0.000629179285061347	0.00106232891169001	0.00119514321510846
thomebanking_tend6	0.000628109424111805	0.00251327874521297	0.000427249265304473
numero_de_cliente	0.000626446384484332	0.00240576054457253	0.00105657588582052
Visa_mconsumosdolares_rank_delta1	0.000624842117051324	0.000970503668812471	0.00176095980970087
Master_fultimo_cierre_lag2	0.000622628579842194	0.00142172446451075	0.00174363889353988
Master_msaldopesos_rank_delta1	0.000620973910760905	0.00155513612320307	0.00177250708714153
mcaja_ahorro_dolares_rank_lag2	0.00062079753982174	0.0014156929443173	0.00113740682790515
Master_mpagospesos_rank_delta2	0.000620095397354859	0.00169172120235485	0.00165126067401458
ccallcenter_transacciones_tend6	0.0006186458838523	0.00162023895579979	0.00056581659459241
mplazo_fijo_dolares_rank	0.000617470122940267	0.00216477721380207	0.000213624632652236
vm_mconsumototal_rank_tend6	0.000617214457497639	0.00117656738364466	0.00158775064809095
vm_msaldopesos_rank_delta1	0.000616905544208686	0.00121381562930479	0.00118936957638813
Master_cconsumos_delta1	0.000616030519606558	0.00093835120636303	0.00192262169387013
vm_msaldopesos_rank_tend6	0.000615520002094758	0.00102485681862144	0.00137412601543871
vm_mlimitecompra_rank	0.000612323430695687	0.000812692985196435	0.00143186240264202
vmr_Master_mlimitecompra_tend6	0.00060897707700871	0.00137847041976273	0.0011662750215068
cprestamos_personales_lag1	0.000605801962269169	0.00108814309813787	0.000202077355211575
rf_020_017	0.00060515581177846	0.000779014359894345	0.00130484235079474
vm_status02	0.000604230708645577	0.00158632038104469	0.00102193405349854
Master_mpagominimo_rank_delta2	0.00060247437560932	0.00148413356472531	0.00160507156425194
vm_msaldopesos_rank_lag2	0.000602256738853636	0.000874980753474511	0.00112008591174416
Visa_fultimo_cierre_delta2	0.000601589519718903	0.000833232948263768	0.00104502860837986
vm_fultimo_cierre_lag1	0.000600530521832258	0.00162914668064479	0.0012413323248711
Master_mconsumospesos_rank_delta2	0.000598882911607225	0.0011403294292784	0.00134525782183706
Master_mconsumospesos_rank	0.000598016867289012	0.00144001557017849	0.00185911166794649
mcaja_ahorro_dolares_rank_tend6	0.00059318405428329	0.00147080368082871	0.000687063007719355
rf_001_021	0.00059294731640184	0.000800564298012444	0.000612005704355056
ccaja_seguridad_lag1	0.000590731067010627	0.000543835803013808	6.92836646439686e-05
Visa_mpagado_rank_tend6	0.000590599427743284	0.0012402571102974	0.00126442687975243
thomebanking	0.000590023374305537	0.00273672094083011	0.000918008556532584
vm_mfinanciacion_limite_rank_tend6	0.000589691051431559	0.00164318953461297	0.00135680509927772
Visa_mpagado_rank	0.000587259117333213	0.00101436824722089	0.000837177614447954
vm_mfinanciacion_limite_rank_lag1	0.000585393136971395	0.000874833911261201	0.00132793690567606
vm_msaldototal_rank_delta1	0.000584426618824121	0.000874196813180305	0.00116050138278647
mcomisiones_mantenimiento_rank_lag2	0.000584328302113483	0.000804640302636227	0.000837177614447954
Visa_Finiciomora_tend6	0.000582707829596532	0.00307298220394948	0.000531174762270426
vmr_mpagospesos_delta1	0.000578788138553628	0.00137668143253942	0.00148382515112499
mpayroll_sobre_edad_rank_tend6	0.000578390771709185	0.00127758354706429	0.000508080207389103
vm_mconsumospesos_rank_lag2	0.00057708537851924	0.00101252476076981	0.00113740682790515
matm_rank_lag2	0.000568580064534053	0.00108772489299016	0.00133948418311673
mextraccion_autoservicio_rank_delta2	0.000567655633278904	0.00146611250431238	0.00110276499558317
rf_019_018	0.000566283793397551	0.00111657364282247	0.00146073059624367
vmr_msaldototal_delta1	0.000565325393362855	0.0011933321683382	0.00144340968008268
Master_mpagospesos_rank	0.000563685084711028	0.00185443394392851	0.00161084520297227
matm_rank_delta2	0.000561916748694257	0.00126453345925146	0.00116050138278647
vm_mpagominimo_rank_tend6	0.000556175696975767	0.000979339711887866	0.00120091685382879
mttarjeta_visa_debitos_automaticos_rank_lag2	0.000555047305140824	0.000960106175425054	0.00132216326695573
rf_012_020	0.000554599210739311	0.000882297090327238	0.000444570181465465
ctarjeta_debito_transacciones_lag2	0.000552982301765881	0.00101570529669904	0.00119514321510846
mtransferencias_emitidas_rank_lag1	0.000549428670802165	0.00101040548398091	0.00107389680198151
vmr_msaldopesos2_lag2	0.000538402139285013	0.0010754991718813	0.00121823776998978
ctransferencias_recibidas_tend6	0.000536145001307292	0.00188849308874208	0.000946876750134237
mtarjeta_visa_consumo_rank_lag1	0.000534458331992307	0.000920715988887118	0.000935329472693576
mpayroll_sobre_edad_rank_delta1	0.00053428207177903	0.000791533132943628	0.000381060155541827
mcaja_ahorro_dolares_rank_delta1	0.00053374772379201	0.00210013375066339	0.000721704840041339
vm_status04_delta2	0.000532970794789447	0.000875738340176953	0.000300229213457197
ctarjeta_visa_transacciones_lag2	0.00052807845500535	0.000833051688259615	0.00114895410534581
mtarjeta_visa_consumo_rank_delta1	0.000526296556903212	0.00146692572344703	0.00114895410534581
catm_trx_other_tend6	0.000525350419591079	0.000690400592062765	0.000317550129618189
cpagomiscuentas_lag2	0.000524107566176676	0.000680410551557613	0.000178982800330252
vm_mpagominimo_rank_delta1	0.000522071340794457	0.00095725292475194	0.00127597415719309
vmr_mpagospesos_delta2	0.000516956559612174	0.0010602954685495	0.00114895410534581
mtarjeta_visa_consumo_rank_tend6	0.000516843080833284	0.000868941142728386	0.000894914001651261
cproductos_delta1	0.000516718458389639	0.00136612154831955	0.000173209161609921
mttarjeta_visa_debitos_automaticos_rank_lag1	0.000514956294161169	0.000965484653614593	0.00130484235079474
mautoservicio_rank_tend6	0.00051415608012967	0.00135176071191314	0.00102770769221887
Master_cconsumos_lag2	0.000512897528084567	0.000995141457277568	0.00172631797737888
vm_mconsumospesos_rank	0.000510908096120197	0.000932926741155862	0.000941103111413906
cliente_antiguedad	0.000509202837710627	0.00101083394067582	0.00107389680198151
vmr_mconsumospesos_lag1	0.000509001871046152	0.000894531982486039	0.00121246413126945
Visa_mpagado_rank_lag2	0.00050806050146767	0.000958166972728686	0.000767893949803985
vmr_msaldopesos2_delta1	0.000505173442163911	0.000860695024804629	0.00143763604136235
mtransferencias_emitidas_rank_tend6	0.000503470483582561	0.00159843022541057	0.00101616041477821
cextraccion_autoservicio	0.000503029007413397	0.000351290900977571	2.88681936016536e-05
mtransferencias_emitidas_rank_delta2	0.000501337960318389	0.00164242583387724	0.000692836646439686
mcaja_ahorro_dolares_rank_lag1	0.000496442453709262	0.00149055770072886	0.00101038677605787
vmr_mconsumospesos_tend6	0.000495474537681153	0.00147906495206773	0.0011085386343035
Visa_mpagosdolares_rank_lag2	0.000495349319996153	0.000924778368703959	0.00140299420904036
Master_fultimo_cierre_delta2	0.000492105928921817	0.000622676130510943	0.00112008591174416
ctrx_quarter_normalizado_delta1	0.00048788807970216	0.00182949100722438	0.00103925496965953
rf_009_015	0.000487860191662789	0.000859345167480882	0.00165703431273492
Master_cconsumos_delta2	0.000487842084840391	0.000736085702943837	0.00140876784776069
vm_mconsumospesos_rank_lag1	0.000487151115451357	0.000954586415630067	0.00115472774406614
Visa_cconsumos_delta1	0.000482846020295612	0.00104090296722116	0.00142031512520136
ccajas_transacciones_tend6	0.000482530180417969	0.00158120211822023	0.000508080207389103
cextraccion_autoservicio_tend6	0.000477938117399664	0.00124536201185084	0.000629326620516048
ccallcenter_transacciones_delta1	0.000469936810881742	0.000868643189019901	0.000144340968008268
mv_status07_rank	0.000468099356029904	0.000338329124050734	0.000294455574736866
catm_trx_delta2	0.000465493810271465	0.000879020759091944	0.000381060155541827
Visa_status_tend6	0.00046176337904615	0.00112961332096656	0.000531174762270426
ctarjeta_visa_transacciones_lag1	0.000461219584483099	0.000709476797582746	0.000687063007719355
ctarjeta_debito_transacciones_tend6	0.000461026914627674	0.00200299957672497	0.000877593085490268
rf_009_023	0.000460880276318969	0.00101515751094063	0.00135680509927772
mpagomiscuentas_rank_delta2	0.000460623752534782	0.0011583851446645	0.000433022904024804
mpagomiscuentas_rank_tend6	0.000456794315659561	0.00195999225430305	0.000617779343075386
cdescubierto_preacordado_lag2	0.000454390741354299	0.000577260168862558	0.000635100259236379
Visa_msaldodolares_rank_delta2	0.000453896543836323	0.000857213557211044	0.000733252117482001
rf_004_021	0.000451669378589656	0.000767476731066438	0.000450343820185796
vm_fechaalta_tend6	0.000451560053571299	0.00103036071355419	0.000508080207389103
Master_mpagado_rank_tend6	0.000448177820139546	0.0013460939517833	0.00119514321510846
mpayroll_rank_delta1	0.000446964009370542	0.00136919640634581	0.000317550129618189
vmr_mconsumospesos_delta2	0.000444987246378223	0.00108933443860715	0.00104502860837986
mplazo_fijo_dolares_rank_delta2	0.00044489154036585	0.00151525952842195	0.000202077355211575
mcuenta_debitos_automaticos_rank_tend6	0.000443670160183547	0.00151799147351217	0.000554269317151749
vm_mpagospesos_rank_delta1	0.000442330021480525	0.00105284691572689	0.00144340968008268
mautoservicio_rank_delta1	0.000440800809527568	0.00101617858085353	0.000802535782125969
mpayroll_rank_lag2	0.000440391594767605	0.000770763208434561	0.000502306568668772
vmr_mpagospesos_lag2	0.000437251712927961	0.00103725873984484	0.0012586532410321
ctarjeta_debito_transacciones	0.000431369492683452	0.000335542653379151	0.000103925496965953
vm_mconsumototal_rank_delta1	0.000430711258795639	0.000875305614200186	0.000993065859896883
vmr_Visa_mlimitecompra_tend6	0.000430475360178098	0.00153422865929859	0.000825630337007292
vmr_msaldopesos_delta1	0.00042962332772985	0.00116728665006184	0.00118936957638813
rf_007_015	0.000427791801919305	0.000506146450934733	0.00032332376833852
ctransferencias_emitidas_tend6	0.00042245864752211	0.00126953458036053	0.000687063007719355
mcuenta_debitos_automaticos_rank_lag2	0.000421743232197483	0.00176566608664589	0.000825630337007292
ccaja_ahorro_lag2	0.0004196675053786	0.000974360227077634	0.000202077355211575
vm_mpagospesos_rank_lag1	0.000416005070088802	0.000650975645137292	0.000923782195252914
rf_018_017	0.000415456475834742	0.000835112829025075	0.000750573033642993
vmr_mconsumosdolares_lag2	0.000407663157726764	0.000947601659668915	0.000998839498617214
vm_cconsumos_lag2	0.000400453575097078	0.0008715556825673	0.000681289368999024
rf_020_019	0.000394032075500877	0.00123319703577099	0.000456117458906126
ccajas_consultas_delta2	0.000391343681441087	0.000254966335731739	0.000150114606728599
rf_017_025	0.000389218196512316	0.000655636146072811	0.00107967044070184
Visa_mpagado_rank_delta1	0.000388109922540521	0.00106784361159538	0.000750573033642993
mtarjeta_master_consumo_rank_delta1	0.000387301437682489	0.00112684975156622	0.000392607432982489
vm_mconsumosdolares_rank_lag2	0.000387255888955159	0.00129060833542904	0.000831403975727623
vm_fultimo_cierre_delta2	0.000383039684519107	0.000676401854007195	0.000819856698286961
rf_016_022	0.000382025684017804	0.000856931257536067	0.000473438375067119
matm_other_rank_lag2	0.00038178771054705	0.00074946884744939	0.000842951253168284
ccajas_otras_tend6	0.000376360941716762	0.00191161499225532	0.000254040103694551
catm_trx_tend6	0.000373442251855496	0.00198595858003616	0.000461891097626457
mextraccion_autoservicio_rank_tend6	0.000373293551675162	0.00129699562911131	0.000704383923880347
ctransferencias_recibidas_delta2	0.000366845219172238	0.00123907370225924	0.000577363872033071
vmr_mpagospesos_lag1	0.000364448904717456	0.000668098548789311	0.000877593085490268
ctarjeta_visa_debitos_automaticos_delta2	0.000362518442018282	0.000596371240184443	0.000346418323219843
Visa_fultimo_cierre_lag1	0.000361414091743697	0.00072231737434106	0.000848724891888615
vm_mpagospesos_rank_lag2	0.000357444016123743	0.00066637652604267	0.000871819446769938
rf_011_018	0.000356587838587884	0.000230378118372751	8.66045808049607e-05
internet_delta2	0.000355916971608127	0.000484241819825081	0.000167435522889591
ccomisiones_otras	0.000351266768045445	0.00106778829540627	0.000577363872033071
mtarjeta_visa_descuentos_rank_delta1	0.000346216055640863	0.000699257296354103	0.000669742091558363
vm_mconsumospesos_rank_delta1	0.000346043548160646	0.000680129780390958	0.000935329472693576
mtransferencias_emitidas_rank_delta1	0.000344182538607596	0.00115788880111722	0.00056581659459241
vmr_mconsumospesos_delta1	0.000343548772376768	0.00119603457105205	0.000860272169329276
rf_008_017	0.000343493671169333	0.000653055523306497	0.000635100259236379
vm_cconsumos_delta2	0.000338639098363426	0.000586027481770633	0.000248266464974221
rf_008_021	0.000337581308844994	0.000762808376760574	0.000542722039711087
mpagomiscuentas_rank_lag2	0.000337568033595005	0.00103614933269235	0.000773667588524316
vm_mpagado_rank_tend6	0.000336947133286874	0.000726335849074022	0.000473438375067119
vm_Fvencimiento_tend6	0.000332188208159206	0.000735128593198149	0.000733252117482001
cproductos_lag1	0.00033053841870133	0.000542024678773413	0.000138567329287937
ctransferencias_recibidas_lag2	0.00032906784170509	0.000962276209231684	0.000623552981795717
mpagomiscuentas_rank_lag1	0.000327568076308357	0.00116727112779629	0.000560042955872079
vmr_mconsumosdolares	0.000326663605550812	0.00111876315193341	0.000669742091558363
Master_mpagado_rank_delta1	0.000325229825640021	0.000866347474934148	0.000669742091558363
mcajeros_propios_descuentos_rank_delta2	0.000323805245746949	0.000721783055268043	0.000606232065634725
cpagomiscuentas_tend6	0.000323590186210397	0.00129663766827438	0.000334871045779181
vm_mpagado_rank_delta2	0.000320893335667149	0.000939733320483097	0.000381060155541827
Master_mpagado_rank_lag2	0.000319657112911491	0.000743826938756577	0.000767893949803985
Visa_msaldodolares_rank_tend6	0.000318317868195297	0.00132035142075145	0.000681289368999024
mcuenta_debitos_automaticos_rank_delta1	0.000310445773430464	0.00126133036464767	0.000467664736346788
Visa_Fvencimiento_delta2	0.000307862407597942	0.000605318574477858	0.000560042955872079
rf_006_017	0.000299169529678619	0.00125950039758917	0.000675515730278694
rf_004_016	0.00029857803183968	0.000526011445809805	0.000785214865964977
mextraccion_autoservicio_rank	0.000296894634981713	0.00064869547967068	0.000663968452838032
matm_rank_lag1	0.000293376739811478	0.00089521933686643	0.00056581659459241
ctarjeta_debito_lag2	0.000289255246997629	0.00063178095386874	0.000103925496965953
Visa_msaldodolares_rank	0.000288757636399165	0.00104631617944465	0.000635100259236379
ctarjeta_debito_tend6	0.000286433872973258	0.00229217174136205	0.000277134658575874
rf_014_017	0.000286370646604868	0.000629908979184962	0.000542722039711087
vm_cconsumos_lag1	0.000282923297122428	0.000709664435156106	0.000409928349143481
vm_mconsumosdolares_rank	0.000281229614246702	0.000334887687563038	0.000386833794262158
rf_009_018	0.000281133521898354	0.00100177154660076	0.000658194814117701
rf_017_023	0.000279403157131087	0.00101239467944086	0.000612005704355056
Master_mpagado_rank_lag1	0.000278557942906013	0.000771079556950098	0.000790988504685308
rf_008_023	0.000276114199561975	0.000899542933484836	0.000502306568668772
matm_rank_tend6	0.000276015991029924	0.000751191687157375	0.000536948400990756
mpayroll_sobre_edad_rank_lag2	0.000271208755679325	0.00103990498305465	0.000490759291228111
rf_019_019	0.000270668887856198	0.000489763951443327	0.00064664753667704
vmr_mconsumosdolares_tend6	0.000268436777220358	0.00113770838010232	0.000525401123550095
ccomisiones_mantenimiento_delta2	0.000264489988953934	0.00085621931525456	9.81518582456221e-05
mtarjeta_master_consumo_rank_lag1	0.000259856908461146	0.000792808594077826	0.000698610285160016
ctarjeta_visa_debitos_automaticos_tend6	0.000259369984254542	0.00131103463545509	0.000346418323219843
ctarjeta_master_transacciones_tend6	0.000258794701825439	0.00121616742383382	0.00032332376833852
rf_005_008	0.000256940105164132	0.000609312803906397	0.000329097407058851
rf_002_014	0.000255441489776451	0.000266422848204196	3.46418323219843e-05
ccuenta_debitos_automaticos_tend6	0.000255048470125546	0.00110965097592351	0.000225171910092898
cextraccion_autoservicio_lag2	0.000251289810014551	0.000701967157134429	0.000548495678431418
rf_010_021	0.00024960806684906	0.000806095864216541	0.000519627484829764
ctarjeta_debito_transacciones_delta1	0.000243726213296285	0.0013881013925801	0.000230945548813229
vm_Fvencimiento_delta1	0.000242532150287193	0.000671077585155914	0.000548495678431418
matm_other_rank_delta2	0.000241662019027467	0.000779122515034944	0.000554269317151749
rf_004_022	0.000240838349124145	0.000373880119340479	0.000456117458906126
vmr_mpagado_tend6	0.000240181587666546	0.000686580797058112	0.000421475626584142
cextraccion_autoservicio_delta2	0.000236948277869373	0.00107982387535056	0.000525401123550095
rf_014_020	0.00023666387333361	0.00094151184533048	0.000115472774406614
mforex_sell_rank_tend6	0.000236273666075752	0.00199006697322422	0.000352191961940174
rf_005_013	0.00023615870672749	0.00105938450394299	0.000369512878101166
matm_rank	0.000235505783753478	0.000648828828845007	0.000479212013787449
mprestamos_prendarios_rank_lag1	0.000234342821003043	0.00124821133583878	0.000132793690567606
ccajas_extracciones_tend6	0.000232646583362473	0.00210586642112624	0.000352191961940174
cproductos_delta2	0.000231426894318327	0.00110998880261633	0.000178982800330252
Visa_status_lag2	0.000230719563418922	0.00160575278171096	0.000444570181465465
mprestamos_prendarios_rank_lag2	0.000229608948245948	0.00102507766172042	0.000132793690567606
mpagomiscuentas_rank_delta1	0.00022874946497419	0.000711114462482149	0.000433022904024804
Visa_mpagado_rank_lag1	0.000226855346826499	0.000642636261852283	0.000479212013787449
ccajas_depositos_delta2	0.000220746972925048	0.00103862480462753	0.000259813742414882
rf_012_018	0.00022012223508706	0.000600014756013786	0.000381060155541827
ctarjeta_visa_debitos_automaticos_lag2	0.000219765582026242	0.000611320420526985	0.000479212013787449
Visa_msaldodolares_rank_lag2	0.000217571010899368	0.000632379022280235	0.000531174762270426
rf_012_015	0.000217336546166333	0.000490779170858854	0.000288681936016536
rf_010_016	0.000211893392359493	0.000395253751929677	0.000311776490897859
rf_003_023	0.000211612336696852	0.000815221454204648	0.000531174762270426
ccajas_depositos_tend6	0.000211221955496469	0.00195466171329693	0.000311776490897859
rf_011_022	0.00021031319382482	0.000530819474152019	0.000444570181465465
mtarjeta_master_descuentos_rank_delta2	0.000209121938900706	0.000319449937982782	0.000479212013787449
rf_004_019	0.000208007541121809	0.000654893633624858	0.000381060155541827
mtarjeta_visa_descuentos_rank_lag2	0.000207711609293297	0.000399213326385046	0.000375286516821496
rf_010_022	0.000206069064111192	0.000625539052952234	0.000248266464974221
vm_mconsumosdolares_rank_delta2	0.000203975530721659	0.000995474197727181	0.000467664736346788
vm_status06_tend6	0.000203606676064235	0.000882064572587104	0.000202077355211575
rf_020_022	0.000202777167856783	0.000593977701566062	0.000363739239380835
rf_008_026	0.000202469124012342	0.000366305332813321	0.000536948400990756
rf_008_022	0.000198415926908356	0.000555946596108991	0.000444570181465465
vm_mconsumosdolares_rank_lag1	0.00019817668556572	0.000955908575328871	0.000461891097626457
Master_mpagado_rank_delta2	0.000197855110637688	0.000574688690792586	0.000467664736346788
Master_msaldodolares_rank_delta1	0.000197752384168417	0.000432744055330157	0.000658194814117701
rf_005_015	0.000192575729677841	0.000594023609522915	0.000363739239380835
rf_011_025	0.000192162537056179	0.000593757227417363	0.000508080207389103
vmr_mconsumosdolares_lag1	0.000189472102193015	0.000767390423053411	0.000508080207389103
mtarjeta_master_consumo_rank_tend6	0.000189341418622541	0.00135849647913931	0.000363739239380835
ccajas_depositos_lag2	0.000187800225244175	0.000627287323876272	0.000213624632652236
vmr_mpagado_delta2	0.000183124710346544	0.000864377122292315	0.000317550129618189
Visa_msaldodolares_rank_delta1	0.000181615921138874	0.000661498528914323	0.000502306568668772
rf_001_023	0.000181438832993251	0.000439673126151911	0.000381060155541827
mv_status07_rank_tend6	0.000177474717188242	0.0009262031229355	0.000271361019855544
vmr_mpagado	0.000176249188473764	0.000919528206152719	0.000288681936016536
rf_011_016	0.000175677049225242	0.000611338314615792	0.000398381071702819
mextraccion_autoservicio_rank_delta1	0.000175258252949602	0.000760060645868884	0.000438796542745134
rf_007_017	0.000174324543363827	0.000524735905614831	0.000352191961940174
vmr_msaldodolares2_delta1	0.000171852293016493	0.00126960829135669	0.000254040103694551
cprestamos_personales_lag2	0.000169879650547836	0.00111205091846469	0.00016166188416926
vm_msaldodolares_rank_tend6	0.000169500969924874	0.000900794913568773	0.000300229213457197
minversion2_rank	0.000167235001822452	0.00106350544144073	0.000103925496965953
vmr_msaldodolares_tend6	0.000166528403452529	0.000834244689005183	0.000265587381135213
vm_mconsumosdolares_rank_tend6	0.000166479635825815	0.000537981010006724	0.000340644684499512
rf_016_017	0.000165255272962461	0.000690268165264151	0.000363739239380835
cforex_tend6	0.000163212060353378	0.00158208306608572	0.000271361019855544
ctarjeta_visa_transacciones_delta1	0.000158590935504878	0.00147441902466846	0.000230945548813229
matm_rank_delta1	0.000156987632649006	0.000662320813684545	0.000386833794262158
vmr_msaldodolares2_tend6	0.0001534946870588	0.000671858099483191	0.000248266464974221
ctarjeta_master_transacciones_delta2	0.000153046008140761	0.000571220347287699	0.000317550129618189
vm_status05_tend6	0.000153033841691418	0.000660351515186383	0.000155888245448929
mv_status07_rank_delta2	0.000152481654772076	0.000828222603397581	0.000334871045779181
ccajas_consultas_delta1	0.000148981109601331	0.000728073789390088	8.083094208463e-05
matm_other_rank_tend6	0.000148468946582326	0.000983999290447673	0.000300229213457197
rf_013_018	0.00014793340539122	0.000203387296759815	8.083094208463e-05
mplazo_fijo_dolares_rank_lag2	0.000147355779873438	0.000508739407181993	0.000173209161609921
mcheques_emitidos_rank_lag1	0.000147257184231953	0.00145727005731418	0.000167435522889591
rf_002_018	0.000145493981375691	0.000769621781668076	0.000178982800330252
vm_mconsumosdolares_rank_delta1	0.000142533229553038	0.000520832912320979	0.000265587381135213
rf_004_015	0.000140028890090574	0.000399008400855489	0.000334871045779181
vmr_msaldodolares2_lag2	0.000139529081360555	0.00089007838359946	0.000271361019855544
mcajeros_propios_descuentos_rank_lag2	0.000134487850699588	0.000626188906171545	0.000300229213457197
mplazo_fijo_dolares_rank_lag1	0.000133453391632225	0.000752506599618444	0.000121246413126945
ctarjeta_debito_transacciones_lag1	0.000131730972957711	0.000650566400210788	0.000271361019855544
vmr_mpagado_lag2	0.000129745135266548	0.000388027913311067	0.000288681936016536
rf_020_012	0.000128762576317405	0.000771748305694703	9.23782195252914e-05
mtarjeta_master_descuentos_rank_lag2	0.000126901065741226	0.000472899392051371	0.000300229213457197
matm_other_rank_lag1	0.000123463398329995	0.000395518315637396	0.000190530077770914
catm_trx_other_lag2	0.000122934114426339	0.00034596602599368	0.000248266464974221
vmr_mpagosdolares_tend6	0.000118163863174941	0.000959136679491237	0.000236719187533559
ctarjeta_visa_descuentos_lag2	0.000114253559305714	0.000458788519462845	0.000282908297296205
mv_status07_rank_lag2	0.000113643944176955	0.000814626416456207	0.000306002852177528
rf_014_019	0.000113039427338644	0.000556742184690757	0.000150114606728599
cproductos_lag2	0.000112049792994237	0.000223563343078477	0.000150114606728599
mtarjeta_visa_descuentos_rank_lag1	0.000111964030228702	0.00039581476719115	0.000265587381135213
vm_mpagosdolares_rank_tend6	0.000110982217038747	0.000566073095512298	0.000202077355211575
cforex_buy_tend6	0.000110935187548348	0.00138460316410215	0.000144340968008268
minversion2_rank_lag1	0.000109838233154261	0.000958175722121151	9.23782195252914e-05
mforex_buy_rank_tend6	0.000109491419057292	0.00203064781503806	0.000225171910092898
vmr_mconsumosdolares_delta1	0.000106403327629454	0.000748926016166234	0.00024249282625389
vm_cconsumos	0.00010248381334081	0.000258808926593268	0.000184756439050583
vm_status03_tend6	0.000102082661481022	0.000528754749298078	0.000103925496965953
vm_mpagado_rank_lag1	0.000100990477185817	0.000445902588173105	0.000219398271372567
cpayroll_trx_lag2	0.000100771902459393	0.000140959037484045	4.61891097626457e-05
vm_mpagado_rank_delta1	9.96656108224777e-05	0.000539816405905134	0.000115472774406614
mtarjeta_visa_descuentos_rank	9.94730416212506e-05	0.000626182291420012	0.000259813742414882
vm_mpagado_rank_lag2	9.90241458033451e-05	0.000426608675631561	0.000219398271372567
ccajas_otras_delta2	9.85097814361958e-05	0.000356695442869365	0.000173209161609921
vmr_mpagado_delta1	9.70256483695895e-05	0.000538121105700542	0.000144340968008268
vmr_msaldodolares_lag1	9.43166118565853e-05	0.000684555602591818	0.000202077355211575
rf_018_022	9.37489795375904e-05	0.000635607495392885	0.000178982800330252
cpayroll_trx_lag1	8.83960561881895e-05	9.1474476571162e-05	3.46418323219843e-05
ctarjeta_master_debitos_automaticos_tend6	8.68797789629967e-05	0.00113178833560203	0.000155888245448929
mttarjeta_master_debitos_automaticos_rank_delta1	8.60804790512701e-05	0.000846969362666919	0.000155888245448929
rf_009_020	8.58520212753626e-05	0.000353523155614356	0.000207850993931906
ctarjeta_master_transacciones_delta1	8.58017446933757e-05	0.00102169515186391	0.000127020051847276
mttarjeta_master_debitos_automaticos_rank_delta2	8.39579580483194e-05	0.000411238127710303	0.000115472774406614
ctransferencias_recibidas_delta1	8.28343184916045e-05	0.000592541483522103	9.81518582456221e-05
mttarjeta_master_debitos_automaticos_rank_lag1	8.25941572448751e-05	0.0004030084807814	0.00016166188416926
cpagomiscuentas_lag1	7.94680072014582e-05	0.000453083414856981	7.50573033642993e-05
vmr_mpagado_lag1	7.89942176604494e-05	0.000422614129959921	0.000173209161609921
ctransferencias_recibidas_lag1	7.52139740439849e-05	0.000893451327102161	0.000138567329287937
ctransferencias_emitidas_lag2	7.32747041536313e-05	0.000361057726560482	0.000115472774406614
rf_008_019	7.29743234109163e-05	0.000332772680056012	0.000132793690567606
vmr_mpagosdolares_delta2	7.25994589404952e-05	0.000476594903517265	0.000138567329287937
vm_cconsumos_delta1	7.2216910791355e-05	0.000369656323774083	0.000115472774406614
ccomisiones_mantenimiento_lag2	7.19368879618163e-05	0.000292788114609428	7.50573033642993e-05
cpagomiscuentas_delta1	6.57092004983834e-05	0.000618350820909072	9.23782195252914e-05
cseguro_vida_tend6	6.33778997543144e-05	0.000560574550358681	8.66045808049607e-05
ctarjeta_debito_lag1	6.13730808808571e-05	0.000747624016965129	0.000115472774406614
ctarjeta_master_descuentos_tend6	5.98472464608442e-05	0.00079442536057896	9.23782195252914e-05
ctarjeta_visa_debitos_automaticos_lag1	5.93493439941788e-05	0.000393934622893925	9.81518582456221e-05
cliente_edad_delta2	5.70725963623485e-05	0.000406828644736337	0.000109699135686284
cseguro_accidentes_personales	5.60788185917671e-05	0.00103394406413353	0.000109699135686284
mttarjeta_master_debitos_automaticos_rank	5.30749255520871e-05	0.000740124812539151	0.000121246413126945
ctarjeta_visa_tend6	5.02260823740007e-05	0.000188927766152249	5.19627484829764e-05
ccajas_otras	4.92164066196395e-05	0.000214603042817914	1.73209161609921e-05
mcaja_ahorro_adicional_rank_tend6	4.90597869706023e-05	0.00103952738879185	0.000103925496965953
ctarjeta_visa	4.71299822523077e-05	0.000637368705930479	8.66045808049607e-05
internet_delta1	4.65504883437888e-05	0.000122601283582737	5.19627484829764e-05
cplazo_fijo_lag2	4.62846889821059e-05	0.000471350828645722	5.19627484829764e-05
mpagodeservicios_rank_lag2	4.61037613103617e-05	0.000685709942618268	7.50573033642993e-05
mtarjeta_visa_descuentos_rank_tend6	4.44239598375603e-05	0.000509626785323873	9.81518582456221e-05
mforex_sell_rank	4.36785663238317e-05	0.000505303294119833	9.23782195252914e-05
ctransferencias_emitidas_delta1	4.34110797634535e-05	0.000495758102243659	8.66045808049607e-05
vmr_mpagosdolares_delta1	4.05805950267661e-05	0.000498146080254177	8.66045808049607e-05
ccallcenter_transacciones	4.04227712335093e-05	0.00039732061142455	3.46418323219843e-05
cliente_edad_tend6	3.85488818396976e-05	0.000386327210620164	7.50573033642993e-05
mv_status07_rank_delta1	3.59030422189234e-05	0.000493217220693725	0.000115472774406614
ctransferencias_emitidas_lag1	3.40546381731025e-05	0.000372490099142882	7.50573033642993e-05
ccajas_depositos_delta1	3.36909336693294e-05	0.000446028136684269	5.77363872033071e-05
vmr_mpagosdolares	3.19554665038643e-05	8.89212088330991e-05	6.35100259236379e-05
catm_trx_lag1	2.96200277341257e-05	0.000205629486700694	4.61891097626457e-05
active_quarter_delta1	2.9430267774376e-05	0.000293691173138408	5.77363872033071e-05
vm_mpagosdolares_rank_delta2	2.69198966119549e-05	0.000341941358166653	8.66045808049607e-05
cpagomiscuentas	2.46569864801952e-05	0.000208152131565127	1.73209161609921e-05
mpagodeservicios_rank_tend6	2.40746486399893e-05	0.000227659271017634	4.0415471042315e-05
ccajas_consultas	2.35865733168754e-05	0.000134733212258515	1.15472774406614e-05
ccuenta_debitos_automaticos_lag1	2.21437302244514e-05	0.000507176507422424	5.19627484829764e-05
cseguro_vivienda_lag1	2.15781288690214e-05	0.000163155956279952	3.46418323219843e-05
vm_mpagosdolares_rank_delta1	2.12639179696982e-05	0.000329903854410165	5.19627484829764e-05
mcajeros_propios_descuentos_rank_tend6	1.92478102518306e-05	0.000547126207067104	6.35100259236379e-05
ccomisiones_mantenimiento_lag1	1.87330967642476e-05	0.000246954580299541	4.0415471042315e-05
ctransferencias_emitidas	1.64479736077627e-05	0.000483561001135448	4.0415471042315e-05
ccuenta_debitos_automaticos_lag2	1.60558974387658e-05	0.000111587063440857	4.0415471042315e-05
catm_trx	1.59759526229788e-05	0.00010465003383439	1.15472774406614e-05
ctransferencias_recibidas	1.48860250655114e-05	0.000272243249774027	2.88681936016536e-05
ccomisiones_mantenimiento	1.37542473615585e-05	0.000286050318156697	2.30945548813229e-05
cinversion2_lag2	1.31242040958532e-05	7.86831283222631e-05	1.73209161609921e-05
mtarjeta_master_descuentos_rank_tend6	1.30993340229054e-05	0.00016530922920222	1.73209161609921e-05
ctarjeta_visa_debitos_automaticos	1.23630866995951e-05	0.000136038742840916	1.73209161609921e-05
cpayroll_trx	1.15147255144588e-05	0.000143068695211943	1.15472774406614e-05
ccallcenter_transacciones_lag1	9.23486933386962e-06	2.34719055654539e-05	1.15472774406614e-05
ctarjeta_visa_debitos_automaticos_delta1	8.88344213512119e-06	0.000258440160783713	2.88681936016536e-05
ccuenta_debitos_automaticos_delta1	8.7656723998786e-06	0.000100261660087427	1.73209161609921e-05
ctarjeta_debito	6.94378230692294e-06	0.000143068695211943	1.15472774406614e-05
mpagodeservicios_rank_delta2	6.9252690714597e-06	5.76835586145647e-05	1.73209161609921e-05
ccuenta_debitos_automaticos	3.73876823707205e-06	0.000143068695211943	1.15472774406614e-05
cseguro_vida	3.48313999130146e-06	1.82828306399228e-05	5.77363872033071e-06
cprestamos_prendarios	3.08337781815591e-06	7.15343476059715e-05	5.77363872033071e-06
