Feature	Gain	Cover	Frequency
rf_014_017	0.0480833260406132	0.00458173499338598	0.0004016663415082
rf_006_015	0.0357918837502883	0.00506330751016559	0.00121073711511757
ctrx_quarter_normalizado_lag1	0.026330832120543	0.00155849332262192	0.00118778475274568
rf_005_020	0.0253133931917797	0.00224762660614131	0.00414290140812743
mv_status07_rank_delta2	0.0217795309369892	0.00142902940488449	0.00048199960980984
Visa_mlimitecompra_rank_lag2	0.0195032400939861	0.00226569278213034	0.00340842581222672
rf_019_023	0.0149878974028186	0.00164753850511577	0.0016296177284047
rf_012_013	0.0146439404166841	0.00184541296977791	0.000906618313689937
rf_011_015	0.0145581935364466	0.000618041634014676	0.000768904139458554
rf_006_022	0.0142247163191515	0.00138809177276916	0.000992689672584551
mcuentas_saldo_rank	0.014058638513699	0.00447573342267191	0.001560760641289
rf_004_026	0.0114572834756563	0.0011168851426838	0.000751689867679631
mextraccion_autoservicio_rank_lag1	0.0108311717587192	0.00151561599272507	0.0012049990245246
vm_status02	0.0104098274380979	0.000979871968670064	0.000550856696925531
rf_001_025	0.00897449377927495	0.00233439819792238	0.0043724250318464
Visa_cconsumos	0.00881847321065463	0.00272981420402014	0.00471671046742486
ctrx_quarter	0.00854060363639066	0.00177554755123618	0.00112466575622296
mcaja_ahorro_rank_delta1	0.00816341596540934	0.00362415808309987	0.00189356989568151
ctrx_quarter_normalizado_tend6	0.00799119414606815	0.00297693858366742	0.00179028426500798
Visa_mconsumospesos_rank_lag2	0.00759770841601199	0.00324041391506667	0.00635780437701551
vm_Fvencimiento_delta2	0.00736005142173803	0.000765549870072004	0.000688570871156914
Visa_mconsumospesos_rank	0.00675924867480621	0.00293113568076177	0.00543970988213962
vm_status05_delta1	0.0064763919389412	0.000776307617268665	0.000172142717789228
mpayroll_rank	0.00580047459702229	0.0022929040601161	0.000533642425146608
cproductos_delta2	0.00579730030915745	0.00177447172934169	0.000338547344985483
ctarjeta_debito_transacciones_lag2	0.00510596741065684	0.000974771007210134	0.000527904334553634
mcaja_ahorro_rank_lag1	0.00510025415185762	0.00322128523096722	0.00197390316398315
Visa_msaldototal_rank_lag2	0.00496586410660172	0.00221976373898307	0.00309856892020611
rf_018_016	0.00488307216683643	0.000666674738156997	0.000734475595900708
rf_018_026	0.0046467466428374	0.00194599850361448	0.00418306804227825
mprestamos_personales_rank	0.00432556349903453	0.00342974651270846	0.000809070773609374
rf_010_026	0.00419411083140227	0.00109764724886343	0.000510690062774711
Master_status	0.00414745370643402	0.00241829747183094	0.00190504607686746
mrentabilidad_annual_rank_delta2	0.00413279165961685	0.0043955275444729	0.00924980203587454
mprestamos_personales_rank_delta1	0.00409113347899019	0.00439406491521792	0.000860713588946142
mprestamos_personales_rank_delta2	0.00395619187101452	0.00417813423369656	0.000895142132503988
ctrx_quarter_delta2	0.00375047218558897	0.00142210044514643	0.00168699863433444
mrentabilidad_annual_rank_lag2	0.00363249877690918	0.00491706012615148	0.00741935113671575
Visa_mpagospesos_rank_lag1	0.00356689355618812	0.00274832749252153	0.00516428153367685
mactivos_margen_rank_lag2	0.0035401201755331	0.00356742144469038	0.00496918645351573
vm_status04_delta2	0.00353304014491169	0.000382586392983602	0.000109023721266511
mextraccion_autoservicio_rank_lag2	0.00347799485877919	0.000759473018722837	0.000745951777086657
rf_015_024	0.00345289893044344	0.00151052944579514	0.00185914135212367
cdescubierto_preacordado_tend6	0.00344194183562048	0.00117273203767698	0.000137714174231383
ctrx_quarter_normalizado_delta1	0.00342939654284294	0.00232989399800445	0.00152633209773116
mprestamos_personales_rank_lag1	0.00342141390972535	0.00267301390580452	0.000774642230051528
mcomisiones_otras_rank_lag2	0.00341056045724872	0.00352500739778774	0.00688570871156914
mactivos_margen_rank_delta2	0.00338220493737074	0.00464340651166156	0.00766035094162067
vm_mpagospesos_rank_lag2	0.00333423639731657	0.00125410447068478	0.00151485591654521
mpayroll_rank_lag1	0.00330977073273314	0.0010965688061453	0.000424618703880097
Visa_mpagominimo_rank	0.003263036624646	0.00331096559627759	0.00460768674615835
Visa_mpagospesos_rank_delta2	0.00325374740205649	0.00338630528639802	0.00737918450256493
active_quarter_lag1	0.00324157226210543	0.00129063416573435	0.000809070773609374
mpasivos_margen_rank_delta1	0.00319303645901139	0.00370259561296672	0.00652420900421176
mcuenta_corriente_rank_lag2	0.0030971509067804	0.00321823938836175	0.00269690257869791
rf_008_024	0.00308004102263961	0.00057238568069032	0.00114761811859486
mcuentas_saldo_rank_delta1	0.00303178436352664	0.00273051383288986	0.00309283082961314
mcuentas_saldo_rank_lag2	0.00302944037463306	0.00367094007329959	0.00340268772163375
Visa_mfinanciacion_limite_rank	0.00296516626756851	0.00293099255758299	0.00483721036987732
mrentabilidad_rank_delta1	0.00290180637298867	0.00335729441986234	0.00639797101116633
mcomisiones_rank_delta1	0.00282426090614283	0.0032510194186183	0.00570366204941644
ccomisiones_mantenimiento_tend6	0.00276014098754893	0.00463722985934832	0.000694308961749888
vm_msaldototal_rank	0.00274809578963238	0.00182201318181475	0.00228949814659674
mcuenta_corriente_rank_delta2	0.00270637563148924	0.00301975089092984	0.00171568908729931
Master_fechaalta_lag1	0.00268314753676345	0.00337012560547068	0.00586432858601972
mrentabilidad_rank	0.00265846845876694	0.00384970972956562	0.00445275830014804
mpasivos_margen_rank	0.00257123541986509	0.00276686981974881	0.00267968830691899
vm_status01	0.00252084234897001	0.00271249569659809	0.00137714174231383
mcuenta_debitos_automaticos_rank_lag2	0.00252002917475158	0.00205478155445382	0.00132549892697706
cdescubierto_preacordado	0.0025168296091254	0.00192077443894276	0.00016066653660328
Master_mfinanciacion_limite_rank_delta1	0.00245814438690849	0.00311377089464201	0.00741935113671575
mcomisiones_mantenimiento_rank_tend6	0.00240788274413696	0.00373476420506891	0.00175011763085716
mcomisiones_otras_rank_delta2	0.00239028318916037	0.00192071473658032	0.00357483043942298
Master_fultimo_cierre_tend6	0.0023606684686534	0.00328330461116406	0.00517001962426983
Master_Fvencimiento_lag2	0.00235984007618753	0.00332819334457711	0.00622009020278412
mautoservicio_rank	0.00234168752732971	0.000804350875717792	0.000286904529648714
mcomisiones_rank	0.0023256376108887	0.00256249794016858	0.00389042542203656
Visa_mlimitecompra_rank_delta2	0.00231084220223198	0.00317866067951011	0.00627173301812089
cdescubierto_preacordado_delta2	0.0022980592730644	0.00108379787327237	0.000137714174231383
ctrx_quarter_normalizado_delta2	0.00228307401530145	0.00326658585302296	0.00405683004923282
Visa_msaldopesos_rank	0.00227620233450422	0.00252419643729964	0.00363221134535272
mcomisiones_mantenimiento_rank_delta2	0.00226747732834673	0.00314377895836308	0.00184192708034474
mactivos_margen_rank_tend6	0.00224029534103112	0.00315367314417156	0.00290347384004499
Visa_mpagospesos_rank_lag2	0.00222365650325333	0.00361724961820265	0.00642092337353822
vmr_msaldopesos	0.00221078386422675	0.00163654527691538	0.00247885513616489
ccomisiones_otras_delta2	0.00220981574677283	0.00228969666994168	0.00381009215373492
Visa_mconsumospesos_rank_delta2	0.00220723958954965	0.00283321777847171	0.00605942366618084
Master_mlimitecompra_rank_delta2	0.00220374626339705	0.00348815062394835	0.0065815899101415
mpasivos_margen_rank_lag1	0.00219732291146626	0.00211693813476803	0.00311004510139206
Visa_msaldototal_rank	0.00217456047768465	0.00146107979784067	0.00206571261347074
Visa_fechaalta_lag1	0.00215544211366493	0.00291365785347087	0.00430930603532369
mprestamos_personales_rank_tend6	0.00215274860741286	0.00255396812893695	0.000418880613287123
Master_fechaalta_lag2	0.0021514174986466	0.00312109863890458	0.00534790043265203
rf_007_021	0.00215107497673034	0.00193862856409137	0.00381009215373492
mrentabilidad_rank_lag1	0.00213831703563335	0.00294378786411574	0.00449292493429886
vm_mpagospesos_rank_delta2	0.00213269698573147	0.000607343300889851	0.000963999219619679
thomebanking_lag2	0.00212743061074836	0.00272430528515297	0.00569792395882346
vm_status05_delta2	0.00212374608315821	0.0011259956236003	0.000367237797950354
ctrx_quarter_lag2	0.00211677460460941	0.00301943620863583	0.0033912115404478
Visa_msaldototal_rank_delta2	0.00211104585620015	0.00216181473376764	0.00351744953349323
Master_Fvencimiento_lag1	0.00211087759303915	0.00307609993573175	0.00549135269747639
mcomisiones_rank_lag1	0.00208372254504804	0.00286403384211987	0.00490032936640004
mttarjeta_visa_debitos_automaticos_rank_delta2	0.00207822123407962	0.00210420040773056	0.00187635562390259
Visa_mconsumototal_rank_delta1	0.002076112688623	0.00259271234133454	0.00565201923407967
thomebanking_lag1	0.00207135970772344	0.00227583958912913	0.0043724250318464
mprestamos_personales_rank_lag2	0.00206504162532129	0.00308782141219598	0.000946784947840757
vm_Fvencimiento_lag2	0.00205437130085075	0.00267210974785821	0.00472244855801783
vm_fechaalta_lag1	0.00204613468112959	0.00275394473002959	0.00367237797950354
mpayroll_rank_tend6	0.00203635878728558	0.00110882306984656	0.000269690257869791
Visa_msaldototal_rank_lag1	0.00202528079589846	0.00236520359481835	0.00410847286456959
Master_mfinanciacion_limite_rank	0.00202399531409959	0.00261498184668805	0.00473392473920378
vm_fechaalta_tend6	0.00201340644151859	0.00248132036539815	0.00139435601409275
Master_mfinanciacion_limite_rank_lag2	0.00198598532791038	0.00309287907764943	0.00514132917130496
rf_011_028	0.00195370218372486	0.000779714137622976	0.0008033326830164
Visa_mpagospesos_rank	0.0019475619188794	0.00308517320095261	0.00554299551281316
Visa_Fvencimiento_lag2	0.00194551157325126	0.00270976498182665	0.00454456774963563
vm_Finiciomora_lag1	0.0019403706987415	0.00326509586236922	0.000688570871156914
Visa_mpagominimo_rank_lag2	0.00193978948083994	0.0023841417974559	0.0033682591780759
Visa_mconsumototal_rank_lag1	0.00193749941249091	0.00230523291245805	0.00488311509462112
Visa_mlimitecompra_rank	0.00193182742305805	0.00234689517610061	0.00412568713634851
mcuentas_saldo_rank_lag1	0.00190798791726273	0.00233175549040865	0.00160092727543982
vm_mpagospesos_rank_tend6	0.00188976940487988	0.00221055796491916	0.00227802196541079
Visa_mfinanciacion_limite_rank_delta1	0.00188950389940051	0.002803470879826	0.00560611450933587
Visa_mconsumototal_rank_delta2	0.00188388021873176	0.00135981119873976	0.00259361694802438
Master_mconsumospesos_rank_tend6	0.00183087623198641	0.00377683455715988	0.00456178202141456
mcuenta_corriente_rank_tend6	0.0018245496372169	0.00422838629922378	0.00249606940794381
Master_mpagosdolares_rank	0.00182380492099192	0.00183228607663869	0.00331087827214616
mcaja_ahorro_rank	0.00182111623839253	0.0027330228521899	0.00138861792349978
Visa_mconsumospesos_rank_lag1	0.00181952172552936	0.00203239796464743	0.0038387826066998
mpayroll_rank_delta2	0.00181086791114068	0.00246095955348253	0.000613975693448248
rf_002_020	0.0018011298068153	0.00144573705073337	0.000384452069729277
Visa_fechaalta_lag2	0.00176176971455648	0.0025089697664712	0.00374697315721221
vmr_mpagominimo_lag2	0.00175531367040405	0.00208781365552772	0.00311004510139206
Master_mpagado_rank_delta1	0.0017515594082096	0.00139485965668652	0.00115335620918783
Visa_Fvencimiento	0.00174766534770752	0.00237345434074917	0.00386173496907169
vm_Fvencimiento_tend6	0.00172855702946317	0.00215469010333689	0.00164109390959064
mrentabilidad_annual_rank_tend6	0.00171363700717849	0.00318826468772557	0.00337973535926185
rf_004_021	0.0017011052327684	0.00149819398897762	0.000631189965227171
internet	0.00169059300015335	0.00133245260425739	0.000137714174231383
Master_mlimitecompra_rank_lag2	0.00166654849830795	0.00254342334986898	0.00453882965904266
ccaja_seguridad_lag2	0.00165307444128484	0.000817169219290309	0.000109023721266511
Visa_msaldototal_rank_tend6	0.00165175407478362	0.00243212357450811	0.00366090179831759
mcomisiones_rank_lag2	0.00162882333609151	0.00150626452707521	0.0028346167529293
rf_014_022	0.00162565026906165	0.00208980383037246	0.00498640072529465
vmr_mpagominimo_delta2	0.00162444003430827	0.00153906824957743	0.0020312840699129
vmr_Master_mlimitecompra_lag1	0.00159332494244324	0.00252992563639345	0.00390190160322251
ctarjeta_visa_transacciones_tend6	0.00159008837369228	0.00309464726873218	0.00175585572145013
mtransferencias_recibidas_rank_delta2	0.00158618304313669	0.00245419030673687	0.00313873555435693
vm_status03	0.00156923439359477	0.00113785511263722	0.00145173692002249
mpagomiscuentas_rank_lag1	0.00153975386007307	0.00174013996182652	0.00126237993045434
vm_status04	0.00153643174557221	0.000373252748934469	0.000315594982613586
Visa_mpagominimo_rank_tend6	0.00152551598769412	0.00252543553650668	0.00356335425823703
ccaja_ahorro_tend6	0.00151769855502219	0.00380450128187717	0.000367237797950354
vm_msaldototal_rank_tend6	0.00150925836519649	0.00178510498741562	0.00232392669015458
vm_mconsumospesos_rank	0.00149389836725347	0.00106195105435493	0.00121647520571055
vmr_msaldopesos_delta2	0.00149176361497003	0.00187985858587184	0.0024329504114211
ctrx_quarter_normalizado_lag2	0.00149123154591227	0.00231650701432755	0.0028116643905574
Visa_mlimitecompra_rank_lag1	0.00148331583256067	0.00203265116241894	0.00351744953349323
mcomisiones_otras_rank_lag1	0.00147297113757659	0.00179283120170386	0.00315021173554288
rf_016_021	0.00146739756608413	0.00147524721038001	0.00230671241837566
Master_msaldopesos_rank_lag2	0.00146660416697301	0.00240020251919839	0.0036149970735738
Visa_mpagominimo_rank_delta2	0.00146479857779313	0.00235207491951905	0.0033682591780759
Visa_Fvencimiento_lag1	0.00146334030225705	0.00183371704634414	0.00320185455087965
Visa_Fvencimiento_tend6	0.00145370739798144	0.00113936392080467	0.00146321310120844
mplazo_fijo_dolares_rank_lag2	0.00144416679712309	0.000981491008679666	0.000258214076683843
Visa_mconsumosdolares_rank_tend6	0.00141735825410303	0.00216674722868422	0.00389616351262954
Master_msaldototal_rank_lag1	0.00141607668144832	0.00243660570709103	0.00335678299688995
internet_lag2	0.0013973212988132	0.00153411001817274	0.00044183297565902
Master_cconsumos_tend6	0.00139442367616761	0.0023127908436606	0.00371828270424734
Visa_fechaalta_tend6	0.00139005587640345	0.00143383667684773	0.00133123701757003
vmr_Visa_mlimitecompra_lag2	0.00138463033284989	0.00222870509815031	0.00279445011877848
vmr_msaldototal_lag1	0.00137965713885082	0.00182765358740376	0.00229523623718971
Master_mpagominimo_rank_lag2	0.00137260893147933	0.00165596466277258	0.00309283082961314
mcuenta_debitos_automaticos_rank_delta2	0.00136389318987945	0.00116979189288876	0.000338547344985483
cliente_antiguedad_lag2	0.00135861966214511	0.00226681792792567	0.00251328367972274
cmobile_app_trx_tend6	0.00135552842502192	0.00411168010540816	0.00266821212573304
Master_msaldopesos_rank	0.00134929063840797	0.00225184487420051	0.00324775927562344
vm_mlimitecompra_rank_lag1	0.00133664791073617	0.00175865938305522	0.00266247403514007
Master_msaldototal_rank_delta2	0.00133444481191077	0.00182294197550324	0.00290921193063796
vmr_mpagominimo_tend6	0.00133059695436086	0.00145104974853489	0.00199111743576208
Visa_mconsumosdolares_rank_delta1	0.00132635122368942	0.00225938021390332	0.00348302098993539
mautoservicio_rank_delta2	0.00131556905025052	0.00249827174784521	0.00271411685047684
tcallcenter_tend6	0.00129057305147171	0.00211600970799484	0.000688570871156914
rf_012_022	0.00128512454181145	0.0015321089669099	0.00317890218850775
vm_mpagominimo_rank_delta2	0.00128295482786003	0.000809812095594777	0.000671356599377991
mcomisiones_mantenimiento_rank	0.00128132770747722	0.00261873890220372	0.00234114096193351
chomebanking_transacciones	0.0012706423864528	0.00248277114853029	0.00281740248115037
foto_mes	0.00125832772919802	0.002545101646701	0.000436094885066045
mtransferencias_recibidas_rank_tend6	0.001257400954028	0.00241796247815374	0.00194521271101828
vm_mlimitecompra_rank_tend6	0.00125603161397533	0.00334189485329861	0.00284035484352227
Master_mpagominimo_rank_lag1	0.00124015634897877	0.0021634374953468	0.00302971183309042
vm_Fvencimiento	0.00123228796911203	0.00222440044774406	0.00294364047419581
vmr_msaldopesos2_tend6	0.00122764937660918	0.00257133682513164	0.00248459322675786
Master_mpagominimo_rank_tend6	0.00122049620852557	0.00200071946656525	0.00255345031387356
Visa_msaldopesos_rank_delta1	0.00121610594621963	0.00196688444996212	0.00267968830691899
rf_009_015	0.00120469182331671	0.00148181069626198	0.00300675947071852
mtarjeta_visa_consumo_rank_lag2	0.00120458087281963	0.00185133312208186	0.00284609293411524
mrentabilidad_rank_lag2	0.00119942880520015	0.00148438235324692	0.00222637915007402
Master_fultimo_cierre	0.00119932954976668	0.00190708844549719	0.00289773574945201
vmr_msaldototal_tend6	0.00119840762397998	0.00190300703684828	0.00238130759608433
rf_003_015	0.00119625530042061	0.00156815915606696	0.00192799843923936
vmr_mpagospesos_tend6	0.00119142630808789	0.00211151161459599	0.00199685552635505
vmr_Visa_mlimitecompra	0.00119080924693768	0.00180867546962222	0.0026337835821752
rf_012_020	0.00118856686307898	0.000519605463850524	0.0002008331707541
rf_020_027	0.00116984264580633	0.00125048768165012	0.000958261129026705
numero_de_cliente	0.00116920662267554	0.00288806973018782	0.00205423643228479
ccajas_transacciones_lag2	0.00116866075036361	0.00160553744760174	0.00228376005600376
mcuenta_debitos_automaticos_rank_tend6	0.00116690001020308	0.00264824219529243	0.000981213491398602
ctarjeta_debito_transacciones_delta2	0.00115590098366731	0.00216807797809382	0.00127959420223326
Visa_cconsumos_tend6	0.00114839497260318	0.00133461509825623	0.0014287845576506
mactivos_margen_rank_lag1	0.0011465484397874	0.0017144045482551	0.00119352284333865
mcomisiones_mantenimiento_rank_lag1	0.00114644240521059	0.00207513780613631	0.00149190355417331
ccaja_ahorro	0.00114524441685528	0.00184963464490784	0.000149190355417331
Visa_fultimo_cierre_delta2	0.00113326529994108	0.00151045103075194	0.00157223682247495
mcomisiones_rank_delta2	0.00112652630563948	0.00164427455756728	0.00240425995845622
Visa_mpagosdolares_rank_tend6	0.00112421276652513	0.00197141042892446	0.00251328367972274
Master_msaldototal_rank_tend6	0.00112021681956577	0.00201141206008631	0.00270264066929089
Visa_fultimo_cierre	0.00112004797877126	0.00180593277768676	0.00193373652983233
Master_mpagominimo_rank_delta2	0.00110747386259165	0.00197458429876457	0.00289199765885904
vmr_mpagospesos	0.00109817945018958	0.00166162302100349	0.00209440306643561
vm_mconsumototal_rank_delta2	0.00109164662098875	0.00153093308196897	0.00201406979813397
Master_mpagospesos_rank_delta2	0.00108667887717129	0.0019587989731698	0.00271411685047684
ctarjeta_visa_transacciones_lag2	0.00108580695396332	0.00167910011446377	0.00235261714311946
Master_mconsumospesos_rank_lag1	0.0010851892012904	0.00171632335807223	0.00288052147767309
Master_msaldopesos_rank_delta1	0.00108396552685699	0.00201293496828493	0.00266821212573304
Master_cconsumos	0.00108188348251118	0.00185895549933763	0.0036149970735738
mcaja_ahorro_dolares_rank_delta2	0.0010811569891908	0.00226379659002119	0.00109023721266511
mttarjeta_visa_debitos_automaticos_rank_tend6	0.00108058154755805	0.00181315943678167	0.00048199960980984
thomebanking_delta2	0.00107765333910302	0.00183778246796887	0.0014287845576506
cliente_antiguedad	0.00107625942813534	0.00232133554117048	0.002232117240667
Master_mconsumospesos_rank_delta1	0.00107567049171618	0.00182252243405553	0.00282314057174335
rf_001_017	0.00107468358967457	0.00155440465429153	0.00328218781918129
Master_mpagospesos_rank_lag2	0.00107438442105279	0.00216220804077075	0.0029895451989396
rf_010_023	0.00105562879134256	0.000927493628926668	0.00245590277379299
Visa_mpagado_rank_tend6	0.0010406148865572	0.00178655946590909	0.00158945109425388
mpasivos_margen_rank_delta2	0.0010318409826612	0.00132461280347275	0.00243868850201407
vmr_msaldopesos_delta1	0.00102798642433187	0.00142966099717262	0.00193373652983233
Master_mlimitecompra_rank	0.0010268509388014	0.0010304502481153	0.00228376005600376
mttarjeta_visa_debitos_automaticos_rank_lag1	0.0010240818893775	0.00166357653052556	0.00210014115702859
matm_other_rank_delta2	0.0010196675811273	0.00142347145040709	0.00105580866910727
mtransferencias_emitidas_rank	0.00101444153533791	0.00258749352143568	0.00166978436255552
vm_msaldototal_rank_lag2	0.00100854551288007	0.00131503717877727	0.00214604588177238
matm_rank_lag2	0.0010083379163001	0.00166899573859966	0.00224359342185294
vm_Finiciomora	0.00100692721128863	0.00294507288015289	0.000309856892020611
internet_lag1	0.000994621029784846	0.00129058353142169	0.000189356989568151
tcallcenter_delta1	0.000993324569198554	0.00118732916045974	0.000717261324121785
mtransferencias_recibidas_rank_lag1	0.000985922768475445	0.00282416018577619	0.00218047442533023
ccomisiones_otras	0.000985778085494582	0.00159281023006706	0.0010271182161424
mttarjeta_visa_debitos_automaticos_rank	0.00098567545543397	0.00158860894494503	0.00210587924762156
mcuentas_saldo_rank_delta2	0.000978128440690753	0.0013116119457422	0.000837761226574245
ccajas_transacciones_tend6	0.000974843133946685	0.00173999020796394	0.000636928055820145
mpayroll_sobre_edad_rank_tend6	0.000974672443198375	0.00101503909751109	0.000332809254392508
rf_003_027	0.000974461078470403	0.00105555876067289	0.00126237993045434
Visa_mfinanciacion_limite_rank_delta2	0.000968948595173172	0.00122767904666638	0.00215752206295833
vm_msaldototal_rank_delta2	0.000967831049370217	0.0015312152660499	0.00231245050896864
vm_fultimo_cierre_lag2	0.000964507991742454	0.00147628969539785	0.00187635562390259
cliente_edad_lag1	0.000955133506646431	0.00234292313442204	0.00124516565867542
mrentabilidad_rank_delta2	0.000954880675733969	0.00200384257105152	0.00250180749853679
vm_mconsumospesos_rank_delta2	0.000953529111345952	0.00147030383904533	0.00214030779117941
Master_mpagospesos_rank_lag1	0.000940321439835387	0.00187116932373018	0.00237556950549135
internet_tend6	0.000936823848147013	0.00183920442204102	0.000252475986090868
Master_cconsumos_delta2	0.000935989498865204	0.00123571200215302	0.00233540287134053
Visa_mpagospesos_rank_tend6	0.000932744296033395	0.00151742365341178	0.00281740248115037
Master_status_tend6	0.00093138206358649	0.0012022388688776	0.00109023721266511
cprestamos_personales_lag1	0.0009303627247317	0.00132955751142748	0.0002008331707541
vmr_mconsumospesos_lag2	0.000929867639764086	0.0017177956319582	0.00233540287134053
ccomisiones_mantenimiento_delta2	0.000924608201326155	0.000280141908941756	3.44285435578457e-05
rf_016_017	0.000912446545037208	0.00060853438660787	0.000372975888543328
mtarjeta_visa_consumo_rank	0.000912122738816631	0.00157702204777453	0.00145747501061547
ccomisiones_otras_lag1	0.000909495436430268	0.00198099902669694	0.00131402274579111
vm_mlimitecompra_rank_lag2	0.000906429289839074	0.00133672659102711	0.00202554597931992
mextraccion_autoservicio_rank_delta2	0.000905724725351439	0.00179745032473825	0.00163535581899767
rf_011_018	0.00089421873099952	0.000333148302861371	0.000154928446010306
rf_002_021	0.000891264132737894	0.00132711823224441	0.0021862125159232
mtarjeta_visa_consumo_rank_delta2	0.000889683692356229	0.00128896281408497	0.00149764164476629
tcallcenter_delta2	0.000888991826582658	0.00160859731161367	0.0014287845576506
mtransferencias_recibidas_rank_lag2	0.000886985001307337	0.00126574619548575	0.00186487944271664
vm_fultimo_cierre	0.000879565190712458	0.00188312785369232	0.00187061753330962
vmr_msaldopesos2_lag1	0.000878571691435148	0.0016142398924863	0.00216899824414428
vmr_mconsumospesos_lag1	0.000878482846208301	0.00174289562683898	0.00211735542880751
mautoservicio_rank_lag1	0.000877665087719556	0.000665576010263924	0.000453309156844968
vm_msaldototal_rank_delta1	0.000874960652663041	0.00149946354215532	0.00195668889220423
rf_017_026	0.000874602859758914	0.00130227193309163	0.00215752206295833
cprestamos_personales_delta2	0.000865992372176278	0.000684352350833699	7.45951777086657e-05
vm_mconsumototal_rank_tend6	0.000863814448674713	0.00181402297196162	0.00219768869710915
mcomisiones_otras_rank_delta1	0.000862805654211317	0.00113246787861149	0.00228949814659674
chomebanking_transacciones_lag1	0.000861246133816096	0.00122889938077618	0.00177880808382203
mcaja_ahorro_dolares_rank_tend6	0.000860274811488736	0.00199677824577264	0.00106728485029322
cproductos_delta1	0.000852601873651001	0.00102351248240982	0.000137714174231383
rf_020_025	0.000851881455667303	0.00142228859407529	0.00114188002800188
mplazo_fijo_dolares_rank	0.000849308505243348	0.00271910260952771	0.000350023526171431
mtarjeta_visa_consumo_rank_delta1	0.000848527883827786	0.00216592332035766	0.0018074985367869
Master_mpagado_rank	0.000843449614167387	0.00111324623389766	0.00126237993045434
ctarjeta_debito_transacciones_tend6	0.000840821527677357	0.000934643628930218	0.00032133307320656
ctarjeta_visa_transacciones	0.000837521831593866	0.00186490909335118	0.000895142132503988
ccajas_transacciones_delta2	0.000827634398600123	0.00155715908751688	0.00123942756808245
mtarjeta_master_consumo_rank_lag2	0.00081784450693585	0.000505342810580242	0.000654142327599068
Master_fultimo_cierre_delta1	0.000812214169176854	0.000777424769551902	0.00161240345662577
Master_mconsumosdolares_rank	0.00078935804548173	0.00112963340543229	0.00248459322675786
Visa_mconsumototal_rank_lag2	0.000788653454895552	0.000591939829298896	0.00137714174231383
Master_Fvencimiento_delta2	0.000787663410688567	0.00117377011971111	0.00154354636951008
rf_013_023	0.00078605854973137	0.00112848231348296	0.00232392669015458
Visa_mlimitecompra_rank_delta1	0.000782347533117602	0.00109956422410401	0.00219195060651618
mcomisiones_rank_tend6	0.000774859067669024	0.00156247485168205	0.00161240345662577
Master_mpagado_rank_tend6	0.0007736382356822	0.00221054218756087	0.00173290335907823
Visa_fultimo_cierre_delta1	0.000773429191750114	0.00115008838354115	0.00127385611164029
vmr_mpagominimo	0.000767910784741731	0.0007879983252634	0.00137140365172085
mrentabilidad_annual_rank	0.000764190837234655	0.00164308771758355	0.00126237993045434
rf_005_022	0.000761784379853515	0.000759131708860673	0.00028116643905574
mcaja_ahorro_rank_delta2	0.000759823086587064	0.00133956059245805	0.000745951777086657
vm_mconsumototal_rank_delta1	0.000756630032533113	0.00121435438617556	0.0018304508991588
Visa_mconsumospesos_rank_delta1	0.000754909543139299	0.000814185359163834	0.00192799843923936
vmr_msaldopesos_lag2	0.000754719146064247	0.000803721091797973	0.00133123701757003
Master_mlimitecompra_rank_tend6	0.000754054766893141	0.00150381990141192	0.00190504607686746
vm_fechaalta	0.00075334978534688	0.00147181141542568	0.00165830818136957
vmr_mconsumospesos_delta2	0.000751253786824341	0.00169497908208707	0.00187061753330962
mplazo_fijo_dolares_rank_tend6	0.000750921913578635	0.00180073046897681	0.000275428348462766
cprestamos_personales_tend6	0.000748883615230623	0.00218044357438316	0.000292642620241688
Visa_cconsumos_lag2	0.000748691424071345	0.000994587736138837	0.00195095080161126
ctransferencias_emitidas_tend6	0.000744861847467074	0.00222110043766233	0.00118778475274568
Master_mconsumototal_rank_delta1	0.000742704970073948	0.00151299540496283	0.00205423643228479
Master_fechaalta	0.000741977264386851	0.00118727142371503	0.0020312840699129
mcaja_ahorro_rank_tend6	0.000739945810065936	0.00150121194601961	0.000941046857247782
rf_018_015	0.000735052968345893	0.000578138309947433	0.000545118606332557
mpasivos_margen_rank_lag2	0.00073306094182492	0.00125979910111482	0.00200259361694802
cmobile_app_trx_lag2	0.000726215429537566	0.0010508481708936	0.000797594592423425
vm_fultimo_cierre_delta1	0.000725853891503042	0.00105129738006487	0.00101564203495645
mactivos_margen_rank_delta1	0.000721022846258024	0.00154086883404032	0.00174437954026418
mtransferencias_recibidas_rank	0.000718609446958852	0.00116509060703338	0.000407404432101174
vm_mconsumospesos_rank_lag2	0.000717549096527062	0.00100047185211779	0.00153780827891711
Master_mlimitecompra_rank_lag1	0.000716096972422739	0.000910564654521694	0.00173864144967121
Master_mlimitecompra_rank_delta1	0.000713635976730387	0.00102817883268613	0.00224933151244592
mautoservicio_rank_tend6	0.000713419704464705	0.00196926140595912	0.00152633209773116
chomebanking_transacciones_delta1	0.000712647129575938	0.00222465650221333	0.00160092727543982
mcomisiones_otras_rank	0.000707506371008144	0.00109025482267352	0.00169273672492741
ccomisiones_otras_delta1	0.000706702619327217	0.00136611422716874	0.00133697510816301
rf_019_019	0.000702333244631568	0.000856927454561042	0.00110745148444404
chomebanking_transacciones_delta2	0.000700744862200417	0.00178148762179976	0.00131402274579111
vmr_mconsumospesos_delta1	0.000700257814644445	0.00152058093343827	0.00136566556112788
Visa_msaldopesos_rank_delta2	0.000697703399967301	0.000786702013476381	0.00123368947748947
vm_mconsumospesos_rank_delta1	0.000688917676723838	0.00122434305267613	0.00168699863433444
Visa_mpagominimo_rank_lag1	0.000686232659308344	0.00100587790365723	0.00141730837646465
vm_mconsumospesos_rank_tend6	0.000683653585114369	0.000501472587899949	0.000694308961749888
rf_012_019	0.000670585620896288	0.000729255734650872	0.00114761811859486
Master_Fvencimiento	0.000669557328934836	0.00121178291264826	0.00189930798627449
vm_mpagospesos_rank_lag1	0.000661530309857083	0.000986096765513505	0.000969737310212654
Master_msaldopesos_rank_lag1	0.000661313713393256	0.000834366120495628	0.00144599882942952
vm_cconsumos_tend6	0.000652229962959499	0.000719366711864957	0.000476261519216865
Master_mfinanciacion_limite_rank_tend6	0.000651631351445931	0.00113377965325796	0.00128533229282624
vm_msaldototal_rank_lag1	0.000649771810449415	0.00117302462642775	0.00147468928239439
chomebanking_transacciones_lag2	0.000642757616970364	0.000956330630022304	0.00146895119180142
vm_mpagominimo_rank_lag2	0.00064100415378829	0.000684790211838626	0.000786118411237477
Visa_mlimitecompra_rank_tend6	0.000639705120616671	0.00109550842090203	0.00148616546358034
Visa_mconsumospesos_rank_tend6	0.000637575779444856	0.000907798034466438	0.00173864144967121
Visa_mconsumototal_rank_tend6	0.000637359385210323	0.000920074758626264	0.00180176044619392
thomebanking_tend6	0.000637292675035643	0.00292339809209895	0.000665618508785017
ccomisiones_otras_lag2	0.00063265260555695	0.000898321031364396	0.00126237993045434
mtarjeta_visa_consumo_rank_lag1	0.000627276884018564	0.00128989857916433	0.00141730837646465
Master_mfinanciacion_limite_rank_lag1	0.000626138234454793	0.000739560367649042	0.00149764164476629
mcuenta_corriente_rank_lag1	0.000624685975716668	0.000849001769385838	0.000350023526171431
ccallcenter_transacciones_delta2	0.000623637477018859	0.000901631760614798	0.000407404432101174
vmr_Master_mlimitecompra_tend6	0.000619874602004125	0.00234894667821844	0.00143452264824357
rf_015_016	0.000619201669120553	0.00108482895770738	0.000677094689970965
Master_fechaalta_tend6	0.000617186958246559	0.000671793730883546	0.000671356599377991
ctarjeta_visa_transacciones_delta2	0.000617072388870516	0.000736955583453332	0.000470523428623891
Master_mfinanciacion_limite_rank_delta2	0.000615728223256411	0.000787464935236927	0.00180176044619392
Visa_msaldototal_rank_delta1	0.000613692618805845	0.000869423856158069	0.00141730837646465
Visa_mpagospesos_rank_delta1	0.000612108915531054	0.000800455597963535	0.00147468928239439
Visa_mfinanciacion_limite_rank_lag2	0.000610025653584306	0.000922192619998574	0.00159518918484685
vm_msaldopesos_rank_delta1	0.000609371535057412	0.000739026374833133	0.000774642230051528
cdescubierto_preacordado_delta1	0.000602176136822739	0.00082583245665326	8.60713588946142e-05
thomebanking_delta1	0.000601264469586279	0.0017610911666827	0.000688570871156914
mrentabilidad_annual_rank_delta1	0.000597194536522296	0.000937494849172456	0.00165830818136957
mtransferencias_recibidas_rank_delta1	0.000595610622682112	0.000932727649602617	0.00126811802104732
mtransferencias_emitidas_rank_lag2	0.000594555047246568	0.00153543911646345	0.00110171339385106
Visa_mfinanciacion_limite_rank_lag1	0.000586869420604131	0.000795441936138932	0.00127385611164029
Visa_fechaalta	0.000586335852951765	0.000876704425595182	0.0013599274705349
rf_019_016	0.000578904127140696	0.000866949667604158	0.00126811802104732
vm_fechaalta_lag2	0.000578837908033963	0.000917253101274644	0.00130828465519814
ctransferencias_recibidas_lag2	0.000577103344435827	0.00160940761786557	0.000906618313689937
tcallcenter_lag1	0.000574700116539325	0.00121977996285109	0.00111318957503701
mrentabilidad_annual_rank_lag1	0.000573386324687835	0.00100288447752448	0.00121647520571055
mpayroll_sobre_edad_rank_lag2	0.000571836452265894	0.000712215217991934	0.000304118801427637
ccajas_otras_tend6	0.000569450305614661	0.0020964269662004	0.000350023526171431
Visa_mpagado_rank_delta1	0.000568815060651815	0.00153271526824994	0.00105007057851429
Visa_cconsumos_delta2	0.000567899023186452	0.00136007750062945	0.0016066653660328
vm_mfinanciacion_limite_rank_lag2	0.000563866600160288	0.000862514919512591	0.00121647520571055
cpagomiscuentas_tend6	0.000560592173132961	0.00163216553991194	0.00056233287811148
ccajas_transacciones_delta1	0.00055656546608661	0.00183983127063836	0.000694308961749888
Visa_cconsumos_delta1	0.000554240571805742	0.000765481021035077	0.00133123701757003
tcallcenter_lag2	0.000550409304346112	0.0012178765372687	0.0013828798329068
Master_fultimo_cierre_lag1	0.000549736782988106	0.00106533330588237	0.00128533229282624
vmr_Master_mlimitecompra	0.000548123888743672	0.00112574310724294	0.00133123701757003
vmr_Visa_mlimitecompra_delta1	0.000546448573142378	0.000928584887472378	0.000751689867679631
mextraccion_autoservicio_rank_tend6	0.000546046599644806	0.00131573788218469	0.0010041658537705
vm_cconsumos_lag2	0.000542885422359427	0.00147671848835299	0.000981213491398602
rf_004_025	0.000541869276661535	0.000657003610648209	0.00145173692002249
vm_mlimitecompra_rank_delta2	0.000535315626940752	0.00136634428306754	0.00126237993045434
Master_mconsumospesos_rank	0.000528587825865306	0.000872626450225234	0.00129680847401219
Master_Fvencimiento_tend6	0.000525478050681626	0.000698684220056217	0.000711523233528811
vmr_mpagominimo_lag1	0.000525462250243122	0.000757576407281908	0.000998427763177525
vm_fultimo_cierre_tend6	0.000523828865908844	0.000991518253704163	0.00076316604886558
Visa_Finiciomora	0.000519274168521144	0.00152730295294201	0.000183618898975177
rf_015_019	0.000513425133201155	0.00104165387603721	0.00113614193740891
vm_fultimo_cierre_lag1	0.000509630626386825	0.000941899117085132	0.000889404041911014
vm_mconsumospesos_rank_lag1	0.000507645488139827	0.000825231632834623	0.00116483239037378
Visa_cconsumos_lag1	0.000502545016868797	0.000635396282594668	0.00107876103147916
mcuentas_saldo_rank_tend6	0.000499890414644055	0.00141795529806668	0.000923832585468859
mautoservicio_rank_lag2	0.000499438881141939	0.000646240412138384	0.000900880223096962
cproductos_lag1	0.000497760955137144	0.000768845424753551	0.000223785533125997
Master_mpagospesos_rank_tend6	0.000496266699951728	0.00103525932844684	0.00133697510816301
mtarjeta_master_consumo_rank_tend6	0.000495877916776761	0.00172609682874402	0.000613975693448248
mcomisiones_mantenimiento_rank_delta1	0.000495783844720807	0.00142126851709954	0.000986951581991577
Visa_mpagominimo_rank_delta1	0.000495134394204474	0.000790002469098128	0.00102138012554942
ccajas_transacciones	0.000494944902886864	0.000670181662264817	0.000619713784041223
ccaja_ahorro_lag1	0.000494365055935034	0.00154859793123456	0.0002008331707541
Master_mpagominimo_rank	0.000491822217402662	0.000593288243059806	0.000998427763177525
Visa_msaldodolares_rank_tend6	0.000489051616901175	0.00170022156802337	0.00106154675970024
Visa_mconsumosdolares_rank	0.00048299149337371	0.00148700545699985	0.00148042737298736
mcuenta_corriente_rank	0.000480524916685881	0.000630299933784338	0.000315594982613586
vm_status02_tend6	0.000475948849567465	0.000931983859854617	0.000952523038433731
ctarjeta_debito_tend6	0.000473178970005697	0.00302591003614119	0.000407404432101174
Visa_mconsumosdolares_rank_lag2	0.000473033420997996	0.00113997509687667	0.0014058321952787
vmr_msaldopesos2_delta2	0.000470846383502433	0.000752420985106814	0.000791856501830451
vm_Fvencimiento_lag1	0.000469648450261523	0.000622133368708715	0.00101564203495645
mpagomiscuentas_rank	0.000463674298253092	0.00139459330238036	0.000694308961749888
ctransferencias_recibidas_tend6	0.00046049594133661	0.000839511321458541	0.000355761616764405
rf_005_013	0.000459171771832176	0.000518635287356814	0.000235261714311946
vm_cconsumos_delta2	0.000458888245862798	0.000813953206606125	0.000338547344985483
mttarjeta_visa_debitos_automaticos_rank_delta1	0.000458592914366577	0.000849777769056329	0.000659880418192043
Master_msaldopesos_rank_tend6	0.000457095012326957	0.000931522227979307	0.00106728485029322
rf_010_021	0.000457091376321786	0.000973071665164315	0.000757427958272605
mextraccion_autoservicio_rank_delta1	0.000456134249884154	0.00122446628380351	0.000751689867679631
vmr_msaldototal_lag2	0.00045474040138008	0.000824935610804895	0.000826285045388297
mpayroll_sobre_edad_rank_lag1	0.000454249121964848	0.00172728841241853	0.000579547149890402
Master_delinquency_tend6	0.0004533419336256	0.000584160202624946	0.00044183297565902
vmr_msaldopesos2_lag2	0.000452020580749885	0.000745759899752628	0.000975475400805628
Master_mconsumospesos_rank_lag2	0.000448990486741067	0.000862322629682391	0.00112466575622296
vmr_msaldototal_delta2	0.000445769673960935	0.000683288532311462	0.0010041658537705
rf_008_021	0.000443383804864416	0.00100684137084243	0.000832023135981271
Visa_fultimo_cierre_tend6	0.000442405535248424	0.000612851826633473	0.000849237407760194
vmr_msaldototal	0.000441190389502483	0.000508378746472371	0.000711523233528811
ccajas_consultas_tend6	0.000440157413953948	0.00136387116905132	0.00024099980490492
vm_mlimitecompra_rank_delta1	0.000439627299646534	0.000943598799838024	0.00138861792349978
mrentabilidad_rank_tend6	0.000433449513984135	0.00123801041206564	0.000751689867679631
vm_mfinanciacion_limite_rank_tend6	0.000432436038939355	0.000833806364983374	0.000935308766654808
Master_cconsumos_lag1	0.000432158993423233	0.000939074183703966	0.00139435601409275
mcaja_ahorro_dolares_rank	0.000432040267815084	0.0013795999896885	0.000413142522694148
vmr_mconsumosdolares	0.000431223888977625	0.00098251902675103	0.000717261324121785
ccomisiones_otras_tend6	0.000430421742392868	0.00129833286137441	0.000935308766654808
Master_fultimo_cierre_lag2	0.000426738352018519	0.000676854803407731	0.0010041658537705
mpasivos_margen_rank_tend6	0.000425986477099676	0.00155369504008375	0.0010271182161424
vm_mpagominimo_rank	0.000424734014522511	0.000714679106708954	0.000849237407760194
rf_006_021	0.000424422432170335	0.000685815268379282	0.00142304646705762
Master_mpagospesos_rank	0.000424377075754218	0.000791978386662293	0.00105007057851429
ctarjeta_debito_transacciones_delta1	0.000423982453378856	0.00156710639742047	0.000418880613287123
mcomisiones_otras_rank_tend6	0.000422961128990682	0.000979821255732701	0.00104433248792132
matm_other_rank_lag2	0.000420895985271211	0.000304687783081099	0.000390190160322251
mcuenta_debitos_automaticos_rank_delta1	0.000420664036354096	0.00208080680491119	0.000814808864202348
mactivos_margen_rank	0.000420452851291695	0.00140483896684671	0.000613975693448248
Visa_mconsumosdolares_rank_lag1	0.000419395995800267	0.000833208057155428	0.00127959420223326
Visa_msaldopesos_rank_tend6	0.000418573566945872	0.000771807610668553	0.00119926093393163
catm_trx_other_tend6	0.000418556690936301	0.00106541953098001	0.000545118606332557
vm_mlimitecompra_rank	0.000416525493157417	0.000642709324036637	0.000814808864202348
cproductos_tend6	0.000414133535129467	0.00131339958333633	0.0002008331707541
Master_cconsumos_delta1	0.000413419848063739	0.000748761240772757	0.00124516565867542
mcuenta_debitos_automaticos_rank_lag1	0.000410743715281417	0.00106741693929799	0.000430356794473071
cliente_edad_lag2	0.000409181176073397	0.000938341689705839	0.000516428153367685
rf_017_023	0.000408247243103651	0.000881104002233549	0.000545118606332557
vmr_Master_mlimitecompra_lag2	0.000403904868033572	0.000528685202505766	0.000998427763177525
vmr_msaldopesos_tend6	0.00040328640679857	0.000345797629517579	0.000659880418192043
rf_007_015	0.000400929343900371	0.000573616524302903	0.00064266614641312
rf_010_016	0.000398553088606884	0.000837000074458412	0.000504951972181737
Master_mconsumototal_rank_lag2	0.000396571602944394	0.000859907933825026	0.00114188002800188
mcajeros_propios_descuentos_rank_delta2	0.000395865819566324	0.000601920580912084	0.000688570871156914
Master_mconsumototal_rank_lag1	0.000393631396258549	0.000829624893288026	0.00116483239037378
vm_msaldopesos_rank	0.000391210255542437	0.000262971294597509	0.000499213881588763
mcomisiones_mantenimiento_rank_lag2	0.000391115841678166	0.000742223124463589	0.000573809059297428
vm_mpagominimo_rank_delta1	0.000390674695355196	0.000614525694273546	0.000556594787518505
vmr_mpagominimo_delta1	0.000390562814399883	0.000826320742304951	0.000900880223096962
cprestamos_personales_delta1	0.000382876676384264	0.00056408676402106	6.31189965227171e-05
tcuentas_lag2	0.000377298913527339	0.00139731345523254	0.000177880808382203
rf_016_023	0.000374800501641288	0.000875693416669218	0.000235261714311946
Visa_mfinanciacion_limite_rank_tend6	0.000374435848235947	0.000735238079099712	0.00068283278056394
rf_007_023	0.000374291539773865	0.000653149584657988	0.00137140365172085
Master_cconsumos_lag2	0.000370910336140646	0.00049183642217847	0.00105007057851429
vm_mfinanciacion_limite_rank_delta1	0.00036885028131366	0.000880326954233603	0.00104433248792132
Master_msaldototal_rank	0.000367200046560056	0.000637759453059343	0.00103285630673537
ccaja_seguridad	0.000367135789231459	0.00071139794034917	5.73809059297428e-05
matm_rank	0.00036505923504873	0.000851223205708257	0.00068283278056394
Visa_mpagosdolares_rank_lag1	0.000364287098950616	0.000523975267932381	0.00101564203495645
rf_004_016	0.000364082827766488	0.000652283507279115	0.00102138012554942
Master_msaldopesos_rank_delta2	0.000363169860694166	0.000344779203660724	0.0006024995122623
Visa_status_tend6	0.000362126783057331	0.000246334751693881	0.000212309351940048
vmr_msaldopesos_lag1	0.000362000835250867	0.000470903432046566	0.000654142327599068
mtarjeta_visa_descuentos_rank_delta1	0.000361097141768104	0.0008609905174445	0.000814808864202348
vmr_mconsumosdolares_tend6	0.000360061275952487	0.00101130114779972	0.000728737505307734
vm_Fvencimiento_delta1	0.000359071085189501	0.000469120905058528	0.000177880808382203
Master_msaldototal_rank_lag2	0.000354441961793171	0.000609965172855671	0.00106728485029322
Master_mconsumospesos_rank_delta2	0.000351123840087908	0.00104287101274218	0.000969737310212654
vmr_mpagado_delta2	0.000349061635994959	0.00118834252812698	0.000430356794473071
rf_002_017	0.000344381160198665	0.000749845606552303	0.000596761421669325
rf_017_021	0.000343967436512427	0.000858960663329898	0.000935308766654808
Visa_mpagosdolares_rank	0.000341245387264001	0.000340811224258794	0.000797594592423425
Master_msaldototal_rank_delta1	0.000341097566186274	0.000584569470444	0.000837761226574245
vmr_msaldototal_delta1	0.000340432691537937	0.000412342464512039	0.000596761421669325
ccuenta_debitos_automaticos_tend6	0.000340368110234616	0.0013216293888863	0.000263952167276817
Master_mpagospesos_rank_delta1	0.00033995605646978	0.000676265747087221	0.000860713588946142
Master_msaldodolares_rank_delta2	0.000338830850624848	0.000772857538825518	0.000860713588946142
Visa_msaldopesos_rank_lag1	0.000338622000210294	0.000534056685381442	0.000860713588946142
vm_msaldopesos_rank_lag1	0.000338582891223978	0.000597454068438045	0.000700047052342862
rf_002_024	0.000337686992395096	0.000570219884453701	0.00106154675970024
vm_mfinanciacion_limite_rank	0.000336406606975461	0.00039228577297119	0.000786118411237477
ccajas_depositos_tend6	0.000333713121701856	0.00236778775313204	0.000378713979136303
vm_mpagominimo_rank_tend6	0.000333668282379671	0.000659412121361792	0.000768904139458554
vm_msaldopesos_rank_lag2	0.00033108262177108	0.000384776956003585	0.000447571066251994
cliente_antiguedad_lag1	0.000327646853500267	0.000784107424284615	0.000556594787518505
ccajas_consultas_delta2	0.000326277150565349	0.000901378091095034	0.000229523623718971
vm_msaldopesos_rank_tend6	0.000325431110323465	0.00069108791999563	0.000809070773609374
Master_mconsumototal_rank_delta2	0.000322995169899082	0.000478634783149134	0.000619713784041223
mcaja_ahorro_dolares_rank_lag1	0.00032247881346792	0.00133358611048012	0.000487737700402814
rf_009_023	0.000319176431136136	0.000571289416371465	0.000826285045388297
mttarjeta_visa_debitos_automaticos_rank_lag2	0.000319168290069686	0.000450843700350299	0.000768904139458554
ctrx_quarter_delta1	0.000318874352588803	0.000812433522020579	0.000608237602855274
Visa_mpagado_rank_lag2	0.000315357803720572	0.000860219471130681	0.000608237602855274
matm_other_rank_tend6	0.000313658871894819	0.00137321034303833	0.000499213881588763
rf_012_018	0.000311434095021663	0.000746143509708283	0.000499213881588763
rf_010_022	0.000311193902482425	0.000160006550855609	9.18094494875885e-05
ccomisiones_mantenimiento_lag2	0.00030954708631648	0.000495467180203108	0.000183618898975177
ctrx_quarter_normalizado	0.00030892585142071	0.000467897373543891	0.000327071163799534
Visa_mconsumosdolares_rank_delta2	0.000308221533230026	0.000819377210787474	0.000883665951318039
thomebanking	0.000304066592865014	0.000976910542793917	0.000786118411237477
mcaja_ahorro_dolares_rank_lag2	0.000303910541047522	0.000726524574339416	0.000694308961749888
Visa_msaldopesos_rank_lag2	0.000303293557873618	0.000530978423187585	0.000768904139458554
ccallcenter_transacciones_tend6	0.000298720580278719	0.00125221658658656	0.000332809254392508
vm_msaldopesos_rank_delta2	0.00029768005947744	0.000495042737815199	0.000751689867679631
rf_014_015	0.000294566637464138	0.000642875615296364	0.00072299941471476
vmr_mconsumospesos_tend6	0.000293753601628828	0.0008032940810029	0.000596761421669325
rf_016_018	0.000290865601200151	0.000867998757097559	0.000688570871156914
mpagomiscuentas_rank_lag2	0.00028736809631881	0.000509612446782717	0.000464785338030917
rf_002_015	0.000286785745297511	0.000568962806396518	0.000407404432101174
mcuenta_debitos_automaticos_rank	0.000284166789903131	0.000708667435243623	0.000218047442533023
internet_delta2	0.000282060706467846	0.00109867539797597	0.00024099980490492
vm_mpagado_rank_delta2	0.000279512792986534	0.00146961587284079	0.000413142522694148
matm_rank_tend6	0.000279279256196954	0.000548473102374469	0.000390190160322251
Master_fultimo_cierre_delta2	0.000276229219010162	0.000403320724683869	0.000728737505307734
mv_status07_rank	0.000275950688757706	0.000795429251352532	0.000436094885066045
ccaja_seguridad_lag1	0.000274433471581414	0.000708148774245986	8.033326830164e-05
mtransferencias_emitidas_rank_delta2	0.00027371064703456	0.00129880363992421	0.000539380515739583
rf_007_016	0.000272270342534839	0.000402809401992414	0.000688570871156914
vmr_mconsumospesos	0.000270235995802558	0.000456173852837229	0.000636928055820145
ctransferencias_emitidas_lag1	0.000269550212041706	0.000875301079370854	0.00012049990245246
mtransferencias_emitidas_rank_delta1	0.000268285920754807	0.00120731676708953	0.000367237797950354
cmobile_app_trx	0.000263952378570209	0.000897140979313886	0.000286904529648714
rf_003_019	0.000262787404741911	0.000669223882266908	9.18094494875885e-05
cliente_edad	0.000261930562846225	0.000828450659465988	0.000367237797950354
rf_003_026	0.000260958486123939	0.00066930898041038	0.000263952167276817
mtransferencias_emitidas_rank_lag1	0.000260857532970335	0.000646798490323512	0.000539380515739583
vmr_mpagado_lag2	0.000259643857918524	0.000763932769471894	0.000631189965227171
vm_mpagospesos_rank_delta1	0.00025808339372929	0.000542909644167429	0.000688570871156914
ctarjeta_debito_transacciones_lag1	0.000257263645704722	0.0010534747865502	0.000459047247437943
Master_mpagominimo_rank_delta1	0.000256992860725214	0.000384769303198567	0.00052216624396066
rf_013_022	0.000255900017340323	0.00100255789669115	0.000218047442533023
rf_012_015	0.000253639347281523	0.000858225155384589	0.000424618703880097
Visa_fultimo_cierre_lag2	0.000252820525950662	0.000445000259554186	0.000338547344985483
mtarjeta_visa_consumo_rank_tend6	0.000249656304807536	0.000729140392202636	0.000631189965227171
Visa_status	0.00024657899408978	0.000553675253834999	0.00044183297565902
rf_015_017	0.000246524938972089	0.000554579228323654	0.000338547344985483
vmr_mpagospesos_delta1	0.000246520618927748	0.000866755621822122	0.000780380320644502
vm_mfinanciacion_limite_rank_delta2	0.000244973255767083	0.000649651859641132	0.000550856696925531
matm_rank_delta2	0.000244523606209417	0.00049437172833958	0.000470523428623891
mpagomiscuentas_rank_tend6	0.000243720234228668	0.00107676269155233	0.000338547344985483
vmr_mpagado_tend6	0.000241756197862534	0.000504676754461296	0.000338547344985483
cproductos	0.000238786769750314	0.000281515299151921	2.29523623718971e-05
mtransferencias_emitidas_rank_tend6	0.000237886273864051	0.000544724747993266	0.00032133307320656
mextraccion_autoservicio_rank	0.000237649826684144	0.000454881629535083	0.000395928250915225
chomebanking_transacciones_tend6	0.000236343015322555	0.000691903887226576	0.000418880613287123
mplazo_fijo_dolares_rank_delta2	0.000236108554370227	0.00103080788570871	0.000154928446010306
mv_status07_rank_lag2	0.00023573585509976	0.000799456251702752	0.000447571066251994
rf_005_021	0.000232970024477845	0.000498340834695674	0.000258214076683843
cpayroll_trx_lag2	0.00023217779012996	0.000407278089750072	6.88570871156914e-05
vmr_mpagospesos_delta2	0.000231600919221588	0.000592799066328078	0.000573809059297428
catm_trx_delta2	0.000230335608282389	0.00102708670926862	0.000527904334553634
vmr_mpagospesos_lag2	0.000229147189078046	0.000543597951079047	0.000539380515739583
vm_status05_tend6	0.000226693339714357	0.000621542110896351	0.000177880808382203
vm_mpagominimo_rank_lag1	0.000226563994998649	0.000895821263571794	0.000499213881588763
vm_mconsumosdolares_rank_lag2	0.000226505118264171	0.000723264191111068	0.000447571066251994
Visa_Fvencimiento_delta2	0.000226481286390207	0.00028727977453187	0.000315594982613586
ctarjeta_master_transacciones_delta2	0.000226461405108581	0.000794204776341385	0.000447571066251994
vmr_Visa_mlimitecompra_tend6	0.00022452815230476	0.000936871722144674	0.000395928250915225
Visa_mpagado_rank	0.000224244231550863	0.00055000882640067	0.000424618703880097
cextraccion_autoservicio_tend6	0.000224001540447085	0.000916500322101571	0.000355761616764405
mcaja_ahorro_rank_lag2	0.00022058456028203	0.000811241414181341	0.000436094885066045
mcajeros_propios_descuentos_rank_lag2	0.000219047609295076	0.000583584145589672	0.000384452069729277
Visa_fultimo_cierre_lag1	0.000218265891494671	0.000530369894147457	0.000464785338030917
mcaja_ahorro_dolares_rank_delta1	0.000217898668713049	0.00124286690309677	0.000309856892020611
vmr_Visa_mlimitecompra_lag1	0.000217135763947734	0.000482468183257337	0.000510690062774711
mpayroll_rank_delta1	0.000215624788523232	0.00128008042344954	0.000218047442533023
mcuenta_corriente_rank_delta1	0.000214263115471005	0.000822585046501912	0.000327071163799534
mv_status07_rank_delta1	0.000213682416281289	0.00126722745879679	0.000407404432101174
rf_002_018	0.00021352022990904	0.0012196578062614	0.000269690257869791
vm_mpagospesos_rank	0.000212072024557364	0.000452178066496518	0.000533642425146608
rf_013_017	0.000208040951636981	0.000406653128145744	0.000309856892020611
cpagomiscuentas_delta2	0.000207562553165586	0.00088965559250959	0.00016066653660328
vmr_mpagospesos_lag1	0.000207123217659563	0.000343300666006268	0.000372975888543328
vmr_mconsumosdolares_lag1	0.000205939088129633	0.000514020279015538	0.000384452069729277
vm_cconsumos	0.00020455504084497	0.000463878078415162	0.000344285435578457
vmr_mconsumosdolares_lag2	0.000204436273163647	0.000382652988112202	0.000487737700402814
mprestamos_prendarios_rank_lag1	0.000204066478038768	0.000723213320924287	7.45951777086657e-05
ctrx_quarter_lag1	0.000203149230595474	0.000590412334658913	0.000424618703880097
Visa_mpagado_rank_delta2	0.000201029663633087	0.000470453331795257	0.000355761616764405
vmr_msaldodolares2_tend6	0.000200078139189637	0.00119365331272723	0.0004016663415082
mv_status07_rank_tend6	0.000198157251757186	0.000616131368082602	0.000269690257869791
Master_mpagado_rank_delta2	0.000197884299246919	0.000374810514087452	0.00032133307320656
ccajas_extracciones_tend6	0.00019506365930746	0.00109133850703892	0.000218047442533023
rf_008_017	0.000193831317191356	0.000334000489874972	0.000298380710834663
rf_013_015	0.000191777709910112	0.000344155788342342	0.000384452069729277
rf_001_023	0.00019158507183922	0.000431609108767705	0.000206571261347074
mtarjeta_master_consumo_rank_lag1	0.000186548173999919	0.000255996601486996	0.000258214076683843
Master_mpagado_rank_lag2	0.000186189754568055	0.000373390918756578	0.000459047247437943
mpayroll_sobre_edad_rank_delta2	0.000185213919938438	0.000611799775609363	0.000218047442533023
ctrx_quarter_tend6	0.000181838753737537	0.00033053861772546	0.000246737895497894
ctarjeta_visa_debitos_automaticos_tend6	0.000179248301118796	0.00121403613956139	0.0002008331707541
vmr_msaldopesos2	0.000179043991849329	0.000329469138224169	0.000436094885066045
vm_msaldodolares_rank_tend6	0.000174963633753206	0.0010715167985453	0.000298380710834663
catm_trx_tend6	0.000172174801525792	0.000964833053646928	0.000263952167276817
mprestamos_prendarios_rank	0.00017016160515951	0.000853164580816895	7.45951777086657e-05
rf_018_020	0.000167902220064788	0.00106012106425084	0.000189356989568151
minversion2_rank	0.00016717234919338	0.000742374372195644	7.45951777086657e-05
vm_status01_delta1	0.000166978734112556	0.000687122115877319	0.000332809254392508
rf_015_020	0.000166603330917645	0.00113842380515807	0.000177880808382203
cforex_sell_tend6	0.000166410206944498	0.00176619553521335	0.000286904529648714
ccallcenter_transacciones_delta1	0.000165558312536393	0.000586564520020711	7.45951777086657e-05
vmr_mpagado_lag1	0.000164955723232312	0.000799208610077352	0.000338547344985483
rf_017_018	0.000164051845918675	0.000958657292413724	0.000309856892020611
ctransferencias_recibidas_delta2	0.000163927794954806	0.000613035546370382	0.000246737895497894
rf_011_025	0.000162210311104196	0.000280032201264338	0.000355761616764405
ctarjeta_visa_transacciones_lag1	0.000158999641090796	0.0004811457680669	0.000304118801427637
vmr_mpagosdolares_lag1	0.000158574861223137	0.00069910460016749	0.00024099980490492
matm_other_rank_lag1	0.000156325794231258	0.000697867125871107	0.000372975888543328
mautoservicio_rank_delta1	0.000155146246315394	0.000470738922946911	0.000338547344985483
vm_status01_lag2	0.0001548777241458	0.000848019248812801	0.000223785533125997
rf_020_019	0.000153253057350148	0.000822390948303403	0.00024099980490492
rf_011_023	0.000151241683190174	0.000711435968500134	0.000298380710834663
mpagomiscuentas_rank_delta2	0.000151161705903329	0.000715674364484864	0.000235261714311946
mpayroll_rank_lag2	0.000147509199156843	0.000489405634463977	0.000252475986090868
Visa_mpagado_rank_lag1	0.000145838413494354	0.000459652498258013	0.000332809254392508
vm_status01_tend6	0.000145199233939463	0.000603525573306994	0.000246737895497894
minversion2_rank_lag1	0.000142399964141624	0.00089153886395821	0.000103285630673537
vm_mpagado_rank_tend6	0.000142138984624207	0.000491387710963688	0.000275428348462766
mpagomiscuentas_rank_delta1	0.000140455361411524	0.000469508839373183	0.000206571261347074
ctarjeta_visa_transacciones_delta1	0.000138218769887131	0.000882472884627059	0.000149190355417331
mplazo_fijo_dolares_rank_lag1	0.000137619712078192	0.000589640030349749	0.000206571261347074
vm_cconsumos_lag1	0.000137125773032757	0.000421249621930826	0.000218047442533023
vmr_msaldopesos2_delta1	0.000136589951413997	0.000478740035426371	0.000453309156844968
vm_status06_tend6	0.000135796327579508	0.000257594884573397	0.000109023721266511
vm_status06_delta2	0.000134000060937994	0.00047877615037608	9.18094494875885e-05
ctransferencias_emitidas_delta1	0.000129515723559007	0.000911695277838422	0.000143452264824357
ctarjeta_debito_lag2	0.000128368635954538	0.000949788844560046	0.0002008331707541
vmr_msaldodolares2	0.000128116304038476	0.000797318812777878	0.000263952167276817
ccajas_extracciones_delta2	0.000127574642216046	0.000987174369568069	0.000338547344985483
mcaja_ahorro_adicional_rank_lag2	0.000127115715940902	0.00186936674744133	0.000252475986090868
cforex_tend6	0.000126325101994638	0.000988734545878797	0.000206571261347074
vmr_msaldodolares_tend6	0.000126309936491453	0.000761907580423365	0.00024099980490492
cpagomiscuentas_lag2	0.000122981209641479	0.000807677067827648	0.000177880808382203
ccallcenter_transacciones	0.00012236277983019	0.000269082006988058	2.29523623718971e-05
tcuentas_lag1	0.000121256509755006	0.000552398755474671	6.31189965227171e-05
cpayroll_trx_tend6	0.000120886680407286	0.000514154674851611	0.000131976083638409
ctarjeta_master_debitos_automaticos_tend6	0.000120477035754987	0.00161851566141608	0.000177880808382203
rf_013_026	0.000117930315729317	0.000734292590764657	0.000246737895497894
mtarjeta_master_descuentos_rank_delta1	0.000117462361512495	0.000269256632466949	0.000258214076683843
ctransferencias_emitidas_delta2	0.000115173627101072	0.000897617366426268	0.000189356989568151
rf_004_015	0.000112635721459778	0.000296350707219694	0.000269690257869791
rf_004_019	0.000111965414451548	0.000294535446144438	0.000212309351940048
mprestamos_prendarios_rank_lag2	0.000109614449761112	0.000438586291660673	5.16428153367685e-05
vmr_mconsumosdolares_delta1	0.000109218401130555	0.000625447924361626	0.000235261714311946
Master_msaldodolares_rank_delta1	0.000109137243094736	0.000189358701045209	0.000286904529648714
ctarjeta_visa_debitos_automaticos_lag1	0.000108196571943143	0.000831580551885481	0.00016066653660328
mtarjeta_master_descuentos_rank_lag2	0.000107736532871403	0.000369656402324176	0.000286904529648714
vm_mpagado_rank_delta1	0.000107395490108155	0.000920987276999973	0.000235261714311946
matm_rank_lag1	0.000102171209653498	0.000324129236273311	0.000195095080161126
mforex_sell_rank_tend6	0.00010190042446924	0.000895883875048467	0.000154928446010306
mtarjeta_master_consumo_rank	9.93248171897464e-05	0.000503099097256913	0.000212309351940048
rf_010_018	9.90748368493316e-05	0.000342051162129395	0.000149190355417331
mttarjeta_master_debitos_automaticos_rank_delta1	9.81611645596823e-05	0.000885313333284151	0.000195095080161126
mtarjeta_master_descuentos_rank_delta2	9.81501586249638e-05	0.0002050395344016	0.000292642620241688
cextraccion_autoservicio_delta2	9.74667381961226e-05	0.000397147924981375	0.000223785533125997
rf_003_023	9.01498835691004e-05	0.000295281122885457	0.000235261714311946
mtarjeta_master_consumo_rank_delta1	8.9200036774357e-05	0.000626107611879135	0.000154928446010306
vm_fultimo_cierre_delta2	8.88533113890706e-05	0.000218210142879081	0.00024099980490492
mpayroll_sobre_edad_rank	8.85007054328545e-05	0.000476126392846769	0.000131976083638409
rf_014_020	8.84418186500117e-05	0.000584833492217128	5.16428153367685e-05
vm_mpagado_rank	8.78322679442294e-05	0.000598205091659282	0.000189356989568151
vmr_mpagado_delta1	8.52400310684791e-05	0.000851065903873603	0.000206571261347074
matm_rank_delta1	8.44565151771993e-05	0.00037144896706674	0.000154928446010306
ccomisiones_mantenimiento_delta1	8.41995447300276e-05	0.000825601011717932	8.033326830164e-05
catm_trx_lag2	8.33813348162821e-05	0.000159641968079554	0.00016066653660328
cpagomiscuentas_lag1	8.19594458367565e-05	0.000417261750477496	8.60713588946142e-05
active_quarter_tend6	8.15354957777654e-05	0.000991337652747381	0.000183618898975177
ccallcenter_transacciones_lag2	8.05952197087619e-05	0.000223740578708303	0.000131976083638409
vmr_mconsumosdolares_delta2	7.97814656363792e-05	0.000507718036833643	0.000126237993045434
cforex_buy_tend6	7.87680177805052e-05	0.000783531760372888	8.033326830164e-05
vm_mconsumosdolares_rank_lag1	7.60746776568503e-05	0.000352822642441911	0.000177880808382203
rf_012_014	7.48875597227266e-05	0.000608818195599452	0.000137714174231383
mforex_buy_rank_tend6	7.3852180777644e-05	0.00161841200784126	0.000172142717789228
mtarjeta_visa_descuentos_rank_lag2	7.38392631597345e-05	0.000248663196245373	0.000218047442533023
Visa_msaldodolares_rank	7.30628833136881e-05	0.000388964770092133	0.000183618898975177
cpagomiscuentas_delta1	7.09212467498655e-05	0.000509205983244953	8.033326830164e-05
mtarjeta_visa_descuentos_rank_lag1	7.03152985009579e-05	0.000204335633589345	0.000177880808382203
vm_Finiciomora_lag2	6.69194343673567e-05	0.000598609196455773	0.000114761811859486
vmr_mpagosdolares_delta1	6.59481692565321e-05	0.000878690564371529	0.00016066653660328
cpayroll_trx_delta2	6.57595584015335e-05	0.000453730799668119	0.000103285630673537
mttarjeta_master_debitos_automaticos_rank_lag1	6.47498064296719e-05	0.000304544633694081	0.00012049990245246
mtarjeta_visa_descuentos_rank	6.25724652791448e-05	0.000410219675991292	0.000137714174231383
rf_020_012	6.09393334347483e-05	0.000617306886108221	0.000103285630673537
ctarjeta_master_transacciones_delta1	6.04267645929281e-05	0.00105785625329724	0.00012049990245246
vm_mpagosdolares_rank_tend6	6.03447694993243e-05	0.000476750777869897	0.000114761811859486
cliente_edad_tend6	5.8419246109904e-05	0.000470711928463457	6.88570871156914e-05
rf_011_022	5.79999590425551e-05	0.000183300405127387	0.000131976083638409
mpagodeservicios_rank_tend6	5.71374987359887e-05	0.000501917105796912	8.033326830164e-05
vm_mpagosdolares_rank	5.58927454002223e-05	0.000296239138757494	0.000109023721266511
cseguro_vida_tend6	5.55826675334841e-05	0.000726145629449834	0.000114761811859486
vmr_mpagosdolares_tend6	5.47342228365402e-05	0.000492857599900143	0.000103285630673537
mpagodeservicios_rank_lag2	5.44715664608487e-05	0.000786230474887726	0.000114761811859486
ctarjeta_debito_lag1	5.38296195236466e-05	0.000156402918355606	5.16428153367685e-05
vm_status03_tend6	5.26633825586176e-05	0.000302943913241698	5.16428153367685e-05
ctransferencias_recibidas_lag1	5.22942200077621e-05	0.000443766139912058	6.88570871156914e-05
ccajas_otras_delta2	5.16302975586063e-05	0.000175088237720491	8.033326830164e-05
ctransferencias_recibidas_delta1	5.02888569542496e-05	0.000500754953971839	6.31189965227171e-05
mv_status07_rank_lag1	4.47111117420489e-05	0.000385684285146495	0.000109023721266511
catm_trx_lag1	4.40924568767235e-05	0.000484536825561756	8.60713588946142e-05
vmr_mpagado	4.37903444372445e-05	0.000410205444918946	0.000103285630673537
mcajeros_propios_descuentos_rank_tend6	4.35191680901772e-05	0.00096201642827669	0.000114761811859486
vm_mpagado_rank_lag1	4.3111266136267e-05	0.000287137332767233	0.000114761811859486
mforex_sell_rank	4.18657672042489e-05	0.000249354726770064	6.88570871156914e-05
ccaja_ahorro_lag2	4.00851443990751e-05	0.000456377517042011	6.88570871156914e-05
vm_cconsumos_delta1	3.87536623153616e-05	0.000161958042343483	9.18094494875885e-05
cproductos_lag2	3.65968798510637e-05	7.86348778866671e-05	5.16428153367685e-05
vm_mpagado_rank_lag2	3.62003393928701e-05	0.000176915659417419	7.45951777086657e-05
ctransferencias_emitidas	3.5931672901138e-05	0.000841668364144215	7.45951777086657e-05
ctarjeta_debito_transacciones	3.56957451221113e-05	0.000108348858987504	5.73809059297428e-05
cpayroll_trx	3.37515280984305e-05	0.000142279588069834	1.14761811859486e-05
cextraccion_autoservicio_delta1	3.12469254055278e-05	0.000383079946490802	5.16428153367685e-05
cseguro_vivienda_lag2	3.08576307425988e-05	9.42906299608587e-05	5.16428153367685e-05
ctarjeta_master_descuentos_tend6	3.04950410190611e-05	0.000516552571229467	6.31189965227171e-05
matm_other_rank	2.82474447636912e-05	0.000427048718391011	5.16428153367685e-05
ctransferencias_recibidas	2.52631569911226e-05	0.000430130073156759	4.016663415082e-05
mttarjeta_master_debitos_automaticos_rank	2.49028969501745e-05	0.000342553023647522	5.73809059297428e-05
ccuenta_debitos_automaticos_delta2	2.43229445528338e-05	0.000294311732638838	4.016663415082e-05
mtarjeta_visa_descuentos_rank_tend6	2.30543112619926e-05	0.000498194671361474	7.45951777086657e-05
cseguro_vivienda_lag1	2.20021779581312e-05	6.95601450045706e-05	4.016663415082e-05
ccuenta_debitos_automaticos_lag2	2.13871100457887e-05	6.12401569132745e-05	1.72142717789228e-05
catm_trx_delta1	2.127881300732e-05	0.000210768576245986	6.31189965227171e-05
cliente_edad_delta2	2.09833200134949e-05	0.000165898162390158	4.016663415082e-05
ctarjeta_debito	2.08123124677265e-05	0.000344360500876578	2.86904529648714e-05
ctransferencias_emitidas_lag2	2.05341808767077e-05	0.000100774757303117	3.44285435578457e-05
ccuenta_debitos_automaticos_delta1	2.03431812491024e-05	0.000147025401718801	2.29523623718971e-05
cpayroll_trx_lag1	2.00392514563767e-05	0.000160833499337591	2.29523623718971e-05
vmr_msaldodolares2_lag1	1.97345683344999e-05	6.35452499261668e-05	3.44285435578457e-05
active_quarter_delta1	1.91039504072184e-05	0.000283885441007468	5.16428153367685e-05
ccomisiones_mantenimiento_lag1	1.68471980637912e-05	0.00018616816276677	3.44285435578457e-05
cextraccion_autoservicio_lag1	1.4967844852785e-05	0.000156984243246389	4.016663415082e-05
ccuenta_debitos_automaticos_lag1	1.3765987791548e-05	0.000292437083699982	3.44285435578457e-05
cpagodeservicios_tend6	1.32585652056774e-05	0.000287316466062779	2.86904529648714e-05
ctarjeta_visa_descuentos_lag2	1.27801660462256e-05	9.03594993392563e-05	4.59047247437943e-05
ccallcenter_transacciones_lag1	1.2547971698122e-05	0.000122808807861131	2.86904529648714e-05
internet_delta1	8.86521280053673e-06	0.000118435491875601	1.72142717789228e-05
cprestamos_prendarios	7.78519978130858e-06	0.000142279588069834	1.14761811859486e-05
ctarjeta_visa_debitos_automaticos_delta1	7.52849275554397e-06	4.95856162847218e-05	1.14761811859486e-05
cplazo_fijo	7.4324668150775e-06	0.000142279588069834	1.14761811859486e-05
ccajas_depositos_delta1	6.39979907022091e-06	0.000130860816735609	1.14761811859486e-05
cplazo_fijo_lag2	5.42223467101299e-06	0.000141765985261816	1.72142717789228e-05
cplazo_fijo_lag1	4.93455753701086e-06	5.76443868841813e-05	1.14761811859486e-05
ctarjeta_visa_debitos_automaticos	3.03236437351651e-06	7.1139794034917e-05	5.73809059297428e-06
cprestamos_personales	1.40254528796707e-06	7.1139794034917e-05	5.73809059297428e-06
catm_trx	1.11121449865081e-06	6.60355565454411e-05	5.73809059297428e-06
cpagomiscuentas	9.94807774352202e-07	6.71160435060054e-05	5.73809059297428e-06
cseguro_vida	9.62546636303244e-07	6.20133785107113e-05	5.73809059297428e-06
ccajas_otras	9.20835118141455e-07	7.1139794034917e-05	5.73809059297428e-06
cextraccion_autoservicio	8.0579054215983e-07	7.1139794034917e-05	5.73809059297428e-06
