Feature	Gain	Cover	Frequency
rf_013_015	0.0699481997533074	0.00523922261560778	0.000455573082464423
rf_002_015	0.0343662538895993	0.00208389892327348	0.00165714708746434
rf_011_015	0.0232766816705114	0.00112543360294683	0.00208994151580554
ctrx_quarter_normalizado	0.0192839910697786	0.00186957179401039	0.00120157400499991
Visa_Finiciomora	0.0159487726169362	0.00548663176226895	0.000643496978980997
rf_006_015	0.0148004374834686	0.0010394219236844	0.00060363433426536
mv_status07_rank_delta1	0.0132956391010736	0.000678521717628479	0.000153755915331743
rf_020_027	0.0130177047352269	0.00120983513438078	0.000842810202559182
mtarjeta_visa_consumo_rank_lag1	0.0129730128800569	0.000542932933356988	0.00041001577421798
Visa_mconsumosdolares_rank_delta2	0.0118471279191069	0.00248038199436999	0.00412293639630302
rf_008_021	0.0106435413357422	0.00133038592621106	0.000165145242393353
mpasivos_margen_rank_lag2	0.0101208851380304	0.00302354903004803	0.00567188487668206
cdescubierto_preacordado_delta1	0.00932204807008613	0.00114933002721638	0.000136671924739327
vm_mpagominimo_rank_lag1	0.00929972012046969	0.00180515220506348	0.00194757492753541
cdescubierto_preacordado	0.00872142293207438	0.00228983651310855	0.000899756837867235
vm_status02	0.00831933947826425	0.00218267796117642	0.00166853641452595
rf_018_026	0.00826906465041972	0.00181158533684579	0.00326304220315143
mpasivos_margen_rank	0.00796251629950015	0.000944361144850124	0.000671970296635023
ctrx_quarter_lag1	0.00777712077996122	0.00193738449109598	0.00131546727561602
vm_status06_delta2	0.00756055166443265	0.00103968864161696	0.000267649185947848
Visa_mpagospesos_rank_lag1	0.00662566697646165	0.00123607938008638	0.00165145242393353
mcuentas_saldo_rank_delta2	0.00654478229709077	0.00450394970750263	0.00507394520594751
mextraccion_autoservicio_rank	0.00646902607270962	0.00127655286745764	0.00105920741672978
Master_mpagado_rank	0.00615297711140643	0.000260001920519892	0.000313206494194291
cprestamos_personales_tend6	0.00593443598554342	0.00470533066098506	0.000632107651919386
vmr_msaldototal_delta2	0.00558125294701279	0.00177726784114187	0.00205577353462071
rf_003_026	0.00539652759736988	0.0014314612036827	0.000763084913127908
mprestamos_personales_rank_delta2	0.00516198134045829	0.002874877444178	0.000432794428341201
vmr_msaldopesos2_lag1	0.0051358363218428	0.000672842871460243	0.00112184871556864
mcomisiones_otras_rank_delta2	0.00472995474052433	0.00410560588005904	0.00863310991270081
mcaja_ahorro_rank_lag1	0.00442211677634857	0.00107058020195277	0.000449878418933617
mpayroll_sobre_edad_rank	0.00441204044722369	0.00199719829542894	0.000523909044834086
mcomisiones_otras_rank_tend6	0.00435626007320856	0.00266919146804663	0.00378695124798551
rf_019_023	0.00425113563196307	0.00182350921292008	0.00202730021696668
Visa_msaldototal_rank	0.00422846984199618	0.00241498303770169	0.00329721018433626
cdescubierto_preacordado_tend6	0.00408686437814029	0.00123625777399069	0.000199313223578185
rf_010_023	0.00407684557884696	0.00258260133120719	0.00702152013348291
foto_mes	0.00406150792719403	0.0039113767921629	0.0010762914073222
mcuentas_saldo_rank_tend6	0.00404143150940445	0.0031294013439332	0.00272774383125573
ctrx_quarter_normalizado_lag1	0.00390900098309466	0.000601249276402456	0.000523909044834086
mcaja_ahorro_rank_delta2	0.00378208039423648	0.00304829248148393	0.00222091877701406
mpasivos_margen_rank_delta2	0.00374607237534666	0.00354004212983933	0.00741445191710848
mprestamos_personales_rank_tend6	0.00339422219555872	0.0038183248228611	0.000723222268412271
Master_mfinanciacion_limite_rank_lag1	0.00333198587592558	0.00324602395172083	0.00611037396855407
rf_012_020	0.00331401806748221	0.00238693255371497	0.000615023661326971
mactivos_margen_rank_delta1	0.00331095160863614	0.00389361014539117	0.00645205378040239
mcuenta_debitos_automaticos_rank	0.00330460262816446	0.00191214778474703	0.000899756837867235
mcaja_ahorro_rank_lag2	0.00320702856462769	0.00306957587416255	0.00182229232985769
Visa_mpagospesos_rank_tend6	0.00317593622728155	0.00409949959215004	0.00777321571954921
mrentabilidad_rank_lag2	0.00313996678050334	0.00385028944475121	0.00673109229341184
mcomisiones_rank_lag2	0.00313500258762023	0.00363208066093504	0.00665706166751138
mcuenta_corriente_rank_delta1	0.00308667314641512	0.00214941802601434	0.00155464314390984
mrentabilidad_annual_rank_delta1	0.00306635027630594	0.00412539226113824	0.0067937335922507
Visa_msaldopesos_rank_lag2	0.00303814493073374	0.00237537221077042	0.00374139393973907
rf_015_024	0.00303052929040865	0.000878987000382627	0.000996566117890924
mcomisiones_mantenimiento_rank_tend6	0.00296361196954316	0.00154034830366804	0.000512519717772475
mcomisiones_rank_delta2	0.00295779259178442	0.00398067531155053	0.00794405562547337
Visa_mconsumototal_rank_tend6	0.00295645447089724	0.00266856587257853	0.00456712015170584
mcomisiones_otras_rank_delta1	0.00288077559371914	0.00334044781352842	0.00631538185566306
ctrx_quarter_delta2	0.00278249020021985	0.00303820224821106	0.00378695124798551
Visa_cconsumos_tend6	0.00277528530839645	0.00257155328878825	0.00423682966691913
mactivos_margen_rank_lag1	0.00277101135627563	0.00468672164264117	0.00380403523857793
cproductos_tend6	0.00274459781258047	0.00287253099825842	0.000540993035426502
mrentabilidad_annual_rank_lag1	0.00273726205331368	0.00343142349363435	0.00371292062208504
matm_rank_lag1	0.00271643336088226	0.0012371152497917	0.000882672847274819
Visa_msaldopesos_rank_lag1	0.00270181304271731	0.00222088785104273	0.00359333268793813
mrentabilidad_rank_delta2	0.00269841370275078	0.00344569304851326	0.00608190065090004
Visa_msaldototal_rank_delta1	0.00265461687084273	0.00278173236299258	0.00430516562928879
Master_fechaalta	0.00263545332562425	0.00398969806469168	0.0057174421849285
Master_mfinanciacion_limite_rank_tend6	0.00259176087454951	0.00380178630067259	0.00686206955462037
ctrx_quarter_tend6	0.00255127635490324	0.00242275631930221	0.00242023200059225
vm_status04_delta2	0.00253347706231201	0.000833535360219648	0.000233481204763017
vm_status01_delta1	0.00252370745986129	0.00135319677701695	0.000888367510805624
vm_Fvencimiento_delta2	0.00247673147312282	0.000243374122022506	0.000199313223578185
chomebanking_transacciones_lag2	0.0024367065771171	0.00284152127576802	0.00537006770954938
chomebanking_transacciones_delta2	0.00243178307046866	0.00403266171300063	0.00555229694253515
Visa_msaldopesos_rank_delta2	0.00242360663013176	0.00293369910435781	0.0049543572718006
mcuenta_corriente_rank_lag1	0.0024138134126796	0.00388305046422094	0.00206146819815151
Master_mlimitecompra_rank_tend6	0.00239733056947784	0.00316912573032936	0.005819946128483
Visa_mpagospesos_rank	0.00239043455489533	0.00123841392249811	0.00219244545936003
chomebanking_transacciones_delta1	0.00238686226624313	0.00409168739930498	0.00470379207644516
Master_mlimitecompra_rank_delta1	0.0023685897908356	0.00339177171863608	0.00773904773836438
mcuenta_corriente_rank	0.00232403151956034	0.00373818072649693	0.00210702550639795
Master_Fvencimiento	0.00229479578496203	0.00314985551180277	0.00572883151199011
mpayroll_rank_delta1	0.00228219259127907	0.00201008532400171	0.00071183294135066
Master_mfinanciacion_limite_rank_delta2	0.00227434563298799	0.00308015174410345	0.00661150435926493
mcomisiones_otras_rank	0.00226651080420361	0.00314555657316895	0.00480629601999966
Visa_mconsumototal_rank_delta2	0.002261652192178	0.0030637428378893	0.00615593127680051
rf_008_024	0.00225229240341267	0.00197852737884423	0.00410585240571061
rf_007_023	0.00218110590705554	0.00210747699483865	0.00464115077760631
mcuenta_corriente_rank_lag2	0.0021288679641272	0.00106469037272096	0.000592245007203749
mautoservicio_rank	0.00212847138050494	0.00164679404709789	0.00120726866853072
Visa_fechaalta	0.00212766007945205	0.00260666332004481	0.00417988303161108
mcomisiones_otras_rank_lag1	0.00212211781976686	0.00253393209351571	0.00417988303161108
mtarjeta_visa_consumo_rank	0.00212039767848101	0.000481473350028718	0.00041001577421798
Visa_Fvencimiento_delta2	0.00210638687355725	0.00112303404093	0.00109907006144542
vmr_msaldototal	0.00210448227912219	0.0010561641016661	0.00145783386388615
mactivos_margen_rank	0.00210348563913485	0.00377313617086488	0.00242023200059225
rf_012_019	0.00209848175012161	0.00197724828079518	0.00380403523857793
Visa_mconsumospesos_rank_tend6	0.00208978503329041	0.00234641758923192	0.00473226539409919
mrentabilidad_annual_rank	0.00208280712537613	0.00413563417155335	0.00351360739850686
mpagomiscuentas_rank	0.00207591439923533	0.000695419461231657	0.000341679811848317
thomebanking	0.00205232537443104	0.00300070490232463	0.00411724173277222
cmobile_app_trx_lag2	0.00201231221156916	0.00436502503128685	0.0043108602928196
vmr_mconsumospesos	0.00199688544313742	0.00160587801375702	0.00165145242393353
ccaja_ahorro_tend6	0.00196304690229674	0.00146607575803807	0.000130977261208522
vm_fechaalta_lag2	0.0019519066037924	0.00306890245304513	0.00361041667853055
Visa_mconsumosdolares_rank_lag2	0.00194848981173161	0.00271314884764312	0.00468670808585275
mautoservicio_rank_lag1	0.001938894475885	0.00148060335451493	0.00114462736969186
mpayroll_sobre_edad_rank_lag2	0.00193725900998464	0.00149162904479135	0.000825726211966766
rf_006_021	0.00193641143353708	0.00239648636201966	0.00665706166751138
mcomisiones_rank_tend6	0.0019322326723032	0.00265612969597863	0.00388945519154001
vm_fechaalta	0.00192684387842664	0.00279558357570117	0.00349652340791444
Visa_mconsumospesos_rank_delta1	0.0018951929984691	0.00261906595520481	0.00501699857063945
Visa_mfinanciacion_limite_rank_tend6	0.0018729492694471	0.0027669703467678	0.00421405101279591
mpayroll_rank_lag1	0.0018555431075531	0.000802850629945784	0.000335985148317512
cextraccion_autoservicio_lag1	0.00184718040388308	0.00108937131751453	0.000210702550639795
rf_007_021	0.00184688226404041	0.000652157881347352	0.00122435265912314
internet_tend6	0.00184292719719903	0.00304498513150624	0.000580855680142139
rf_004_025	0.00183392695224497	0.00218228123048591	0.00498852525298543
ctrx_quarter_normalizado_delta2	0.00182929882742304	0.00134515119606131	0.00115601669675347
mcaja_ahorro_rank_tend6	0.00182474556213567	0.00319203276147868	0.00222091877701406
Visa_cconsumos_delta2	0.00180511213654052	0.00253501459851956	0.00395209649037887
Visa_msaldopesos_rank_tend6	0.00180333121459396	0.00283577217245123	0.00401473778921772
Visa_mpagospesos_rank_delta1	0.0017994785865624	0.00259612117670949	0.00473226539409919
mpayroll_sobre_edad_rank_tend6	0.00179015245047931	0.0020656862388365	0.000825726211966766
mpasivos_margen_rank_tend6	0.00178752724788015	0.00268438997267814	0.00289858373717989
Master_fechaalta_tend6	0.0017777191034075	0.00163793672626362	0.00174256704042642
mtarjeta_visa_consumo_rank_delta2	0.00176655476661872	0.00252812812825385	0.00310928628781968
Visa_mlimitecompra_rank_delta1	0.00176545478279854	0.00301276580100038	0.0052846477565873
Visa_fultimo_cierre_lag1	0.00175278699662556	0.00158173185389278	0.00160020045215628
rf_001_025	0.00173788530356695	0.000639122138283183	0.00115032203322267
Visa_cconsumos_lag1	0.00173589763105027	0.0021974124406197	0.00390653918213242
rf_002_024	0.00172111666849311	0.00159823649076228	0.00383250855623196
Master_mlimitecompra_rank	0.0017047241337251	0.00241369341166125	0.00466962409526033
Visa_mfinanciacion_limite_rank_lag2	0.00170462636473396	0.00241112603663598	0.00386098187388598
ccomisiones_otras_tend6	0.00170252519588407	0.00201138486963203	0.00284163710187184
mprestamos_personales_rank_lag2	0.00169743770441597	0.00238043855532919	0.000529603708364891
ctrx_quarter_normalizado_tend6	0.00168501617785278	0.000801789418994859	0.000518214381303281
mpayroll_rank_tend6	0.00167352305330985	0.00151006400739825	0.000632107651919386
Visa_mconsumosdolares_rank_lag1	0.00165864891840071	0.00236580485891903	0.0042026616857343
internet_lag1	0.00165769075559587	0.00181053031571895	0.000279038513009459
Visa_mfinanciacion_limite_rank_lag1	0.00164285078479852	0.00232734282630422	0.00374139393973907
mtransferencias_recibidas_rank_lag2	0.00163978324550946	0.00268504233781279	0.00339971412789075
cdescubierto_preacordado_delta2	0.00162408594741176	0.00170704709087051	0.000296122503601875
vmr_mpagominimo_lag1	0.00160280421349395	0.00211469499102409	0.00298969835367277
Visa_mconsumototal_rank_lag2	0.00160094695751654	0.00237642135950006	0.00413432572336464
mprestamos_personales_rank_delta1	0.00159072878178641	0.00311757452112625	0.000449878418933617
mcuentas_saldo_rank_lag2	0.00158541444620803	0.00182161195248227	0.000985176790829314
ctarjeta_debito_transacciones_tend6	0.0015834161361111	0.00279242166013717	0.00109907006144542
mcuenta_corriente_rank_delta2	0.00157860651222187	0.00121702035624128	0.000512519717772475
vmr_mpagominimo_delta1	0.00156011181433355	0.00202195497298468	0.00239745334646902
vm_status05_delta2	0.00155725879005775	0.000306266623173489	8.54199529620792e-05
mextraccion_autoservicio_rank_lag1	0.00155616988731296	0.000676529573006986	0.000421405101279591
vmr_Master_mlimitecompra_lag2	0.00154557872558608	0.00222809960449962	0.00359902735146894
Visa_mfinanciacion_limite_rank_delta2	0.00154338029115661	0.00201473716196491	0.00419127235867269
rf_003_019	0.00153791648764128	0.00158955166498287	0.000353069138909928
Master_mpagominimo_rank	0.0015342921954465	0.00200628130677205	0.00292136239130311
ctarjeta_visa_debitos_automaticos_tend6	0.00152947450682408	0.00162051290051796	0.000723222268412271
ccaja_ahorro_lag2	0.00152273711259033	0.00104698953912152	0.000250565195355432
vm_mpagominimo_rank_lag2	0.00151663664802537	0.00157026425250049	0.00236328536528419
Master_mlimitecompra_rank_lag1	0.00151343501138581	0.00207844090040197	0.00395779115390967
Visa_status	0.00151319691201656	0.00194204952872677	0.000968092800236898
Master_mconsumototal_rank_lag1	0.00150505132218279	0.00208091693584368	0.00339971412789075
rf_016_018	0.0014886252667847	0.00102530938930015	0.0011901846779383
vm_mfinanciacion_limite_rank_delta2	0.00148417074357637	0.00308442055363628	0.0033370728290519
mtarjeta_visa_consumo_rank_tend6	0.00148413602967368	0.00185526740153183	0.00218675079582923
mactivos_margen_rank_delta2	0.00148070126606017	0.00264869000357255	0.00354208071616089
Master_fultimo_cierre_lag1	0.00146839149279723	0.00213179845369515	0.00314914893253532
mrentabilidad_rank_tend6	0.00146396591345001	0.00334479045126217	0.00249995729002352
vm_msaldopesos_rank	0.00145684727378111	0.00151543600758635	0.00194757492753541
vmr_Master_mlimitecompra	0.00144991791398376	0.00227480664150491	0.00316623292312774
catm_trx_lag1	0.00144488398539113	0.000203648042683012	3.9862644715637e-05
chomebanking_transacciones_lag1	0.00144069492471936	0.00254981798604718	0.0033370728290519
mrentabilidad_annual_rank_delta2	0.00142655776736365	0.00227802897398431	0.00363319533265377
Master_msaldopesos_rank_lag1	0.00142536230874078	0.00197359681363167	0.00353638605263008
vm_Fvencimiento_lag1	0.00142291667088717	0.00247298309131747	0.00314914893253532
Master_mpagospesos_rank_tend6	0.00141886073087951	0.00251562632364734	0.0029099730642415
Master_mpagospesos_rank	0.0014173219067535	0.00248161683782209	0.00279038513009459
mpayroll_sobre_edad_rank_delta2	0.00140670527776607	0.00214865194270137	0.000825726211966766
mautoservicio_rank_lag2	0.00139860323229863	0.00218669296146966	0.00283024777481023
Visa_mlimitecompra_rank_tend6	0.00139526568280533	0.00250366779513909	0.00362180600559216
vmr_msaldopesos_tend6	0.00139328304278264	0.00192151481378742	0.00239745334646902
mprestamos_personales_rank	0.0013797210676258	0.00175816318718335	0.000318901157725096
ccomisiones_mantenimiento_delta2	0.00137770875815572	0.00148396553998545	0.00019361856004738
vm_status04	0.00137643549612225	0.00125044278751163	0.00108768073438381
Visa_mpagosdolares_rank	0.00137356941625672	0.00104298665395404	0.00211841483345957
ctarjeta_visa_transacciones_delta2	0.00135873413317176	0.00202009564505855	0.00112184871556864
ccallcenter_transacciones_tend6	0.00134688642182698	0.00273685806941255	0.000996566117890924
vm_mpagospesos_rank_delta2	0.00134580586257147	0.00175450185333444	0.00262523988770124
ccomisiones_otras_lag2	0.00133841108198891	0.00281617754365738	0.00330859951139787
cproductos_delta1	0.00133495179404053	0.00120090943450697	0.000148061251800937
Master_fultimo_cierre_lag2	0.00133203467305769	0.0018234634769977	0.00288149974658747
Visa_cconsumos_lag2	0.00132639987792951	0.00216435565865826	0.00369014196796182
vm_mlimitecompra_rank_delta2	0.00131200926543078	0.0025741333873408	0.00339971412789075
Master_fechaalta_lag2	0.00130554834806452	0.00159458055317027	0.00264232387829365
Master_msaldototal_rank	0.0013007402004713	0.00249770725907065	0.00341110345495236
vm_msaldopesos_rank_lag1	0.00127010280985995	0.00161210370707587	0.00185646031104252
ctrx_quarter_delta1	0.00126742553342423	0.00226244878998666	0.00104212342613737
Visa_cconsumos_delta1	0.00125468551570745	0.00182988936086634	0.00305233965251163
mcomisiones_mantenimiento_rank_lag2	0.00124387715964426	0.00298758324238603	0.0020443842075591
vm_mpagominimo_rank	0.00124365482131785	0.00162480755388895	0.00179951367573447
Master_Fvencimiento_tend6	0.00123608638103619	0.00175156914642714	0.00195896425459702
cliente_antiguedad_lag1	0.00122426302963448	0.00235462780892724	0.00250565195355432
Visa_mconsumosdolares_rank	0.00121807898831356	0.00189820925319529	0.00358194336087652
Master_msaldopesos_rank_tend6	0.00121698532538398	0.00205891353965359	0.00272204916772493
Visa_mpagominimo_rank_lag1	0.00121279369619012	0.00189177220648151	0.00261954522417043
rf_005_021	0.00120306726821135	0.00151260913608996	0.000933924819052066
vmr_mpagominimo	0.00119713754486402	0.0014870762704657	0.00268788118654009
vm_fultimo_cierre_tend6	0.00119574963546739	0.00158280131794248	0.0019361856004738
Master_fultimo_cierre_delta2	0.001181819688739	0.00151838720460918	0.00265940786888607
mprestamos_personales_rank_lag1	0.00118042414383413	0.00153053415242057	0.000284733176540264
mautoservicio_rank_delta1	0.00118032774434506	0.00172747488585713	0.00104212342613737
vm_mlimitecompra_rank	0.0011598434066895	0.00162873962641083	0.0025853772429856
vm_mfinanciacion_limite_rank	0.00115835012218046	0.00181661446310335	0.0025910719065164
Visa_mpagominimo_rank_delta1	0.00115763421574895	0.00184485193797227	0.00264801854182446
mtransferencias_recibidas_rank	0.00115657779496728	0.00288591363599357	0.00173687237689561
Visa_mconsumototal_rank_delta1	0.00115289254914164	0.00110048321564002	0.0020500788710899
vm_mpagominimo_rank_delta2	0.0011482030284489	0.00175875606123098	0.00208994151580554
vmr_msaldopesos_lag1	0.00113979553426004	0.00168494100708604	0.00244301065471547
cliente_edad_lag2	0.00112954665376043	0.0028351911754592	0.0019361856004738
vm_mfinanciacion_limite_rank_tend6	0.00112193990268976	0.00237402669114757	0.00261385056063962
mactivos_margen_rank_lag2	0.00112019494671769	0.00202461016944564	0.00275621714890976
Master_msaldototal_rank_delta1	0.00111999020076969	0.00212543071184929	0.00270496517713251
vm_mfinanciacion_limite_rank_lag2	0.001117765215465	0.00159590295353565	0.00242592666412305
vmr_mpagospesos_delta2	0.00111042890293106	0.00179707091358429	0.00246578930883869
Visa_fultimo_cierre_tend6	0.00109604752544882	0.00159938457086826	0.00200452156284346
Master_mconsumospesos_rank	0.00109543058351781	0.00212580720657646	0.00259676657004721
rf_009_023	0.00109496080832316	0.0011553096882541	0.0018279869933885
tcallcenter_delta2	0.00109060992539521	0.000739716037897377	0.00060363433426536
Master_cconsumos_lag2	0.00108669461766583	0.00161894986412833	0.0030238663348576
cliente_edad	0.00107988673024042	0.00220052396466715	0.00179951367573447
rf_013_026	0.00107407586187765	0.00142215755420854	0.00105920741672978
vm_mpagominimo_rank_tend6	0.00106765590587146	0.00170896900479569	0.00217536146876762
vm_msaldopesos_rank_delta2	0.00106555640386255	0.00188145969503872	0.00243162132765386
mcaja_ahorro_dolares_rank_lag1	0.00106106811673076	0.00191636942993653	0.00116171136028428
vm_mlimitecompra_rank_delta1	0.00105872053331292	0.00187431991812597	0.00289858373717989
mrentabilidad_rank_lag1	0.00105835638781053	0.0015015927570019	0.00197035358165863
vmr_msaldopesos2_lag2	0.00104318283388842	0.00188291237268447	0.00244870531824627
Visa_mpagospesos_rank_delta2	0.00103694310328613	0.00149163996956633	0.0030181716713268
mcomisiones_rank_lag1	0.00103628545284313	0.00152230433161565	0.00244301065471547
Master_mconsumototal_rank_lag2	0.00103434127857321	0.00183319351012303	0.00281316378421781
vmr_Visa_mlimitecompra_lag1	0.00102616673040255	0.00145139828317127	0.00229494940291453
vm_mfinanciacion_limite_rank_delta1	0.00102266246543579	0.00184877266248333	0.00284733176540264
vmr_msaldototal_lag2	0.00101951027926981	0.00129830240150365	0.00225508675819889
mrentabilidad_annual_rank_lag2	0.00101280718698657	0.00130170823316962	0.00220383478642164
mcaja_ahorro_dolares_rank_lag2	0.00101189911090835	0.00212354363552376	0.00195896425459702
mcomisiones_rank	0.001011710837943	0.00123983612716376	0.00208424685227473
Visa_fultimo_cierre_lag2	0.00101049694495732	0.0019768625806886	0.00176534569454964
ctransferencias_recibidas_tend6	0.00100946206635645	0.00235842928674189	0.00131546727561602
vm_msaldopesos_rank_tend6	0.000998269112946437	0.00168504596957303	0.00231203339350695
vmr_mpagospesos_lag1	0.000993993518312244	0.00146510980160219	0.00205577353462071
vm_Finiciomora	0.000988400344343279	0.00348512725384028	0.000660580969573413
mtransferencias_emitidas_rank_tend6	0.000981646533076023	0.00186681351317144	0.00145783386388615
mrentabilidad_rank_delta1	0.000980796356103313	0.000978481015871505	0.00201021622637427
Master_mconsumospesos_rank_lag2	0.00097915665351864	0.00180842617231471	0.00268788118654009
Master_mconsumospesos_rank_delta2	0.000976509851321975	0.00193690036220561	0.002368980028815
mtarjeta_master_consumo_rank_lag2	0.000976344551063292	0.00179210826180501	0.00219814012289084
ccajas_consultas_tend6	0.000973254829529337	0.00318890499575608	0.000671970296635023
Visa_msaldototal_rank_tend6	0.000972017142614301	0.000928339525876926	0.00123574198618475
rf_004_016	0.000967583117338994	0.000353881924279956	0.000370153129502343
mpasivos_margen_rank_delta1	0.000967564451851982	0.00169045381254589	0.0021582774781752
vm_msaldopesos_rank_lag2	0.000963292969907258	0.001197947735945	0.00146922319094776
vm_mconsumospesos_rank_tend6	0.000962155058639615	0.00157153890657328	0.00201591088990507
Visa_mpagosdolares_rank_lag1	0.000960039494102792	0.00158099949718538	0.00279038513009459
Visa_mpagado_rank	0.000957510088764137	0.00218959929549401	0.00163436843334112
rf_019_019	0.000956608492018028	0.000703198721038339	0.000894062174336429
vm_mpagominimo_rank_delta1	0.000954183392784692	0.00158983875113996	0.00197035358165863
Master_cconsumos_lag1	0.000953786272326876	0.00190856115202294	0.00297830902661116
Master_msaldototal_rank_lag2	0.00095295706847431	0.00152320235870008	0.00254551459826996
Master_msaldopesos_rank_delta2	0.000952685379188131	0.00164662091718927	0.00239175868293822
ccaja_seguridad_lag1	0.000936723632615191	0.0007871146422565	0.000102503943554495
vm_fultimo_cierre_lag1	0.000935072783531913	0.00222138528540965	0.00208424685227473
rf_001_017	0.000928454354882981	0.000766081620026322	0.00148061251800937
matm_rank_delta2	0.000923762945539108	0.00200444689685568	0.00144644453682454
Master_mfinanciacion_limite_rank_lag2	0.000922905778278312	0.00134397261652299	0.00244301065471547
Visa_mlimitecompra_rank	0.000920705907883808	0.00141523108815645	0.00228925473938372
rf_015_016	0.000918926815393644	0.00178687979146933	0.00158311646156387
ccaja_seguridad	0.000912093059824983	0.00165144871545073	0.000130977261208522
Visa_mpagominimo_rank	0.000909896154083464	0.000983559872339634	0.00154325381684823
cextraccion_autoservicio_tend6	0.000908789038000562	0.00163409054416393	0.000785863567251129
rf_002_017	0.000904866076108728	0.00167304405939173	0.00202730021696668
vmr_mpagospesos_lag2	0.000902321264704944	0.00167693550127349	0.00259676657004721
mcomisiones_otras_rank_lag2	0.000900687684839568	0.00122910712520743	0.00212410949699037
rf_017_026	0.000894502604455829	0.00134177464702466	0.00220383478642164
Master_mfinanciacion_limite_rank	0.000893753775910524	0.00105460886868718	0.00191340694635058
Master_mconsumototal_rank_delta2	0.000890182371073574	0.00172098551661328	0.00206146819815151
vmr_mpagominimo_lag2	0.000888722632669724	0.000777560463620464	0.00101365010848334
vm_Fvencimiento	0.000887912643776231	0.00116262746228757	0.0020443842075591
Master_mpagominimo_rank_delta1	0.000881091558871471	0.00128991196269948	0.00206716286168232
vmr_mpagospesos_delta1	0.000879918152049291	0.00192117667480777	0.00179381901220366
Visa_Fvencimiento_lag2	0.000874495732310362	0.00136784568346492	0.00177104035808044
vm_mpagospesos_rank	0.000872761933104983	0.00144361090252701	0.00155464314390984
Visa_mconsumospesos_rank	0.000870621271618446	0.00129941921506235	0.00207855218874393
Master_mfinanciacion_limite_rank_delta1	0.000866250300233502	0.001156483585746	0.00228925473938372
mextraccion_autoservicio_rank_lag2	0.000865857045052609	0.00152911252970419	0.00185076564751172
mpagomiscuentas_rank_delta2	0.000862499603432811	0.00137551839365023	0.000768779576658713
Master_delinquency_tend6	0.00086171546023116	0.00148318784413927	0.000968092800236898
mtransferencias_emitidas_rank	0.000858942131111927	0.00115261293532462	0.000461267745995228
ctarjeta_visa_transacciones_lag1	0.000853976046319694	0.000985384203952686	0.000825726211966766
vmr_msaldopesos2	0.000853597656967122	0.00146301586876246	0.0018336816569193
mrentabilidad_rank	0.000850745559084216	0.00125207002348693	0.00148061251800937
ccomisiones_mantenimiento_delta1	0.000845711453156409	0.00151979642122515	0.000176534569454964
Visa_mfinanciacion_limite_rank_delta1	0.000845664779248659	0.00108142077945601	0.00146922319094776
vm_cconsumos_tend6	0.000834730854713618	0.00176294715408368	0.00116171136028428
vm_msaldopesos_rank_delta1	0.000833450197119152	0.00188118985574189	0.00182229232985769
Master_mpagado_rank_lag2	0.00083327666807377	0.00137024707068629	0.00125852064030797
vmr_msaldototal_delta1	0.000828521675047232	0.00142568474875009	0.00186784963810413
chomebanking_transacciones_tend6	0.00082844685082993	0.00142234383088026	0.00157742179803306
ccallcenter_transacciones_delta2	0.00082545244457504	0.00141428288117338	0.000671970296635023
Master_fechaalta_lag1	0.000824160738593358	0.00129323862281213	0.00189062829222735
mtarjeta_visa_consumo_rank_lag2	0.000820110087821971	0.00105271838002272	0.0011901846779383
ccajas_transacciones	0.000819021409173129	0.001664793288413	0.00128129929443119
rf_010_026	0.000816713838800698	0.000710674679465009	0.000239175868293822
mcaja_ahorro_dolares_rank	0.000815866850565427	0.00216286367298438	0.000922535491990456
vm_Fvencimiento_tend6	0.000815192300866676	0.000694166286377476	0.000723222268412271
vmr_msaldopesos2_delta2	0.000812581259628344	0.00170694876789567	0.00199313223578185
mcomisiones_mantenimiento_rank	0.000811906067904954	0.00107593720372099	0.00070044361428905
mplazo_fijo_dolares_rank_delta2	0.000811604691047021	0.00296874284630177	0.000427099764810396
Visa_Fvencimiento_lag1	0.000808437628745439	0.000971731991443099	0.00160589511568709
mttarjeta_visa_debitos_automaticos_rank_lag2	0.000805366563435154	0.00167769878064906	0.0017197883863032
cprestamos_personales	0.000798189982671968	0.000643902692844598	6.26412988388581e-05
Master_mconsumospesos_rank_tend6	0.000791739785002946	0.00179245285513115	0.00194757492753541
vmr_mconsumospesos_tend6	0.000791739710591968	0.00210080071406932	0.00181090300279608
rf_002_021	0.000791279519250057	0.000506951247898948	0.000660580969573413
Master_status	0.000786357268079181	0.0007779536761631	0.000626412988388581
vm_mpagospesos_rank_delta1	0.000778336141042727	0.00182296675684125	0.00193049093694299
mttarjeta_visa_debitos_automaticos_rank_delta1	0.000774726119987174	0.00208286765625785	0.00133824592973924
mcaja_ahorro_dolares_rank_delta1	0.000774639568106389	0.00227692234453788	0.000939619482582872
Visa_mpagado_rank_delta2	0.000772537442214673	0.00189014949383919	0.00123574198618475
Visa_Fvencimiento	0.000762959784865618	0.000874927613231229	0.00146922319094776
mtransferencias_emitidas_rank_lag1	0.000754834922366194	0.00192212728894465	0.00151478049919421
rf_020_012	0.000752303222653927	0.000833955712760181	0.000125282597677716
chomebanking_transacciones	0.000745922414001523	0.00101709665664206	0.00120157400499991
Visa_msaldopesos_rank	0.000745784620101511	0.000501893791292709	0.00070044361428905
Visa_mpagominimo_rank_lag2	0.000740410952441541	0.000809173085557335	0.00136102458386246
rf_005_013	0.000736048060131157	0.00106993780931248	0.000643496978980997
ccomisiones_otras_delta2	0.000731146953454378	0.00100813320942224	0.00195896425459702
Master_Fvencimiento_lag1	0.000729122229731574	0.001144426522645	0.00187923896516574
Master_mconsumospesos_rank_lag1	0.000729040403271158	0.000623277828672467	0.000996566117890924
vm_msaldototal_rank	0.000728619885182286	0.000725242218823762	0.000757390249597103
Master_mpagospesos_rank_delta1	0.000723795201072011	0.00149259494832276	0.00192479627341219
mcomisiones_mantenimiento_rank_delta2	0.000723725622102389	0.00106432525245685	0.000683359623696634
vmr_msaldopesos_delta2	0.000722204930156552	0.000543825987420355	0.000654886306042608
Visa_mfinanciacion_limite_rank	0.000720027976514151	0.000987763847433047	0.00142366588270132
mcuentas_saldo_rank_lag1	0.000719325297968033	0.00152707327364386	0.000643496978980997
Master_Fvencimiento_lag2	0.000719280636186144	0.000859198370863061	0.00165145242393353
rf_010_022	0.000718998925497147	0.00116375715808699	0.000364458465971538
ccaja_seguridad_lag2	0.000716471909602499	0.000595356669685479	0.000119587934146911
mcuenta_debitos_automaticos_rank_delta2	0.000715398221375941	0.00186374076810735	0.000865588856682403
vmr_msaldopesos	0.000712259014169336	0.000323668890343818	0.000546687698957307
vm_mpagospesos_rank_lag1	0.000709530135828545	0.000490961609683507	0.000535298371895697
mcomisiones_rank_delta1	0.000709005439974984	0.000987532707762845	0.00143505520976293
Visa_msaldototal_rank_delta2	0.000704428427583057	0.00103729664494067	0.00157742179803306
mttarjeta_visa_debitos_automaticos_rank_tend6	0.000700913095578934	0.00308495134427742	0.00126421530383877
mtransferencias_recibidas_rank_delta2	0.000696908179857236	0.000885666402516233	0.00123574198618475
Visa_fechaalta_lag1	0.00069503006563775	0.000866592512512444	0.00125282597677716
Master_mpagominimo_rank_lag2	0.000694761814654653	0.000784822502784954	0.00137241391092407
cprestamos_personales_delta2	0.000693708092742337	0.000606068213163626	0.000113893270616106
ctarjeta_debito_transacciones_lag2	0.000692469530016617	0.00162855009611362	0.0014008872285781
vmr_msaldopesos2_delta1	0.000689888246871194	0.00125411655391317	0.00187354430163494
Visa_fechaalta_lag2	0.000689579614217599	0.00111131479938177	0.00153186448978662
rf_019_016	0.000677808683827388	0.00112685932576035	0.00141227655563971
rf_020_025	0.0006765201499801	0.00178217520774024	0.00125282597677716
rf_007_016	0.00067338363098889	0.000937752978597939	0.00190771228281977
Master_cconsumos_delta1	0.000672793914200994	0.00122386222803092	0.00209563617933634
vmr_Visa_mlimitecompra_tend6	0.000668029308805795	0.0018894056039553	0.001081986070853
thomebanking_lag2	0.000660402019002388	0.000627119884222769	0.00130977261208522
rf_004_026	0.000659253371020447	0.000425580323111301	0.000130977261208522
mtransferencias_emitidas_rank_delta1	0.000655416731338715	0.00147107893464852	0.000814336884905155
Visa_mpagado_rank_lag1	0.000651038238016773	0.00143031309712447	0.00132116193914683
vm_fultimo_cierre_delta2	0.00064270331416981	0.000990142194753665	0.00136102458386246
Master_mpagado_rank_delta2	0.00063481260196879	0.00137959661479627	0.00156033780744065
vmr_mpagado_tend6	0.000634561780412818	0.00114712499497006	0.000848504866089987
Visa_mlimitecompra_rank_lag1	0.000634383090519961	0.000894635272445178	0.00132116193914683
rf_011_022	0.000627649061017092	0.000900929768039402	0.000478351736587644
rf_016_023	0.000625839509031358	0.000832103606295481	0.00019361856004738
mpayroll_rank_delta2	0.000618096684140781	0.000714930977088481	0.000318901157725096
vm_fechaalta_lag1	0.000617275962078005	0.000916752942310624	0.00138380323798568
rf_001_023	0.000617046792302481	0.000902586471809689	0.000518214381303281
Visa_mlimitecompra_rank_delta2	0.000616652651701249	0.000829248034119047	0.00165714708746434
Visa_mpagospesos_rank_lag2	0.000612057648751652	0.000882271813052123	0.00158881112509467
vmr_mconsumospesos_delta2	0.000611540345258164	0.000775073159524661	0.000387237120094759
Visa_mconsumospesos_rank_lag1	0.00060533855350454	0.000886106858758913	0.00158311646156387
Master_mlimitecompra_rank_lag2	0.0006008276489868	0.000741628376111798	0.00154325381684823
rf_018_016	0.000596740938823357	0.00108492128368774	0.00103073409907576
Master_fultimo_cierre_delta1	0.000593560567141557	0.000638216625214934	0.000973787463767703
mtransferencias_emitidas_rank_delta2	0.000591212714813465	0.0024247578015643	0.00111045938850703
rf_016_021	0.00058973458693073	0.000913818595364465	0.00122435265912314
rf_004_015	0.000588723711015301	0.000825847545805491	0.000882672847274819
Master_fultimo_cierre_tend6	0.000587508854801474	0.00112649994563225	0.00136671924739327
Visa_mconsumototal_rank_lag1	0.000579613376331573	0.000916700328805929	0.00173117771336481
matm_other_rank_lag2	0.000577642838558262	0.00115702675603531	0.00109337539791461
Master_mconsumototal_rank_delta1	0.000575626263022683	0.000901650168334468	0.00109337539791461
Visa_mconsumospesos_rank_delta2	0.000572513653964274	0.000769446371364089	0.0016172844427487
mrentabilidad_annual_rank_tend6	0.000571611708875731	0.00132451516904404	0.000945314146113677
vmr_Visa_mlimitecompra	0.00057083559948073	0.000797084385577691	0.00130407794855441
vm_mconsumototal_rank_delta2	0.000565131052586586	0.000562691301514377	0.000649191642511802
mcomisiones_mantenimiento_rank_delta1	0.000564698928894942	0.000721376065283124	0.00039862644715637
rf_003_023	0.000561956709400047	0.00103860370300705	0.00070044361428905
mpayroll_rank_lag2	0.000552760926928635	0.00126382770013939	0.000717527604881466
Master_mlimitecompra_rank_delta2	0.000550984331996291	0.00116099414229715	0.00135532992033166
vm_Fvencimiento_lag2	0.000542481011425002	0.000900372525158596	0.00133255126620844
Visa_mconsumospesos_rank_lag2	0.000542156355406148	0.000539221102182563	0.00112754337909945
vm_mconsumosdolares_rank_lag1	0.000541936569753108	0.0012506385605374	0.000865588856682403
Visa_msaldototal_rank_lag1	0.000541033400705631	0.000797936967714369	0.00141227655563971
rf_014_022	0.000537693574905105	0.000659583395352979	0.00175395636748803
Visa_mpagominimo_rank_tend6	0.000536882083552909	0.000949866623039587	0.00114462736969186
Master_mpagominimo_rank_lag1	0.000536523122783726	0.000925718823136487	0.00120726866853072
mpagomiscuentas_rank_tend6	0.000536321308128009	0.00210980696101292	0.000820031548435961
vm_Finiciomora_lag1	0.000534610761411922	0.00193339197520646	0.000267649185947848
Master_Fvencimiento_delta2	0.000533092132604186	0.000692777199915891	0.000837115539028377
Visa_fechaalta_tend6	0.000531663819831392	0.000654270330754846	0.000580855680142139
cliente_edad_lag1	0.00052726783537621	0.00109309968133874	0.000723222268412271
Master_fultimo_cierre	0.000521608848237668	0.000632336212980443	0.0011901846779383
Master_status_tend6	0.000518069816825917	0.000483114790856718	0.000427099764810396
mcuenta_debitos_automaticos_rank_lag1	0.000517446590028892	0.00201265862432867	0.000768779576658713
mcaja_ahorro_rank_delta1	0.00051702820627356	0.00116885635632742	0.000279038513009459
rf_004_019	0.000514939913247139	0.000871787097529112	0.000626412988388581
mcaja_ahorro_dolares_rank_delta2	0.000514174717048437	0.00115326614693094	0.000381542456563954
cmobile_app_trx	0.000513538159312615	0.00203316276047896	0.000632107651919386
Visa_status_tend6	0.000513455657544818	0.000687929959258278	0.000597939670734555
ccajas_consultas_delta2	0.000513301393321149	0.00129579737440727	0.000444183755402812
rf_013_017	0.000506229780619485	0.00124314707464604	0.000973787463767703
matm_rank_tend6	0.000505507165828752	0.00153790149795117	0.00100226078142173
Visa_mconsumosdolares_rank_delta1	0.000504784338954145	0.000778327314048384	0.00132685660267763
ctrx_quarter_normalizado_lag2	0.000501830421613232	0.0010450593985498	0.000928230155521261
rf_015_017	0.000500934808483053	0.000920897346960309	0.000615023661326971
mplazo_fijo_dolares_rank	0.000498761121548187	0.00189250927168756	0.000176534569454964
mactivos_margen_rank_tend6	0.00049852543421545	0.000812946603354661	0.000734611595473881
catm_trx_tend6	0.000497565783625673	0.00227824572363614	0.000763084913127908
Visa_msaldopesos_rank_delta1	0.000497473357909237	0.000569931253058746	0.000899756837867235
Visa_msaldodolares_rank	0.000493895697516633	0.00127701239576512	0.000968092800236898
cliente_antiguedad	0.000493643363194743	0.000497720209822673	0.000734611595473881
rf_014_015	0.000492718019149474	0.000907081236373751	0.00122435265912314
cprestamos_personales_delta1	0.00049170804131607	0.00148146622657284	0.000148061251800937
cliente_antiguedad_lag2	0.000484490797086333	0.000896729787234179	0.000757390249597103
vmr_mconsumosdolares_lag2	0.000481428013023188	0.00104821113000154	0.00106490208026059
mcuenta_corriente_rank_tend6	0.000479871281564873	0.00217527831746118	0.000438489091872007
mtarjeta_master_descuentos_rank_delta2	0.00047089759155443	0.00062065151805722	0.000928230155521261
vm_mpagospesos_rank_tend6	0.000467709307350919	0.000419906714486519	0.000484046400118449
vmr_msaldopesos_lag2	0.000466608153687382	0.00064549405958291	0.000785863567251129
Visa_mpagominimo_rank_delta2	0.000466419788469955	0.000802309443574455	0.000979482127298509
thomebanking_delta2	0.000465352033329026	0.000961014681376705	0.000580855680142139
vmr_Master_mlimitecompra_lag1	0.000465277714288144	0.000583131132270043	0.00111615405203784
vm_mconsumospesos_rank_delta2	0.000457151470709581	0.000916830024137011	0.000985176790829314
rf_003_015	0.000455787138807466	0.00043212238521656	0.000512519717772475
vm_mconsumosdolares_rank_lag2	0.000455306397206522	0.0017078767389154	0.000985176790829314
Master_msaldopesos_rank_lag2	0.000451579515511432	0.000475364443347992	0.000996566117890924
Visa_msaldototal_rank_lag2	0.000450914519829211	0.000534400419573575	0.00106490208026059
rf_005_020	0.000450859947778021	0.000793414005062823	0.000990871454360119
mpagomiscuentas_rank_delta1	0.000449805930978932	0.00129971362848984	0.000740306259004687
Master_cconsumos_tend6	0.000444811642031828	0.000988710387925019	0.00105920741672978
Visa_cconsumos	0.000441147026197659	0.000716243643029672	0.00122435265912314
vm_fultimo_cierre_lag2	0.000438675038611812	0.000932707901639863	0.000865588856682403
Master_mpagospesos_rank_lag1	0.000436348796294253	0.000820184518076576	0.000979482127298509
thomebanking_tend6	0.00043631034427467	0.00171552580079844	0.000335985148317512
rf_013_023	0.000435397857572721	0.00071250935390377	0.00110476472497622
Master_mpagospesos_rank_lag2	0.000434748992123786	0.000762241310323839	0.00120157400499991
mcuentas_saldo_rank_delta1	0.000432625228125666	0.00165374421435672	0.000330290484786706
Visa_mconsumosdolares_rank_tend6	0.000428832702967752	0.000671125353990964	0.00113323804263025
internet_lag2	0.000426925107916722	0.000997058714763637	0.000153755915331743
vm_msaldototal_rank_lag1	0.000426073443872767	0.000386199048715854	0.00060363433426536
Master_msaldodolares_rank_delta1	0.000423668677205169	0.000703773395945085	0.00102503943554495
vm_Fvencimiento_delta1	0.00042238684263329	0.00100815942359175	0.000620718324857776
vm_msaldototal_rank_tend6	0.000417570281473686	0.000578624860981726	0.000899756837867235
tcallcenter_delta1	0.000416129900254293	0.000690334150417049	0.000313206494194291
vm_status01_tend6	0.000415627539122945	0.00138556257357384	0.00079725289431274
rf_012_022	0.000409167389350978	0.000652945126452054	0.00148630718154018
ctarjeta_debito_transacciones	0.000407267922835862	0.000730755500423927	0.000250565195355432
vm_Finiciomora_lag2	0.000404498381239023	0.00182321781504792	0.000358763802440733
Master_msaldototal_rank_lag1	0.000404307627835794	0.000649200547404923	0.00115601669675347
mpagomiscuentas_rank_lag2	0.000399745881926264	0.0011071679346738	0.000945314146113677
Visa_mpagado_rank_lag2	0.00039906415486918	0.00119885766653727	0.000894062174336429
vmr_mconsumosdolares_lag1	0.000398936319367864	0.000860945461936287	0.000922535491990456
cmobile_app_trx_tend6	0.000391779927019357	0.00143383595349872	0.000751695586066297
mtarjeta_master_descuentos_rank_delta1	0.000390327233623122	0.000668402360439736	0.000859894193151598
mtransferencias_emitidas_rank_lag2	0.000387649376093311	0.000883022448257128	0.000580855680142139
ctransferencias_recibidas_delta2	0.000386191737617085	0.00157663548604199	0.000615023661326971
rf_010_016	0.000385525585896567	0.000182943821791884	0.000187923896516574
Master_mpagominimo_rank_delta2	0.000383307646743041	0.000967188898637167	0.000876978183744014
vm_status01_lag2	0.000382429696765125	0.00243954034472706	0.000842810202559182
vmr_mpagospesos_tend6	0.000381336933284186	0.00086995969745626	0.000740306259004687
ccomisiones_otras	0.000380023035169748	0.000579225750057981	0.000256259858886238
thomebanking_lag1	0.000379566158118486	0.000865470964002842	0.00124143664971555
ctrx_quarter_lag2	0.000378359961950523	0.00082636019021022	0.000666275633104218
vm_msaldototal_rank_lag2	0.000372439801798642	0.000555652863131784	0.000751695586066297
mtarjeta_visa_consumo_rank_delta1	0.000372002390909422	0.000530895048129744	0.000392931783625564
ccajas_transacciones_lag2	0.000371477791333076	0.000848342451060816	0.000848504866089987
ccajas_transacciones_delta1	0.000366879550819143	0.00080872194260983	0.000142366588270132
active_quarter_lag1	0.000365153145261467	0.000501432358423974	0.000466962409526033
mttarjeta_visa_debitos_automaticos_rank_delta2	0.000360716690360143	0.000960085678719631	0.000649191642511802
vm_mpagado_rank_tend6	0.000357405798063363	0.00111628247708658	0.000717527604881466
mpasivos_margen_rank_lag1	0.000353854492088751	0.000528254373948357	0.000768779576658713
Visa_fultimo_cierre_delta2	0.000353488290863185	0.000424870318546423	0.000449878418933617
ctarjeta_visa_transacciones_delta1	0.000353428177276177	0.00183470906474246	0.000375847793033149
vm_fultimo_cierre_delta1	0.000351678430407424	0.000414283761900698	0.00030181716713268
vmr_msaldopesos2_tend6	0.000349292852310338	0.00111604731667595	0.000694748950758244
mttarjeta_visa_debitos_automaticos_rank	0.000348553162121211	0.000717386512044445	0.000689054287227439
Master_mpagospesos_rank_delta2	0.000346562422004821	0.000683024973361474	0.000899756837867235
rf_012_014	0.000345850087119693	0.000831355378244286	0.000706138277819855
vmr_mpagominimo_delta2	0.000342550768160288	0.000644104470528771	0.000592245007203749
ccaja_ahorro	0.000342422132276554	0.000502614826441527	3.9862644715637e-05
Visa_mlimitecompra_rank_lag2	0.000341260295117853	0.00074813213537402	0.00090545150139804
tcallcenter_lag2	0.000336801344513449	0.00075853059014348	0.00080864222137435
vmr_Visa_mlimitecompra_lag2	0.000333158719776009	0.000696839787788288	0.000848504866089987
rf_011_025	0.000332230334575174	0.000752735433477432	0.000643496978980997
vm_mlimitecompra_rank_tend6	0.000331226331143044	0.000810996121010642	0.000717527604881466
vm_cconsumos_lag1	0.000329247499410939	0.000806770164106067	0.00049543572718006
rf_017_021	0.000328714214821772	0.000537116905873845	0.000558077026018918
cextraccion_autoservicio	0.000328691515721179	0.000447850754660819	4.55573082464423e-05
ccajas_extracciones_tend6	0.000327621344768686	0.00244485795911042	0.000432794428341201
cproductos_delta2	0.00032719293308993	0.000751728264452146	0.000102503943554495
mautoservicio_rank_delta2	0.000323059688809717	0.000720273747551759	0.000751695586066297
mtransferencias_recibidas_rank_lag1	0.000321838108734484	0.00137980193708055	0.000677664960165829
Master_cconsumos	0.000321644663960728	0.000492818424646868	0.000996566117890924
vm_fechaalta_tend6	0.000320689678141176	0.000648052123419819	0.000370153129502343
mcomisiones_mantenimiento_rank_lag1	0.000320625968227479	0.00048918523598097	0.000444183755402812
vmr_msaldototal_lag1	0.000315622480598154	0.000400475243106925	0.000597939670734555
mforex_sell_rank_tend6	0.000312475133195046	0.00203835271635369	0.000444183755402812
ctarjeta_visa_transacciones_lag2	0.000312291870955185	0.000796560551875584	0.000854199529620792
ccajas_transacciones_tend6	0.000309140479703665	0.000934765251032133	0.000244870531824627
rf_009_015	0.000306915221486466	0.000564322637586824	0.001081986070853
cpagomiscuentas_tend6	0.000306713070858643	0.000959496560890028	0.000279038513009459
Visa_mpagosdolares_rank_tend6	0.000303611270254644	0.00107339464089652	0.000973787463767703
Visa_fultimo_cierre	0.000302617108382152	0.000620069648141285	0.000626412988388581
cproductos_lag2	0.000298858967371405	0.000739347743364506	0.000296122503601875
matm_rank_delta1	0.000298681505012122	0.00166885270201664	0.000660580969573413
Master_mconsumospesos_rank_delta1	0.000296769114789859	0.000711270225188851	0.000888367510805624
vm_mlimitecompra_rank_lag2	0.000296500220800698	0.000582500114092808	0.000717527604881466
mtarjeta_master_consumo_rank	0.000294855036261001	0.00106880364308455	0.000455573082464423
Master_mpagosdolares_rank	0.00029387129855434	0.000577632108427058	0.000979482127298509
vm_msaldototal_rank_delta2	0.000293837021231488	0.000460755188807285	0.00071183294135066
Visa_Fvencimiento_tend6	0.00029378435439405	0.000662474942575359	0.000575161016611334
vm_msaldototal_rank_delta1	0.000293039301215	0.000336730397889422	0.000552382362488112
numero_de_cliente	0.000292911622886971	0.00144601929959189	0.000353069138909928
tcallcenter_tend6	0.000292789629967679	0.000787033936473279	0.000182229232985769
Master_mconsumosdolares_rank	0.000292715497847696	0.000443198837340901	0.00113323804263025
rf_006_022	0.000288351144879584	0.000532896927175434	0.000261954522417043
vm_status01	0.000286489688380111	0.000588393725994893	0.000415710437748786
mtarjeta_master_consumo_rank_delta1	0.000286415569572302	0.0015324395601482	0.00039862644715637
vmr_mconsumosdolares_delta2	0.000286281467521853	0.00118803372749278	0.000649191642511802
cpayroll_trx_tend6	0.000285261408923029	0.00115784783355454	0.000284733176540264
Master_mpagominimo_rank_tend6	0.000283982726665369	0.000764823445698844	0.000728916931943076
mttarjeta_visa_debitos_automaticos_rank_lag1	0.00028251636827264	0.000419119945522131	0.000592245007203749
Master_msaldototal_rank_tend6	0.000281871601332606	0.000520377664090746	0.000774474240189518
Master_msaldototal_rank_delta2	0.000280440564035101	0.000507671330767139	0.000706138277819855
ccomisiones_mantenimiento_tend6	0.000280018693957231	0.00207184133112768	0.000233481204763017
internet	0.000279912316063138	0.00100252737143549	7.9725289431274e-05
mtransferencias_recibidas_rank_tend6	0.000279710996392647	0.000603906641947072	0.000455573082464423
ctarjeta_debito_transacciones_delta2	0.000278588726390594	0.000848703735750176	0.000387237120094759
mtarjeta_master_consumo_rank_lag1	0.000273933353751485	0.000850195774328542	0.000689054287227439
mplazo_fijo_dolares_rank_tend6	0.000272869282633817	0.00165536237721381	0.000159450578862548
ccallcenter_transacciones_delta1	0.00027223200319353	0.00119216062075981	0.000170839905924158
mprestamos_prendarios_rank_lag1	0.000271677836550284	0.00122420817042127	0.000125282597677716
vmr_mpagospesos	0.000271195689395061	0.00047384193178953	0.000689054287227439
rf_002_020	0.000271031630736408	0.000631242941915043	0.000130977261208522
rf_014_020	0.000270288272464645	0.000507510606958928	5.69466353080528e-05
vmr_mconsumospesos_lag2	0.000269831337565017	0.000573106209576908	0.000763084913127908
rf_008_017	0.0002685211969827	0.000602465127146468	0.000706138277819855
mautoservicio_rank_tend6	0.000266924285547906	0.000682910699686116	0.000466962409526033
catm_trx_lag2	0.000265861630020739	0.000902840016526888	0.000535298371895697
mcuenta_debitos_automaticos_rank_tend6	0.000263997734315534	0.000655465601656398	0.00020500788710899
mextraccion_autoservicio_rank_delta2	0.000263381546399175	0.000467373115935907	0.000512519717772475
matm_rank_lag2	0.000261026984869479	0.000624089991786935	0.000660580969573413
Master_msaldopesos_rank	0.000260362843970624	0.000441469178293614	0.00071183294135066
vmr_mpagado	0.000256181534546797	0.00107943847506767	0.00039862644715637
vm_mconsumototal_rank_tend6	0.000254035503526593	0.000544998403586836	0.000626412988388581
rf_010_021	0.000251766997622971	0.000611193704930286	0.000392931783625564
vmr_mpagominimo_tend6	0.000250979224352489	0.00068988417136809	0.000683359623696634
vmr_mconsumospesos_lag1	0.000250072546211228	0.000525150812025054	0.000580855680142139
vm_status02_tend6	0.000249979377845578	0.000559874587678012	0.000466962409526033
vm_status03	0.000247491167956245	0.000320105376877201	0.00050682505424167
vmr_msaldototal_tend6	0.000247484878647539	0.000560932783073615	0.000660580969573413
mcuentas_saldo_rank	0.000247429069605733	0.00129451536661186	0.000210702550639795
vm_status06_tend6	0.000246814900339253	0.000610324140455743	0.000182229232985769
mprestamos_prendarios_rank	0.000245654079968767	0.00160200651686397	0.000130977261208522
vm_mlimitecompra_rank_lag1	0.000244003804204491	0.000422705070468556	0.00060363433426536
cproductos	0.000242684046869771	0.000261302048099481	4.55573082464423e-05
vmr_mconsumosdolares	0.000239604316779064	0.000655472267620794	0.000455573082464423
rf_010_018	0.000238188959015021	0.000833065515538698	0.00041001577421798
Master_cconsumos_delta2	0.000238039569594634	0.000461946597681846	0.000723222268412271
vm_mconsumospesos_rank	0.000236226005131318	0.000483425498863836	0.000438489091872007
tcuentas_lag1	0.000234628777675679	0.00191944646026345	0.000216397214170601
rf_015_019	0.000233620796406979	0.000508879431004929	0.00039862644715637
vmr_msaldodolares_tend6	0.000233303552089613	0.00126694099648689	0.000364458465971538
mtarjeta_visa_descuentos_rank_delta1	0.000230316957243661	0.000450634826433436	0.000540993035426502
cextraccion_autoservicio_delta2	0.00022893225681025	0.000526658748399459	0.000392931783625564
vmr_Master_mlimitecompra_tend6	0.000228845667497152	0.000592565402903673	0.000552382362488112
vm_mpagado_rank_lag2	0.000227481005680363	0.000583952606572873	0.000421405101279591
mcuenta_debitos_automaticos_rank_lag2	0.000227062920701912	0.000488860957974904	0.000358763802440733
rf_018_020	0.000225884725902172	0.000845562743907745	0.000113893270616106
Visa_mpagado_rank_delta1	0.000225652226171677	0.000468417609071362	0.00030181716713268
ccallcenter_transacciones_lag2	0.000224878081488174	0.000752294844973554	0.000432794428341201
tcallcenter_lag1	0.000224835692927799	0.000605488247808947	0.000512519717772475
rf_004_021	0.000223381324509653	0.000869286858288113	0.000244870531824627
vm_fultimo_cierre	0.000223261983623801	0.000671532771386301	0.000466962409526033
ccaja_ahorro_lag1	0.000220054229077868	0.000172345679065185	4.55573082464423e-05
vmr_mconsumospesos_delta1	0.000217553688156884	0.000663131487163871	0.000461267745995228
Master_mpagado_rank_tend6	0.000217304621484354	0.000793690139992697	0.000540993035426502
vm_mconsumospesos_rank_lag1	0.000213548861074992	0.000479892590638512	0.000427099764810396
ccomisiones_otras_lag1	0.000213088012987772	0.00052638216378151	0.000324595821255901
mv_status07_rank_delta2	0.000212811716181996	0.00147372011142246	0.000261954522417043
rf_017_023	0.000210303549031999	0.00054969029024089	0.000415710437748786
Visa_msaldodolares_rank_tend6	0.000209423788065429	0.000941196398896472	0.000523909044834086
vm_mconsumototal_rank_delta1	0.000209312555092394	0.000395207200220704	0.000438489091872007
mtarjeta_visa_descuentos_rank_lag1	0.000205988158633265	0.000571061768877596	0.000455573082464423
mcaja_ahorro_dolares_rank_tend6	0.000204600798442613	0.000829687643890058	0.000244870531824627
rf_012_013	0.000198622479659828	0.000682858033276941	0.00020500788710899
ctrx_quarter_normalizado_delta1	0.000197999811549651	0.00108957788305408	0.000335985148317512
ccajas_otras_delta2	0.000195072044746973	0.000592483506769667	0.000381542456563954
minversion2_rank	0.000189968681531076	0.00111930644422073	0.000119587934146911
rf_007_015	0.000187477075886102	0.000184082220378153	0.000182229232985769
rf_003_027	0.000187040128992255	0.000320471158447303	0.00039862644715637
Visa_fultimo_cierre_delta1	0.000184699308436527	0.000396998598795371	0.000370153129502343
ccajas_transacciones_delta2	0.000182317951995487	0.000609058321431002	0.000466962409526033
mtarjeta_master_consumo_rank_tend6	0.000182275525387785	0.000862369862137827	0.000273343849478654
ctransferencias_recibidas_lag2	0.000181401712269873	0.00069271231257199	0.000353069138909928
ctransferencias_emitidas_tend6	0.000179973490487201	0.000775436560393194	0.000290427840071069
ctarjeta_debito_tend6	0.000179921753155769	0.00186590395291053	0.000199313223578185
vm_mconsumospesos_rank_lag2	0.000177441572863809	0.000386170321583577	0.00041001577421798
ctarjeta_debito_lag1	0.00017709566009399	0.000914228869601686	0.000159450578862548
cprestamos_personales_lag1	0.000176738020755651	0.000290912685181703	5.69466353080528e-05
ccuenta_debitos_automaticos_tend6	0.000175640224315442	0.000522361634970182	9.11146164928845e-05
mpagomiscuentas_rank_lag1	0.000174702908209133	0.000857799259002642	0.00041001577421798
mcaja_ahorro_rank	0.000174488194775894	0.000708714303983355	0.000210702550639795
internet_delta2	0.000173395047491128	0.000309192293785038	9.11146164928845e-05
Master_msaldopesos_rank_delta1	0.000172963599711677	0.000416658696882399	0.00049543572718006
vmr_mconsumosdolares_delta1	0.000172483419580143	0.000675040523531702	0.00030181716713268
rf_018_015	0.000171782378469435	0.000359944751159185	0.000335985148317512
Master_msaldodolares_rank_delta2	0.000170855044475804	0.00044749417847012	0.000489741063649254
Visa_mpagado_rank_tend6	0.000170188187761731	0.000328573029768953	0.00041001577421798
mplazo_fijo_dolares_rank_lag1	0.000167752413145032	0.000463019421165984	7.9725289431274e-05
mtarjeta_visa_descuentos_rank_lag2	0.000167665568403658	0.00068109864191227	0.000444183755402812
vmr_msaldopesos_delta1	0.000166016068553278	0.000414507494943794	0.000449878418933617
minversion2_rank_lag1	0.00016235315671567	0.000973005481617343	0.000113893270616106
vm_mpagospesos_rank_lag2	0.000162174279876786	0.000139295854042776	0.000347374475379122
mextraccion_autoservicio_rank_tend6	0.000160810670477235	0.000626940061897519	0.00020500788710899
cpagomiscuentas_delta2	0.000160575633627996	0.000477785828462546	7.9725289431274e-05
vmr_mpagosdolares_tend6	0.000159303194777097	0.000975081532743057	0.000273343849478654
mtransferencias_recibidas_rank_delta1	0.000158777528631429	0.000575535583267842	0.000381542456563954
ccomisiones_otras_delta1	0.000152595997902165	0.00043897097587507	0.000313206494194291
vm_status03_tend6	0.000152355962149715	0.000592572571460623	0.000159450578862548
ccuenta_debitos_automaticos_delta2	0.000150909361309665	0.000361270749029167	7.9725289431274e-05
vmr_msaldodolares2_lag1	0.000149847126695285	0.000473442635231771	0.000250565195355432
mttarjeta_master_debitos_automaticos_rank_lag1	0.000147814823294502	0.000404831874075451	0.000244870531824627
vm_cconsumos_lag2	0.000147148234570113	0.000379513641923845	0.000279038513009459
ctarjeta_visa_transacciones_tend6	0.000146464971459922	0.00109433947135965	0.000227786541232211
ctransferencias_emitidas_lag2	0.000144305156157606	0.000728565281431814	0.00019361856004738
matm_other_rank_tend6	0.000143388908648104	0.000918385336472659	0.000199313223578185
rf_012_018	0.000143094098021566	0.000300395204700484	0.000125282597677716
rf_013_022	0.000142593005666976	0.000686548623302914	0.000113893270616106
cextraccion_autoservicio_delta1	0.000141350542326139	0.000645047783847503	0.000170839905924158
vm_mpagado_rank_lag1	0.00013889346552787	0.000547290463701663	0.000239175868293822
Master_mpagado_rank_delta1	0.000138125398295299	0.000583754135418659	0.000307511830663485
mpayroll_sobre_edad_rank_lag1	0.000138123003161051	0.00117468404924826	0.000210702550639795
vm_status05_tend6	0.000137246622718406	0.00024338253383472	8.54199529620792e-05
mv_status07_rank	0.000137085200715969	0.000462344280652986	0.000119587934146911
vm_mconsumospesos_rank_delta1	0.000132484755614718	0.000497405031387051	0.000358763802440733
cproductos_lag1	0.000130853975235874	0.000378532951590464	0.000136671924739327
mtarjeta_visa_descuentos_rank	0.00013015924263939	0.000559761610162398	0.000290427840071069
rf_016_017	0.000129996645781522	0.000317775172632775	0.000182229232985769
ccajas_otras_tend6	0.000129494591443765	0.00111683353014331	0.000165145242393353
ctarjeta_master_transacciones_delta2	0.00012771208614605	0.000463781483738524	0.000182229232985769
vmr_mconsumosdolares_tend6	0.000126964170702879	0.000504813034010019	0.000244870531824627
ccajas_depositos_tend6	0.000125773360075888	0.0012350808873957	0.000159450578862548
rf_017_018	0.000124945024429891	0.000977107827205959	0.000284733176540264
thomebanking_delta1	0.00012158684019366	0.000385308798589892	0.000187923896516574
mv_status07_rank_lag1	0.000119751621119944	0.000842061975153615	0.00030181716713268
mplazo_fijo_dolares_rank_lag2	0.000118977026915066	0.000775931481797347	0.000159450578862548
ctransferencias_recibidas_lag1	0.000116739868879926	0.000864259081094779	0.000176534569454964
mpayroll_rank	0.000115938803856284	0.000381800861278813	9.11146164928845e-05
rf_015_020	0.000114755612235114	0.000993071833201164	0.000142366588270132
ctarjeta_visa_transacciones	0.000114086323799467	0.000683348166825714	0.000222091877701406
ccomisiones_mantenimiento_lag1	0.000113755827226241	0.000643282043945312	0.000142366588270132
vmr_mpagado_lag2	0.000113511950638922	0.000378063397884151	0.00020500788710899
vm_status05_delta1	0.000110643964752164	0.000246668642663959	5.69466353080528e-05
vm_cconsumos_delta2	0.000110642400270409	0.000279914902018129	0.000153755915331743
ctarjeta_visa_descuentos_lag2	0.000108597700581987	0.000293523124453151	0.000222091877701406
vmr_mpagado_delta2	0.000106390816513674	0.000591012048033761	0.000187923896516574
cforex_buy_tend6	0.000105535650288092	0.00176607124294496	0.00019361856004738
matm_rank	0.000104767449959295	0.000441955370458677	0.000239175868293822
vm_cconsumos_delta1	0.000102525658284651	0.000512932972211361	0.000170839905924158
rf_020_019	0.000101005162436329	0.000380727879081237	0.000159450578862548
mtarjeta_visa_descuentos_rank_tend6	9.98812920191329e-05	0.00135299330638944	0.00020500788710899
ctarjeta_debito_transacciones_delta1	9.88741833328259e-05	0.00141950159063262	0.000170839905924158
mcajeros_propios_descuentos_rank_delta2	9.70640099055304e-05	0.000471826403388173	0.000250565195355432
ctransferencias_emitidas_delta2	9.68095189419573e-05	0.000306761280055245	7.40306259004687e-05
catm_trx_delta2	9.67464590129103e-05	0.000589684224959242	0.000187923896516574
ctransferencias_recibidas_delta1	9.6548919453571e-05	0.00128489307345868	0.000176534569454964
mttarjeta_master_debitos_automaticos_rank	9.49930266131955e-05	0.000925627853884276	0.00020500788710899
catm_trx_other_tend6	9.25029438125437e-05	0.000627063117716445	0.000159450578862548
vmr_mpagado_lag1	9.22493678662832e-05	0.000297742124418694	0.000153755915331743
vm_mpagosdolares_rank_tend6	8.7955579905935e-05	0.000533090398856352	0.000159450578862548
vm_msaldodolares_rank_tend6	8.69937546385424e-05	0.000892383578448081	0.000176534569454964
vmr_Visa_mlimitecompra_delta1	8.58816770622707e-05	0.000519286800179156	0.000222091877701406
mcuenta_debitos_automaticos_rank_delta1	8.56045384619075e-05	0.000330279252131895	0.000119587934146911
ccajas_extracciones_delta2	8.52429780162456e-05	0.000309092542389257	0.000165145242393353
rf_011_018	8.46097296180315e-05	0.000318199783983895	0.0001081986070853
rf_011_028	8.34077519662371e-05	0.000322864980328126	0.000222091877701406
mpagodeservicios_rank_tend6	8.05053813741329e-05	0.000290734793869948	5.69466353080528e-05
matm_other_rank	7.91990816748918e-05	0.000606388549785982	0.000187923896516574
cplazo_fijo_lag2	7.85102426453205e-05	0.000736715639708772	0.0001081986070853
cliente_edad_delta2	7.74029052286075e-05	0.000308667322636624	0.000113893270616106
rf_014_017	7.68077082878349e-05	0.000317539456725111	0.000239175868293822
mv_status07_rank_tend6	7.5171675597226e-05	0.000249834552516156	7.40306259004687e-05
vmr_msaldodolares2_tend6	7.35302093799842e-05	0.000467963979613328	0.000136671924739327
cforex_sell_tend6	7.25812861925563e-05	0.000732449713470061	0.000102503943554495
ctrx_quarter	7.22718059599193e-05	0.000232914694840617	0.000159450578862548
ccuenta_debitos_automaticos_lag2	7.21913934142795e-05	0.000115087266892923	6.83359623696634e-05
mextraccion_autoservicio_rank_delta1	7.17941202141333e-05	0.000302976467151581	0.000153755915331743
matm_other_rank_delta2	7.10386532706666e-05	0.000237628960089428	0.00019361856004738
vm_mpagado_rank_delta2	6.94663544763619e-05	0.000309091537204149	9.68092800236898e-05
mprestamos_prendarios_rank_lag2	6.61435231777849e-05	0.000619432202069811	7.9725289431274e-05
mcaja_ahorro_adicional_rank_lag2	6.47559421400551e-05	0.000625529284599407	0.0001081986070853
mforex_buy_rank_tend6	6.47029234566926e-05	0.00104410534562176	0.000102503943554495
ctarjeta_debito_transacciones_lag1	6.42337075018663e-05	0.000293047380922756	0.000153755915331743
rf_011_023	6.38267997005999e-05	0.000312262843313238	0.000125282597677716
vmr_mpagosdolares_lag1	5.99965301938788e-05	0.00056160096664758	0.0001081986070853
cpayroll_trx_lag1	5.99526448737109e-05	7.33387815697579e-05	1.13893270616106e-05
rf_005_022	5.76682783920214e-05	0.000283675140791143	0.000136671924739327
rf_002_018	5.76544345875714e-05	0.000435569191401771	0.000136671924739327
cforex_tend6	5.36975886130726e-05	0.000716462746930826	9.68092800236898e-05
matm_other_rank_lag1	5.25333254228097e-05	0.0002335292068203	6.26412988388581e-05
ccajas_depositos_delta1	5.18946547110309e-05	0.000771746155532898	9.11146164928845e-05
mcajeros_propios_descuentos_rank_lag2	5.10174656981511e-05	0.000195373782115459	9.68092800236898e-05
mtarjeta_master_descuentos_rank_lag2	5.04886684273047e-05	0.000158350539720567	8.54199529620792e-05
cpayroll_trx_delta2	4.47752356012905e-05	0.000232786454382715	4.55573082464423e-05
internet_delta1	4.379676607916e-05	0.00070425305440695	0.000113893270616106
vm_cconsumos	4.35972169432042e-05	0.000202055803020791	0.0001081986070853
rf_012_015	4.34227980966292e-05	0.000242856636857919	0.000125282597677716
active_quarter_tend6	4.31575669500141e-05	0.000492018350205928	7.9725289431274e-05
ccuenta_debitos_automaticos_lag1	4.1991541462277e-05	0.000428946793844646	5.12519717772475e-05
ctarjeta_master_descuentos_tend6	4.1941312217501e-05	0.000737491060662343	9.68092800236898e-05
cpagodeservicios_tend6	4.17558559402996e-05	0.000658322443540336	7.9725289431274e-05
mv_status07_rank_lag2	4.04261358486427e-05	0.000455129670354217	0.000119587934146911
mttarjeta_master_debitos_automaticos_rank_delta1	3.99160113625668e-05	0.000503039173270251	9.11146164928845e-05
ctarjeta_debito_lag2	3.75693784645128e-05	0.000361021621835991	6.83359623696634e-05
ctransferencias_emitidas_lag1	3.45252031103783e-05	0.000237294154091974	5.69466353080528e-05
ctransferencias_emitidas	3.39436774473963e-05	0.000310702928287889	3.9862644715637e-05
tcuentas_lag2	3.29866404398123e-05	0.000492450632706551	5.69466353080528e-05
ctarjeta_master_debitos_automaticos_tend6	3.23740696166921e-05	0.000440301232555638	5.12519717772475e-05
cpayroll_trx_lag2	3.18242956245983e-05	2.04748270687444e-05	1.70839905924158e-05
vm_mpagado_rank_delta1	3.16515721547313e-05	0.000196201816573727	5.69466353080528e-05
vmr_msaldodolares2	3.08432206048572e-05	0.00049224319424309	7.40306259004687e-05
cpagomiscuentas_lag1	2.64885949071448e-05	8.26748614897477e-05	3.41679811848317e-05
mcajeros_propios_descuentos_rank_tend6	2.63582498403083e-05	0.000642275245251381	7.40306259004687e-05
vm_mpagosdolares_rank	2.5031422135253e-05	0.000103719919488974	6.26412988388581e-05
mforex_sell_rank	2.42365133056992e-05	0.000155292951789803	3.9862644715637e-05
vmr_mpagado_delta1	2.33174974393228e-05	0.000436513986045924	7.40306259004687e-05
cliente_edad_tend6	2.12430322394687e-05	0.00022408850829243	3.41679811848317e-05
ccallcenter_transacciones_lag1	1.99943667439811e-05	0.000154267054578833	3.9862644715637e-05
cplazo_fijo_lag1	1.8005499310013e-05	0.000136161263642344	2.84733176540264e-05
ctransferencias_emitidas_delta1	1.76178130640203e-05	0.000334508171687313	3.9862644715637e-05
ccomisiones_mantenimiento_lag2	1.57706519170966e-05	5.09179690377379e-05	2.27786541232211e-05
cseguro_vida_tend6	1.5724733092645e-05	0.000472481255033346	4.55573082464423e-05
cplazo_fijo	1.54741157038175e-05	0.000215406354189226	1.70839905924158e-05
mpagodeservicios_rank_lag2	1.50438299398338e-05	0.000334992194768723	3.9862644715637e-05
cpagomiscuentas	1.41472642134875e-05	0.000304167637955984	2.84733176540264e-05
ctarjeta_master_transacciones_delta1	1.3030709302284e-05	0.00043075342890936	4.55573082464423e-05
ctransferencias_recibidas	1.30062722564518e-05	0.000423516519372553	3.41679811848317e-05
ctarjeta_visa_debitos_automaticos_lag1	1.27852441745417e-05	0.000167223493828483	3.41679811848317e-05
cseguro_vivienda_lag1	1.26172328926136e-05	0.000109001162042788	2.84733176540264e-05
vm_mpagado_rank	1.15392373441959e-05	0.00014257127616719	2.27786541232211e-05
ctarjeta_debito	1.11319420682183e-05	0.000137121162515347	1.13893270616106e-05
catm_trx	1.01063606379835e-05	0.000100212722840606	1.70839905924158e-05
cpagomiscuentas_lag2	1.00510653119743e-05	5.35439622261097e-05	1.70839905924158e-05
vmr_mpagosdolares_delta1	9.22607825596918e-06	0.000182969533368839	2.27786541232211e-05
cpayroll_trx	8.70859464237567e-06	8.6108706077522e-05	1.13893270616106e-05
ctarjeta_visa_debitos_automaticos_delta1	7.97672666314725e-06	7.80030785378401e-05	1.70839905924158e-05
ctarjeta_master_debitos_automaticos_lag1	7.38036874364546e-06	8.32009700844666e-05	3.41679811848317e-05
catm_trx_delta1	7.36506842906975e-06	6.15676407273061e-05	1.70839905924158e-05
cpagomiscuentas_delta1	6.83428134381352e-06	0.000113784917325203	1.70839905924158e-05
ccuenta_debitos_automaticos_delta1	6.05528717164639e-06	0.000133986492758196	1.70839905924158e-05
ctarjeta_visa_debitos_automaticos	5.33073214673316e-06	0.000280675932953322	2.27786541232211e-05
cseguro_vida	5.29612609100399e-06	1.29897161671496e-05	5.69466353080528e-06
active_quarter_delta1	3.71000453598995e-06	0.000103546895389318	1.70839905924158e-05
ccajas_otras	1.79883299262298e-06	7.18021180630754e-05	5.69466353080528e-06
cseguro_vivienda_lag2	1.57919205091805e-06	1.638663342835e-06	5.69466353080528e-06
