Feature	Gain	Cover	Frequency
rf_006_015	0.0491436020920801	0.00417834889011642	0.000504052467279549
rf_005_020	0.0374635799236178	0.00221615056389803	0.00376320989775754
mcuentas_saldo_rank	0.0255500176708958	0.00345702890377502	0.00158089182919495
mextraccion_autoservicio_rank_lag1	0.0220737256955516	0.00103443652112781	0.000824813128275625
mtarjeta_visa_consumo_rank	0.0216654957374077	0.00151506511229265	0.00158089182919495
Master_Fvencimiento_lag1	0.0162530147538161	0.00288835229890735	0.00567059025689492
rf_006_022	0.0151527383747771	0.00208185865242962	0.000836268866168342
mpasivos_margen_rank	0.0142554741966528	0.00344888270551091	0.00334507546467337
rf_015_016	0.0128456803786711	0.000685711530849152	0.000733167225133889
rf_019_023	0.0127571802577196	0.00173028716589465	0.00168972133917576
rf_010_023	0.0112738350568844	0.00140530270672515	0.00152934100867772
ctrx_quarter_normalizado_delta2	0.0106042887428262	0.00316729456933348	0.00288111808001833
rf_004_026	0.0102200869733894	0.000973098064866805	0.000784718045651116
rf_002_024	0.00982308379968578	0.000485756756326797	0.000773262307758399
Master_Fvencimiento	0.0097517281026167	0.00117568134364403	0.00212503937909901
rf_010_026	0.0094172619583903	0.00117031729887824	0.00088209181773921
Master_status	0.00932604692133102	0.00201834322234753	0.00136896067817968
ctrx_quarter_lag2	0.0092778818723175	0.00267973910936548	0.0032305180857462
vm_Finiciomora_lag1	0.00849111864782217	0.0024588878799029	0.000578514763582209
rf_012_022	0.00706871833085588	0.0017653943476353	0.00373457055302575
mprestamos_personales_rank_delta2	0.00658608928935036	0.00480137389711703	0.00101956067245181
Visa_mpagospesos_rank_delta2	0.00575896358088089	0.00343041251969739	0.006294927972048
mcaja_ahorro_dolares_rank_lag2	0.00564930507068571	0.000808946063070278	0.000544147549904058
rf_001_025	0.00538109149517287	0.00208746980916133	0.00443337056448148
mcuenta_corriente_rank_tend6	0.0053043087394172	0.00321641892349461	0.00212503937909901
vm_msaldototal_rank	0.00514537354770789	0.0017316505694707	0.00193029183492282
mcomisiones_mantenimiento_rank_tend6	0.00509013627950425	0.00290947934608659	0.00171836068390755
Visa_mpagominimo_rank	0.00489442226742061	0.00316281335666138	0.00398086891771916
vm_status01_delta1	0.00460287455528187	0.000894140004591076	0.000366583612566944
vmr_Visa_mlimitecompra_delta1	0.00432451870350426	0.00154896272383778	0.000962281982988229
rf_002_020	0.00431583538392559	0.00117437894205318	0.000429590170976888
cdescubierto_preacordado_tend6	0.00429341105221889	0.00195687150344874	0.000211931151015265
Visa_mconsumosdolares_rank_tend6	0.00420631846758117	0.00248983043322841	0.00406105908296818
mrentabilidad_annual_rank_lag2	0.00418186212093068	0.00541794387343803	0.00859753128848412
rf_011_018	0.00417797934998437	0.00033533780343107	0.000206203282068906
mrentabilidad_rank_delta1	0.00404835503348022	0.00379350162296694	0.0070681902798064
mcuenta_corriente_rank_lag1	0.00380569331860122	0.00139051168505906	0.000704527880402096
Visa_mconsumospesos_rank	0.00379655509387647	0.00341923976541471	0.00553312140218232
mprestamos_personales_rank_lag2	0.00363301434463934	0.00293109617160235	0.0010081049345591
mprestamos_personales_rank_lag1	0.00360299249234076	0.00277821136010699	0.000853452473007418
mpagomiscuentas_rank	0.00359592522582904	0.00124827026003691	0.000870636079846493
matm_rank	0.00350172018975429	0.0010762634437581	0.000641521321992153
mcomisiones_rank_delta1	0.0034801980683101	0.00345392956099791	0.00611163616576453
Master_mfinanciacion_limite_rank	0.00345684332168448	0.00379550713885809	0.00624910502047713
mcuentas_saldo_rank_lag1	0.00339889117469155	0.00268010643654156	0.00184437380072744
vm_status01	0.00339652084996038	0.00151085634358808	0.000801901652490191
rf_004_015	0.00330678802711406	0.000268033726552824	0.000286393447317925
Visa_mpagospesos_rank	0.00330530158560309	0.00326132075128052	0.00620328206890626
ctrx_quarter_normalizado_tend6	0.00318745962177293	0.00292304277842828	0.00268637053584214
mprestamos_personales_rank_delta1	0.00317162852513665	0.00465848499349907	0.000905003293524644
mactivos_margen_rank_delta2	0.00315197444463306	0.0046018103086757	0.0075378755334078
rf_020_027	0.00311601323454471	0.000814641607196773	0.000864908210900135
mcuenta_corriente_rank	0.00310276282011178	0.0014711429990116	0.000733167225133889
mpasivos_margen_rank_delta1	0.00309742365466729	0.00329012155357846	0.00626056075836985
Visa_mconsumospesos_rank_tend6	0.00308913307249371	0.000916973423816836	0.00211358364120629
vmr_msaldototal	0.00308438137596627	0.000301621461691896	0.000292121316264284
mrentabilidad_annual_rank_delta2	0.00301829172756217	0.00438020477480364	0.0092218690036372
Visa_msaldototal_rank_lag1	0.00287902283744052	0.00277082359618409	0.00441045908869605
mrentabilidad_rank	0.00282093013515484	0.00309594792062108	0.00380330498038205
vm_status05_delta1	0.00279394952807448	0.000681538326906977	0.000160380330498038
mcomisiones_rank_lag1	0.00277686167452682	0.00352795053779364	0.00537846894063064
Visa_mconsumospesos_rank_lag1	0.0027505927768693	0.00281834048621778	0.00602571813156915
mactivos_margen_rank_lag2	0.00271225232661606	0.00399394917462976	0.00579660337371481
Master_mlimitecompra_rank_lag2	0.00270549811314676	0.00364213162834078	0.00686771486668385
rf_008_021	0.00268365828791578	0.00133590138738293	0.00103674427929089
Visa_mpagospesos_rank_lag2	0.00263269231483017	0.00234232103038741	0.00462239023971132
mcuentas_saldo_rank_delta1	0.00259274595911481	0.00368194756357801	0.00281238365266203
Visa_mpagominimo_rank_lag2	0.00256191484208324	0.00275692266687383	0.0043760918750179
vmr_mpagominimo_lag2	0.00255446324045525	0.00145743233591908	0.00223386888907982
Visa_mconsumototal_rank_delta1	0.00251968429755484	0.0034894953756027	0.00698227224561102
rf_004_021	0.0025079731953592	0.0013117591217684	0.000784718045651116
ctrx_quarter_lag1	0.00250773180135386	0.00063514732991706	0.000486868860440473
Master_status_tend6	0.00250269816761536	0.00133277773851081	0.00119712460978893
rf_001_017	0.00245781115081339	0.00180691547118067	0.00356273448463499
Master_fechaalta_lag2	0.00242918695989794	0.00358867421294379	0.00570495747057307
internet_lag2	0.00237834249531436	0.00152413444236641	0.000446773777815964
cprestamos_personales_tend6	0.00236741897737188	0.00226543782676737	0.000280665578371567
Master_fechaalta_lag1	0.0023591249620456	0.00378420533078525	0.00561331156743134
mpayroll_sobre_edad_rank	0.0023444979615429	0.00081933831286704	0.00026920984047885
mprestamos_personales_rank	0.00231943544374738	0.00347059680801731	0.000687344273563021
vm_status05_delta2	0.00231419147788942	0.000872218458507587	0.000297849185210642
mcomisiones_rank	0.00231186009646539	0.00232943172390802	0.00378612137354297
Visa_mpagospesos_rank_lag1	0.00229308521706435	0.00283222697391964	0.00583669845633932
mpayroll_sobre_edad_rank_lag2	0.00227949573143213	0.000634064761698483	0.000337944267835152
mrentabilidad_annual_rank_tend6	0.00226747440139426	0.00313999369510628	0.00439900335080333
Visa_mconsumospesos_rank_delta2	0.00224500747695782	0.00274232317407976	0.00515508205172266
mcomisiones_otras_rank_lag2	0.00223897022605008	0.00317175258073307	0.0058252427184466
Visa_mpagominimo_rank_delta2	0.00223747146153363	0.00350295661186311	0.00434172466133975
mcuenta_corriente_rank_lag2	0.00223537005499964	0.00327650756245472	0.00193029183492282
rf_020_025	0.0022296546760594	0.00138304290081947	0.00157516396024859
Visa_mconsumospesos_rank_lag2	0.00215071105523926	0.00280348769971285	0.00602571813156915
vm_mpagospesos_rank_tend6	0.0021504788688675	0.00211897484866601	0.00293266890053556
Master_mlimitecompra_rank_delta2	0.00214541406671158	0.00334915458725006	0.00631211157888708
Visa_cconsumos_tend6	0.00213896781745987	0.00126124547961835	0.00193029183492282
Visa_msaldopesos_rank	0.00213697317101678	0.00251021432944436	0.00327061316837071
Master_Fvencimiento_lag2	0.00212406622841265	0.002696217668485	0.00511498696909815
mrentabilidad_rank_lag1	0.00212292944177478	0.0024993451382963	0.00343099349886875
Visa_mconsumototal_rank_lag1	0.00211960960067407	0.00254724932122697	0.00560758369848498
rf_014_022	0.00211811532548291	0.00237672062592717	0.00638084600624338
mcomisiones_mantenimiento_rank_delta2	0.00211797181687363	0.0024789641093578	0.00195893117965461
Master_mfinanciacion_limite_rank_lag2	0.00211356328875703	0.00313205586110469	0.00548729845061145
ccaja_ahorro_tend6	0.00209287234831151	0.00423371217693714	0.000418134433084171
Master_mfinanciacion_limite_rank_delta1	0.00208241332821407	0.00282235769974502	0.00632929518572615
mcomisiones_rank_delta2	0.00206659836994977	0.00190453035335659	0.00348827218833233
Visa_fechaalta_lag2	0.00204428795900591	0.00332673305637456	0.00484004925967294
vm_status02_tend6	0.00202881285744779	0.00209843141081995	0.0015465246155168
Visa_mfinanciacion_limite_rank_delta1	0.0020190781750365	0.00268244179455966	0.00555030500902139
mcuenta_debitos_automaticos_rank	0.00200395129800153	0.00135716648476411	0.000366583612566944
mactivos_margen_rank	0.00200241970645771	0.00220764172080083	0.00112839018243263
vm_mpagospesos_rank_lag2	0.00199761049290562	0.00089988458179235	0.00134032133344789
tcallcenter_delta2	0.00198978226777867	0.00184855888805471	0.0016152590428731
Visa_mlimitecompra_rank_delta2	0.00198711786163948	0.00271476813806688	0.00532691812011341
Visa_msaldototal_rank_tend6	0.00198561468956413	0.00251995746971685	0.00332216398888793
mcomisiones_otras_rank_delta2	0.00198290641549968	0.00110603890994375	0.00221668528224074
thomebanking_lag1	0.00197067312685346	0.00211587842577693	0.00458802302603317
mcomisiones_rank_lag2	0.00192531303046103	0.00140884887128777	0.00291548529369648
chomebanking_transacciones	0.00192393406342125	0.00292139732945106	0.00327634103731707
Visa_cconsumos	0.00191118045720401	0.002279937938147	0.00382621645616748
vm_Fvencimiento	0.00183023190432521	0.00265818581114349	0.00383194432511384
vm_fechaalta_lag1	0.0018269778111091	0.00272149419222795	0.00369447547040124
mcuenta_corriente_rank_delta2	0.00181271878006902	0.00246595214127557	0.00186728527651287
rf_018_026	0.00180676384619836	0.00155805112525232	0.0033679869404588
ctrx_quarter_normalizado_lag2	0.00178112628793165	0.00299757668222247	0.00278947217687659
Visa_mfinanciacion_limite_rank	0.00177720373372264	0.00225126166512803	0.00371165907724031
Visa_Fvencimiento_lag2	0.00177560074766377	0.00273370989895098	0.0041412492482172
cpayroll_trx_tend6	0.00177347138732066	0.000665537629824166	0.000126013116819887
thomebanking_lag2	0.00177080157851447	0.00205080824738384	0.00457656728814045
mcuentas_saldo_rank_lag2	0.00176213356324289	0.00359470959521034	0.00357419022252771
Visa_status	0.00176124585859383	0.000803734589030731	0.000372311481513303
Master_msaldopesos_rank_lag2	0.00175779828275957	0.001706352501689	0.00328206890626342
vm_cconsumos_lag1	0.00173138018973794	0.000502479639050684	0.000303577054157001
vmr_mconsumospesos	0.00171687562889367	0.000591085561810902	0.000567059025689492
internet_lag1	0.00168189399439294	0.0011013807678398	0.000108829509980812
Visa_fechaalta_lag1	0.00168007438916486	0.00258495659750105	0.00368301973250852
mtransferencias_recibidas_rank_delta2	0.0016742849839166	0.00280007258814302	0.00347681645043961
Visa_Fvencimiento	0.00166853657121832	0.00255177922500497	0.00399232465561188
Visa_mlimitecompra_rank_lag2	0.00166696137929702	0.00242839322688011	0.0036715639946158
Visa_Fvencimiento_lag1	0.00166572323329752	0.00224738773655697	0.00341953776097603
rf_002_021	0.00165155920704597	0.00125762592327534	0.00186155740756651
mcaja_ahorro_rank_delta1	0.001625642646114	0.00285834863426478	0.00229687544748976
vmr_mpagospesos_tend6	0.00161821578874261	0.00205603900320655	0.00198184265544004
mactivos_margen_rank_tend6	0.0016178398081327	0.00290861929438064	0.00266345906005671
Visa_mlimitecompra_rank	0.00161079682876724	0.00237104888809502	0.00376320989775754
vm_fechaalta_tend6	0.00160558736297276	0.00184311571695365	0.00133459346450153
cliente_antiguedad_lag2	0.00160553093252118	0.00234111653711432	0.00305295414840908
Visa_msaldototal_rank_delta2	0.00160184722606014	0.00222213567674081	0.00387776727668471
vmr_mpagominimo_delta2	0.00158697005679696	0.00200187158152129	0.00212503937909901
mcomisiones_rank_tend6	0.0015777587277348	0.00156590183610816	0.00154079674657044
mrentabilidad_annual_rank_lag1	0.00156556050965828	0.00146736984603575	0.00157516396024859
mcuentas_saldo_rank_delta2	0.00155449864519828	0.00145980018097975	0.000933642638256437
cdescubierto_preacordado_delta1	0.00155073565900753	0.000613940998570776	7.44622963026606e-05
mpayroll_rank	0.00154973403882583	0.00185594428450082	0.000446773777815964
mcaja_ahorro_rank	0.00154227691752638	0.00235885488324254	0.00134032133344789
cmobile_app_trx_lag2	0.0015322450939005	0.00186612143587888	0.00123149182346708
Master_fultimo_cierre_tend6	0.00150788371794266	0.00250754697226489	0.00392359022825558
ccomisiones_mantenimiento_tend6	0.00150583359499349	0.00304422626028806	0.000492596729386832
Master_cconsumos_tend6	0.00149380152764597	0.00245245952279509	0.0036028295672595
cliente_edad_lag1	0.00148102732611908	0.00323895093662015	0.00205057708279635
vm_Fvencimiento_tend6	0.00147077987777017	0.00160621391556396	0.00135177707134061
vm_status02	0.00144792991761231	0.000889409601834548	0.000624337715153077
cproductos_delta2	0.00144709224256439	0.00155973747896735	0.000257754102586133
Visa_mlimitecompra_rank_lag1	0.00144434782713183	0.00214449953658678	0.00356273448463499
mttarjeta_visa_debitos_automaticos_rank_delta2	0.00144364787841337	0.00220780449798255	0.00192456396597646
vm_Fvencimiento_lag2	0.00143770867194844	0.00220500871834007	0.00341380989202967
mprestamos_personales_rank_tend6	0.00142959153847873	0.00117622602113671	0.000200475413122548
mcuentas_saldo_rank_tend6	0.00142945164019948	0.00143272668974525	0.000824813128275625
mpasivos_margen_rank_lag1	0.0014283036545302	0.0025557988586196	0.00349972792622505
Master_mpagominimo_rank_lag2	0.00142782716111693	0.00187881937131802	0.00327634103731707
vmr_mpagominimo_tend6	0.00142013575598241	0.00156836653727471	0.00231405905432884
Visa_Fvencimiento_tend6	0.00141804912829502	0.00150595916524459	0.00148351805710685
rf_011_015	0.00141607392887212	0.000354218430803479	0.000607154108314002
vmr_msaldopesos	0.00141595057089749	0.00183529957125889	0.00280092791476931
vmr_Visa_mlimitecompra	0.00141543529661166	0.00214672998907794	0.00319042300312169
vmr_Master_mlimitecompra_tend6	0.00141196867133486	0.0027064875723425	0.00210212790331357
Visa_msaldototal_rank_lag2	0.00140791410329013	0.0017275175863286	0.00284102299739382
mpayroll_rank_lag1	0.00140748727434701	0.00167801877625574	0.00065297705988487
Visa_mpagominimo_rank_tend6	0.00140629930299162	0.00268117009125114	0.00328206890626342
Visa_msaldopesos_rank_delta1	0.00138534045018803	0.00199146865177369	0.0027608328321448
Master_msaldototal_rank_lag1	0.00138501361512398	0.00208199133635086	0.00342526562992239
rf_019_016	0.00138316893770609	0.00111366400026184	0.00164962625655125
vmr_Master_mlimitecompra_lag1	0.00137868920757177	0.00237611826091679	0.0029269410315892
Visa_fechaalta_tend6	0.00135714263030532	0.00106344766058558	0.00115702952716442
chomebanking_transacciones_lag1	0.00135191353677767	0.00108414301152545	0.00169544920812212
ccomisiones_otras_delta2	0.00134739983078867	0.00208293669613701	0.00303577054157001
Visa_msaldopesos_rank_lag2	0.0013419498579656	0.000803902101166026	0.00111693444453991
tcallcenter_delta1	0.00131257147267908	0.00134145114754997	0.000738895094080247
mautoservicio_rank_delta2	0.00130870221876109	0.00229677243424872	0.00273792135635937
cmobile_app_trx_tend6	0.00130755462342299	0.00362385220854566	0.00225105249591889
Master_mpagospesos_rank_lag1	0.00129294240500932	0.0018774256114285	0.00286393447317925
rf_018_020	0.00128131128945422	0.000934252952943826	0.000148924592605321
rf_016_021	0.00127917378455393	0.00164046885827206	0.00256608528796861
Master_mpagominimo_rank_lag1	0.00127799500878889	0.00242700222904684	0.00307013775524816
Master_msaldopesos_rank	0.00127010345398349	0.00199435029190763	0.00282383939055474
Master_mfinanciacion_limite_rank_delta2	0.00126010904130041	0.00101530628278621	0.00203912134490363
Master_fultimo_cierre	0.00125404031189899	0.00234508811095018	0.00334507546467337
vm_mconsumototal_rank_delta2	0.00125057653165737	0.00114597521822293	0.00159807543603402
Visa_mconsumosdolares_rank_delta1	0.00124086491496701	0.0021909692390272	0.00332789185783429
vm_mpagospesos_rank_delta2	0.00123025290640968	0.00055746944325569	0.000750350831972965
vm_mconsumototal_rank_tend6	0.00122351820747877	0.00147087671048371	0.0019875705243864
Master_mconsumospesos_rank_tend6	0.00122106155397568	0.00283156818404585	0.0031617836583899
ccomisiones_otras	0.00121383999712795	0.00162163818465985	0.000933642638256437
vm_status03	0.00121357492618803	0.00108646692673908	0.00178709511126385
Master_mpagominimo_rank_tend6	0.00121180558662465	0.00184143649197428	0.00226823610275797
Master_fechaalta_tend6	0.00120998193291307	0.000789467831946359	0.00101956067245181
rf_011_028	0.00120811196337442	0.000522370232020218	0.00042386230203053
vm_status06_tend6	0.00120625138848672	0.000204892094750023	7.44622963026606e-05
Master_fechaalta	0.00120066615046774	0.00147920175846638	0.0025259902053441
rf_016_018	0.001192081534725	0.000913311437028761	0.000618609846206719
rf_016_017	0.00118698069314302	0.000676762521206743	0.000412406564137812
ctrx_quarter_delta2	0.00118521705157581	0.000976875058416109	0.000750350831972965
matm_other_rank_tend6	0.00118491373839917	0.00196788319039404	0.000721711487241172
vmr_msaldopesos_lag2	0.00118229193650044	0.00172497333794203	0.00242861643325601
vmr_msaldopesos_delta2	0.00118016808068663	0.00181322592794451	0.0023885213506315
internet	0.00117227102630497	0.00152685993425363	0.000137468854712604
mtarjeta_visa_consumo_rank_lag2	0.00117100729647197	0.00240484162041851	0.00301858693473093
ccajas_transacciones_delta1	0.00115855249490986	0.00136532441519096	0.000647249190938511
active_quarter_lag1	0.00115800298675747	0.00119331407400227	0.000910731162471003
rf_007_021	0.00115772797941918	0.00173569806039551	0.00375175415986482
mcuenta_debitos_automaticos_rank_lag2	0.00115189843141978	0.00175814884276198	0.000933642638256437
vm_mlimitecompra_rank_lag2	0.00114950763772259	0.0017215770083547	0.0026920984047885
cdescubierto_preacordado_delta2	0.00114845957038969	0.000602383108425527	9.16459031417361e-05
Master_mconsumospesos_rank_delta1	0.00114294211870134	0.00164718573188426	0.00280092791476931
Visa_msaldototal_rank	0.0011399062551026	0.00109394160336534	0.00166108199444397
mcaja_ahorro_dolares_rank_delta2	0.00113543000293078	0.00291627871311214	0.00113411805137898
mautoservicio_rank_tend6	0.00113291787285283	0.00190925457436818	0.00142623936764327
cliente_antiguedad	0.00113242732404864	0.00217127262132237	0.00233697053011427
Master_mconsumosdolares_rank	0.00112951650055571	0.00151062409411532	0.00310450496892631
Master_mpagospesos_rank_delta2	0.00112915367754374	0.0021516951403105	0.00284102299739382
Master_msaldototal_rank_delta2	0.00112818030897052	0.00201476180868609	0.0028983016868574
ctarjeta_visa_transacciones_tend6	0.00112176901041646	0.00240021809608624	0.00137468854712604
rf_013_023	0.00111214659994602	0.00139203302564207	0.00319042300312169
Master_mpagospesos_rank_lag2	0.0011115677436415	0.00233394710716174	0.00276656070109116
mrentabilidad_rank_delta2	0.00110586802511211	0.00236642431155085	0.00331643611994158
Master_fultimo_cierre_delta1	0.00110504422562336	0.00116214916199592	0.00232551479222155
mpayroll_rank_delta1	0.00110405655063376	0.0012332431220193	0.000211931151015265
vm_msaldototal_rank_lag1	0.00109379631453691	0.00150545257782287	0.00179855084915657
Master_cconsumos	0.00109338765977651	0.00189134461247824	0.00321906234785348
cdescubierto_preacordado	0.00108987322808716	0.00121385538111922	9.73737720880946e-05
mtransferencias_recibidas_rank_tend6	0.00108855951243913	0.00219932651099947	0.0019188360970301
vmr_msaldototal_tend6	0.00108832912140288	0.00179859963005216	0.00225105249591889
rf_011_025	0.00108308905514024	0.000329081719717423	0.000309304923103359
mtransferencias_emitidas_rank	0.00108147227530567	0.0029747156424342	0.00175845576653206
mrentabilidad_rank_lag2	0.00107415309756603	0.0014682319758602	0.00207921642752814
Master_mfinanciacion_limite_rank_tend6	0.00107349886743502	0.00150329051910554	0.00235988200589971
vmr_msaldopesos2_tend6	0.00106789060257794	0.00217510532949205	0.00233697053011427
rf_002_015	0.00106324651586526	0.000672260527349518	0.00092218690036372
cprestamos_personales	0.00106023477866962	0.000142806515425791	1.1455737892717e-05
ctrx_quarter_normalizado_delta1	0.00105953672636716	0.00185735640548808	0.00142051149869691
vm_mlimitecompra_rank_tend6	0.00105846305370088	0.00246511855269904	0.00241143282641693
mttarjeta_visa_debitos_automaticos_rank_tend6	0.00105682648571589	0.00208369965498941	0.000664432797777587
Master_cconsumos_delta2	0.00105113457590119	0.00137265457051205	0.00250880659850503
rf_009_015	0.00104983805110951	0.00145713079829237	0.00312168857576539
mcaja_ahorro_rank_lag1	0.00104304840151389	0.0032769403372113	0.00182146232494201
mcomisiones_otras_rank_delta1	0.0010424975598619	0.00150346684351554	0.00241716069536329
mactivos_margen_rank_delta1	0.00104179639325326	0.00185042966821141	0.00185582953862016
thomebanking_delta2	0.00103804385352888	0.0018382458172038	0.00167253773233668
vmr_mpagospesos_delta2	0.00103739916175267	0.000969917280888238	0.000979465589827305
rf_008_024	0.00102606765968674	0.000722019102236458	0.00167253773233668
chomebanking_transacciones_delta2	0.0010251597957502	0.00209504586640464	0.00214222298593808
matm_rank_lag2	0.0010217848934078	0.00181425217652087	0.00195893117965461
vm_msaldototal_rank_lag2	0.0010217490592115	0.00126888814187526	0.00200475413122548
vm_msaldototal_rank_delta2	0.00101804468190327	0.00197818889576161	0.00264054758427127
Master_msaldopesos_rank_delta1	0.00101450337760339	0.00203317457003489	0.0026233639774322
mtarjeta_visa_consumo_rank_delta2	0.0010016101622702	0.000875083841967597	0.00106538362402268
numero_de_cliente	0.00100109662260061	0.00283310735962065	0.00181000658704929
mautoservicio_rank_lag2	0.000997248476121456	0.000868052541132856	0.000916459031417361
vmr_msaldopesos_delta1	0.000997216104823837	0.00112584979786147	0.00174127215969299
tcallcenter_lag2	0.000996186121804194	0.00219678933873796	0.00244580004009508
mpasivos_margen_rank_lag2	0.000994957868119754	0.00135543428091532	0.00254317381218318
vm_mpagospesos_rank_lag1	0.000987653939494523	0.00099790432880406	0.00126585903714523
mpasivos_margen_rank_delta2	0.000983920832209182	0.00166397408849394	0.00295558037632099
ctarjeta_visa_transacciones_delta2	0.00098056606439201	0.00112835201038243	0.0005384196809577
mttarjeta_visa_debitos_automaticos_rank_lag1	0.000977312189166683	0.00169712302496328	0.00207921642752814
mtransferencias_recibidas_rank_lag1	0.000975768524681554	0.00260214058578706	0.00192456396597646
rf_017_026	0.000970832398700962	0.00123868032181779	0.00176991150442478
Visa_mpagado_rank_tend6	0.000964427838307517	0.00161074108359101	0.00160380330498038
vmr_mconsumospesos_lag1	0.000963671347355215	0.00139528717509572	0.00186728527651287
Master_mpagominimo_rank_delta2	0.000959869582627832	0.00147505215037618	0.00220522954434803
rf_003_015	0.000957054239218978	0.0015244704925436	0.00182146232494201
thomebanking	0.000954973761916803	0.00124479459367193	0.00102528854139817
ctrx_quarter	0.000950660359181289	0.0020984873358827	0.00141478362975055
Visa_fultimo_cierre	0.000947574227728461	0.0016296275244342	0.00184437380072744
vmr_Visa_mlimitecompra_lag2	0.000946221026144392	0.00188419030807179	0.00228541970959704
ccajas_transacciones_lag2	0.000940055670427954	0.00163438199653806	0.00222814102013346
mrentabilidad_annual_rank_delta1	0.000937995766365486	0.00104879368952013	0.00181573445599565
Visa_mpagosdolares_rank_tend6	0.000936292218780533	0.00193900836498858	0.00290402955580376
mpayroll_rank_delta2	0.000932215728016998	0.00214243099320251	0.000601426239367643
vm_msaldototal_rank_tend6	0.000930489657506136	0.00134747858561664	0.00209640003436721
Master_msaldototal_rank_tend6	0.000929314531723509	0.00170694342389491	0.0023885213506315
mcuenta_debitos_automaticos_rank_tend6	0.000924999150514518	0.00284760883887576	0.000841996735114701
mcaja_ahorro_dolares_rank_tend6	0.00092090840720021	0.0023707463771723	0.00130022625082338
mcomisiones_mantenimiento_rank_lag1	0.000918863245932596	0.00243477247199725	0.00173554429074663
Visa_mpagospesos_rank_tend6	0.000914906236796339	0.000975921175713527	0.00197611478649369
mtransferencias_emitidas_rank_lag2	0.000913439830872894	0.00167872607309836	0.00189592462124467
mcomisiones_mantenimiento_rank	0.000906226992001433	0.00272784573786669	0.00193601970386918
vmr_msaldototal_lag1	0.000903285891349196	0.00155632654993983	0.00222814102013346
cpayroll_trx_lag1	0.000901969742293456	0.000212024223790572	2.2911475785434e-05
mtransferencias_recibidas_rank	0.000895337561868822	0.00123575946048509	0.000521236074118624
mplazo_fijo_dolares_rank_tend6	0.000892953052462752	0.00238189479905468	0.000315032792049718
Master_mconsumototal_rank_delta1	0.000891898639753391	0.00152418084491142	0.00226250823381161
ccomisiones_otras_delta1	0.000889918381770642	0.00174010769635277	0.0015465246155168
mplazo_fijo_dolares_rank	0.000888548173850228	0.00255467462280958	0.000315032792049718
ctarjeta_visa_transacciones_lag2	0.000880998800743211	0.00143359579047358	0.00210212790331357
Visa_mconsumototal_rank_tend6	0.000876513002996398	0.00116405208722632	0.00224532462697254
mrentabilidad_annual_rank	0.000869405945020372	0.00154656454876894	0.00164962625655125
Visa_mconsumototal_rank_lag2	0.000866642440764599	0.000895906247495002	0.00195320331070825
ccaja_ahorro	0.000860663227233488	0.0016422749273966	0.000131740985766246
vmr_msaldopesos2_lag1	0.000854847023405746	0.00141657747295203	0.00217659019961623
Master_mconsumospesos_rank_lag1	0.000852499949431609	0.00150168902628066	0.00224532462697254
Visa_mconsumosdolares_rank	0.000851572865635738	0.0010676547720564	0.00155798035340951
vm_fechaalta	0.000842937729992456	0.00112186412438608	0.00134032133344789
Visa_fultimo_cierre_delta2	0.000838384038913651	0.00116430201385908	0.00131740985766246
rf_003_027	0.000836887604048691	0.00123600344212059	0.001517885270785
ctarjeta_debito_transacciones_lag1	0.000831436250935693	0.00104155547121425	0.000555603287796775
vm_mlimitecompra_rank_lag1	0.000830980071595102	0.00123588275341507	0.00185582953862016
cprestamos_personales_delta2	0.000829383882257216	0.000778569152559665	0.000103101641034453
Master_Fvencimiento_delta2	0.000827794771173025	0.00145411849974511	0.00190165249019102
ctarjeta_debito_transacciones_delta1	0.000818712261479074	0.00226842455656534	0.00038376721940602
vmr_mpagospesos	0.00081694454787938	0.00147122528198258	0.00166108199444397
vm_msaldototal_rank_delta1	0.000809091112187234	0.00157896767743993	0.00187301314545923
ccajas_transacciones_delta2	0.000800709153658626	0.0015608081045808	0.00122003608557436
vm_fultimo_cierre	0.00080068619695883	0.00147686808398733	0.00167253773233668
ctransferencias_emitidas_tend6	0.000799303427245838	0.00256038389830143	0.00120858034768165
vmr_mconsumospesos_delta1	0.000796429014651068	0.00121664858284254	0.00132886559555517
Master_mpagominimo_rank	0.000787821062671885	0.000984898016360825	0.00126585903714523
vm_fechaalta_lag2	0.000772499358598835	0.000894049645893724	0.0012429475613598
ctrx_quarter_normalizado_lag1	0.000761596333140067	0.00128071474063577	0.00129449838187702
Visa_mfinanciacion_limite_rank_delta2	0.000760454733901295	0.000904897713887782	0.00195893117965461
Master_mlimitecompra_rank	0.000760444841395941	0.000972334027497203	0.00176418363547842
Visa_mconsumosdolares_rank_delta2	0.000757856405530045	0.00120155373498885	0.00178709511126385
ccomisiones_otras_lag1	0.000757723516496825	0.00187372840184691	0.00140905576080419
Visa_fechaalta	0.000754290451128043	0.000841934800277065	0.00112839018243263
mtarjeta_visa_consumo_rank_delta1	0.000753678815382928	0.00173495114777467	0.00132886559555517
vm_mconsumospesos_rank	0.000752076120381163	0.0013512515544554	0.00156943609130223
Visa_fultimo_cierre_delta1	0.000752009418301427	0.00102041329848888	0.00113984592032534
mcomisiones_mantenimiento_rank_delta1	0.000748637235549076	0.00239988191438256	0.00154079674657044
rf_007_015	0.000745644296805029	0.000698672019463919	0.000555603287796775
vm_cconsumos_delta2	0.000742496371511604	0.000757571606360653	0.000372311481513303
cpagomiscuentas_tend6	0.000738131212580026	0.00212340886963416	0.000738895094080247
vmr_mconsumospesos_lag2	0.000733508209369074	0.0011902464028035	0.00175845576653206
rf_005_022	0.000730290463061397	0.00124929477246362	0.000303577054157001
Master_Fvencimiento_tend6	0.000726186495168415	0.000779343107026473	0.000870636079846493
Master_mfinanciacion_limite_rank_lag1	0.000725022581711433	0.000937594225543221	0.00176991150442478
Master_mpagosdolares_rank	0.000724965277389973	0.00126267953922383	0.00250880659850503
vm_fultimo_cierre_lag2	0.000722776919025461	0.00148410690731505	0.0014491508434287
vm_mconsumospesos_rank_delta2	0.000722404552019922	0.00126050214451798	0.00189592462124467
Visa_mconsumospesos_rank_delta1	0.000719739522008648	0.000875373884179242	0.00187301314545923
vm_mconsumospesos_rank_lag2	0.000719424473413794	0.001255415252368	0.00148351805710685
mttarjeta_visa_debitos_automaticos_rank	0.000718271290592808	0.00133014676155796	0.00152934100867772
mtransferencias_recibidas_rank_delta1	0.000715262716426125	0.00150251937930558	0.00164389838760489
ccaja_seguridad_lag2	0.000711864905020974	0.00078596015203417	0.000103101641034453
mextraccion_autoservicio_rank_delta2	0.000711060068642192	0.00187084728781891	0.00149497379499957
thomebanking_tend6	0.000706626361713948	0.00333618786427975	0.000756078700919323
vm_mpagominimo_rank	0.000703451550624902	0.000955402648984318	0.000985193458773663
Visa_mpagominimo_rank_delta1	0.000701278384418503	0.00124975803506014	0.00186155740756651
Visa_mconsumototal_rank_delta2	0.000693051829243089	0.00104508971947704	0.00225678036486525
Visa_mconsumosdolares_rank_lag1	0.000688866922769308	0.000856652009278017	0.00132313772660882
Visa_mfinanciacion_limite_rank_tend6	0.000683967680427294	0.00188046000642577	0.00171836068390755
vm_Fvencimiento_lag1	0.000683863088842227	0.00100932764104664	0.0014777901881605
rf_015_019	0.000676093120563142	0.000904034110966659	0.000939370507202795
cproductos_delta1	0.000673403959702304	0.00136423645438637	0.000194747544176189
ccaja_seguridad_lag1	0.000671498934382718	0.000754716192608444	8.01901652490191e-05
Master_mpagado_rank_tend6	0.000669690343281141	0.00220611585570663	0.00153506887762408
mv_status07_rank_tend6	0.000666235110499679	0.000729098436544667	0.000286393447317925
Visa_mpagado_rank_delta1	0.000664370688208382	0.00129140421399043	0.000905003293524644
vm_mfinanciacion_limite_rank_tend6	0.000649798631863007	0.000941857156855605	0.0010081049345591
Master_msaldopesos_rank_lag1	0.00064072822707784	0.000740620735622225	0.00117421313400349
tcallcenter_tend6	0.000639458372988787	0.00179378028908436	0.000549875418850417
mtarjeta_visa_consumo_rank_lag1	0.000639376988395618	0.00103936271421458	0.00122576395452072
vm_Fvencimiento_delta2	0.00063876570773452	0.000944699707317273	0.000899275424578286
Visa_mfinanciacion_limite_rank_lag1	0.000633506904467419	0.000916907923625742	0.00168972133917576
tcallcenter_lag1	0.000628186333933692	0.00150477227021562	0.00134604920239425
mrentabilidad_rank_tend6	0.000625556217309883	0.00140659905809755	0.000773262307758399
Visa_msaldopesos_rank_tend6	0.000625537056573255	0.00113044401809218	0.0014491508434287
Visa_msaldopesos_rank_delta2	0.000620846195368515	0.000964681237700706	0.00163817051865853
ctarjeta_debito_transacciones_delta2	0.000616958202098486	0.00173379329379428	0.00116275739611078
Visa_fultimo_cierre_tend6	0.000613674934566999	0.000917231899671327	0.00116275739611078
ctarjeta_visa_transacciones	0.000607712416825036	0.00143996246165845	0.000824813128275625
rf_006_021	0.000607582252858543	0.000816407323994747	0.00189019675229831
vm_mconsumospesos_rank_lag1	0.00060607870173886	0.00101856929712516	0.00131740985766246
vmr_mconsumospesos_delta2	0.000601736490268086	0.00141590958144526	0.00146633445026778
Visa_mlimitecompra_rank_delta1	0.000600737280891902	0.000890747015776545	0.00189019675229831
rf_015_024	0.000597604011782074	0.000751062150020254	0.00142623936764327
ccajas_consultas_tend6	0.000596695221238348	0.00214345263835179	0.000309304923103359
Visa_mfinanciacion_limite_rank_lag2	0.000595678006633198	0.000817342372104227	0.00134604920239425
mtransferencias_recibidas_rank_lag2	0.000594525510596155	0.000871325341042526	0.00120858034768165
rf_018_016	0.00059135284002477	0.000639698672512636	0.000595698370421285
vmr_mpagominimo_delta1	0.000590268076690626	0.000884838188296883	0.00072743935618753
cproductos_lag1	0.000582974270665636	0.00114621251831283	0.000263481971532491
cprestamos_personales_lag1	0.000582947270759274	0.00112751723806751	0.000183291806283472
Visa_cconsumos_lag2	0.000580961003149527	0.000798775540627221	0.00148924592605321
vm_mconsumototal_rank_delta1	0.000580012051712711	0.00109005462736666	0.00132886559555517
mcomisiones_otras_rank	0.000579719721209332	0.00125517960951184	0.00144342297448234
mextraccion_autoservicio_rank_tend6	0.00057957874146149	0.00198437640156434	0.00113411805137898
vm_mconsumospesos_rank_delta1	0.00057922308764502	0.00112000818041725	0.00170117707706848
Master_mlimitecompra_rank_lag1	0.000578842231946994	0.000804507017790276	0.00149497379499957
Master_msaldototal_rank	0.000576992772974799	0.000829039338358034	0.00118566887189621
ctrx_quarter_delta1	0.000567848311451495	0.000561183751280746	0.000400950826245096
vm_msaldopesos_rank_tend6	0.00056645924315926	0.000900463929667306	0.00103674427929089
thomebanking_delta1	0.000566185045439291	0.00110881522366599	0.000664432797777587
chomebanking_transacciones_lag2	0.000562292693216435	0.000727235968862018	0.00144342297448234
vm_fultimo_cierre_delta1	0.000562039241227567	0.00109163060405284	0.000945098376149154
mpayroll_sobre_edad_rank_delta2	0.000561927941657253	0.000995183624481004	0.000246298364693416
mpagomiscuentas_rank_lag1	0.000561880680186937	0.00159949341182069	0.00105965575507632
chomebanking_transacciones_delta1	0.000560653274670934	0.00159807503017259	0.00111693444453991
cliente_edad_lag2	0.000558960277115238	0.00125507241542401	0.000738895094080247
vmr_mpagominimo	0.000553175219476874	0.000738660464842996	0.00115130165821806
mcomisiones_otras_rank_lag1	0.000551461647816492	0.00091362549597714	0.00142051149869691
mpayroll_rank_tend6	0.000544694710561775	0.00100421460143082	0.00034367213678151
rf_004_016	0.000544124840843507	0.00120878269382996	0.000973737720880946
rf_010_021	0.000542919422404259	0.00113162328458484	0.000824813128275625
Master_msaldototal_rank_delta1	0.000540899963647871	0.000799668421344604	0.00112266231348627
Master_mlimitecompra_rank_delta1	0.000537247624288215	0.000779999897697645	0.00169544920812212
Master_mpagospesos_rank_tend6	0.000536779466930711	0.00149002281091978	0.00123721969241344
ccajas_transacciones_tend6	0.000534598467861724	0.00166083670825646	0.000589970501474926
ccajas_otras_tend6	0.000525386665662767	0.0023554853061429	0.000418134433084171
matm_other_rank_delta2	0.000523177169559589	0.00157239903417987	0.00099664919666638
mcuenta_debitos_automaticos_rank_delta1	0.000523071907150536	0.00170060363672421	0.000670160666723945
vm_fultimo_cierre_tend6	0.000519280714871113	0.00104220200281935	0.000973737720880946
Visa_mconsumosdolares_rank_lag2	0.000518703322801472	0.00125683942118157	0.00137468854712604
Visa_mpagospesos_rank_delta1	0.000513956292010297	0.000959310590305213	0.00139760002291148
mcaja_ahorro_rank_tend6	0.000510696295747215	0.00095809723214683	0.00080762952143655
vmr_mpagominimo_lag1	0.000508517947299572	0.000705742304749744	0.00106538362402268
Master_mconsumototal_rank_lag2	0.000507859445766228	0.000751451573646337	0.00120858034768165
ccaja_seguridad	0.000506122131268718	0.000499822803990269	4.00950826245096e-05
Master_msaldopesos_rank_tend6	0.000505102443339636	0.000972907351459003	0.00113984592032534
internet_delta2	0.000504563220076374	0.00144662077967813	0.000246298364693416
Visa_cconsumos_delta2	0.00050340683298682	0.00083677354305069	0.00134604920239425
ctransferencias_recibidas_lag2	0.00050073821647175	0.00153013657473676	0.000899275424578286
vmr_msaldopesos2_lag2	0.000496345765013947	0.000888569489544206	0.00110547870664719
vm_msaldopesos_rank_delta2	0.000489506084720477	0.000733352950161809	0.000836268866168342
Master_mpagospesos_rank	0.000488645897671076	0.00114006289213868	0.0013116819887161
rf_012_013	0.000487942592497034	0.00135764255804058	0.000813357390382908
vmr_msaldototal_lag2	0.000484648146237956	0.000701291790359976	0.000899275424578286
foto_mes	0.000484109297026232	0.00148899603623747	0.000200475413122548
ccajas_depositos_tend6	0.000483848233105936	0.00259166789439015	0.000400950826245096
Master_fultimo_cierre_lag1	0.00048263166863869	0.00085158602983965	0.00103674427929089
vm_mpagominimo_rank_delta1	0.000480814112949643	0.000474752671612509	0.000504052467279549
vmr_Visa_mlimitecompra_lag1	0.000480718130016898	0.000558272570297566	0.00080762952143655
Master_mpagado_rank_delta1	0.000480587891016881	0.001260168146154	0.00116275739611078
ctarjeta_debito_tend6	0.0004776731007283	0.00332275377508649	0.00042386230203053
rf_014_017	0.000476642585431795	0.00082331672608028	0.000784718045651116
rf_004_025	0.000476090307074402	0.000587860742764105	0.00139187215396512
mcomisiones_otras_rank_tend6	0.000475956350849478	0.000966656686636667	0.000916459031417361
Visa_msaldodolares_rank_tend6	0.000475742175271868	0.00152097128293725	0.000887819686685569
rf_017_021	0.000474280656422578	0.000847766316486999	0.000939370507202795
vm_mlimitecompra_rank_delta1	0.000473175390552141	0.000966231803469381	0.00126013116819887
mcomisiones_mantenimiento_rank_lag2	0.00046981321035607	0.0011184483814891	0.000664432797777587
Master_fultimo_cierre_lag2	0.000468078560481635	0.000699190365353676	0.00105965575507632
Visa_cconsumos_lag1	0.000467276598793521	0.000817716854321258	0.00132313772660882
mactivos_margen_rank_lag1	0.000464718708174991	0.00132938590712937	0.00088209181773921
mpasivos_margen_rank_tend6	0.000463124570638377	0.00102759517084724	0.000945098376149154
Visa_mlimitecompra_rank_tend6	0.000460738626439921	0.000629208803756377	0.0010768393619154
ccomisiones_otras_tend6	0.000459998255236929	0.0015084807647699	0.000876363948792852
rf_002_017	0.00045550193293077	0.000347452024315851	0.00049832459833319
Visa_Finiciomora	0.000454889492746851	0.00187212451523994	0.000200475413122548
vm_msaldopesos_rank_lag1	0.000453832411499593	0.000715266058840024	0.000687344273563021
Master_msaldopesos_rank_delta2	0.000451555542440421	0.000789957741809381	0.00105965575507632
mpayroll_sobre_edad_rank_lag1	0.000450247857885624	0.00139002295893443	0.000469685253601398
Master_mpagospesos_rank_delta1	0.000448191736308461	0.000936376579621325	0.00127158690609159
Master_msaldototal_rank_lag2	0.00044738533338089	0.000548531192480011	0.000968009851934588
mextraccion_autoservicio_rank_lag2	0.000446573307910738	0.000735295885749902	0.000916459031417361
vm_mpagominimo_rank_lag2	0.000445946084901029	0.000910411567323562	0.000933642638256437
vm_mpagospesos_rank	0.00043561123031359	0.000382959520075805	0.0005384196809577
mcajeros_propios_descuentos_rank_delta2	0.000435134089486353	0.000945262456549426	0.000836268866168342
mextraccion_autoservicio_rank_delta1	0.000434736237613426	0.00189738483491955	0.000778990176704757
vm_mfinanciacion_limite_rank_delta1	0.000434461140256166	0.00136575516443961	0.00138614428501876
rf_013_017	0.000430508827456706	0.000546670592473494	0.000441045908869605
vm_cconsumos_lag2	0.000430439456534948	0.000738487112931628	0.000744622963026606
vmr_mconsumosdolares	0.000426374495618244	0.00134827863493869	0.000847724604061059
mtarjeta_visa_consumo_rank_tend6	0.000424576255085528	0.000807890036897007	0.000744622963026606
rf_003_026	0.000418242965571437	0.000438825974629557	0.000297849185210642
vm_mconsumospesos_rank_tend6	0.000417410174714536	0.000645958991379201	0.000927914769310078
vm_mfinanciacion_limite_rank_delta2	0.000416358223840851	0.00166987825993592	0.000945098376149154
vm_mpagominimo_rank_tend6	0.000414370162689104	0.000784182834599942	0.00105392788612997
rf_012_019	0.000412887838187787	0.000541734403373622	0.0011455737892717
rf_009_023	0.000409798954225509	0.000620601236877178	0.000847724604061059
ccallcenter_transacciones_tend6	0.000404420496227529	0.00111903233279115	0.000395222957298737
cliente_edad	0.000402625195620764	0.000938309203532747	0.000481140991494115
Visa_mpagominimo_rank_lag1	0.000401910833516485	0.000991106355959278	0.00127158690609159
Master_mpagado_rank	0.000400625810739664	0.00118075237369954	0.00110547870664719
mtarjeta_visa_descuentos_rank_delta1	0.000398287772178196	0.000894305517523751	0.00080762952143655
Master_mpagominimo_rank_delta1	0.000396298559530911	0.000724981026138761	0.000738895094080247
Visa_msaldototal_rank_delta1	0.000395067973637146	0.000772390853611103	0.000927914769310078
vm_status04_delta2	0.000394678201582957	0.000673284276922599	0.000148924592605321
mtarjeta_master_consumo_rank_tend6	0.000394184793881531	0.00215356165900899	0.000681616404616662
rf_005_021	0.000393947468331646	0.000415798343391411	0.000246298364693416
vmr_Master_mlimitecompra_lag2	0.00039031943364075	0.000663205402136478	0.000979465589827305
vm_status06_delta2	0.000387043305759306	0.000539010463498958	0.000137468854712604
mautoservicio_rank	0.000386878791907618	0.000676406663140433	0.00042386230203053
vm_mlimitecompra_rank_delta2	0.000383607536132298	0.00113627053629556	0.00100237706561274
rf_012_015	0.000381183643155388	0.00058586438111653	0.000315032792049718
cproductos_tend6	0.000381044452554981	0.00109701206292566	0.000177563937337114
vm_mlimitecompra_rank	0.000380598716728414	0.000569452900505962	0.000853452473007418
Visa_msaldopesos_rank_lag1	0.00037879453843771	0.000489631816025658	0.000853452473007418
Master_msaldodolares_rank_delta2	0.000378611326611868	0.000937513678721885	0.000985193458773663
mttarjeta_visa_debitos_automaticos_rank_lag2	0.000376070703985696	0.000496949555246269	0.000715983618294813
Master_fultimo_cierre_delta2	0.0003706331523242	0.000446183198101907	0.000773262307758399
Visa_mpagosdolares_rank	0.000370120479193384	0.00066115429916454	0.00103674427929089
vmr_mconsumospesos_tend6	0.000366251594531322	0.00102917096339634	0.000790445914597474
matm_rank_tend6	0.000365436720997536	0.000818944996056908	0.000320760660996076
Master_cconsumos_lag1	0.000363807253015416	0.00049915099299415	0.0010081049345591
ccomisiones_otras_lag2	0.000362102636479474	0.00084058894233453	0.00099664919666638
ccaja_ahorro_lag1	0.000357792734211467	0.000748654347212481	0.00015465246155168
vmr_msaldopesos_tend6	0.000355100583843073	0.000596723286893211	0.000784718045651116
Master_mconsumototal_rank_lag1	0.000352155893853038	0.000647819854438695	0.000968009851934588
mcaja_ahorro_rank_delta2	0.000350434723339483	0.00108922459000531	0.000658704928831228
Master_mconsumospesos_rank	0.000343692897511618	0.000832404312030592	0.000956554114041871
rf_007_023	0.000338657469192944	0.000484246174610517	0.00110547870664719
vmr_msaldopesos2_delta2	0.000338120885636112	0.000870118638124442	0.00076753443881204
mcaja_ahorro_rank_lag2	0.000335382661459245	0.00105509867478207	0.000452501646762322
rf_017_023	0.000334438664509158	0.00106364100452315	0.000675888535670304
rf_012_018	0.000334253888639667	0.00111702886871321	0.00061288197726036
Visa_fultimo_cierre_lag1	0.000334002037614253	0.000831513141157555	0.000796173783543833
vm_mfinanciacion_limite_rank_lag2	0.00032780483296672	0.000441466026910086	0.000721711487241172
Master_mconsumospesos_rank_delta2	0.000326906808938144	0.000824371857873432	0.000939370507202795
rf_019_019	0.000323513439877637	0.000784432050989669	0.000841996735114701
vmr_msaldopesos_lag1	0.000322390090876152	0.000393293135364154	0.000515508205172266
mpayroll_sobre_edad_rank_tend6	0.000322081118422598	0.000778733271311566	0.000171836068390755
Master_mconsumospesos_rank_lag2	0.000320279582257659	0.000537758804827228	0.000905003293524644
vm_msaldopesos_rank_delta1	0.000319765320133834	0.000600334241403887	0.00065297705988487
chomebanking_transacciones_tend6	0.000319139728019269	0.000770088692878604	0.000670160666723945
vmr_mpagospesos_lag2	0.000318519987137277	0.000590602622851752	0.00080762952143655
cpayroll_trx_delta2	0.00031689850975703	0.000708797428321543	0.00011455737892717
vm_mpagado_rank_delta2	0.000316507193859727	0.00143027385226794	0.000446773777815964
ctrx_quarter_tend6	0.000315293789849445	0.000584956348547714	0.000555603287796775
cpayroll_trx_lag2	0.000313647010334862	0.000184094442507685	4.00950826245096e-05
mtransferencias_emitidas_rank_lag1	0.000311698360394837	0.00067963469143354	0.000618609846206719
vm_status04	0.000310275668387882	0.000324867006015591	0.000320760660996076
rf_015_017	0.000310159823445053	0.000596262496994663	0.00026920984047885
ctransferencias_recibidas_tend6	0.000308323857089154	0.00137810686955138	0.000526963943064983
internet_tend6	0.000308082576060878	0.00181332423084175	0.000183291806283472
rf_013_015	0.000304654665753124	0.000627830853350736	0.000561331156743134
Visa_mpagosdolares_rank_lag1	0.000304044790972101	0.000670456246985222	0.00117421313400349
mplazo_fijo_dolares_rank_delta2	0.000301859635352977	0.000962973392557514	0.000126013116819887
mplazo_fijo_dolares_rank_lag2	0.000300683219452474	0.00161168886346455	0.000389495088352379
Master_cconsumos_lag2	0.000300178535795545	0.000468059709515857	0.00076753443881204
vm_Finiciomora	0.000298831010626686	0.00205350514541255	0.000194747544176189
cliente_antiguedad_lag1	0.000298389307935626	0.000628478963273691	0.000750350831972965
ccuenta_debitos_automaticos_tend6	0.000297470920812622	0.000871686328641873	0.000240570495747057
vmr_msaldopesos2	0.000292071910242481	0.000633413126865645	0.000847724604061059
mpayroll_rank_lag2	0.000288525227520318	0.000532885827357557	0.000252026233639774
vm_fultimo_cierre_lag1	0.000287970294360394	0.000696615287158288	0.000572786894635851
rf_007_016	0.000285590317431461	0.000375680923138064	0.000675888535670304
vm_mpagado_rank_tend6	0.000284848173560205	0.0008687517885544	0.000389495088352379
vmr_mconsumosdolares_tend6	0.000283745508701775	0.00151973811688975	0.00065297705988487
vm_mpagominimo_rank_delta2	0.000274669785202742	0.000562024047708171	0.000607154108314002
mpagomiscuentas_rank_tend6	0.000273952990187761	0.000819236642891708	0.000332216398888793
vmr_mpagado_lag2	0.000267285701067877	0.000895175670463983	0.000486868860440473
Visa_cconsumos_delta1	0.000267124023986744	0.000545406123121819	0.00061288197726036
vmr_mpagado_lag1	0.000267104586586642	0.00133701783682485	0.000544147549904058
vmr_msaldodolares2_tend6	0.000266881840089878	0.00151830161089159	0.000504052467279549
vm_msaldopesos_rank_lag2	0.000266626406829549	0.000519980737699595	0.00049832459833319
mcuenta_corriente_rank_delta1	0.00026405670393672	0.00114058268481981	0.000458229515708681
ctarjeta_master_transacciones_delta2	0.000262732116531802	0.00073243052859519	0.000441045908869605
Master_mconsumototal_rank_delta2	0.000260681815234627	0.000524646061149791	0.000670160666723945
mcaja_ahorro_dolares_rank_delta1	0.000258424940599514	0.00056199355986822	0.000183291806283472
vmr_mpagado_delta2	0.000257019110330449	0.00143874970852191	0.000481140991494115
vm_mpagospesos_rank_delta1	0.000254149615665175	0.000726853884413973	0.000555603287796775
vmr_msaldototal_delta2	0.00025340163920956	0.000353915420080104	0.000647249190938511
rf_013_026	0.000251878224334449	0.000979130264192342	0.000389495088352379
ccajas_transacciones	0.000248388821093397	0.000476308524746007	0.000337944267835152
vmr_mpagospesos_lag1	0.000246727289758519	0.000458560077383502	0.000595698370421285
vm_mpagominimo_rank_lag1	0.000245592257905602	0.000790063068221083	0.000687344273563021
vmr_Visa_mlimitecompra_tend6	0.00024405957785807	0.000838419939018623	0.000544147549904058
Visa_mpagado_rank_delta2	0.00024382924225146	0.000689800689365405	0.000481140991494115
matm_other_rank_lag2	0.000243828541230494	0.000322446155780195	0.000395222957298737
vmr_Master_mlimitecompra	0.000238915015651721	0.000361294661086568	0.000681616404616662
mcuenta_debitos_automaticos_rank_delta2	0.000238731329014167	0.00104813958198931	0.000303577054157001
mv_status07_rank	0.000230758107830636	0.00108250697984478	0.000406678695191454
Visa_fultimo_cierre_lag2	0.000230302948487063	0.000629439632743061	0.00049832459833319
rf_012_014	0.000229071882947573	0.000519499534890088	0.000309304923103359
Master_cconsumos_delta1	0.000228536821400363	0.000386720125424686	0.000853452473007418
matm_other_rank_lag1	0.000227832388245245	0.000629213144130485	0.000355127874674227
rf_018_015	0.000227104692899397	0.000575425360500586	0.000618609846206719
matm_rank_delta2	0.000224864852854379	0.000855384304374734	0.000475413122547756
mtarjeta_master_descuentos_rank_lag2	0.000224828599542307	0.000640212204532927	0.000526963943064983
ctarjeta_visa_debitos_automaticos_tend6	0.000224074447052052	0.0015813012203925	0.000286393447317925
vmr_msaldototal_delta1	0.000223958516293544	0.000486359831580214	0.000589970501474926
vmr_mconsumosdolares_lag2	0.000223629502519341	0.000369785932244954	0.0005384196809577
ccajas_extracciones_delta2	0.00022219827009506	0.000894341292728525	0.000372311481513303
rf_010_016	0.000221443279685787	0.000490304994897253	0.000481140991494115
mpagomiscuentas_rank_lag2	0.000215416555714218	0.000518397185087694	0.000481140991494115
rf_005_013	0.000214455131580991	0.00060287078233825	0.000177563937337114
vm_mfinanciacion_limite_rank	0.000210899758092827	0.000334601491845168	0.000475413122547756
catm_trx_other_tend6	0.000210758103223471	0.000656012455247814	0.000315032792049718
mtransferencias_emitidas_rank_delta1	0.000210355528695007	0.00057857668254581	0.000280665578371567
rf_014_015	0.000210156820306282	0.000402253061705078	0.000544147549904058
vm_fultimo_cierre_delta2	0.000210116884951395	0.000205300431885101	0.000378039350459662
vmr_msaldopesos2_delta1	0.000210107251385296	0.000409404025338729	0.000549875418850417
mpagomiscuentas_rank_delta2	0.000209326416847032	0.000615510898733207	0.000234842626800699
cpagomiscuentas_delta2	0.000208195449130845	0.000986795706836998	0.000183291806283472
rf_015_020	0.000207627730826765	0.00114803579110201	0.000206203282068906
mautoservicio_rank_delta1	0.000206915006400596	0.000903239743588892	0.00038376721940602
Master_mlimitecompra_rank_tend6	0.000204133611296462	0.000731577368877225	0.000532691812011341
rf_013_022	0.000203771690123038	0.000867004616991254	0.000240570495747057
tcuentas_lag2	0.000203448511867468	0.00152041395259641	0.000189019675229831
ctransferencias_emitidas_delta2	0.000202728568226359	0.000831004344090837	0.000252026233639774
vm_mpagado_rank_delta1	0.000202608096239096	0.00100852475075245	0.000252026233639774
ctarjeta_visa_transacciones_lag1	0.00020245505005246	0.00036759572685916	0.000435318039923247
ctrx_quarter_normalizado	0.00020119596001073	0.000539623718902557	0.000486868860440473
mtransferencias_emitidas_rank_tend6	0.000200120613504588	0.000845379242253757	0.000332216398888793
Visa_mpagado_rank_lag2	0.000195964860934726	0.000606292549148387	0.000452501646762322
vm_msaldopesos_rank	0.000195460840523574	0.000300075841319175	0.000515508205172266
ctransferencias_recibidas_delta2	0.000192971086445287	0.000992369089161309	0.000326488529942435
vmr_mpagado_delta1	0.000192077150307319	0.00118301115699625	0.000360855743620586
mv_status07_rank_lag2	0.000190627700401578	0.000950251834961101	0.00042386230203053
mtarjeta_master_consumo_rank_lag2	0.000188666491795648	0.000262565986303787	0.000521236074118624
mttarjeta_visa_debitos_automaticos_rank_delta1	0.000188483854093972	0.000992785896602223	0.00038376721940602
mcuenta_debitos_automaticos_rank_lag1	0.000188343700098933	0.000689636859971779	0.000332216398888793
vm_mconsumosdolares_rank_lag2	0.000185706759140168	0.000758023925953364	0.000429590170976888
ccajas_extracciones_tend6	0.000181448832561069	0.00140661197399869	0.000240570495747057
Master_mpagado_rank_lag2	0.000180320626285253	0.000336829603164845	0.000418134433084171
mcaja_ahorro_dolares_rank_lag1	0.00018013592334083	0.000916770373224446	0.000406678695191454
ccajas_consultas_delta2	0.000178036461093201	0.000904193468459689	0.000217659019961623
vm_Finiciomora_lag2	0.000177788048008143	0.00102786088065858	0.000206203282068906
vm_cconsumos_tend6	0.000176592624800423	0.000676440465447885	0.000263481971532491
vm_cconsumos	0.0001753335475623	0.000675237576797957	0.000315032792049718
mforex_sell_rank_tend6	0.000174792950976909	0.000861598247001582	0.000183291806283472
mtransferencias_emitidas_rank_delta2	0.000171561821125321	0.000372343622638611	0.00026920984047885
ctarjeta_debito_transacciones_tend6	0.000171243117336874	0.00128225836180587	0.000332216398888793
Visa_mpagado_rank	0.000170280062705621	0.000605566680765643	0.000315032792049718
mautoservicio_rank_lag1	0.000166008742758829	0.000617128621926727	0.000332216398888793
mv_status07_rank_delta2	0.000164254887511055	0.00122040006025315	0.00038376721940602
rf_017_018	0.000162966784226383	0.000957536350590808	0.000303577054157001
ccomisiones_mantenimiento_lag2	0.00016058500950955	0.000883298802279699	0.000200475413122548
mcaja_ahorro_dolares_rank	0.000160162336316656	0.0010031824078572	0.000297849185210642
vm_Fvencimiento_delta1	0.0001598319987352	0.000350911434006893	0.000257754102586133
rf_002_018	0.000159799894617038	0.00119783569161153	0.000240570495747057
mcaja_ahorro_adicional_rank_lag2	0.00015948203895493	0.00185789705827022	0.00026920984047885
cforex_tend6	0.00015821683991692	0.00157629490136915	0.000274937709425208
mpagomiscuentas_rank_delta1	0.000157786015473998	0.000583125289390432	0.000234842626800699
minversion2_rank_lag1	0.000157362878980936	0.00101669720170358	0.000120285247873529
catm_trx_delta2	0.000156783713202383	0.000736618726557013	0.000372311481513303
ccallcenter_transacciones_delta2	0.000155380571106326	0.000556405341356047	0.000217659019961623
vm_msaldodolares_rank_tend6	0.000154036443847661	0.000795014119814114	0.000263481971532491
vm_mconsumosdolares_rank_lag1	0.000153687484735763	0.000658466976264174	0.000360855743620586
Master_mpagado_rank_delta2	0.000151108426447439	0.000285686080663095	0.000332216398888793
ctarjeta_master_debitos_automaticos_tend6	0.000149081561047741	0.00187513326257202	0.000240570495747057
matm_rank_delta1	0.00014862384223561	0.000496652305383074	0.000240570495747057
vmr_mconsumosdolares_lag1	0.000148144092131867	0.000328981785891734	0.000263481971532491
rf_012_020	0.000147775044702543	0.000492032095518309	0.000286393447317925
mv_status07_rank_delta1	0.000146895323120833	0.00121756135036493	0.000315032792049718
cforex_sell_tend6	0.000144160518908286	0.00116302113000169	0.000183291806283472
Visa_mpagado_rank_lag1	0.000144107695222382	0.000307471917716122	0.000366583612566944
vmr_mpagospesos_delta1	0.000141650727041461	0.000671845114089378	0.000412406564137812
rf_020_019	0.000141182340635973	0.000875946050707946	0.000252026233639774
mprestamos_prendarios_rank_lag2	0.000139205919798579	0.000735786453245364	8.01901652490191e-05
ccomisiones_mantenimiento_delta1	0.000138265138734438	0.000646541495889873	8.01901652490191e-05
rf_011_023	0.000137928677564871	0.000553276431424401	0.000263481971532491
vm_status05_tend6	0.000137689155916295	0.000555112909472994	0.000183291806283472
ccallcenter_transacciones_delta1	0.000136346770348645	0.000618729746477443	8.01901652490191e-05
catm_trx_tend6	0.000135967189120965	0.000992069366600137	0.000234842626800699
catm_trx_lag1	0.000135504672166982	0.000686654128579051	0.000137468854712604
mcajeros_propios_descuentos_rank_lag2	0.000132698279388533	0.000627787502220245	0.000326488529942435
ctarjeta_debito_transacciones_lag2	0.00013018613832291	0.000463257203938531	0.000332216398888793
mtarjeta_master_descuentos_rank_delta2	0.00012764791051658	0.000273466428145422	0.000303577054157001
vmr_mpagosdolares_lag1	0.00012715619544991	0.000944998614414219	0.000211931151015265
cextraccion_autoservicio_tend6	0.000125382520055728	0.000744985705184107	0.000252026233639774
cmobile_app_trx	0.00012475341783851	0.000840277356084128	0.000206203282068906
cpagomiscuentas_lag2	0.000124214709327496	0.000778547266552039	0.000234842626800699
rf_016_023	0.00012159981338762	0.000647445793106427	0.00022911475785434
rf_001_023	0.000121557981514349	0.000519588815070237	0.000183291806283472
Visa_Fvencimiento_delta2	0.00012135239677664	0.00027388573458961	0.000240570495747057
Master_delinquency_tend6	0.000120918808850787	0.000457150323873029	0.000315032792049718
catm_trx_lag2	0.000120178370927283	0.000379754009117467	0.000246298364693416
rf_011_022	0.000120019738655176	0.000401235941066999	0.000257754102586133
mprestamos_prendarios_rank_lag1	0.000119916537080047	0.00112783029741458	0.000108829509980812
cextraccion_autoservicio_delta2	0.000119756567561596	0.000253044889048567	0.000217659019961623
vm_status01_tend6	0.000118451022433072	0.000378968427709108	0.000263481971532491
mplazo_fijo_dolares_rank_lag1	0.000117538957533691	0.000854970864011917	0.000148924592605321
mforex_buy_rank_tend6	0.000117129925368685	0.00194009800933222	0.00022911475785434
Visa_msaldodolares_rank	0.000116454576519684	0.00061074422097125	0.000246298364693416
vmr_mconsumosdolares_delta2	0.000115473501004935	0.000609716367771739	0.000280665578371567
mtarjeta_master_consumo_rank_delta1	0.000113783011451114	0.00081398581612691	0.000171836068390755
cproductos_lag2	0.000113590036263601	0.000549523270474749	0.000137468854712604
Master_msaldodolares_rank_delta1	0.000113095077287213	0.000181627768443822	0.000292121316264284
mtarjeta_master_consumo_rank_lag1	0.0001107459121863	0.000294917162011967	0.000234842626800699
ctarjeta_debito_lag2	0.000110480013620656	0.000807395365775115	0.000148924592605321
vmr_mpagado_tend6	0.000107501180291074	0.000548397298515085	0.000297849185210642
vm_status01_lag2	0.000107469111512145	0.00127202070824327	0.000200475413122548
vmr_mconsumosdolares_delta1	0.000106636984017076	0.000570813778773443	0.000189019675229831
mprestamos_prendarios_rank	0.000105695542232082	0.000422590555376012	3.4367213678151e-05
ctransferencias_emitidas_lag1	0.000105503691645298	0.000624253017209773	0.000171836068390755
cprestamos_personales_delta1	0.000103398832519974	0.000368958972603427	3.4367213678151e-05
minversion2_rank	0.000102673060933605	0.000718412724847569	6.87344273563021e-05
rf_020_012	0.000100836844815598	0.000610184365321836	9.16459031417361e-05
ccuenta_debitos_automaticos_delta2	9.73525107240933e-05	0.000306473079259894	5.72786894635851e-05
vmr_msaldodolares2	9.7116849221217e-05	0.000808893005284963	0.000211931151015265
rf_014_020	9.30619354537694e-05	0.000198432486948629	2.86393447317925e-05
vm_mpagado_rank	9.05443867930851e-05	0.000492465843570895	0.000160380330498038
active_quarter_tend6	9.01053234347331e-05	0.00102351955955927	0.000160380330498038
ctransferencias_emitidas_delta1	8.98664140480966e-05	0.000855412556264387	0.000131740985766246
ctarjeta_master_transacciones_delta1	8.79051506524825e-05	0.000822985647604336	0.00011455737892717
tcuentas_lag1	8.71602163993749e-05	0.000703995501460765	7.44622963026606e-05
vm_mpagado_rank_lag2	8.71234644817494e-05	0.000364014207976529	0.000108829509980812
rf_003_019	8.30595510709639e-05	0.000714130459141429	0.000103101641034453
ccajas_otras_delta2	8.10608378212188e-05	0.000433395009186603	0.00011455737892717
vmr_msaldodolares_tend6	8.09596524893071e-05	0.000450860858736692	0.000137468854712604
rf_003_023	8.02561120360836e-05	0.000325521481820573	0.00022911475785434
ctarjeta_visa_debitos_automaticos_lag1	7.94768495795373e-05	0.000789590572465091	0.000137468854712604
cextraccion_autoservicio_lag1	7.93905966487417e-05	0.000396597080746216	9.16459031417361e-05
matm_other_rank	7.89832309577906e-05	0.000614384663720567	0.000183291806283472
vmr_mpagado	7.89763789756821e-05	0.000474890642898567	0.000120285247873529
mtarjeta_master_consumo_rank	7.86388509014707e-05	0.000272497183149025	0.000131740985766246
mttarjeta_master_debitos_automaticos_rank_delta1	7.37545536926481e-05	0.00117015462691771	0.000200475413122548
mtarjeta_visa_descuentos_rank_lag2	7.33839023909332e-05	0.000245954716957735	0.000160380330498038
ccallcenter_transacciones_lag2	7.30367669880776e-05	0.000300217521652199	0.000143196723658963
cliente_edad_tend6	7.20758358105272e-05	0.000640543914336015	0.000108829509980812
rf_008_017	7.14819601505598e-05	0.000229766594629325	0.000206203282068906
vm_cconsumos_delta1	7.02402904972202e-05	0.000293015736183531	0.00011455737892717
ctarjeta_visa_transacciones_delta1	6.7797557822928e-05	0.000873442338785022	0.000131740985766246
ccaja_ahorro_lag2	6.6556954830145e-05	0.000522047124049455	6.87344273563021e-05
ctarjeta_master_descuentos_tend6	6.62597648315066e-05	0.000543844877402307	8.01901652490191e-05
matm_rank_lag1	6.56729729944249e-05	0.000205285016980691	0.000206203282068906
ccomisiones_mantenimiento_lag1	6.4829016291753e-05	0.000151831652599535	3.4367213678151e-05
vm_mpagosdolares_rank_tend6	6.25645243050882e-05	0.000356469927532747	0.00011455737892717
Visa_status_tend6	6.18878335626724e-05	0.000247003614395349	0.000183291806283472
rf_010_018	6.15770164910623e-05	0.000261119721040206	0.000108829509980812
ccallcenter_transacciones	5.99926336826096e-05	0.000827655074680963	6.87344273563021e-05
ctarjeta_visa_descuentos_lag2	5.96915134776511e-05	0.000178818915068415	0.000131740985766246
vm_mpagosdolares_rank	5.90611667422711e-05	0.000257932965759077	0.000103101641034453
mtarjeta_master_descuentos_rank_delta1	5.87919710865183e-05	0.00014165899942737	0.000200475413122548
cprestamos_prendarios	5.86896751049807e-05	0.000142806515425791	1.1455737892717e-05
vm_mpagado_rank_lag1	5.85658281866312e-05	0.00017767011011041	0.000108829509980812
mttarjeta_master_debitos_automaticos_rank	5.78646927978157e-05	0.000940622386184952	0.00011455737892717
vm_status03_tend6	5.55742890144979e-05	0.000293946838498368	5.15508205172266e-05
mcajeros_propios_descuentos_rank_tend6	5.51719757736291e-05	0.000833182396429127	0.00011455737892717
cseguro_vida_tend6	5.26243418543094e-05	0.000659413888062884	9.16459031417361e-05
ctarjeta_debito_transacciones	5.16762309236886e-05	0.000365238614359916	0.000108829509980812
vmr_mpagosdolares_tend6	5.09653847666994e-05	0.000420335139157398	8.59180341953776e-05
ctarjeta_debito_lag1	5.00037655000318e-05	0.000300007368629449	6.87344273563021e-05
rf_010_022	4.96638482404213e-05	0.000265763631978134	6.30065584099436e-05
mttarjeta_master_debitos_automaticos_rank_lag1	4.88297601120368e-05	0.000368604666549677	9.16459031417361e-05
ctransferencias_recibidas_lag1	4.73771506753855e-05	0.000311117542609071	5.15508205172266e-05
mforex_sell_rank	4.58526259527363e-05	0.000697744573585453	0.000103101641034453
cseguro_vivienda_lag2	4.34335745463027e-05	0.000194437843366752	7.44622963026606e-05
mv_status07_rank_lag1	4.33171304383327e-05	0.000128689277653136	8.01901652490191e-05
mtarjeta_visa_descuentos_rank	4.23446870841631e-05	0.000319997763898183	0.000108829509980812
ctransferencias_emitidas_lag2	4.15063226263458e-05	0.000258824662738067	7.44622963026606e-05
cpagomiscuentas_lag1	3.99393452864602e-05	0.000350585669201069	5.15508205172266e-05
cextraccion_autoservicio_delta1	3.87019679655128e-05	0.000419302735141396	6.87344273563021e-05
rf_004_019	3.77942946903677e-05	0.000150855226256886	6.87344273563021e-05
cforex_buy_tend6	3.72912592194348e-05	0.000576048822359664	6.30065584099436e-05
mtarjeta_visa_descuentos_rank_lag1	3.67667643138355e-05	9.86486014568025e-05	8.01901652490191e-05
vmr_mpagosdolares_delta1	3.56655098744811e-05	0.000413970651312226	8.59180341953776e-05
cpagomiscuentas_delta1	3.41477512152868e-05	0.000314684356830328	7.44622963026606e-05
mpagodeservicios_rank_lag2	3.3490970080412e-05	0.000784824499724979	8.59180341953776e-05
ccomisiones_mantenimiento_delta2	3.29911069482869e-05	8.19840375777566e-05	1.71836068390755e-05
catm_trx_delta1	3.25163573260069e-05	0.000262619096699697	6.87344273563021e-05
mpagodeservicios_rank_tend6	3.14777957693375e-05	0.000480056713994408	6.87344273563021e-05
mextraccion_autoservicio_rank	3.07055841896413e-05	0.000128544019799635	9.16459031417361e-05
internet_delta1	2.99346927854493e-05	0.000388749263473105	5.15508205172266e-05
vmr_msaldodolares2_lag1	2.72250856062961e-05	0.000168283985337319	5.15508205172266e-05
ctransferencias_emitidas	2.56940115390115e-05	0.000634016754530312	6.87344273563021e-05
mtarjeta_visa_descuentos_rank_tend6	2.41555277201209e-05	0.000347683826598548	5.72786894635851e-05
active_quarter_delta1	2.15022193489136e-05	0.000389349287311997	8.01901652490191e-05
ctransferencias_recibidas_delta1	2.08359007858332e-05	0.000340595864152716	4.00950826245096e-05
ccuenta_debitos_automaticos_delta1	1.89314017942776e-05	0.000129594969050464	1.71836068390755e-05
cpagodeservicios_tend6	1.6730389474502e-05	0.000566289635855615	5.72786894635851e-05
ccuenta_debitos_automaticos_lag1	1.64668967961883e-05	0.000336184018550461	3.4367213678151e-05
cproductos	1.53913123547195e-05	0.000138914778168235	1.1455737892717e-05
ccajas_depositos_delta1	1.47368704589241e-05	0.000183047623188584	2.2911475785434e-05
cliente_edad_delta2	1.41687837664125e-05	0.000147627145353183	3.4367213678151e-05
ctarjeta_debito	1.25398172316494e-05	0.000285613030851582	2.2911475785434e-05
cextraccion_autoservicio	1.16453471150467e-05	0.000216510644911602	2.86393447317925e-05
cplazo_fijo_lag2	1.12712654134547e-05	0.000176148374947935	2.2911475785434e-05
ctarjeta_visa_debitos_automaticos_delta1	8.80940808898624e-06	0.000140125926681618	1.71836068390755e-05
ccuenta_debitos_automaticos_lag2	8.64293508376093e-06	5.29455143051525e-05	1.71836068390755e-05
ccallcenter_transacciones_lag1	7.35728667394831e-06	7.30765903056001e-05	1.1455737892717e-05
ctransferencias_recibidas	6.9715399895947e-06	0.000218700218970253	2.86393447317925e-05
ctarjeta_master_debitos_automaticos_lag1	4.60381814420941e-06	2.18010415150558e-06	1.1455737892717e-05
cseguro_vida	3.70877265332822e-06	8.19841427989471e-06	5.72786894635851e-06
cpayroll_trx	3.3933486782827e-06	0.000142806515425791	1.1455737892717e-05
cseguro_vivienda_lag1	2.9497350485126e-06	4.39038047939033e-06	1.1455737892717e-05
ctarjeta_visa_debitos_automaticos	1.54382566472184e-06	7.14032577128955e-05	5.72786894635851e-06
ccajas_otras	4.93784204322256e-07	7.14032577128955e-05	5.72786894635851e-06
