Feature	Gain	Cover	Frequency
rf_008_017	0.0482825182523937	0.0014320344081961	0.000114790134935804
ctrx_quarter_normalizado	0.0482099140498948	0.00110776215991931	0.000361588925047781
mcaja_ahorro_rank_lag1	0.0314794917318583	0.00237741048214279	0.00183664215897286
vm_status01	0.0212571728954232	0.00270587225536256	0.0011134643088773
mcuenta_corriente_rank_lag1	0.0175609413609095	0.00211901810736677	0.000774833410816675
rf_011_028	0.0150979814689567	0.000924859789028479	0.00062560623540013
Visa_mpagospesos_rank	0.0140648424938094	0.00319247300553809	0.00577394378727092
rf_006_015	0.0130773675915377	0.0019940085696748	0.00157262484862051
rf_001_017	0.0109081987180244	0.00194029608173146	0.00452273131647066
Visa_cconsumos_delta1	0.0101499087870686	0.000769986353992329	0.0011134643088773
mautoservicio_rank_lag2	0.00934702528167728	0.00150204018190957	0.00145209520693792
cproductos_lag1	0.00924529190604638	0.00155391000586704	0.000298454350833089
rf_010_026	0.00904308281451208	0.00156229652084365	0.000837967985031366
rf_020_027	0.00900597480739338	0.00113290297617647	0.000855186505271737
mcuentas_saldo_rank	0.00883840856598684	0.00369006653695315	0.0018136841319857
mtarjeta_visa_consumo_rank	0.00794217421446859	0.00161328443534526	0.00150375076765903
vmr_msaldopesos	0.00787231793925024	0.00165800650094255	0.00260573606304274
rf_001_025	0.00709393446530171	0.00192209368475508	0.00339778799409979
mcuenta_corriente_rank_tend6	0.0070419117966998	0.0040377305017294	0.00266313113051064
rf_008_021	0.00674684296080545	0.00162311071043944	0.00107902726839655
mprestamos_personales_rank	0.00666702319558631	0.00493357794131709	0.00118233838983878
cdescubierto_preacordado_tend6	0.00660121981968744	0.00134510324282041	0.000149227175416545
mtarjeta_visa_consumo_rank_lag1	0.00638139198547473	0.00148613447415025	0.00149801126091224
mtransferencias_recibidas_rank_lag2	0.00597860936834624	0.000888300417580092	0.00136600260573606
rf_002_020	0.00572986455367617	0.000944195323458741	0.000413244485768893
vmr_msaldopesos_lag1	0.00557462912394939	0.00053679984463801	0.000740396370335933
mprestamos_personales_rank_lag2	0.00550101230561543	0.00302300075479782	0.0011708593763452
vm_status05_tend6	0.00523844247685341	0.00118670839526608	0.000281235830592719
cproductos_delta1	0.00517750816046056	0.00112333085708407	0.000143487668669755
mpasivos_margen_rank	0.00508552150069797	0.0036791118988977	0.0034494435548209
Master_status	0.00508341679082722	0.00166426129729215	0.00137174211248285
ccomisiones_otras	0.00438950821201847	0.00181354509402132	0.0010503297346626
Master_mfinanciacion_limite_rank	0.00415248995824366	0.00287398781160536	0.00510816100464326
mcomisiones_rank_delta1	0.00413472700546887	0.00418929014872998	0.00784016621611539
mprestamos_personales_rank_delta2	0.00404670524708183	0.0044476467016222	0.000912581572739639
mprestamos_personales_rank_delta1	0.00390327907771103	0.00430099473183738	0.000843707491778157
mpagomiscuentas_rank_lag1	0.00385879012718329	0.0016342666949154	0.00113068282911767
mcomisiones_otras_rank_lag2	0.00383391856607553	0.00368498832330237	0.00658895374531513
mcomisiones_mantenimiento_rank_tend6	0.00380091543359086	0.00315280295982826	0.00176202857126459
mcuentas_saldo_rank_delta2	0.00368727606187493	0.00190019501276589	0.0014004396462168
vmr_Master_mlimitecompra_lag1	0.00367211104513025	0.00220357584872424	0.00339778799409979
Visa_mconsumospesos_rank	0.00365159402651363	0.00308072888119077	0.00609535616509117
mpagomiscuentas_rank	0.00364292231954697	0.00167928733776064	0.000906842065992849
mactivos_margen_rank_delta2	0.00351199243970625	0.00529886738081597	0.00893067249800552
mpayroll_sobre_edad_rank_lag2	0.00350788437377562	0.00102975671064449	0.000344370404807411
mrentabilidad_annual_rank_delta2	0.00350680080337133	0.00469063579825652	0.00929800092980009
Visa_mpagospesos_rank_delta2	0.00325906598832933	0.0028467198401865	0.00511390051139005
rf_011_018	0.00324120945354618	0.000655778222159208	0.000195143229390866
Visa_mpagominimo_rank_lag2	0.0032244010986996	0.00320808148134848	0.00509094248440289
vmr_mpagominimo_tend6	0.0031446890214539	0.00189910096811892	0.00278366077219324
mpayroll_rank_lag1	0.00309798074242895	0.00189146278231867	0.000550992647691857
Visa_mpagospesos_rank_lag1	0.00306473507281681	0.00322441109019223	0.00649712163736649
matm_rank	0.00306192672973528	0.000813733921906844	0.000522295113957907
Master_mlimitecompra_rank_delta2	0.00305144411891146	0.00369965456222813	0.00705385379180513
mcuenta_corriente_rank_lag2	0.0029955731011887	0.00386373577772706	0.00253686198208126
mrentabilidad_rank	0.00295543157089469	0.00349991070940435	0.00389712508107053
rf_006_022	0.00286503026979516	0.00154079988223516	0.000769093904069884
mrentabilidad_annual_rank_lag2	0.00283504750772506	0.00382097581756619	0.00553862401065253
mrentabilidad_rank_delta1	0.00281195531530937	0.00338835437297364	0.0059059524424471
Visa_status	0.00281076632650667	0.000819744955349087	0.000384546952034942
mrentabilidad_rank_lag1	0.00279986901677063	0.00348265176271956	0.00510242149789647
mpasivos_margen_rank_delta1	0.0027891018181137	0.00323678153676695	0.00579116230751129
vm_Finiciomora_lag1	0.00278784115381877	0.00308705653471493	0.000711698836601982
mprestamos_personales_rank_lag1	0.00278630313165689	0.00199325855228005	0.000774833410816675
mcomisiones_mantenimiento_rank_delta2	0.0026991458903038	0.0031077307208087	0.0014635742204315
Visa_cconsumos_tend6	0.00264606348286443	0.00173314754481243	0.00204900390860409
Master_fechaalta_lag2	0.00264353604040463	0.00347756579381558	0.00610109567183796
ctrx_quarter_normalizado_delta1	0.0025635700335119	0.00250226723607116	0.00159558287560767
mcuentas_saldo_rank_tend6	0.00255008531575893	0.00085463847730874	0.000700219823108402
Visa_mpagominimo_rank	0.00254706755097619	0.00290435018180533	0.00434480660732017
rf_007_023	0.00253813370955176	0.000625796413312386	0.00113068282911767
mpayroll_sobre_edad_rank_lag1	0.00250927744961892	0.00232267691224069	0.000688740809614822
vm_Fvencimiento	0.00244611426558375	0.00291579369097452	0.0043849831545477
Visa_msaldopesos_rank	0.00244406926376333	0.00218331234813037	0.00308785462977312
Master_mfinanciacion_limite_rank_delta1	0.00243958680261176	0.00274663618744889	0.00653155867784723
ctrx_quarter_lag1	0.00242413701767848	0.000703403785968341	0.000499337086970746
ctrx_quarter_normalizado_lag2	0.00242021214160706	0.00231826214203574	0.00265165211701706
mcuenta_debitos_automaticos_rank_lag1	0.00241929079329905	0.00100849061935883	0.000367328431794572
Visa_msaldototal_rank_lag2	0.00241928065055459	0.00230915167153565	0.0033346534198851
mcuentas_saldo_rank_delta1	0.00238766492423867	0.0031116017528025	0.00224414713799496
Master_mfinanciacion_limite_rank_lag2	0.00238254079084969	0.00330137145315317	0.00601500307063611
mtransferencias_recibidas_rank_lag1	0.00236651526653614	0.00207305696861211	0.00183090265222607
vm_status02	0.00235218653660321	0.000739696260641852	0.000654303769134081
cdescubierto_preacordado_delta2	0.00234109487235066	0.000600437236558838	8.03530944550625e-05
ctarjeta_visa_transacciones_tend6	0.00233425213009315	0.00268537556960464	0.0016357594228352
thomebanking_lag2	0.00233355173537323	0.00240318854808245	0.00550992647691857
mprestamos_personales_rank_tend6	0.00230382414508901	0.00190618132963588	0.000355849418300991
vmr_mpagospesos_tend6	0.00229948664417558	0.0018501592534319	0.002106398976072
mactivos_margen_rank_lag2	0.00229676686633716	0.00375028623627266	0.00513111903163042
mcomisiones_rank	0.00228846699806542	0.00265617915160335	0.00429315104659906
Master_fechaalta_lag1	0.00222703944770372	0.00285680290912367	0.00490153876175882
ctrx_quarter_normalizado_tend6	0.00218082825834005	0.00292353717939636	0.00213509650980595
Visa_mconsumospesos_rank_delta2	0.00216762266104977	0.00265969615892669	0.00527460670030018
ctrx_quarter_delta2	0.00214982205674023	0.000881018841534694	0.00124547296405347
Visa_mlimitecompra_rank_delta2	0.00214587284283053	0.00300000830194579	0.0056706326658287
Master_Fvencimiento_lag2	0.00213943463246978	0.00274757699989926	0.00490153876175882
Visa_mpagospesos_rank_lag2	0.00211043758226273	0.00326378952255494	0.0057854228007645
vm_mconsumospesos_rank_lag2	0.00209749226743234	0.00116653073002559	0.00137748161922964
chomebanking_transacciones	0.00208722064555495	0.00326884381098584	0.00340352750084658
Visa_mconsumototal_rank_lag1	0.00205938706189963	0.00304936858927797	0.00587725490871314
rf_005_020	0.00205477691203391	0.00203831836706745	0.00441942019502844
mextraccion_autoservicio_rank_lag1	0.00204458532532618	0.00100674919571908	0.00094701861322038
Visa_mconsumototal_rank_delta1	0.00203901360861503	0.00211003749779006	0.00418410041841004
Visa_mconsumosdolares_rank_tend6	0.00203468513379185	0.00285046523180287	0.0049072782685056
Visa_mpagominimo_rank_tend6	0.00203342293930978	0.00319253626097061	0.00381677198661547
mrentabilidad_annual_rank_tend6	0.00202341668049429	0.00299354015699812	0.00362736826397139
Visa_fechaalta_lag1	0.00201964974837031	0.00297028563462065	0.0044423782220156
Master_fultimo_cierre_tend6	0.00201306776662767	0.00347154275819578	0.0047924881335698
mtransferencias_recibidas_rank_delta2	0.00199326207558518	0.00283079841089349	0.00363310777071818
ccaja_ahorro_tend6	0.00198580469572923	0.00338621748417783	0.000361588925047781
Master_msaldototal_rank	0.00197980131116688	0.00094272681087185	0.00108476677514334
Master_mlimitecompra_rank_lag2	0.00197810278870881	0.00259479365835563	0.00520573261933869
vm_Fvencimiento_lag2	0.00197496746978079	0.00232680993462469	0.0041496633779293
mttarjeta_visa_debitos_automaticos_rank_delta2	0.0019595463733561	0.00212821992630838	0.00191125574668113
mcuentas_saldo_rank_lag2	0.00195509238792933	0.00327765702315858	0.00352979664927596
rf_003_027	0.00194587738925653	0.00133345398203588	0.00151522978115261
ctrx_quarter_lag2	0.00193809839067099	0.00256786322509958	0.00282957682616756
Visa_mpagominimo_rank_delta2	0.00192827843376181	0.0032466821989836	0.00429315104659906
mcuentas_saldo_rank_lag1	0.00189306099014687	0.00225887816357229	0.0017562890645178
Visa_mconsumospesos_rank_lag1	0.0018916444148164	0.00249593003356177	0.00536643880824882
cprestamos_personales_tend6	0.00188287216950637	0.00139094480823246	0.000200882736137656
Visa_mconsumospesos_rank_lag2	0.00185579958497181	0.00245930690549104	0.00480970665381017
internet	0.00185532379543094	0.00187293833130746	0.000200882736137656
mcomisiones_rank_lag1	0.00183742186244466	0.00309524476316686	0.00456864737044498
vm_msaldototal_rank_delta2	0.00183384246923268	0.00181103803696678	0.00224414713799496
Visa_msaldopesos_rank_delta1	0.00181968641889651	0.00309901376346217	0.00420131893865041
vm_mconsumospesos_rank_delta2	0.00181446385975341	0.00136811748424094	0.00196865081414903
ctrx_quarter_normalizado_delta2	0.00179464558787739	0.00313590605685123	0.0036216287572246
cproductos_delta2	0.00177148482097189	0.00170665763104052	0.00032141237782025
mcuenta_corriente_rank_delta2	0.00176704162545812	0.00283604272940605	0.00208918045583163
vm_fechaalta_lag1	0.00175042304447212	0.00271401007466873	0.00379381395962831
Visa_Fvencimiento_lag1	0.00173889653720307	0.00244750689208065	0.00387416705408337
Visa_fechaalta_lag2	0.00173699375551797	0.00251229783834643	0.00378233494613473
rf_015_024	0.00173403566854122	0.000946840761663807	0.00167019646331594
Master_Fvencimiento_lag1	0.00173069020067709	0.00237936290670192	0.00475805109308906
Visa_Fvencimiento_lag2	0.00172151944525315	0.00254704672747186	0.00402339422949992
Visa_mlimitecompra_rank	0.00171289118767992	0.002409136378849	0.00428167203310548
vm_msaldototal_rank	0.00170817333544143	0.00161549840186159	0.00203752489511051
mpasivos_margen_rank_lag1	0.00170643459749991	0.00262826277243363	0.003856948533843
thomebanking_lag1	0.00169482752424833	0.00213916074207583	0.00408078929696782
rf_002_021	0.00167753424014056	0.00147819979499661	0.00224414713799496
Visa_mfinanciacion_limite_rank	0.00167447148976559	0.0019161568010296	0.00338630898060621
Visa_fechaalta_tend6	0.001665484457579	0.00134174442683518	0.0011077248021305
vm_Fvencimiento_tend6	0.00165429487758436	0.00188983671147557	0.0016357594228352
mcaja_ahorro_rank_delta1	0.00163597940711675	0.0026346036151639	0.00153818780813977
Visa_Fvencimiento	0.00163349729195353	0.0026969129067861	0.00409800781720819
Master_mpagominimo_rank_lag2	0.00162331496780653	0.00212138599191842	0.00335187194012547
rf_013_015	0.00161743009577162	0.000569755845841438	0.000493597580223956
rf_014_022	0.00161035547119853	0.00207845072082991	0.00575098576028376
mtransferencias_emitidas_rank_lag2	0.00161015520308383	0.00215442640404096	0.0017562890645178
Master_msaldopesos_rank_lag2	0.00158937810492002	0.00182898643621186	0.00326003983217682
mcomisiones_mantenimiento_rank_delta1	0.00158911224681028	0.00210966115698287	0.00127991000453421
vmr_mpagospesos	0.0015591499175059	0.00167773354376703	0.0021637940435399
Master_mpagominimo_rank_lag1	0.0015582063415314	0.00204295432025889	0.0035068386222888
Visa_msaldototal_rank_delta2	0.00155759865686302	0.00173408569304316	0.0033289139131383
vmr_mconsumospesos_delta2	0.00155759460718086	0.00229018095054644	0.00195717180065545
mpayroll_sobre_edad_rank	0.00155679283182864	0.00101044127656435	0.000281235830592719
vm_cconsumos	0.00155554050168221	0.000519474714516946	0.000384546952034942
Visa_msaldototal_rank	0.00154572229032577	0.000889914723651342	0.00123399395055989
vmr_msaldopesos_lag2	0.00154249171488641	0.00176569768776539	0.00265739162376385
Visa_msaldototal_rank_tend6	0.00153593866384483	0.0023488204510817	0.00340926700759337
rf_013_023	0.00152365858868337	0.00138065968065765	0.00331743489964472
internet_tend6	0.00151491698553318	0.00143873695171479	0.000212361749631237
tcallcenter_delta2	0.00151007086556087	0.00183473492531724	0.00143487668669755
Visa_mlimitecompra_rank_lag1	0.00150866132746914	0.00214011033853746	0.003392048487353
Master_mpagospesos_rank_delta2	0.00150653786183853	0.00247123936490921	0.00350109911554201
Visa_mfinanciacion_limite_rank_delta1	0.00150336631774928	0.00205741565167851	0.00424149548587794
mtransferencias_recibidas_rank_tend6	0.00149762732793052	0.00255925589643424	0.00247946691461336
internet_lag2	0.0014868326247921	0.00138407729412374	0.000396025965528522
Visa_cconsumos	0.00146094413234958	0.00219204188797954	0.00395452014853843
rf_006_021	0.00145798229758143	0.000669825438885325	0.00166445695656915
vm_fultimo_cierre_delta2	0.0014532648186062	0.000514932853121901	0.000533774127451487
Visa_msaldototal_rank_lag1	0.00145232230411389	0.00198059187613606	0.00303619906905201
vmr_msaldopesos2_lag1	0.00144679630681783	0.00141002336417084	0.00235893727293076
mactivos_margen_rank_tend6	0.00143061787363164	0.003034873256085	0.00161280139584804
Visa_mpagosdolares_rank_tend6	0.00142712767969137	0.00259736085819004	0.00340926700759337
vmr_msaldototal_tend6	0.00142646859674163	0.0016762312931909	0.00208918045583163
vmr_Visa_mlimitecompra	0.00141543686563236	0.00212786658747665	0.00291566942736941
vm_mlimitecompra_rank_lag2	0.0013987173837925	0.00176914719273185	0.0028066187991804
vm_mpagospesos_rank_lag1	0.00139295241813342	0.000886982235564461	0.00136026309898927
rf_016_017	0.00139286373159129	0.000684174767566637	0.000464900046490005
cdescubierto_preacordado_delta1	0.001381352680947	0.000837593195762954	0.000103311121442223
mpasivos_margen_rank_tend6	0.00137655220559291	0.00100616335756201	0.0011077248021305
rf_012_022	0.00137615051561408	0.00189964283346282	0.00359293122349065
Master_cconsumos_tend6	0.00137238259084858	0.00220091584963563	0.00358719171674386
Master_msaldototal_rank_delta2	0.00136324558996323	0.00203451876781396	0.00269756817099139
Visa_mconsumosdolares_rank_delta1	0.00135778657848069	0.00220319196369115	0.00351831763578238
vm_mconsumototal_rank_tend6	0.001341045048118	0.00153827813240501	0.00215231503004632
mcomisiones_mantenimiento_rank	0.00132027672015577	0.00315013921500511	0.00260573606304274
mcaja_ahorro_rank	0.00130306941691885	0.00231848364156318	0.0012282544438131
Master_fechaalta_tend6	0.00128964156370497	0.000892863408083328	0.000901102559246058
Master_mconsumototal_rank_delta1	0.00128955682512785	0.00170917122994129	0.00246798790111978
mcaja_ahorro_dolares_rank_delta2	0.00128915778450699	0.00224436502495107	0.00120529641682594
mcomisiones_rank_delta2	0.00128340541977701	0.00131946419111317	0.00226136565823533
Master_fultimo_cierre	0.00128258479457329	0.00187735209913275	0.00295010646785015
vm_mpagospesos_rank_tend6	0.00127881457788428	0.0019879799418316	0.00202604588161693
vmr_mpagominimo_delta2	0.00127817383970502	0.00215215648891231	0.00241059283365188
mcomisiones_otras_rank_delta2	0.00127812691013541	0.00182632197917158	0.00335187194012547
rf_004_025	0.00127775311605469	0.000750378963645692	0.00197439032089582
Master_mpagominimo_rank_tend6	0.00127482635171093	0.00205247552901571	0.00250816444834731
vmr_msaldopesos_delta2	0.00127374063204654	0.0017625137606532	0.00226710516498212
rf_020_025	0.00125188438365271	0.00150400086291172	0.00136026309898927
Master_msaldototal_rank_lag1	0.00124718875628029	0.00217435877642619	0.00295584597459694
mtarjeta_visa_consumo_rank_lag2	0.00123895517167141	0.00239244976457422	0.00339778799409979
mrentabilidad_rank_delta2	0.00123440022894169	0.00268183147165194	0.00330595588615114
Visa_mpagominimo_rank_lag1	0.00122754551291916	0.00105277712461349	0.00175054955777101
Master_msaldopesos_rank	0.00121512383355693	0.00283401306885592	0.00281235830592719
vmr_msaldototal_lag1	0.0012032185756291	0.00185042794393881	0.00254260148882805
cmobile_app_trx_tend6	0.00119980647142717	0.00388537198451463	0.00232450023245002
rf_009_015	0.00119691297780148	0.00154111724091262	0.00346092256831448
foto_mes	0.00119050133056927	0.00164310370041596	0.00031567287107346
mplazo_fijo_dolares_rank	0.00118333304541037	0.00280236211321884	0.000361588925047781
mpayroll_rank_lag2	0.00118149050100023	0.000404250934677986	0.000269756817099139
vm_fultimo_cierre_lag2	0.00117608379338329	0.00234029381397936	0.00246224839437299
vm_mpagominimo_rank_lag2	0.00117071162483714	0.000513340467511208	0.000723177850095563
Master_mpagospesos_rank_lag2	0.00116264279528076	0.00230196310577175	0.00282957682616756
mtarjeta_visa_consumo_rank_delta1	0.00115688649612899	0.00205422969342857	0.00185386067921323
rf_007_021	0.0011401535146279	0.00128469443666367	0.00255408050232163
matm_rank_lag2	0.00113857416663293	0.00239544163046702	0.00245076938087941
cliente_edad_lag1	0.00113845400945261	0.00312570214840766	0.00193421377366829
cliente_antiguedad	0.00113707351769971	0.00235339169802797	0.00241633234039867
mcaja_ahorro_rank_lag2	0.00112688904701076	0.00122331242536636	0.000992934667194701
cliente_antiguedad_lag2	0.00112640001435061	0.00176053778017195	0.00204900390860409
numero_de_cliente	0.00112606585363041	0.00337290385109565	0.00208344094908484
vm_msaldopesos_rank	0.00112439534692538	0.000470223950352315	0.000396025965528522
vmr_mpagominimo_lag2	0.00112048802866429	0.00172681825582671	0.00272626570472534
mrentabilidad_annual_rank	0.00111732265404341	0.00149233168642596	0.00148653224741866
Master_mconsumospesos_rank_lag1	0.00110259057212954	0.00172335938652391	0.00282957682616756
Master_mpagospesos_rank_lag1	0.00110130828957824	0.00208462719967362	0.00272626570472534
Visa_fultimo_cierre_tend6	0.00109345898255444	0.000810378667007258	0.000987195160447911
ccaja_seguridad_lag1	0.00108959905326631	0.000934420987458228	9.75716146954331e-05
ctarjeta_visa_transacciones_lag2	0.00108903645208934	0.00153079990529649	0.0022785841784757
Master_fultimo_cierre_delta1	0.00108683980850529	0.00115260619929472	0.00219249157727385
Visa_Fvencimiento_tend6	0.00108498201518435	0.00170991689489802	0.00165871744982236
Visa_fultimo_cierre	0.00108293967640747	0.00135783225115249	0.00178498659825175
mautoservicio_rank_delta2	0.0010725952040613	0.00215470361477502	0.00216953355028669
Master_msaldopesos_rank_lag1	0.00107234883163078	0.000787772420488586	0.00113068282911767
chomebanking_transacciones_delta2	0.00106167813391294	0.00154967389664808	0.00212935700305916
cdescubierto_preacordado	0.00106161886438014	0.0014287319892562	0.000114790134935804
mv_status07_rank_delta2	0.0010611345675023	0.00145400804763283	0.000367328431794572
mpayroll_rank_delta2	0.00105404742731127	0.00214626481778538	0.000677261796121241
vm_cconsumos_delta2	0.00103684845744218	0.00100454572781082	0.000476379059983585
vmr_Master_mlimitecompra_tend6	0.0010354379195508	0.00279222072161224	0.00210065946932521
mpayroll_rank_tend6	0.00103267063409898	0.000718718749185917	0.000246798790111978
vm_fechaalta_tend6	0.00103118435996259	0.00190663371940551	0.00127417049778742
rf_017_026	0.00103042816086796	0.00133264492975458	0.00224988664474175
rf_016_021	0.00102896529825025	0.00130109571565344	0.00188829771969397
ccomisiones_otras_lag1	0.0010244411327521	0.00191572147809267	0.00132008655176174
vmr_mconsumospesos_lag2	0.00102353071114865	0.00150583170936892	0.00217527305703348
rf_018_026	0.00102309558980552	0.00139222650890399	0.00361588925047781
ccomisiones_otras_delta2	0.00102036492816557	0.00149525132822609	0.00281235830592719
Master_mpagominimo_rank_delta2	0.00101977145561102	0.00180058770139622	0.0024565088876262
mcomisiones_rank_tend6	0.00100874702249912	0.00159095373772068	0.00150375076765903
vm_status02_tend6	0.00100807990243678	0.00220502581728734	0.0014004396462168
Master_mlimitecompra_rank_tend6	0.000995218595029354	0.00146628366381561	0.00238189529991793
mcuenta_corriente_rank	0.000994782932294971	0.00114584757527165	0.000505076593717536
vm_msaldototal_rank_lag1	0.000994702071801759	0.00122958296962806	0.00160706188910125
Master_mconsumospesos_rank_tend6	0.000990819346585228	0.00197898442845199	0.00252538296858768
Visa_mlimitecompra_rank_lag2	0.000983118697128631	0.00154634900330096	0.00237041628642434
vm_mconsumototal_rank_delta2	0.000978625603085393	0.00141571152584747	0.00206622242884447
ccajas_transacciones_delta2	0.000976350353658771	0.00199175271423986	0.00111920381562409
vm_mlimitecompra_rank_tend6	0.000976156081448562	0.00268673875319152	0.00219823108402064
tcallcenter_delta1	0.000973952975372796	0.00137558328711731	0.000763354397323094
thomebanking_delta2	0.00097086205745766	0.00166653192463793	0.00130286803152137
vm_status03	0.000970198092874785	0.000899415119840915	0.0015209692878994
mpasivos_margen_rank_delta2	0.000963035200853628	0.00172098870586057	0.00300750153531806
mextraccion_autoservicio_rank_delta2	0.00096034022244794	0.00244505174774137	0.00184812117246644
mcomisiones_otras_rank_delta1	0.000957350188662947	0.00128638014909681	0.00262295458328311
Master_Fvencimiento_delta2	0.000948931108780697	0.00116776574090747	0.00178498659825175
ctarjeta_debito_transacciones_delta2	0.000942683029222391	0.00198885222316701	0.00132008655176174
mactivos_margen_rank_delta1	0.000942639031752541	0.00186286193610857	0.00221544960426101
mtransferencias_emitidas_rank	0.000941665574060296	0.00287159251988341	0.00149801126091224
Master_fechaalta	0.000938890746028705	0.0012064262320247	0.00199160884113619
ccomisiones_otras_delta1	0.000933905222358243	0.00133290343819437	0.00161280139584804
rf_018_020	0.000932037843141962	0.000987635873033387	0.000235319776618397
Visa_fultimo_cierre_delta1	0.000927953639181105	0.0013820100443362	0.00150375076765903
Master_msaldototal_rank_tend6	0.000926206962158426	0.00176395246563428	0.00235319776618397
Master_cconsumos	0.000917896663955692	0.00133771404285314	0.00260573606304274
chomebanking_transacciones_lag2	0.000916641595550204	0.00112960572740537	0.00227284467172891
vm_msaldototal_rank_tend6	0.000909186026748702	0.00171387217954045	0.00206622242884447
mcomisiones_mantenimiento_rank_lag1	0.000895132968163167	0.00175478649495487	0.00147505323392508
mttarjeta_visa_debitos_automaticos_rank	0.000893391972117694	0.00169529539375939	0.00196291130740224
vm_msaldototal_rank_lag2	0.000886844041978923	0.00117516987105606	0.00169889399704989
vmr_msaldopesos2_tend6	0.000884589330474135	0.00193994925836754	0.00208344094908484
vmr_Visa_mlimitecompra_lag2	0.000883751779423866	0.00159111380192605	0.00205474341535088
ccajas_transacciones_lag2	0.000880691251809822	0.00167027354414135	0.00204900390860409
vm_mpagominimo_rank	0.000880086206952139	0.000977105320711252	0.000809270451297416
Visa_mfinanciacion_limite_rank_tend6	0.000878752752445192	0.00143952300202063	0.0010503297346626
rf_003_015	0.000877811537133252	0.00157982909079844	0.00218675207052706
vm_mconsumospesos_rank	0.00087365122522937	0.0012285862613222	0.00145783471368471
rf_012_013	0.000869544021585121	0.00187057878233407	0.00107328776164976
mactivos_margen_rank	0.00086897416056033	0.00202617350867406	0.00107902726839655
Master_mconsumospesos_rank_delta1	0.000867576853901524	0.00165044631610724	0.00245076938087941
vm_mconsumototal_rank_delta1	0.000864643859393251	0.00149284556427449	0.00211787798956558
mcaja_ahorro_dolares_rank_tend6	0.000863591663253238	0.00195234355102692	0.00110198529538371
mextraccion_autoservicio_rank_delta1	0.000860009801769998	0.00141595531513324	0.000751875383829514
mtransferencias_recibidas_rank_delta1	0.000858490637035733	0.00130021380619757	0.00148653224741866
mrentabilidad_rank_lag2	0.000854089420441729	0.00183836823506008	0.00205474341535088
Master_mconsumosdolares_rank	0.000846535055346296	0.00114940143323687	0.00311655216350707
rf_005_021	0.000841636497377074	0.000667201393572573	0.000436202512756054
mactivos_margen_rank_lag1	0.00083952452608357	0.00181233511625263	0.00121677543031952
rf_019_023	0.000839261096660761	0.00141882876833356	0.00149801126091224
mrentabilidad_annual_rank_lag1	0.000831826419617017	0.00191031809775441	0.00180794462523891
ccomisiones_mantenimiento_tend6	0.000824955285575402	0.00385093000821542	0.000579690181425808
Master_mpagosdolares_rank	0.000817447565634745	0.00134278777217385	0.00260573606304274
mrentabilidad_rank_tend6	0.000813760793772102	0.00168025531997559	0.000797791437803835
Master_mlimitecompra_rank	0.000810112405945158	0.00118037886887465	0.00223266812450138
tcallcenter_lag2	0.00080632646488645	0.00142694725226358	0.00179072610499854
vmr_msaldopesos_delta1	0.000798993371746612	0.00133716626874491	0.00162428040934162
Visa_mpagospesos_rank_tend6	0.000798373479598517	0.000621159668768573	0.00140617915296359
Visa_mfinanciacion_limite_rank_delta2	0.000796816446704473	0.00108795487396485	0.00182516314547928
rf_004_015	0.000796630781605847	0.000349469778120234	0.000281235830592719
ccomisiones_otras_lag2	0.00079424865863019	0.000897674645824	0.00133156556525532
Master_msaldopesos_rank_delta1	0.000793848843059432	0.00137477597581121	0.0019284742669215
vm_mlimitecompra_rank_lag1	0.000790543908259237	0.00117245260443451	0.00173907054427742
ctrx_quarter_normalizado_lag1	0.000789875026309521	0.00129694560005832	0.00113642233586446
tcallcenter_tend6	0.000788207218435424	0.00173586934852089	0.000579690181425808
Visa_mconsumospesos_rank_delta1	0.00078265869028535	0.00105137447892192	0.00227284467172891
Visa_cconsumos_lag1	0.000779408450837286	0.000939348184699034	0.00160132238235446
Master_mlimitecompra_rank_lag1	0.000773285088921498	0.000928995818551467	0.00191699525342792
Master_mpagado_rank_tend6	0.000771094786972267	0.00148000684812598	0.00178498659825175
vm_cconsumos_tend6	0.000770729306602818	0.000894015564372424	0.000550992647691857
vm_mconsumospesos_rank_lag1	0.000769697957778199	0.0013285436669789	0.00167593597006273
ccaja_ahorro	0.000767643436080504	0.00214805161229416	0.000172185202403705
Visa_msaldopesos_rank_lag1	0.000765150154919457	0.000931329885978647	0.00152670879464619
rf_010_022	0.000760978024877143	0.000300792797178287	7.46135877082724e-05
mttarjeta_visa_debitos_automaticos_rank_tend6	0.000760516094514895	0.00148190532883211	0.000396025965528522
tcallcenter_lag1	0.000759291152722989	0.00169940625827711	0.00144635570019113
Visa_mconsumosdolares_rank	0.000757910412053059	0.0010214859177623	0.0015783643553673
rf_003_026	0.000753234005888266	0.000550952891553968	0.000298454350833089
Visa_mconsumototal_rank_delta2	0.00075229940734477	0.00110022468689694	0.00214657552329953
internet_lag1	0.000748747305233833	0.00123131004341157	0.000126269148429384
vm_msaldototal_rank_delta1	0.000744577795452745	0.000952012302137038	0.0015783643553673
rf_015_016	0.000743777100765447	0.000697897951877001	0.000545253140945067
cmobile_app_trx_lag2	0.000741855331409123	0.00157865992043346	0.000872405025512108
Visa_mfinanciacion_limite_rank_lag2	0.000739027780266559	0.000934635496706429	0.00156688534187372
mttarjeta_visa_debitos_automaticos_rank_lag1	0.000737369429639552	0.00117786020531873	0.00165297794307557
mpasivos_margen_rank_lag2	0.000737221008353335	0.00141851676447379	0.0023359792459436
mcuenta_debitos_automaticos_rank_tend6	0.000732556659427598	0.00201264043358059	0.000780572917563465
vm_mlimitecompra_rank_delta2	0.000727683260646524	0.0017681351849469	0.00184238166571965
mcomisiones_otras_rank_lag1	0.000727204456832453	0.00103213177012427	0.00158984336886088
Master_mpagospesos_rank_tend6	0.000724149330829945	0.00108865693540617	0.00161854090259483
vmr_mconsumospesos_tend6	0.000721533158707392	0.000776288077537275	0.000654303769134081
vm_mconsumospesos_rank_delta1	0.000719943999035997	0.00142568475507615	0.00188829771969397
Visa_fechaalta	0.000719302203560028	0.00117988411537499	0.00164723843632878
rf_004_021	0.000716112820272541	0.00109668211889215	0.000734656863589143
ctrx_quarter_tend6	0.000711013634422712	0.00120263879321924	0.00107328776164976
chomebanking_transacciones_delta1	0.000710680373913722	0.00170824988475915	0.00145783471368471
Master_status_tend6	0.000708898563416532	0.00121292951301744	0.00121103592357273
mpayroll_rank	0.000700200105485808	0.00183860379428123	0.000470639553236795
mplazo_fijo_dolares_rank_tend6	0.000695108852407456	0.00206813167061698	0.000298454350833089
Visa_mconsumospesos_rank_tend6	0.000694628588050482	0.000971611647067947	0.00203752489511051
Master_mpagominimo_rank	0.000693202015132536	0.000815980703167976	0.00123399395055989
Master_msaldodolares_rank_delta2	0.000693200853331449	0.00122079378818886	0.00123973345730668
vm_fultimo_cierre_delta1	0.00069058712427339	0.00140626264669697	0.00111920381562409
Master_Fvencimiento	0.000687396610270716	0.00101941001585556	0.00171037301054347
ccajas_transacciones_delta1	0.000679170965022831	0.00174741515317268	0.000522295113957907
ccaja_seguridad	0.000679090505556256	0.000644415483688247	5.16555607211116e-05
mautoservicio_rank_tend6	0.000673003390669722	0.0019433657375619	0.00126269148429384
Visa_msaldopesos_rank_lag2	0.000669280408332168	0.000813261326273448	0.00136600260573606
mcaja_ahorro_dolares_rank_lag2	0.000668482395053966	0.00128386697225064	0.000792051931057045
vm_fultimo_cierre	0.00066785796342252	0.00144970153443165	0.00163001991608841
mcaja_ahorro_rank_delta2	0.000665994547535935	0.00141008121202885	0.000929800092980009
ctransferencias_emitidas_tend6	0.000665491633582097	0.00173994399547863	0.00094701861322038
rf_017_021	0.000662312699049671	0.000873329666263619	0.00104459022791581
Visa_mpagado_rank_tend6	0.000657984448093061	0.00121443218564816	0.00130286803152137
mcomisiones_otras_rank	0.000656517058991981	0.000947118077911512	0.00126843099104063
ccajas_transacciones_tend6	0.000653998012308612	0.00185338815573693	0.000688740809614822
Master_mfinanciacion_limite_rank_delta2	0.000653281731572605	0.000752670746478078	0.00184812117246644
rf_013_017	0.000652614058311252	0.00040593669986795	0.00031567287107346
vmr_mconsumospesos_lag1	0.000650887221478807	0.00119721478496262	0.00165871744982236
chomebanking_transacciones_lag1	0.000643725279131967	0.00110960242346967	0.00143487668669755
vm_mpagospesos_rank_lag2	0.000643494455331101	0.000892559396882453	0.00143487668669755
mcuenta_debitos_automaticos_rank_lag2	0.000642726737419935	0.00197424565220969	0.00112494332237088
vm_status05_delta2	0.000640471638207551	0.000920325577372978	0.000264017310352348
mextraccion_autoservicio_rank_tend6	0.000639187944972285	0.0016591542520368	0.00102737170767544
Visa_mconsumototal_rank_tend6	0.000637868280291701	0.00110712258893654	0.00188829771969397
vm_fechaalta	0.000629300608253602	0.00141499854374348	0.00145209520693792
mcomisiones_rank_lag2	0.00062784111475342	0.000975500326219516	0.00164149892958199
Visa_mlimitecompra_rank_delta1	0.000627501793621432	0.000886947468817151	0.00177350758475817
vm_cconsumos_lag2	0.00062682436172851	0.00089952775566111	0.000780572917563465
ctransferencias_recibidas_lag2	0.000624185744692169	0.00179032193557598	0.0010503297346626
Master_mfinanciacion_limite_rank_lag1	0.000616764977808163	0.000841102342319452	0.00180220511849212
Master_fultimo_cierre_lag1	0.000605748713243159	0.00110695817229315	0.00140617915296359
thomebanking_tend6	0.000605171211693422	0.00350706785847929	0.000728917356842353
vm_mfinanciacion_limite_rank_tend6	0.000604261653815538	0.000978141491121801	0.000866665518765317
vmr_mpagominimo_delta1	0.000603256507179504	0.000638832835660513	0.000683001302868032
ctarjeta_debito_transacciones_lag1	0.000602074513137314	0.000939922864787734	0.000568211167932228
thomebanking_delta1	0.000598540578911607	0.00165808007033424	0.000832228478284576
vmr_msaldopesos2_lag2	0.000597504895937377	0.00106285140953939	0.00122251493706631
vmr_mconsumosdolares	0.000597338804681348	0.00134361945713284	0.000860926012018527
ccomisiones_otras_tend6	0.000596613002911799	0.000827000469523208	0.000878144532258898
Visa_mpagado_rank_delta1	0.000595255297547993	0.00139785735029085	0.000843707491778157
cproductos_tend6	0.000591441806700732	0.00122278699377328	0.000195143229390866
rf_012_019	0.000589088067683923	0.000930744733660294	0.00142339767320396
Visa_fultimo_cierre_delta2	0.000586691828270359	0.000814847249173147	0.00107902726839655
rf_019_016	0.00058663220099918	0.00103188310083224	0.00167593597006273
matm_other_rank_delta2	0.000585772709924044	0.00154555649028412	0.00119381740333236
mcajeros_propios_descuentos_rank_delta2	0.000582140695156643	0.00116097970971411	0.000855186505271737
mcomisiones_otras_rank_tend6	0.000581092301107326	0.00104172562502835	0.00149227175416545
cliente_edad_lag2	0.00057961448190734	0.00165836086853236	0.000832228478284576
vm_mfinanciacion_limite_rank_delta1	0.000576778589920611	0.00140898661343522	0.00145209520693792
Master_cconsumos_delta2	0.00057561749425537	0.00101771652179081	0.00197439032089582
mcuenta_debitos_automaticos_rank_delta1	0.000574855752397206	0.00199732235771037	0.000763354397323094
Master_mfinanciacion_limite_rank_tend6	0.000572516173577773	0.00114958352341645	0.0014635742204315
mcuenta_corriente_rank_delta1	0.000571572825570266	0.00153992419808458	0.000424723499262473
Visa_msaldototal_rank_delta1	0.000569175263012507	0.000877928716056366	0.00145783471368471
ctarjeta_debito_transacciones	0.000566983153378066	0.000485559488731425	0.000132008655176174
Visa_mpagospesos_rank_delta1	0.0005665897951197	0.000781386074997228	0.00167593597006273
rf_012_020	0.000564130830633119	0.000371162645737257	0.000154966682163335
vmr_Master_mlimitecompra	0.000563879663919352	0.000862586952371971	0.0011077248021305
Visa_msaldopesos_rank_tend6	0.00056019902519551	0.000941477529268947	0.00113068282911767
vm_mfinanciacion_limite_rank_delta2	0.00055880227713771	0.00169652159425159	0.00125121247080026
mcaja_ahorro_rank_tend6	0.00055719530283957	0.00141245431950612	0.000860926012018527
Master_mlimitecompra_rank_delta1	0.000557070571785885	0.000961627022365188	0.00168167547680952
vm_Fvencimiento_lag1	0.000554662459426052	0.000937525594684866	0.00134878408549569
Master_msaldototal_rank_lag2	0.000551203330935564	0.000986243541300997	0.00129712852477458
rf_005_022	0.000548043052279678	0.000790146556723933	0.000258277803605558
mtarjeta_visa_consumo_rank_tend6	0.000544344715387659	0.000837843157597184	0.000654303769134081
rf_002_017	0.000542508350587155	0.000953466174705146	0.000476379059983585
cpagomiscuentas_tend6	0.000539713207716705	0.00203373129307385	0.00064856426238729
Master_Fvencimiento_tend6	0.000534619277144608	0.000599913071129546	0.000809270451297416
rf_010_023	0.000533868099086683	0.00070961313231368	0.00174481005102421
ccajas_consultas_tend6	0.000533395302166959	0.00217074741352233	0.00032715188456704
ctrx_quarter	0.000532678939076705	0.00162867175454757	0.000826488971537786
Visa_cconsumos_lag2	0.000531346974596492	0.000986895589272748	0.0016357594228352
Master_mpagado_rank	0.000529860770578221	0.000885154317111025	0.00130860753826816
vmr_Visa_mlimitecompra_lag1	0.000529257385981184	0.000759556408934414	0.00130286803152137
vm_Fvencimiento_delta2	0.000525089516373298	0.00102336427173991	0.000889623545752478
vm_fechaalta_lag2	0.000519633455675913	0.00106841569819222	0.0012282544438131
Visa_msaldodolares_rank_tend6	0.000516576271889922	0.00150909034014453	0.00121677543031952
vm_mfinanciacion_limite_rank	0.000515299226176056	0.000542011612189883	0.000849446998524947
vmr_msaldototal	0.000513641675949577	0.000664005464282816	0.000769093904069884
vmr_mpagominimo	0.000512247761657546	0.000788652562590833	0.000992934667194701
rf_004_016	0.000511543216177966	0.000897016425303788	0.00125121247080026
mtarjeta_visa_descuentos_rank_delta1	0.000507809904618685	0.00107129482275117	0.000935539599726799
vm_mpagominimo_rank_lag1	0.00050690583263713	0.000865861040897145	0.000872405025512108
mrentabilidad_annual_rank_delta1	0.000506844226968402	0.000818686125882438	0.00150949027440582
vmr_mconsumospesos_delta1	0.000497896809568609	0.00115200899204198	0.00123399395055989
cprestamos_personales_lag1	0.000497582369771263	0.00134178576180713	0.000195143229390866
vm_mpagospesos_rank_delta1	0.000496714886402681	0.000935553518208629	0.00095275811996717
mtarjeta_visa_consumo_rank_delta2	0.000490338272592464	0.00111532777870753	0.00103885072116902
Visa_mfinanciacion_limite_rank_lag1	0.000489829761059104	0.000650813224653686	0.00121103592357273
Visa_mlimitecompra_rank_tend6	0.000489156363923108	0.000676900867639197	0.00108476677514334
Visa_mconsumosdolares_rank_lag1	0.000489126274930974	0.000674124091319671	0.00147505323392508
rf_016_018	0.000486031043333383	0.000448308448936126	0.000436202512756054
vm_msaldopesos_rank_tend6	0.000484396035817951	0.000465554839496703	0.000723177850095563
Master_msaldodolares_rank_delta1	0.000472881151128339	0.000182418854594778	0.000384546952034942
vm_Finiciomora	0.000472357012759934	0.00227711785962356	0.000212361749631237
Visa_mconsumosdolares_rank_lag2	0.000466800221064781	0.000717726103155536	0.000883884039005688
Visa_status_tend6	0.000466395139344195	0.000483908516667184	0.000246798790111978
vm_mlimitecompra_rank_delta1	0.000461990274987968	0.000917109363084222	0.00125695197754705
rf_018_016	0.000458184413075488	0.000706839758809331	0.000866665518765317
vmr_msaldototal_delta2	0.000457733039573931	0.000621188948806141	0.000998674173941491
cliente_antiguedad_lag1	0.000457270481378372	0.00084623610890638	0.000901102559246058
mtarjeta_master_consumo_rank_tend6	0.000455613248444454	0.00175920527467848	0.000705959329855192
vm_fultimo_cierre_lag1	0.00045448510479026	0.00105291867117348	0.00105606924140939
rf_015_019	0.000452372876052387	0.00101578583304335	0.000895363052499268
vmr_Visa_mlimitecompra_delta1	0.000451349649896444	0.00106420836782099	0.000792051931057045
vmr_Master_mlimitecompra_lag2	0.000445222659566401	0.000655807634088837	0.00106180874815618
Visa_mconsumosdolares_rank_delta2	0.000440770552241116	0.00101017348292345	0.00114790134935804
Visa_mconsumototal_rank_lag2	0.000440470931735606	0.000654845375989338	0.00122251493706631
thomebanking	0.000439266681578878	0.00115955234745028	0.000734656863589143
ctarjeta_debito_transacciones_delta1	0.000438555621509154	0.00182797413826437	0.000373067938541362
cextraccion_autoservicio_tend6	0.000436153366432292	0.00074536888543368	0.000396025965528522
Visa_mpagominimo_rank_delta1	0.000434234557731197	0.000786431948714627	0.0010503297346626
ccajas_otras_tend6	0.00043399509384268	0.0023023680407778	0.000344370404807411
mttarjeta_visa_debitos_automaticos_rank_lag2	0.000432724466500837	0.000562410565930521	0.000832228478284576
ccuenta_debitos_automaticos_tend6	0.000432132504470931	0.00143745435417724	0.000275496323845929
rf_007_015	0.000428840189072878	0.000730668855761857	0.000705959329855192
mpagomiscuentas_rank_tend6	0.000426202709727987	0.000910087799048111	0.000269756817099139
vmr_mconsumospesos	0.000424994188772926	0.000828574601272642	0.000717438343348773
Master_msaldopesos_rank_delta2	0.00042137936713612	0.000697659253624791	0.00095849762671396
ctarjeta_visa_transacciones_delta1	0.000421351158941813	0.000824853847093288	0.000172185202403705
mextraccion_autoservicio_rank_lag2	0.000418805688244701	0.000606985149825065	0.000459160539743215
vmr_msaldopesos_tend6	0.000416660330447118	0.000913107520544215	0.000924060586233219
vm_mpagominimo_rank_tend6	0.00041638969476883	0.000777719713103878	0.000929800092980009
ctarjeta_debito_tend6	0.000414411850379648	0.00306957400460813	0.000413244485768893
Master_mpagado_rank_delta1	0.000414379773576535	0.00126422011979931	0.00103311121442223
mextraccion_autoservicio_rank	0.000412424432291877	0.000410395231858782	0.00030993336432667
rf_018_015	0.000411518305791336	0.000641395313759136	0.000614127221906549
vmr_mpagominimo_lag1	0.00040744109327943	0.000606349693874602	0.000929800092980009
internet_delta2	0.000402553145151194	0.00113328076779634	0.000275496323845929
Master_mconsumospesos_rank_lag2	0.000394716453277711	0.000683679539255554	0.00103311121442223
Master_msaldopesos_rank_tend6	0.000393784395935263	0.000557624176654164	0.000935539599726799
Master_mpagospesos_rank	0.000387654378100563	0.000762053574084371	0.000837967985031366
rf_010_021	0.000382317083771589	0.000919975826005308	0.000797791437803835
Master_mconsumototal_rank_lag2	0.000378669847981711	0.00105521454265976	0.000998674173941491
rf_003_019	0.00037843743739083	0.000506043565608308	6.88740809614822e-05
mpayroll_sobre_edad_rank_delta2	0.000378283303788392	0.000600476223852105	0.000177924709150496
Visa_mpagosdolares_rank_lag1	0.000373361547957255	0.000543273476295416	0.000906842065992849
ctarjeta_visa_transacciones	0.000369892250296057	0.0017581517736511	0.000665782782627661
ctarjeta_master_transacciones_delta2	0.000360793900004708	0.00140406479739051	0.000591169194919389
Master_delinquency_tend6	0.000360734429481733	0.000971813547435105	0.000476379059983585
mautoservicio_rank_lag1	0.000358733925814486	0.000575559624098842	0.00031567287107346
cprestamos_personales_delta2	0.000355995279293595	0.000750244433743353	9.75716146954331e-05
ccaja_seguridad_lag2	0.000355934445821455	0.000602651414102463	6.88740809614822e-05
rf_002_015	0.000355032834537534	0.000601275964553895	0.000522295113957907
Visa_msaldopesos_rank_delta2	0.000353721186034361	0.000530139743984597	0.000912581572739639
Master_fultimo_cierre_delta2	0.00035345841740605	0.000520822651381565	0.00100441368068828
rf_002_024	0.000353323870451359	0.000393720936302507	0.000964237133460751
rf_011_015	0.000347896222741689	0.000419534481206604	0.000780572917563465
rf_008_024	0.000347460986303758	0.000499987926270995	0.00122251493706631
chomebanking_transacciones_tend6	0.000347430283050066	0.000911670846700877	0.000774833410816675
Master_fultimo_cierre_lag2	0.000347000563922213	0.000600264431580363	0.000929800092980009
ccallcenter_transacciones_delta2	0.00034658474480083	0.000723214210953862	0.000218101256378027
active_quarter_lag1	0.000346165599907799	0.000757622528399076	0.000786312424310255
cliente_edad	0.000345201614523319	0.000954553914911592	0.000464900046490005
Master_mconsumospesos_rank	0.000342298015303366	0.000935452383376164	0.00095849762671396
rf_009_023	0.000340569257343559	0.000433640389899918	0.000683001302868032
rf_004_026	0.00034034395811054	0.00105093870755199	0.000677261796121241
mpayroll_sobre_edad_rank_tend6	0.000337895295551252	0.00100003963554275	0.00032715188456704
vmr_mpagospesos_lag1	0.000333668664107831	0.000527864104740492	0.000786312424310255
cprestamos_personales_delta1	0.000333161719818792	0.000262995328573779	4.59160539743214e-05
matm_other_rank_tend6	0.000332940614355649	0.00131241097298239	0.000505076593717536
vm_mpagado_rank_delta2	0.000332009289461593	0.00155659163525368	0.000447681526249634
mpayroll_rank_delta1	0.000331307309258462	0.00104924516073042	0.000143487668669755
Master_mconsumototal_rank_lag1	0.000329267389118169	0.000583435426636397	0.000929800092980009
Master_cconsumos_delta1	0.000326961727212347	0.000466977163483791	0.000929800092980009
Visa_cconsumos_delta2	0.000325859746634374	0.00076062410154757	0.00095849762671396
vmr_mconsumosdolares_tend6	0.000324356823034168	0.00117150836279056	0.000688740809614822
Master_mconsumototal_rank_delta2	0.000322684021383178	0.000669645221573014	0.000901102559246058
mv_status07_rank_lag2	0.000321745099187863	0.000955803354784968	0.000436202512756054
vm_fultimo_cierre_tend6	0.000321402759549278	0.000550669086216856	0.000654303769134081
ccajas_transacciones	0.000319275979351983	0.000740994052144833	0.000373067938541362
ctransferencias_recibidas_tend6	0.000318832725553122	0.00119895180340753	0.000539513634198277
ccaja_ahorro_lag1	0.000318464519220034	0.000848254980685901	0.000114790134935804
mplazo_fijo_dolares_rank_delta2	0.000316843679533112	0.000929716608665473	0.000132008655176174
mcuenta_debitos_automaticos_rank	0.000316480651960323	0.000902837402285961	0.000241059283365188
rf_019_019	0.000316405167043387	0.000638175749412027	0.000763354397323094
rf_012_014	0.000315277152877606	0.000319871748792851	0.000223840763124817
mcaja_ahorro_dolares_rank	0.000314254336935544	0.00128196907186957	0.000378807445288152
vm_mlimitecompra_rank	0.000312944057775369	0.000495363447688866	0.000815009958044206
Master_cconsumos_lag2	0.000312696384961093	0.000586644175834494	0.00100441368068828
mtransferencias_emitidas_rank_tend6	0.000308547536944154	0.000713258576126136	0.000373067938541362
vm_mfinanciacion_limite_rank_lag2	0.000305521350901786	0.000676956446953751	0.000660043275880871
mtransferencias_recibidas_rank	0.000304552902384572	0.000949311812185663	0.000562471661185438
catm_trx_other_tend6	0.000304333413662332	0.00106791709344437	0.000493597580223956
vmr_msaldopesos2_delta1	0.000303310293782668	0.000457964187595283	0.000614127221906549
mpagomiscuentas_rank_delta2	0.000302618317663803	0.000592977922771879	0.000258277803605558
Visa_mpagosdolares_rank	0.000302111135253159	0.00057428639089764	0.000906842065992849
mtransferencias_emitidas_rank_delta2	0.000300037881593371	0.000737419328855548	0.00032141237782025
vm_msaldopesos_rank_lag2	0.000298805784418841	0.000584289612381017	0.000614127221906549
mttarjeta_visa_debitos_automaticos_rank_delta1	0.000296575566972371	0.00114861625341862	0.000545253140945067
catm_trx_delta2	0.000296321984282787	0.00123761812415386	0.000665782782627661
vmr_msaldodolares2_tend6	0.000295873695349933	0.00121944334537508	0.000499337086970746
mv_status07_rank	0.000293188596312711	0.00101431929883738	0.000407504979022103
cpayroll_trx_delta2	0.00029279867537843	0.000473955097626085	8.03530944550625e-05
rf_012_015	0.00029207086235499	0.00061091257886419	0.000332891391313831
ctarjeta_debito_transacciones_lag2	0.000291367900065279	0.000580912832697057	0.000528034620704697
vm_mconsumospesos_rank_tend6	0.000288054783954712	0.000441334682582964	0.000660043275880871
vm_status05_delta1	0.000287272856086099	0.000838919845248908	0.000189403722644076
vmr_msaldototal_lag2	0.000282617382216999	0.000438112981584465	0.000780572917563465
vmr_mpagospesos_lag2	0.000281966369260345	0.000597605751412361	0.000728917356842353
rf_010_016	0.00028009809304846	0.000858938475042108	0.00063708524889371
vm_msaldopesos_rank_delta1	0.000278735836795983	0.000630443735599501	0.000717438343348773
ccajas_depositos_tend6	0.000277198987763184	0.00205628607531027	0.00030419385757988
ccomisiones_mantenimiento_lag2	0.000277148969613812	0.000477515049004525	0.000114790134935804
Master_mconsumospesos_rank_delta2	0.000276311462866708	0.000791799955602099	0.000734656863589143
ctrx_quarter_delta1	0.000275734173964257	0.00057988024975057	0.000505076593717536
Master_msaldototal_rank_delta1	0.000274944667879332	0.00037513014358455	0.000562471661185438
Master_cconsumos_lag1	0.000271858513251935	0.000345396687488811	0.000826488971537786
rf_012_018	0.000271562293498326	0.000632031531366468	0.000505076593717536
rf_014_017	0.000265001370876499	0.000655593731544117	0.000688740809614822
rf_014_015	0.000264776458340285	0.000367450965731708	0.000499337086970746
rf_013_022	0.000264651327616433	0.00108756434157188	0.000183664215897286
vmr_msaldopesos2	0.000263294076581113	0.000481340710129292	0.000723177850095563
mcaja_ahorro_dolares_rank_lag1	0.00026209328422267	0.000640886395052108	0.000390286458781732
vm_status01_tend6	0.000261287657016624	0.000405878298063287	0.000281235830592719
rf_011_022	0.000260747650353187	0.000239210652867437	0.000109050628189013
ccallcenter_transacciones_tend6	0.000258946945768033	0.00109360882284082	0.000355849418300991
vm_mpagospesos_rank_delta2	0.000254395664272427	0.000422482638070345	0.000660043275880871
Visa_fultimo_cierre_lag2	0.000253632328871535	0.000797364798201582	0.000522295113957907
mcomisiones_mantenimiento_rank_lag2	0.000251980014581887	0.000359460997426049	0.000396025965528522
ctransferencias_recibidas_delta2	0.00025068840891374	0.0012336163871275	0.000430463006009264
cpagomiscuentas_delta2	0.000249211897483712	0.000845873827792903	0.000126269148429384
vm_msaldopesos_rank_delta2	0.000247510788565249	0.000519612383450341	0.00063134574214692
Visa_msaldodolares_rank	0.000245960688891223	0.000641681915207943	0.000499337086970746
mtarjeta_master_consumo_rank_lag2	0.000244969797356735	0.000576946337229429	0.00063134574214692
Master_mpagospesos_rank_delta1	0.000244784471659336	0.000417745523668021	0.000671522289374451
vmr_msaldototal_delta1	0.000243006888192762	0.000492113284383578	0.000579690181425808
vmr_mpagospesos_delta1	0.000242963614542073	0.000602239145897822	0.000579690181425808
vm_mpagominimo_rank_delta2	0.000239125568618507	0.000759725942989774	0.000608387715159759
vmr_mpagado_delta2	0.000238985058321318	0.00106473292892647	0.000390286458781732
cmobile_app_trx	0.000236594530391245	0.000894017912051112	0.000172185202403705
rf_002_018	0.000236396386592955	0.00115018305196946	0.000229580269871607
rf_017_018	0.000235876204320962	0.000345818372786616	0.000206622242884447
mautoservicio_rank_delta1	0.000233634825067023	0.000469470767548098	0.00032715188456704
rf_007_016	0.000233040349802082	0.000299353933926734	0.000602648208412969
vmr_mpagospesos_delta2	0.000232701224352511	0.000643038794354305	0.000528034620704697
mcajeros_propios_descuentos_rank_lag2	0.000228525108143211	0.00073028924403155	0.000441942019502844
mtarjeta_master_consumo_rank_delta1	0.000224851641341465	0.000853625414387298	0.000252538296858768
vmr_msaldopesos2_delta2	0.000222052286602206	0.000560727333068131	0.000568211167932228
ctarjeta_visa_debitos_automaticos_tend6	0.000219687754044675	0.00143710948281584	0.000281235830592719
rf_013_026	0.000219259609745485	0.000981124335597616	0.000275496323845929
vm_msaldopesos_rank_lag1	0.000217216814171648	0.000684582973495795	0.000441942019502844
vmr_mpagado_lag2	0.000216258202887135	0.000790153942679355	0.000522295113957907
Visa_Fvencimiento_delta2	0.000215745918320961	0.000345196897394631	0.00032141237782025
mtransferencias_emitidas_rank_delta1	0.000215306707572503	0.00113697176712671	0.000430463006009264
matm_other_rank_lag1	0.000213633021094419	0.000513062940236205	0.000396025965528522
vm_Fvencimiento_delta1	0.000213361739534201	0.000236393042765789	0.000212361749631237
Visa_mpagado_rank_lag1	0.000212454568437192	0.00045455119035134	0.000522295113957907
ctarjeta_debito_transacciones_tend6	0.000211340997253165	0.00167347068683807	0.000441942019502844
mtransferencias_emitidas_rank_lag1	0.00020887254050632	0.000387750868534447	0.000453421032996424
vm_status01_delta1	0.000207464355196607	0.000788775749775917	0.00030419385757988
mtarjeta_master_descuentos_rank_lag2	0.000204504529921626	0.000593394306008826	0.000476379059983585
vm_mpagospesos_rank	0.000202556308280546	0.000405980435275416	0.000516555607211116
rf_015_017	0.000201662011044651	0.000578326376621723	0.00031567287107346
mv_status07_rank_tend6	0.000199568577384156	0.000601979318537421	0.000350109911554201
mpagomiscuentas_rank_delta1	0.000198729729536728	0.000673152943695252	0.00031567287107346
minversion2_rank	0.000195516683516715	0.000722912204512315	8.03530944550625e-05
Master_mpagado_rank_lag2	0.000194177538824094	0.000407170180801931	0.000418983992515683
vm_status04	0.000192067037802672	0.000354452396405122	0.000258277803605558
Visa_fultimo_cierre_lag1	0.000190042166429987	0.000341650319871188	0.000470639553236795
vm_mpagominimo_rank_delta1	0.000189549004019578	0.000733431229468309	0.000384546952034942
vm_mconsumosdolares_rank_lag2	0.000186404030904447	0.000827381927742371	0.000367328431794572
ctarjeta_debito_lag2	0.000185949143975889	0.00121034216007609	0.000218101256378027
cforex_tend6	0.000185756812644639	0.00156705173083676	0.000286975337339509
mautoservicio_rank	0.000185432383009419	0.000667443362747899	0.000384546952034942
tcuentas_lag2	0.000184393016350981	0.00142705039185537	0.000189403722644076
rf_017_023	0.000184024836145325	0.000746444175029557	0.000424723499262473
matm_rank_delta2	0.000182531203666793	0.000479237902242075	0.000441942019502844
ccallcenter_transacciones_delta1	0.000182369200513574	0.000330158828370165	5.73950674679018e-05
vmr_mpagado_lag1	0.000181500365165813	0.000883404162216824	0.000344370404807411
vm_mpagado_rank_tend6	0.000180521009043314	0.000875403800816749	0.000373067938541362
ccajas_consultas_delta2	0.00018036148948494	0.000846888183256543	0.000172185202403705
mcaja_ahorro_dolares_rank_delta1	0.000178578811998508	0.000518140942859692	0.000223840763124817
mpagomiscuentas_rank_lag2	0.000178005059909117	0.000526494194658492	0.000332891391313831
catm_trx_tend6	0.000177414715581182	0.00135675859701817	0.00032715188456704
Visa_mpagado_rank_delta2	0.000175185558914728	0.000396995737044811	0.000373067938541362
mcuenta_debitos_automaticos_rank_delta2	0.00017422651235938	0.000500368540380967	0.000235319776618397
Visa_mpagado_rank_lag2	0.000174160730892651	0.000409087495694392	0.000269756817099139
Visa_Finiciomora	0.000167093856574628	0.00171387471186803	0.000177924709150496
cforex_sell_tend6	0.000165750943128955	0.00140601825070772	0.000229580269871607
Master_mpagominimo_rank_delta1	0.00016554279386029	0.000473269944746993	0.000487858073477165
mplazo_fijo_dolares_rank_lag2	0.0001653565852059	0.00112962131704699	0.00030419385757988
cpagomiscuentas_lag2	0.000165302131318153	0.000961884633938962	0.000275496323845929
vmr_mpagado_tend6	0.000165035854955066	0.000657580368903902	0.000355849418300991
matm_other_rank_lag2	0.000164797330278904	0.000396974212260437	0.000373067938541362
catm_trx_lag2	0.000164281775845183	0.000391533585604114	0.000264017310352348
vmr_mpagado_delta1	0.000163364021846406	0.00121516321058611	0.000298454350833089
Master_mpagado_rank_delta2	0.000163020667345442	0.000548698935364711	0.000424723499262473
rf_004_019	0.00016166238115878	0.000449549632366476	0.000252538296858768
catm_trx_lag1	0.000160054753379163	0.000574857852820049	0.000143487668669755
rf_020_012	0.00015954314830615	0.000906632253425251	0.000103311121442223
ctarjeta_visa_transacciones_delta2	0.00015804666376895	0.000680963591554616	0.00030419385757988
ccajas_extracciones_tend6	0.000152061558462208	0.00114014751693111	0.000189403722644076
rf_005_013	0.000151249148315053	0.000735871153463742	0.000166445695656915
rf_020_019	0.000150303029338763	0.000864144623992178	0.000246798790111978
vm_msaldodolares_rank_tend6	0.000149539909305503	0.00134569327514503	0.000361588925047781
rf_015_020	0.000148404706560631	0.00131351000314927	0.000189403722644076
vm_status04_delta2	0.000146006727434634	0.000571287983158613	0.000143487668669755
mv_status07_rank_delta1	0.00014351296232227	0.00133090208168056	0.00032715188456704
mprestamos_prendarios_rank_lag1	0.000142929364985198	0.000851173804755251	8.03530944550625e-05
matm_rank_delta1	0.000140254021180087	0.000517534819703622	0.000206622242884447
rf_016_023	0.000140080238248186	0.000261900861872216	0.000177924709150496
minversion2_rank_lag1	0.000139038659462864	0.00094035193604096	0.000103311121442223
cproductos_lag2	0.000138947092389473	0.000414771331311415	0.000109050628189013
ccallcenter_transacciones	0.00013696572988885	0.000416460525694968	3.44370404807411e-05
mprestamos_prendarios_rank_lag2	0.000136638446000555	0.000862975137086251	8.60926012018527e-05
vmr_Visa_mlimitecompra_tend6	0.000135271784297566	0.000510620536670023	0.000281235830592719
ccajas_extracciones_delta2	0.000131730156811985	0.000675848316234656	0.000258277803605558
vm_mpagado_rank_delta1	0.000131504901251873	0.00125629881450067	0.000241059283365188
matm_rank_tend6	0.000130662357539796	0.000528473235035556	0.000275496323845929
vmr_mconsumosdolares_lag2	0.000130606749130287	0.00033358762628303	0.00032715188456704
cextraccion_autoservicio_delta2	0.000128531662536792	0.000384239532569735	0.000200882736137656
mforex_buy_rank_tend6	0.000125226733998511	0.00230628019671624	0.000264017310352348
Visa_mpagado_rank	0.000120878417887558	0.000220530701116164	0.000252538296858768
ctarjeta_visa_transacciones_lag1	0.000119906528915359	0.000221222527733549	0.000264017310352348
vmr_mconsumosdolares_lag1	0.000119506308055983	0.000382956512977598	0.000258277803605558
ctarjeta_master_debitos_automaticos_tend6	0.00011804456773134	0.00114070950900353	0.000172185202403705
rf_011_023	0.000117318105867278	0.000533523777731919	0.000281235830592719
vm_status01_lag2	0.00011498079994818	0.00125419569007251	0.000246798790111978
mtarjeta_master_descuentos_rank_delta1	0.000112996250981811	0.000303131876503789	0.00031567287107346
mplazo_fijo_dolares_rank_lag1	0.000112538198108892	0.000544834920028571	0.000126269148429384
ctransferencias_emitidas_lag1	0.000109056128051814	0.000892571293546366	0.000132008655176174
vm_status03_tend6	0.000106399429513058	0.00061333182218444	9.18321079486429e-05
active_quarter_tend6	0.000104644322710729	0.00130909818732649	0.000189403722644076
vm_status06_tend6	0.000104548691552742	0.000275987013134775	7.46135877082724e-05
matm_rank_lag1	0.000102363411929141	0.000497544836866096	0.000212361749631237
ccajas_otras_delta2	0.000102214909529386	0.000182127716059067	0.000120529641682594
mforex_sell_rank_tend6	0.000102097566799094	0.00062912708353178	0.000132008655176174
ctransferencias_emitidas_delta2	0.000102091850763807	0.000991044306812016	0.000229580269871607
vm_status06_delta2	9.95223354164247e-05	0.000365624181549997	0.000126269148429384
ctransferencias_emitidas_delta1	9.91380246227191e-05	0.00100036860072159	0.000189403722644076
ccaja_ahorro_lag2	9.72124880003429e-05	0.000658043890363492	8.03530944550625e-05
vmr_mpagosdolares_lag1	9.71202080566536e-05	0.000423142467673703	0.000160706188910125
vmr_mpagosdolares_tend6	9.69288205095982e-05	0.00102360423615591	0.000195143229390866
rf_011_025	9.49184004959435e-05	0.000295029958216654	0.000258277803605558
mtarjeta_visa_descuentos_rank_lag1	9.47525135632067e-05	0.000291971988022827	0.000200882736137656
ccomisiones_mantenimiento_delta1	9.46715712169856e-05	0.000571345989287092	6.88740809614822e-05
vm_mconsumosdolares_rank_lag1	9.43061818890771e-05	0.000131740912815208	0.000177924709150496
mtarjeta_master_consumo_rank_lag1	9.35998128863474e-05	0.000227940871921151	0.000235319776618397
rf_003_023	9.35482282550357e-05	0.000294479704537673	0.000252538296858768
mtarjeta_master_descuentos_rank_delta2	9.27472978688758e-05	0.000123943717946079	0.000183664215897286
mtarjeta_master_consumo_rank	9.26215511147661e-05	0.000362728807889115	0.000246798790111978
ctarjeta_master_transacciones_delta1	9.10623329669182e-05	0.00147307096117277	0.000166445695656915
vmr_msaldodolares2	9.04128012184544e-05	0.00105493851895425	0.000206622242884447
vm_Finiciomora_lag2	8.767682273266e-05	0.000866622770306922	0.000126269148429384
cpagomiscuentas_lag1	8.74902182187871e-05	0.000496955833299559	0.000120529641682594
cpagomiscuentas_delta1	8.66676166592776e-05	0.000505275663650071	6.3134574214692e-05
cpayroll_trx_tend6	8.61548924235504e-05	0.000388257070265015	9.18321079486429e-05
rf_001_023	8.4935607321167e-05	0.000422029799867705	0.000195143229390866
vmr_mpagado	8.43301848065815e-05	0.000447268005222796	0.000114790134935804
vmr_msaldodolares_tend6	8.2610732744135e-05	0.000623687485633534	0.000183664215897286
vm_cconsumos_lag1	8.19217808363473e-05	0.000399414189012694	0.000183664215897286
cprestamos_personales	7.72481963187321e-05	0.000231535379019604	2.29580269871607e-05
ctarjeta_visa_descuentos_lag2	7.72018211720788e-05	0.000150783383085668	0.000120529641682594
vmr_mconsumosdolares_delta2	7.67370875502411e-05	0.000333916090272036	0.000126269148429384
mttarjeta_master_debitos_automaticos_rank_delta1	7.63832893783796e-05	0.000770960007565909	0.000183664215897286
vm_mpagado_rank_lag2	7.52786778989438e-05	0.000213990121048536	0.000160706188910125
mcaja_ahorro_adicional_rank_lag2	7.47361190317837e-05	0.00145664726053261	0.000183664215897286
cextraccion_autoservicio_lag1	7.22647477109524e-05	0.000197774335053529	5.16555607211116e-05
ccuenta_debitos_automaticos_delta2	7.10252042306966e-05	0.000373575742887458	4.59160539743214e-05
vm_mpagado_rank	6.83351047297313e-05	0.000657525343536004	0.000149227175416545
vmr_mpagosdolares_delta1	6.54492183443455e-05	0.000675557995429725	0.000143487668669755
mttarjeta_master_debitos_automaticos_rank_lag1	6.48635149717329e-05	0.000624453145426732	0.000137748161922964
ccuenta_debitos_automaticos_delta1	6.45067890880762e-05	0.000193692223005125	3.44370404807411e-05
rf_010_018	6.18476062395512e-05	0.00027333695870757	0.000160706188910125
mcajeros_propios_descuentos_rank_tend6	6.13045586657297e-05	0.00122314682169442	0.000137748161922964
cseguro_vida_tend6	5.64866075754743e-05	0.000567604422540494	9.18321079486429e-05
ctransferencias_emitidas_lag2	5.59433884045264e-05	0.000344248171420602	9.75716146954331e-05
mtarjeta_visa_descuentos_rank_lag2	5.49519651066022e-05	0.000130456073112628	0.000109050628189013
vm_mpagado_rank_lag1	5.40191883643247e-05	0.000275746547528946	0.000103311121442223
cpayroll_trx_lag2	5.23263039919197e-05	0.000463032245557362	0.000114790134935804
vmr_mconsumosdolares_delta1	5.10388670526824e-05	0.000394811156079702	0.000103311121442223
cforex_buy_tend6	5.02214453561644e-05	0.000579132764683394	5.16555607211116e-05
cseguro_vivienda_lag2	4.99656511887592e-05	0.000178228010731189	9.18321079486429e-05
mv_status07_rank_lag1	4.90721352271063e-05	0.000489116274700398	0.000132008655176174
cextraccion_autoservicio_delta1	4.84302840060886e-05	0.000316842478311523	6.3134574214692e-05
ctarjeta_visa_debitos_automaticos_lag1	4.73184150189232e-05	0.000576793368816945	9.18321079486429e-05
mforex_sell_rank	4.64061888117361e-05	0.000578674756311958	9.18321079486429e-05
tcuentas_lag1	4.52554750977732e-05	0.000522012818962675	5.16555607211116e-05
mpagodeservicios_rank_lag2	4.15848209288582e-05	0.000883466810945854	0.000109050628189013
ctarjeta_master_descuentos_tend6	4.13256688274389e-05	0.000727977413605874	6.88740809614822e-05
mtarjeta_visa_descuentos_rank	4.12944363788629e-05	0.000172087327392868	9.18321079486429e-05
ccallcenter_transacciones_lag2	4.11933754455157e-05	0.00013553840179572	0.000103311121442223
ctransferencias_recibidas_delta1	4.1150791715685e-05	0.000568388995655256	8.03530944550625e-05
ctransferencias_recibidas_lag1	3.83859515865749e-05	0.000410451576147291	6.88740809614822e-05
ccomisiones_mantenimiento_delta2	3.83166116862883e-05	0.000490057482826943	5.73950674679018e-05
cliente_edad_tend6	3.75412665948074e-05	0.000598198395199785	7.46135877082724e-05
vm_cconsumos_delta1	3.56107783965388e-05	0.000191032408565398	6.88740809614822e-05
catm_trx_delta1	3.54958962813787e-05	0.00012120392416049	7.46135877082724e-05
cseguro_vivienda_lag1	3.52013731266582e-05	0.000231923220814526	8.03530944550625e-05
vm_mpagosdolares_rank	3.50749923011886e-05	0.000261704791134159	6.88740809614822e-05
cprestamos_prendarios	3.4414111228683e-05	0.000214805161229416	1.72185202403705e-05
vmr_msaldodolares2_lag1	3.42353436148309e-05	0.000146011449179209	8.03530944550625e-05
mttarjeta_master_debitos_automaticos_rank	3.31500200251635e-05	0.000522549751543483	7.46135877082724e-05
active_quarter_delta1	3.2918689126402e-05	0.000582520201245892	9.18321079486429e-05
matm_other_rank	3.00083115121263e-05	0.00027699904729814	9.18321079486429e-05
cpagodeservicios_tend6	2.98145566089152e-05	0.00050770925682657	4.59160539743214e-05
cliente_edad_delta2	2.8719250867915e-05	0.000354375925388086	6.3134574214692e-05
mprestamos_prendarios_rank	2.84194105159951e-05	0.000214805161229416	1.72185202403705e-05
mpagodeservicios_rank_tend6	2.69145363381777e-05	0.000401185947826506	5.16555607211116e-05
vm_mpagosdolares_rank_tend6	2.33835118934087e-05	0.000371872673459076	5.73950674679018e-05
mtarjeta_visa_descuentos_rank_tend6	2.32605641100581e-05	0.000545849987709342	5.73950674679018e-05
ccajas_depositos_delta1	1.8929646716034e-05	0.000152038731723382	2.29580269871607e-05
ctransferencias_emitidas	1.77910614185498e-05	0.000433827043544811	4.01765472275313e-05
ccuenta_debitos_automaticos_lag1	1.71470816779504e-05	0.000224648740562016	3.44370404807411e-05
cseguro_vida	1.68896319021893e-05	0.000134334069007247	2.29580269871607e-05
cpayroll_trx_lag1	1.59620472176618e-05	0.00011468183535983	2.86975337339509e-05
ctarjeta_debito_lag1	1.43815428281272e-05	6.83190061438336e-05	1.14790134935804e-05
internet_delta1	1.43707199304059e-05	0.000303144432628008	3.44370404807411e-05
cplazo_fijo	1.26502420574052e-05	0.00014320344081961	1.14790134935804e-05
cpayroll_trx	1.23719889783053e-05	0.000218935413880127	2.29580269871607e-05
cplazo_fijo_lag2	1.08987247138715e-05	0.000122234686996534	1.72185202403705e-05
ccomisiones_mantenimiento_lag1	1.06619166475373e-05	7.92625652661517e-05	2.29580269871607e-05
rf_014_020	1.02374042635332e-05	0.000254775736189716	2.29580269871607e-05
ccuenta_debitos_automaticos_lag2	9.22447189349081e-06	9.25378441369617e-06	1.14790134935804e-05
ctransferencias_recibidas	9.19775564426033e-06	0.000194112246462959	1.72185202403705e-05
ctarjeta_visa_debitos_automaticos_delta1	8.91328242895197e-06	0.000163276542034052	2.29580269871607e-05
cextraccion_autoservicio	7.72176684018967e-06	0.000216067737552079	2.29580269871607e-05
cplazo_fijo_lag1	5.04499058240168e-06	0.000212872810641987	2.29580269871607e-05
cpagomiscuentas	4.80296972646464e-06	0.000214805161229416	1.72185202403705e-05
ctarjeta_visa_debitos_automaticos	4.29085230560498e-06	7.11668195274772e-05	5.73950674679018e-06
ccallcenter_transacciones_lag1	3.78071304713364e-06	0.000103713058475426	1.14790134935804e-05
catm_trx	2.68290378408416e-06	0.000137976110004526	1.14790134935804e-05
ctarjeta_master_debitos_automaticos_lag1	1.70729220074851e-06	8.34217286566597e-07	5.73950674679018e-06
ccajas_otras	9.64463084801182e-07	7.16017204098052e-05	5.73950674679018e-06
