Feature	Gain	Cover	Frequency
rf_012_013	0.065893628836767	0.00445425482170942	0.000506192226498013
rf_006_015	0.0475344247821405	0.00386667897795085	0.000788049261707133
rf_005_020	0.035899467940319	0.00211741546897003	0.00365263708893452
vm_status05_delta2	0.0211058720390699	0.00126170136642057	0.000310617957169235
vmr_mpagospesos	0.0157918273214244	0.00166444923408615	0.00181769026787923
mv_status07_rank_delta1	0.0151947881724103	0.00193064293224881	0.000494687857713967
mpayroll_rank_lag1	0.0144040762007457	0.00168941468184901	0.00058097062359431
ctrx_quarter	0.0140363109962566	0.00191156184703409	0.00127123275063705
mpasivos_margen_rank_lag1	0.0121439711631275	0.00290520514191538	0.00387122009583139
Master_status_tend6	0.0111918771710602	0.00122753152438431	0.00127698493502908
rf_019_023	0.010819852988705	0.00141929779405466	0.00157034633902224
mcuenta_corriente_rank	0.00976383326020223	0.00209422750967944	0.000557961886026219
vm_status02	0.00838113890013975	0.00122440258671117	0.000534953148458127
rf_011_028	0.00786144778989605	0.000822911319991261	0.000529200964066104
vm_mpagospesos_rank_lag1	0.00785557359003691	0.000895030510586594	0.00108716285009232
mcaja_ahorro_rank	0.00784457754223722	0.00189518421396403	0.00122521527550087
rf_006_022	0.00711673355532258	0.00189080162864091	0.000736279602178928
mcaja_ahorro_rank_lag2	0.00700205585045395	0.00157129063318047	0.000845571105627362
mcuentas_saldo_rank_lag2	0.00669820930828313	0.00357546171538522	0.00328449728784506
mcaja_ahorro_rank_lag1	0.00647796770611967	0.00248662560535099	0.00175441623956698
mpagomiscuentas_rank	0.0060705151369784	0.00149321825770003	0.000903092949547591
mprestamos_personales_rank	0.00604949379478626	0.00371551321982938	0.000828314552451293
cdescubierto_preacordado_delta1	0.00582405915407933	0.000560822069983007	5.75218439202287e-05
Visa_mpagospesos_rank	0.00581118057786505	0.00279581193183073	0.00463626061997043
Visa_mpagominimo_rank_lag2	0.00573314981311252	0.00248374234496272	0.00391723757096758
vm_msaldototal_rank_lag2	0.00559492244506384	0.00138888370033218	0.00196724706207182
rf_001_025	0.00515286036289673	0.00189449419752198	0.00404378562759208
mpasivos_margen_rank	0.00503543101082722	0.00335662050103346	0.0029681271462838
Visa_status	0.00488840667719019	0.000832826456513933	0.000437166013793738
rf_004_026	0.00476601392918251	0.0011913669947993	0.000724775233394882
vm_msaldototal_rank_lag1	0.00443298058074812	0.00163355077350245	0.00176592060835102
rf_018_016	0.00441380149181672	0.000879857874893837	0.000839818921235339
mprestamos_personales_rank_delta1	0.00440323302013151	0.00384877786620623	0.000839818921235339
cproductos_tend6	0.00434592752346089	0.000940229118937533	0.00012079587223248
Master_mpagominimo_rank_lag2	0.00418797192705839	0.00201510708339244	0.00371015893285475
mprestamos_personales_rank_lag2	0.00390394547249706	0.0025257279258196	0.00109291503448435
mcuentas_saldo_rank_delta2	0.00381979857443493	0.00108899727559881	0.00138627643847751
Visa_mconsumospesos_rank_lag2	0.00378093557246404	0.00334220707328169	0.00665527734157046
matm_rank	0.00376641231915176	0.00117736787224233	0.000839818921235339
cdescubierto_preacordado_tend6	0.00370859993767049	0.001436760974239	0.00016106116297664
mactivos_margen_rank_delta2	0.00369770426292391	0.00534880101817223	0.00884685959493118
mrentabilidad_annual_rank_delta2	0.0036258698662112	0.00384694088992085	0.00829464989329698
mcomisiones_rank_delta1	0.00359867557939769	0.00450268821174139	0.00761013995064626
mprestamos_personales_rank_delta2	0.00359348996904692	0.00561814991724467	0.00112167595644446
Master_msaldopesos_rank_lag2	0.00347892321690538	0.0019908363984397	0.00322697544392483
rf_007_015	0.00339770998114076	0.000823803821768785	0.00062123591433847
mcomisiones_otras_rank_lag2	0.00335572677706327	0.00328863774383957	0.00610881982432829
mpayroll_rank_delta2	0.00329949650131565	0.00246605307944614	0.00078229707731511
mcuenta_corriente_rank_lag2	0.00323277059783347	0.0031756692001651	0.00228361720363308
ctrx_quarter_normalizado_delta2	0.00320406168422886	0.0030783181587148	0.00361237179819036
Visa_mpagominimo_rank	0.00308942351600474	0.00271440417803496	0.00358361087623025
rf_007_021	0.00308736101893099	0.00166478240275572	0.00360661961379834
rf_002_021	0.00296807415799023	0.00141249954470398	0.00200751235281598
mcaja_ahorro_rank_delta1	0.00296557639997113	0.00343229218991447	0.00290485311797155
mrentabilidad_annual_rank_lag2	0.00290916125597967	0.00406221966498271	0.00650572054737787
Master_fechaalta_lag2	0.00290898824960305	0.00385805258583314	0.00675881666062687
internet	0.00290564030866731	0.00124527576866433	0.000115043687840457
rf_020_012	0.00289706520306864	0.000442553678987816	8.62827658803431e-05
Visa_mconsumospesos_rank_delta2	0.00287869125523244	0.00282791008968071	0.00590174118621547
Visa_mconsumospesos_rank	0.0028751378672796	0.00253424596890184	0.00464201280436246
Master_mfinanciacion_limite_rank	0.0028398490523269	0.00311628026973024	0.00643669433467359
mpasivos_margen_rank_delta1	0.00280807070413318	0.00408733591540654	0.00678757758258699
mcuentas_saldo_rank_delta1	0.00280237962991333	0.00336790158954831	0.00290485311797155
cproductos_delta1	0.00273902611249727	0.00109141436353679	0.000172565531760686
Visa_mpagospesos_rank_delta2	0.00266590220081517	0.00318065855590813	0.00700040840509183
Visa_msaldopesos_rank	0.00266449559325774	0.00258516616574494	0.00404378562759208
rf_014_022	0.00254450697852775	0.00206655979636392	0.00449245601016986
ccaja_ahorro_tend6	0.00247249096854911	0.0029756951153031	0.000368139801089464
Visa_mlimitecompra_rank_delta2	0.00244275342334983	0.003351296684554	0.00657474676008214
mrentabilidad_rank_delta1	0.00243573516413363	0.0028361673725751	0.00581545842033512
mprestamos_personales_rank_tend6	0.00241505853704827	0.00128451742140442	0.000281857035209121
Master_mfinanciacion_limite_rank_lag2	0.00241055358083871	0.00275554089733182	0.00550484046316589
rf_018_026	0.00236118182047944	0.00170781632447498	0.00350308029474193
mrentabilidad_rank	0.00235855574113006	0.0039144678903055	0.00507342663376417
Master_Fvencimiento_lag2	0.00235670185928257	0.00308250458719321	0.0058097062359431
mcomisiones_rank_lag1	0.00235041654700936	0.00283950343647693	0.00482033052051517
Visa_mfinanciacion_limite_rank	0.00232242979026254	0.00309887549624183	0.00476856086098696
Visa_mpagospesos_rank_lag2	0.00228981408335369	0.00313712692475964	0.00608005890236817
mactivos_margen_rank_tend6	0.00228923524704583	0.00337209724707574	0.00312343612486842
mtransferencias_recibidas_rank	0.00228125390018569	0.0010805725250178	0.000471679120145875
mprestamos_personales_rank_lag1	0.00224669904226652	0.00286348087498929	0.000845571105627362
Visa_mpagominimo_rank_delta2	0.00224179185687231	0.00318062261535438	0.00448095164138582
Visa_mconsumototal_rank_lag1	0.00223941032429344	0.00288708506439061	0.00554510575391005
chomebanking_transacciones	0.00222896864634339	0.00378340893390668	0.00376768077677498
Master_mfinanciacion_limite_rank_delta1	0.00221274104635223	0.00323794837869677	0.00681058632015508
thomebanking_lag2	0.00221022147915023	0.00253607558831671	0.00529776182505306
rf_004_016	0.00220700832126617	0.00126820890072716	0.00129424148820515
mactivos_margen_rank_lag2	0.00218536579043104	0.00337237127072546	0.00490086110200349
mpayroll_rank_tend6	0.00218460232662754	0.000798599315267626	0.000327874510345304
Master_status	0.00216675491881418	0.00125148707686614	0.00136901988530144
Master_Fvencimiento_lag1	0.0021538929776347	0.00295736730506928	0.00576944094519894
vm_fechaalta_lag1	0.00214791215570076	0.00248117759224044	0.00396900723049578
mcuenta_corriente_rank_tend6	0.00211799948661874	0.00321510147232049	0.00212255604065644
Master_mlimitecompra_rank_delta2	0.00211356079618615	0.00327751236256601	0.00622386351216875
Visa_msaldototal_rank_delta2	0.0021057826822943	0.00190174480211813	0.00348582374156586
mrentabilidad_annual_rank	0.00208892205593534	0.00145341563699188	0.001760168423959
rf_018_020	0.00208329690744763	0.000893917065375564	0.000195574269328778
mcomisiones_mantenimiento_rank_tend6	0.00207624433186843	0.00322653085846871	0.00185795555862339
mrentabilidad_rank_lag1	0.00205709051483317	0.00335113114178332	0.00457298659165818
ctrx_quarter_normalizado_tend6	0.00205516546238162	0.00227176627738267	0.00166813347368663
mautoservicio_rank_delta2	0.00205014149409263	0.00272343353680154	0.00262874826715445
Visa_msaldototal_rank_lag2	0.00204499837499753	0.00193158041904812	0.00342254971325361
Visa_Fvencimiento	0.00204036821929424	0.00272398801806657	0.00452121693212998
Visa_mfinanciacion_limite_rank_delta1	0.00202206163432758	0.00289090618074015	0.00561413196661432
Visa_mpagospesos_rank_lag1	0.00201835060025947	0.00290658812809518	0.005533601385126
mcomisiones_rank	0.00199320508014504	0.00262931659144577	0.0036468849045425
rf_002_017	0.00199274691243688	0.000925783389514194	0.000235839560072938
Master_mlimitecompra_rank_lag2	0.00199207211094456	0.00295935497854078	0.00529200964066104
cprestamos_personales_tend6	0.00197943804608048	0.00182610620597003	0.000218583006896869
Visa_mconsumospesos_rank_lag1	0.00194034569411861	0.00255581098673814	0.00540130114410948
thomebanking_lag1	0.00191594467430875	0.00234820893464998	0.00444643853503368
Visa_cconsumos	0.00190659550597	0.00252662535854617	0.00498139168349181
vmr_mpagominimo_tend6	0.00190032913557004	0.0019435307981978	0.00261149171397838
Visa_mlimitecompra_rank	0.00189808493506115	0.00294455472179157	0.00450396037895391
mrentabilidad_annual_rank_tend6	0.00188266778655381	0.00319617451222438	0.00368715019528666
Visa_fechaalta_lag2	0.0018776235835398	0.00302143552156886	0.00394599849292769
internet_lag2	0.00186126613261876	0.00131036292491299	0.00041990946061767
mtransferencias_recibidas_rank_delta2	0.00185355785404992	0.00274944595425378	0.00341104534446956
Master_fultimo_cierre_tend6	0.00184967699467039	0.00253726336692541	0.00371591111724677
mautoservicio_rank_tend6	0.00184938683567934	0.00218073586881198	0.00155308978584618
Visa_msaldototal_rank_tend6	0.00184515545828225	0.0025325034717097	0.0039977681524559
mtransferencias_emitidas_rank	0.0018396640577321	0.00276727761081237	0.00188096429619148
rf_013_015	0.00183298747286297	0.00100399794508695	0.000494687857713967
Visa_fechaalta_lag1	0.00182891095038464	0.00243424822077397	0.00381369825191116
tcallcenter_delta2	0.00177837519568812	0.00199490150447657	0.00143229391361369
Visa_msaldopesos_rank_delta1	0.00174943207118818	0.00289994400386311	0.00418759023739265
Visa_mconsumototal_rank_delta1	0.00174016181440974	0.00264965654531534	0.00528625745626902
Visa_Fvencimiento_lag1	0.00173743633942007	0.00239426278578912	0.00385396354265532
rf_020_027	0.00173209227006844	0.000672368232622721	0.000770792708531065
rf_001_017	0.00172533551339166	0.00149560169916216	0.00298538369945987
Visa_mlimitecompra_rank_lag2	0.00170959878785216	0.00233541219896787	0.00339954097568552
rf_003_015	0.00169912224124443	0.00134649378165344	0.00192698177132766
Master_fechaalta_lag1	0.00169319012918582	0.00212800411512136	0.00365838927332655
rf_004_025	0.00167805178116782	0.000715757841891164	0.00138627643847751
rf_018_015	0.0016723230897327	0.000747847166222796	0.000805305814883202
Visa_fechaalta_tend6	0.00165255780706708	0.00137970970918313	0.00116769343158064
Master_mconsumospesos_rank_tend6	0.00163994669821481	0.00368790681376806	0.00410130747151231
Visa_msaldototal_rank_lag1	0.00161384083238624	0.00204266781884548	0.00303715335898808
mtarjeta_visa_consumo_rank	0.00160464240512906	0.00137588669428636	0.00104689755934816
rf_010_026	0.00160417809946464	0.00111577657428709	0.000696014311434767
Master_cconsumos_tend6	0.00160154782925816	0.00203377328330071	0.00358361087623025
vmr_msaldopesos_lag2	0.00160022899812336	0.00186133533188393	0.00283007472087525
vm_Finiciomora	0.00158895449372581	0.00194256844570356	0.000258848297641029
mttarjeta_visa_debitos_automaticos_rank_delta2	0.00156723622914897	0.00209248195371676	0.00197875143085587
Visa_Fvencimiento_lag2	0.00156389570839431	0.00290044184513589	0.00382520262069521
vm_msaldototal_rank_delta1	0.00154303532095905	0.00170302787194473	0.00268627011107468
vm_Fvencimiento	0.00154108082071864	0.0022972476817231	0.00351458466352597
cliente_antiguedad_lag2	0.00152946494907667	0.00275947985545297	0.00298538369945987
cliente_edad_lag1	0.00152526703030549	0.00364295143041183	0.00236989996951342
Master_mpagominimo_rank_lag1	0.00151266410238448	0.00240535939879845	0.00310042738730033
Master_mfinanciacion_limite_rank_tend6	0.00148817177708368	0.00136394760094519	0.00217432570018465
ctrx_quarter_normalizado_lag2	0.00148546402583854	0.00255498311467246	0.00273803977060289
vmr_mpagominimo_delta2	0.00147159172025234	0.00198996839319514	0.00258273079201827
chomebanking_transacciones_delta2	0.00146873538960419	0.00241457821675702	0.00284733127405132
Visa_Fvencimiento_tend6	0.00146719516910668	0.0013204678370522	0.00122521527550087
vmr_mpagominimo_lag2	0.00146564182933899	0.00201880226277594	0.00314069267804449
rf_006_021	0.0014633044827638	0.00105832737900624	0.00242742181343365
vmr_Master_mlimitecompra_lag1	0.00145221047339157	0.00216107095395634	0.00350308029474193
Master_msaldototal_rank_lag1	0.00143010263355081	0.00191371105523212	0.00327299291906101
vm_Fvencimiento_lag2	0.00142537776192404	0.00182091283550627	0.00327874510345304
mcomisiones_mantenimiento_rank_delta2	0.00142455858285802	0.00215746925165504	0.00153008104827808
ctarjeta_visa_transacciones_tend6	0.00141142074935478	0.00272548473249899	0.00158185070780629
Visa_mpagominimo_rank_tend6	0.00140861034180845	0.0021966233339043	0.00305440991216414
rf_015_024	0.00139372807512179	0.000957412685305315	0.00154733760145415
Visa_Finiciomora	0.00138363453791371	0.00174384782391056	0.000241591744464961
Visa_mconsumosdolares_rank_tend6	0.00138084620603181	0.00201926803969555	0.00343980626642968
vm_mconsumototal_rank_tend6	0.00137907952327922	0.00163563751422299	0.00209379511869632
Master_msaldopesos_rank	0.00137807046277327	0.00174197696383093	0.00232388249437724
Master_mpagospesos_rank_delta2	0.00137331781303443	0.0021050238094337	0.00285883564283537
Master_mpagospesos_rank_lag2	0.00135971318530072	0.00261694837369394	0.00343980626642968
mttarjeta_visa_debitos_automaticos_rank_lag1	0.00135474066611054	0.00130768832013868	0.00175441623956698
Visa_mlimitecompra_rank_lag1	0.00134139193812181	0.00177675745248768	0.00302564899020403
vmr_Visa_mlimitecompra	0.001335422975789	0.00208760432220429	0.00274954413938693
mcuenta_corriente_rank_delta2	0.00132050994284365	0.00255141450510407	0.00161636381415843
Master_mpagominimo_rank_tend6	0.00130287128623053	0.00228216509518005	0.00242166962904163
mtransferencias_recibidas_rank_lag1	0.00130026789243858	0.00200511988118129	0.00180618589909518
vmr_msaldopesos	0.00129956091973137	0.00181230424226881	0.00235264341633735
Master_Fvencimiento_delta2	0.00129668079964494	0.0015663186280496	0.00176592060835102
mcomisiones_mantenimiento_rank	0.00129527026460529	0.00282757631453078	0.00211105167187239
vmr_mpagospesos_lag1	0.00128982390421714	0.000539227545558551	0.000811057999275225
cdescubierto_preacordado	0.00128543579419347	0.00171780932780266	0.000138052425408549
vmr_msaldototal_tend6	0.00127898740117168	0.00180257587532956	0.00213406040944049
cmobile_app_trx_tend6	0.00127549418564444	0.00360516097970814	0.00239290870708151
rf_009_015	0.00127400818699988	0.00155889620492943	0.00314069267804449
vmr_msaldopesos_tend6	0.00126006173060109	0.000805750272503085	0.00104689755934816
Visa_cconsumos_tend6	0.00125921390952132	0.0014995530505777	0.00173715968639091
Visa_fultimo_cierre	0.00125582559748779	0.00174720353250245	0.00221459099092881
Visa_mconsumosdolares_rank_delta1	0.00125371783524044	0.00208739716960688	0.00328449728784506
mextraccion_autoservicio_rank_lag1	0.0012531681177119	0.00124545760729871	0.00111592377205244
vm_mpagospesos_rank_tend6	0.00124589983521203	0.00134121616315649	0.00157609852341427
rf_013_023	0.00123752074932958	0.00149432157732585	0.00303140117459605
rf_020_025	0.00123223608227316	0.00129089630276769	0.00106415411252423
rf_016_021	0.00123073720942615	0.00173874508270817	0.00265750918911457
mrentabilidad_annual_rank_delta1	0.0012275157686418	0.00108627565541193	0.00202476890599205
vm_status01	0.0012261283770188	0.0014416790817236	0.000977871346643888
mautoservicio_rank	0.00122053482202881	0.000895751721214333	0.000235839560072938
ctrx_quarter_lag2	0.00121977158609043	0.00219701351172809	0.00254246550127411
vm_mconsumospesos_rank_delta1	0.00121243825015186	0.00121354189456347	0.00166813347368663
Master_fechaalta	0.0012110920308786	0.00153906063177308	0.00262874826715445
vm_Finiciomora_lag1	0.00120812551009457	0.00374092443065985	0.000603979361162402
vmr_Master_mlimitecompra_tend6	0.00120347064627169	0.00256989145677004	0.00184069900544732
vmr_msaldopesos2_tend6	0.00119563802639859	0.00229316717635872	0.00247343928856983
mtarjeta_visa_consumo_rank_lag2	0.00119527310454088	0.00206515355298059	0.00272653540181884
Master_mconsumospesos_rank_lag1	0.00119058868737005	0.00208151325532684	0.0028933487491875
mcomisiones_otras_rank_tend6	0.00117941961957442	0.00117770433700084	0.00105264974374019
vmr_Visa_mlimitecompra_lag2	0.00116979203738543	0.00223975273672784	0.00283007472087525
mpagomiscuentas_rank_lag1	0.00116835681379436	0.0013253083150502	0.00100088008421198
Master_cconsumos	0.00116053353450753	0.00172592867596729	0.00343980626642968
ccomisiones_otras	0.00115885798303155	0.00162137067013834	0.000989375715427934
Master_fultimo_cierre_delta1	0.00115878260018961	0.00154484481958631	0.00242742181343365
vmr_mpagominimo	0.00115305232458068	0.000924818558361076	0.00129424148820515
mcomisiones_mantenimiento_rank_lag1	0.00115237359113361	0.00262107800396782	0.00213981259383251
mcaja_ahorro_dolares_rank_delta2	0.00115219063788334	0.00277947110948191	0.00115043687840457
mtarjeta_visa_consumo_rank_delta1	0.00115163118352353	0.00195125290172396	0.00156459415463022
ccomisiones_otras_delta2	0.0011509313999017	0.00141704511503277	0.00287034001161941
mcuentas_saldo_rank_lag1	0.0011492915904043	0.00240016929805491	0.00177167279274304
rf_008_021	0.00114016286542349	0.00115620793055181	0.000943358240291751
rf_005_021	0.00112775514201596	0.000642770092308332	0.000310617957169235
vmr_mpagospesos_tend6	0.00111992060970739	0.00186131236473623	0.00192698177132766
mcomisiones_rank_delta2	0.00110918812237379	0.00208034654531861	0.00334777131615731
vmr_msaldopesos_delta2	0.00110719498744013	0.00174734431505305	0.00253671331688209
ccomisiones_otras_lag1	0.00110439542068539	0.00211653187981698	0.00141503736043763
Master_msaldototal_rank_delta2	0.00110309033251323	0.00196183769804342	0.00284733127405132
ccomisiones_mantenimiento_tend6	0.00110227963027772	0.00375033442177666	0.000615483729946447
vm_msaldototal_rank_delta2	0.00109807703480976	0.0019216559743703	0.00248494365735388
mcuentas_saldo_rank	0.00109699346128939	0.0041176139993152	0.00116769343158064
mpasivos_margen_rank_lag2	0.00107838407164323	0.0016428616182641	0.00282432253648323
rf_002_020	0.00107806204155704	0.00136679900792999	0.000293361403993166
ccajas_transacciones_delta2	0.00107709305782493	0.00207558459334341	0.0014840635731419
Master_mpagospesos_rank_lag1	0.0010748954609731	0.00201355016919171	0.0026920222954667
ccaja_seguridad_lag2	0.00107361412790983	0.000979216234505687	0.000109291503448435
vm_mconsumospesos_rank_delta2	0.00106485650134782	0.00125762887714448	0.00184645118983934
mtransferencias_recibidas_rank_tend6	0.00106332454308122	0.0018369705106312	0.0020880429343043
rf_012_020	0.00105990279013363	0.00057575137520621	0.000178317716152709
mcomisiones_otras_rank_lag1	0.00105461316563161	0.00134541374559985	0.00187521211179946
vm_fechaalta_tend6	0.00105234816244296	0.00157951281931988	0.00111017158766041
ccajas_transacciones_lag2	0.00104901705864032	0.00170635112065278	0.00226636065045701
rf_012_022	0.00104477641250492	0.00144352557711382	0.00292210967114762
Master_fultimo_cierre	0.00104226430704469	0.00191300023387671	0.00259423516080231
vm_mlimitecompra_rank_lag1	0.00103981366762961	0.00143680756775219	0.00241591744464961
mpayroll_sobre_edad_rank_lag2	0.00102921907187681	0.000692489853561227	0.000253096113249006
cliente_antiguedad	0.00102733572752672	0.00172510373082858	0.00194999050889575
vm_mlimitecompra_rank_tend6	0.001026096371422	0.00227631495921941	0.00250220021052995
rf_010_022	0.00101786273536037	0.000555356442573195	0.000126548056624503
Master_fechaalta_tend6	0.00101408092058418	0.000891465935431063	0.00104689755934816
mcomisiones_mantenimiento_rank_delta1	0.00100524647005397	0.00241143936444836	0.00151857667949404
Visa_mconsumospesos_rank_tend6	0.00100388264302007	0.00152912582419165	0.0029163574867556
mextraccion_autoservicio_rank_tend6	0.000999825059850837	0.00243646321890716	0.00127123275063705
mcuenta_debitos_automaticos_rank_lag2	0.000997156195510175	0.00193727418854967	0.00117344561597267
vm_mlimitecompra_rank_lag2	0.000989996688031779	0.00138049837097484	0.00227211283484903
vm_mpagominimo_rank_lag2	0.000987049237901737	0.000940131159174378	0.00115043687840457
Master_msaldototal_rank_tend6	0.000985687715887782	0.00174387701407417	0.00239290870708151
vm_msaldototal_rank_tend6	0.000984840724361612	0.00182350714755412	0.00234113904755331
rf_011_018	0.000983977543466094	0.000447678886332397	0.000212830822504846
rf_005_022	0.000983586685935212	0.00112346339647728	0.000373891985481487
Visa_mfinanciacion_limite_rank_delta2	0.000980456234473443	0.0014543949445676	0.00242742181343365
mtransferencias_emitidas_rank_lag2	0.000980448292368529	0.00195133712338843	0.00165662910490259
Master_mpagosdolares_rank	0.000978006492777751	0.00169311724447173	0.0031694536000046
Master_msaldopesos_rank_delta1	0.000966329920250298	0.00204373432775007	0.00245618273539377
vm_msaldototal_rank	0.000963063661596982	0.00154097779531008	0.00187521211179946
rf_017_026	0.000961039567522317	0.00130072110008483	0.00209379511869632
vm_status02_tend6	0.000959978813954335	0.00137200775135254	0.00130574585698919
Visa_msaldopesos_rank_tend6	0.000951637963422834	0.000890064965790035	0.00107565848130828
vmr_msaldototal_lag1	0.000946549627931642	0.00146636486293249	0.00197875143085587
Visa_mpagosdolares_rank_tend6	0.000943008037414295	0.00109700579606908	0.00191547740254362
chomebanking_transacciones_lag2	0.00093831241759892	0.00106528537001108	0.00182344245227125
vm_fultimo_cierre_lag2	0.000935066708658498	0.00183177255201164	0.00182344245227125
mcuentas_saldo_rank_tend6	0.000929604920261777	0.00143012763480993	0.00104689755934816
Master_mconsumospesos_rank_delta1	0.000928715924213027	0.00170017667590963	0.0024906958417459
mcomisiones_rank_lag2	0.00092461655894913	0.000952812663587316	0.00160485944537438
Visa_fechaalta	0.000919388742203913	0.00123682871015341	0.00171415094882282
rf_017_021	0.000916714764010785	0.000732285961197642	0.000811057999275225
vm_status03	0.000915210025039681	0.00105185359665035	0.00158185070780629
Master_mconsumototal_rank_delta1	0.000914493019605211	0.00157784470826283	0.00254821768566613
vm_mconsumototal_rank_delta2	0.000912858662467736	0.00135449280938757	0.00190397303375957
ctarjeta_visa_transacciones_lag2	0.00091206354740928	0.00143017035212253	0.00211680385626442
ccomisiones_otras_delta1	0.000907380627155721	0.00184750760595159	0.00159335507659034
vmr_msaldopesos2_lag1	0.000903139847461255	0.00149838365096091	0.00218007788457667
Master_mlimitecompra_rank_lag1	0.000896119735301982	0.000850178598054218	0.00211680385626442
mpayroll_sobre_edad_rank_lag1	0.000894793125575309	0.00229039231774335	0.00078229707731511
thomebanking_delta2	0.000889081756858397	0.00172149691299725	0.00157609852341427
vmr_msaldopesos_delta1	0.000888662907006247	0.00152654883638724	0.00189246866497552
vm_Fvencimiento_tend6	0.000887470583039463	0.0016373916663856	0.00146105483557381
Master_mpagominimo_rank_delta2	0.000883309405119136	0.0016114473329464	0.00222609535971285
Visa_mpagospesos_rank_tend6	0.00087717958623566	0.00100176860237472	0.00161636381415843
cproductos_delta2	0.000871247312150912	0.0016213186710393	0.000253096113249006
internet_lag1	0.000870841911328242	0.00143219599653856	0.000184069900544732
Master_Fvencimiento	0.000864158911847899	0.00146944106318267	0.00218583006896869
Master_cconsumos_delta2	0.000861218677029001	0.00112320893841148	0.0025654742388422
ctrx_quarter_normalizado_delta1	0.000856964626465401	0.00230390472662379	0.00121946309110885
vm_fechaalta_lag2	0.000854035721726038	0.00123322932829872	0.00177167279274304
Visa_mpagado_rank_tend6	0.000849781920028923	0.0016011550447434	0.0016853900268627
mcaja_ahorro_rank_tend6	0.000849622359498053	0.00148822695067235	0.000776544892923088
vm_fultimo_cierre	0.000847239639808832	0.0016300637750961	0.00167963784247068
internet_tend6	0.000843531792788845	0.00193330377255573	0.000258848297641029
matm_rank_lag2	0.000843443648710703	0.00173025454219201	0.00212830822504846
vmr_mconsumospesos_lag2	0.000837541295939986	0.00136351183161925	0.00186370774301541
ccaja_ahorro	0.000834569968407222	0.00193253549377799	0.000155308978584618
Master_mconsumospesos_rank_lag2	0.000831973984798047	0.00134525537511869	0.00197299924646384
ccajas_transacciones_tend6	0.000829801362348846	0.00190599324980594	0.000799553630491179
Visa_fultimo_cierre_delta1	0.000826147029989955	0.00125575788522129	0.0015588419702382
Visa_cconsumos_delta2	0.000823096807020649	0.000964205871863389	0.00129999367259717
mpayroll_sobre_edad_rank_tend6	0.000818215529861413	0.000967067852701488	0.000310617957169235
mcomisiones_otras_rank_delta2	0.000817288240287827	0.00123540545895118	0.00249644802613793
vm_mconsumospesos_rank_lag1	0.000816487943024139	0.000937235215435891	0.00110441940326839
tcallcenter_lag1	0.000814356379594591	0.00163985627074167	0.0015588419702382
mtransferencias_recibidas_rank_lag2	0.000813929414158261	0.00115862108955178	0.00170264658003877
vmr_mconsumosdolares	0.000808897408867626	0.00113169507535282	0.000724775233394882
mextraccion_autoservicio_rank_delta2	0.000808288391438784	0.00196710062916807	0.00176592060835102
vm_mpagospesos_rank_lag2	0.000808195163468024	0.00133997169181811	0.00190397303375957
Visa_mconsumototal_rank_tend6	0.000793772031232308	0.00069300275136826	0.0013575155165174
mrentabilidad_rank_lag2	0.000789838907273583	0.00124816153408019	0.00211680385626442
Master_mfinanciacion_limite_rank_lag1	0.00078906322093795	0.001022452588823	0.00199600798403194
Visa_mlimitecompra_rank_tend6	0.000785360874814602	0.0012818078780874	0.00174291187078293
mttarjeta_visa_debitos_automaticos_rank	0.000784447104581191	0.00152976067728928	0.00138052425408549
tcallcenter_lag2	0.000772909934651493	0.00158447214110053	0.00177742497713507
foto_mes	0.00077031075310152	0.00200945062561763	0.000316370141561258
Visa_mfinanciacion_limite_rank_lag2	0.000770160575516935	0.0012412029629637	0.00187521211179946
Master_mfinanciacion_limite_rank_delta2	0.000760450197371351	0.0012619747308525	0.00232388249437724
mplazo_fijo_dolares_rank	0.000757666752889466	0.00246899859636221	0.000327874510345304
ccajas_transacciones_delta1	0.000753427954957814	0.00145089924448646	0.000569466254810264
matm_other_rank_lag1	0.000750168871104914	0.000909588702564403	0.000494687857713967
mtransferencias_recibidas_rank_delta1	0.000746982670478243	0.00132434293015414	0.00171990313321484
mactivos_margen_rank_delta1	0.000746558638672201	0.00159561943477332	0.00204777764356014
Master_mconsumosdolares_rank	0.00074583371351183	0.00122288696591262	0.00275529632377896
mcomisiones_otras_rank_delta1	0.000742088765538714	0.00125959231777012	0.0020880429343043
mcaja_ahorro_dolares_rank_lag1	0.000741289120590869	0.00114028805831308	0.000632740283122516
vm_mconsumototal_rank_delta1	0.000739233957583584	0.00133776262664501	0.00184645118983934
Visa_mconsumototal_rank_delta2	0.000738155022175179	0.0010458587492011	0.00222609535971285
mcomisiones_rank_tend6	0.000737646161715109	0.0013385374712319	0.00136326770090942
mplazo_fijo_dolares_rank_tend6	0.000736394380198016	0.00180039296791825	0.000247343928856983
ccajas_consultas_tend6	0.000733483437978231	0.00135489253268492	0.000270352666425075
chomebanking_transacciones_lag1	0.0007323578840169	0.00100063321839574	0.00132300241016526
thomebanking_tend6	0.000727623852610341	0.00298539017855975	0.000684509942650722
Visa_mfinanciacion_limite_rank_tend6	0.000726704117873659	0.00165646808433839	0.00165662910490259
Master_mlimitecompra_rank_tend6	0.000726147605741427	0.00144285863329432	0.00186370774301541
rf_012_015	0.000726100709600267	0.00123120189081031	0.000488935673321944
thomebanking	0.000724049463690439	0.00143529611321005	0.00111592377205244
ctarjeta_debito_transacciones_delta2	0.000723289601334869	0.00185286472611366	0.00115043687840457
Visa_cconsumos_delta1	0.000722812681125878	0.000911361708355727	0.00142078954482965
ccuenta_debitos_automaticos_tend6	0.000721873541182577	0.00128272345248747	0.000264600482033052
Visa_msaldopesos_rank_delta2	0.000721649151454283	0.0009881708116065	0.00178317716152709
vmr_mconsumospesos_lag1	0.000721314800466996	0.00148020666975676	0.00174291187078293
vmr_mconsumospesos_delta2	0.000718963257755901	0.00164076662413687	0.0016853900268627
Master_msaldototal_rank_lag2	0.000717883427539812	0.000780676317492472	0.00138052425408549
Visa_cconsumos_lag1	0.000717288946927984	0.000967653317202518	0.00187521211179946
Master_mlimitecompra_rank	0.000716453260848642	0.000817863557552302	0.00177167279274304
mextraccion_autoservicio_rank_lag2	0.000712627029933216	0.000639188377490337	0.000811057999275225
rf_003_027	0.000704009772022256	0.00142376842450542	0.00181769026787923
rf_007_023	0.000701536956919267	0.000968773644647245	0.0021628213314006
mcaja_ahorro_dolares_rank_tend6	0.000701319461128209	0.00221232714092114	0.00110441940326839
cmobile_app_trx_lag2	0.000700991820133123	0.00176469666754303	0.00126548056624503
vm_mpagominimo_rank	0.000694935540253199	0.000587018646516245	0.000690262127042745
chomebanking_transacciones_delta1	0.000689938430934611	0.00181043472699346	0.00139202862286953
rf_004_021	0.000689687026056554	0.00131399866922081	0.000926101687115682
Visa_mpagominimo_rank_delta1	0.000688625365804364	0.00131101259722648	0.0015588419702382
Visa_mconsumosdolares_rank	0.000678711106740932	0.000803158307270559	0.00129424148820515
Visa_mconsumototal_rank_lag2	0.000674724544578313	0.00109324743725287	0.00198450361524789
rf_015_019	0.000671973661562446	0.00103934886807918	0.000989375715427934
cdescubierto_preacordado_delta2	0.000669892328252355	0.000553994419519026	6.32740283122516e-05
Master_mpagospesos_rank_tend6	0.000668660751596821	0.00122348951733869	0.0016853900268627
mcaja_ahorro_rank_delta2	0.000668359449857604	0.00169545915521327	0.00112167595644446
ctransferencias_emitidas_tend6	0.000667413563969866	0.00187710988615369	0.000954862609075797
mrentabilidad_rank_delta2	0.00066685920058524	0.0014154901784854	0.00207078638112823
ccaja_seguridad_lag1	0.000662609477638472	0.000930224671589073	9.77871346643888e-05
numero_de_cliente	0.00066153954900185	0.00274603004589359	0.00115043687840457
rf_010_021	0.00065292114245489	0.00109870217438484	0.000799553630491179
tcallcenter_delta1	0.000648834170892371	0.00153398415380732	0.000770792708531065
mcajeros_propios_descuentos_rank_delta2	0.00064273111153776	0.0011079450933457	0.000753536155354996
vm_cconsumos_tend6	0.000639867879617198	0.000949475096668932	0.000557961886026219
Master_mlimitecompra_rank_delta1	0.000638992723549815	0.00096235679233944	0.00194423832450373
vmr_mpagominimo_lag1	0.000634911855161361	0.00116424202867222	0.00116194124718862
Visa_fultimo_cierre_tend6	0.000621658642882882	0.000919835662952362	0.00104689755934816
mv_status07_rank_tend6	0.000620523285653674	0.000527145929331824	0.000264600482033052
mcaja_ahorro_dolares_rank_lag2	0.000618723300840623	0.00109635754766601	0.000626988098730493
Visa_mfinanciacion_limite_rank_lag1	0.000617914009244041	0.00098075556077586	0.00151857667949404
mtarjeta_visa_consumo_rank_lag1	0.000613775716863375	0.00134864288437662	0.00109291503448435
ccomisiones_otras_tend6	0.000613503684839092	0.001065922939086	0.000857075474411408
vmr_msaldopesos_lag1	0.000610444753580699	0.000833511621113076	0.00124822401306896
ctarjeta_visa_transacciones	0.000606124712499607	0.00175519211822684	0.000753536155354996
Visa_mconsumospesos_rank_delta1	0.000605740821585619	0.000757886182952009	0.00171990313321484
rf_002_015	0.000605677704489896	0.000762951823377353	0.000851323290019385
mcuenta_debitos_automaticos_rank_tend6	0.0005993029538488	0.00267776324493961	0.000897340765155568
mtarjeta_visa_descuentos_rank_delta1	0.000596637586437728	0.00131673001946223	0.00124247182867694
Master_mpagado_rank_tend6	0.000596404871464779	0.00156879029922034	0.00143804609800572
mpayroll_rank	0.000593543418496033	0.00184856443753907	0.000494687857713967
mrentabilidad_rank_tend6	0.000587019641347199	0.00139234525293195	0.000868579843195453
vm_cconsumos_lag2	0.000584096650808552	0.00117982836307941	0.000891588580763545
cproductos_lag1	0.000583354700663682	0.000920404963433253	0.0002013264537208
vm_fechaalta	0.000581842703013969	0.00115076461107191	0.00123671964428492
vm_fultimo_cierre_delta1	0.000578291466413368	0.00091667450271379	0.00109291503448435
mcomisiones_otras_rank	0.000578214417570238	0.00108015165401384	0.00148981575753392
cpagomiscuentas_tend6	0.000570236872926101	0.00204405642156082	0.000603979361162402
vm_mpagominimo_rank_lag1	0.00056969139133146	0.00115337883149693	0.000834066736843316
cprestamos_personales_lag1	0.000569019966972952	0.00133490913653201	0.000184069900544732
vm_mlimitecompra_rank_delta2	0.000564869828113102	0.0012024442531744	0.00153008104827808
vm_mconsumospesos_rank_lag2	0.000564440373683781	0.000981988298037633	0.00129999367259717
Visa_msaldopesos_rank_lag2	0.000563548672995458	0.000742413075791916	0.00136326770090942
Visa_mpagominimo_rank_lag1	0.000561366621904872	0.000885347102300425	0.00128848930381312
ctrx_quarter_tend6	0.000559220948936307	0.00114190596334347	0.000759288339747019
vm_mfinanciacion_limite_rank_tend6	0.000556915944884539	0.00159452616162657	0.00107565848130828
mpasivos_margen_rank_delta2	0.000556022286622146	0.000928398585581536	0.00153008104827808
vmr_msaldototal_delta2	0.000548197323326995	0.000648760694395034	0.000851323290019385
cliente_antiguedad_lag1	0.000545264504728876	0.000881145986449723	0.00102964100617209
rf_015_016	0.000529082990240454	0.000858792544140109	0.000816810183667248
rf_019_019	0.000527914567686476	0.000619429115385014	0.000736279602178928
mrentabilidad_annual_rank_lag1	0.000523314296304019	0.00124644593297376	0.000926101687115682
mcuenta_debitos_automaticos_rank_delta1	0.00052183284670754	0.00172951144553374	0.000557961886026219
Master_Fvencimiento_tend6	0.000518710613784829	0.00077561534432906	0.000943358240291751
mactivos_margen_rank_lag1	0.000511923390578015	0.00200348926643196	0.00111017158766041
Master_mconsumospesos_rank_delta2	0.000505524960741615	0.00114497100962869	0.00104689755934816
Master_mpagospesos_rank	0.000504966584247097	0.00120008333059188	0.00125972838185301
Master_msaldodolares_rank_delta2	0.000504611136619031	0.000875800969526229	0.00114468469401255
vm_mfinanciacion_limite_rank_delta1	0.000502059495044877	0.00137939789916985	0.00118494998475671
mtarjeta_master_consumo_rank_tend6	0.000499337729658533	0.00208711739757806	0.000788049261707133
Visa_msaldototal_rank_delta1	0.000499184175696061	0.000730448773962572	0.00127698493502908
vm_mfinanciacion_limite_rank	0.000497308690555672	0.000771641711352312	0.00102388882178007
Visa_mpagado_rank_delta1	0.000497159728427555	0.0012117129607351	0.000868579843195453
vm_cconsumos	0.00049174758511282	0.000565435117844477	0.000396900723049578
Visa_cconsumos_lag2	0.000490571999790036	0.000542981711749637	0.00106415411252423
mcuenta_corriente_rank_delta1	0.000489342600142843	0.00117895102331099	0.000673005573866676
Visa_fultimo_cierre_delta2	0.000486879027065308	0.000782907110483832	0.0010814106657003
mpasivos_margen_rank_tend6	0.000485083110743667	0.000974256965462461	0.000972119162251865
matm_other_rank_delta2	0.000483856352069437	0.00146022456567071	0.00103539319056412
vmr_mconsumospesos_delta1	0.00048249049342307	0.00153546755204044	0.00125972838185301
tcallcenter_tend6	0.000480006224093625	0.00126399122532565	0.00050044004210599
rf_010_016	0.000479089061228	0.000678931721335077	0.000546457517242173
vm_mconsumospesos_rank	0.000477342191508552	0.00108747464072301	0.00102388882178007
mactivos_margen_rank	0.000476215563756436	0.00185352357473874	0.000747783970962973
Visa_mlimitecompra_rank_delta1	0.0004709608529586	0.000807976108176686	0.00144379828239774
vmr_Master_mlimitecompra	0.00047073841545227	0.000835343112706467	0.00101238445299603
mtarjeta_visa_consumo_rank_delta2	0.000466795573418438	0.000955689384535134	0.000851323290019385
Master_mpagado_rank_delta1	0.000464804093830542	0.0011802286401197	0.00111592377205244
ccallcenter_transacciones_tend6	0.000464693164408764	0.000928817874462808	0.000287609219601144
Master_mpagospesos_rank_delta1	0.000464568173639205	0.000797527242564911	0.0012079587223248
Visa_mpagospesos_rank_delta1	0.000459338345676817	0.000978420400424455	0.00155308978584618
Visa_msaldodolares_rank_tend6	0.00045864506048369	0.0013709351512756	0.00102388882178007
thomebanking_delta1	0.000456418001693084	0.00149664139108717	0.000730527417786905
rf_016_018	0.000446605901809282	0.000515532726895859	0.000373891985481487
rf_014_017	0.000446577373419247	0.000861822968307154	0.000862827658803431
Master_msaldototal_rank_delta1	0.00044551904425613	0.00069001549278191	0.000989375715427934
vm_cconsumos_delta2	0.000445380294183302	0.000791916086236432	0.000385396354265532
ccaja_seguridad	0.0004445067166329	0.000572603109267553	4.6017475136183e-05
mttarjeta_visa_debitos_automaticos_rank_tend6	0.000440485821815987	0.00150479644248715	0.000408405091833624
Master_fultimo_cierre_lag2	0.000438339755818151	0.000573417216865842	0.000880084211979499
rf_002_024	0.000438222472524244	0.000615361293370852	0.00129999367259717
vmr_msaldopesos2_lag2	0.000435481617537348	0.000805575210627557	0.000891588580763545
vmr_Visa_mlimitecompra_lag1	0.00043337638648462	0.000795107728705476	0.00104114537495614
ccajas_otras_tend6	0.00043257279599252	0.00147850934216739	0.000224335191288892
vm_mpagominimo_rank_delta1	0.000428951677064661	0.000788875167322217	0.000724775233394882
vmr_mconsumosdolares_tend6	0.000427384706876634	0.00225662111788728	0.000954862609075797
vm_Fvencimiento_delta2	0.000427032553572883	0.00068770406427084	0.000839818921235339
cliente_edad_lag2	0.000426834707192447	0.000954011965322931	0.000696014311434767
rf_019_016	0.000426296003274004	0.000727920726486678	0.00107565848130828
vm_mfinanciacion_limite_rank_lag2	0.000423858773137699	0.000631031322068291	0.000989375715427934
vm_Fvencimiento_lag1	0.00042267508968857	0.000790120851621328	0.00108716285009232
mtransferencias_emitidas_rank_delta2	0.00042153842585854	0.00114806598440144	0.000391148538657555
mautoservicio_rank_lag2	0.000420483451604918	0.000803623688659501	0.000788049261707133
ctransferencias_recibidas_tend6	0.000417946099238867	0.000927787886223617	0.000494687857713967
Master_cconsumos_delta1	0.000414615639977001	0.000439445071591228	0.000937606055899728
vm_status05_tend6	0.000414529662648995	0.000626708725563792	0.000207078638112823
Master_mpagado_rank	0.000410309902946793	0.000624534678039541	0.000972119162251865
Visa_msaldototal_rank	0.000409002848544721	0.000676338173979863	0.00126548056624503
ctarjeta_visa_debitos_automaticos_tend6	0.000407985737625786	0.0012839609097486	0.000241591744464961
vm_mpagominimo_rank_tend6	0.000407505673092307	0.000554379692762487	0.000690262127042745
Visa_mconsumosdolares_rank_lag1	0.000405597739427752	0.000536815915943849	0.00100088008421198
Master_msaldopesos_rank_tend6	0.00040458799273392	0.000721526340321055	0.00111592377205244
mv_status07_rank_delta2	0.000403757846102133	0.000878873451788087	0.000362387616697441
mpayroll_sobre_edad_rank	0.000402372775032357	0.00100275342101114	0.000230087375680915
vm_status03_tend6	0.0004002992820868	0.000300757752435574	8.05305814883202e-05
active_quarter_lag1	0.000398332855410316	0.00084937126721478	0.000862827658803431
mcaja_ahorro_dolares_rank	0.00039798102263142	0.00125846845691806	0.000333626694737327
rf_008_024	0.000397220318697484	0.000523083723853208	0.00106415411252423
rf_012_014	0.000396396056137268	0.00113224233159091	0.000189822084936755
vm_status04_delta2	0.000396245090656246	0.000283871809714287	8.05305814883202e-05
mcuenta_corriente_rank_lag1	0.000394849135105959	0.00116003160466636	0.000506192226498013
vmr_mpagospesos_delta2	0.000389684688607977	0.000672674346994314	0.000724775233394882
Master_mpagominimo_rank	0.000387711189316447	0.00101931563506157	0.000845571105627362
vmr_Master_mlimitecompra_lag2	0.00038212978601915	0.000593422762736405	0.000989375715427934
cliente_edad	0.000381564928113929	0.000847905035012835	0.000511944410890036
Visa_msaldopesos_rank_lag1	0.000379601481251281	0.000595722114377617	0.000845571105627362
Visa_mconsumosdolares_rank_lag2	0.000377605485960853	0.00112674848965981	0.000966366977859842
mtarjeta_visa_consumo_rank_tend6	0.000377160690976637	0.000694356151853774	0.000667253389474653
vmr_Visa_mlimitecompra_delta1	0.000376392421004969	0.00127388233995216	0.000747783970962973
vmr_mpagado_delta2	0.000374486187757554	0.00180219302800756	0.000638492467514539
vm_mfinanciacion_limite_rank_delta2	0.000373712040185766	0.00134132896850421	0.000822562368059271
rf_013_022	0.000373681727092719	0.000852374241553172	0.000195574269328778
rf_010_023	0.000371448971457297	0.000558369199703548	0.00139778080726156
ctransferencias_recibidas_lag2	0.000371147337454215	0.00137333786826582	0.000730527417786905
Master_msaldopesos_rank_lag1	0.000371060877362226	0.000500687089594187	0.000891588580763545
Visa_mconsumosdolares_rank_delta2	0.000370998488495295	0.000834721101171323	0.00126548056624503
mcuenta_debitos_automaticos_rank_lag1	0.000370036023768477	0.00114672967084097	0.000517696595282058
Master_mconsumospesos_rank	0.000369891292861962	0.000838315420233406	0.000926101687115682
ctrx_quarter_normalizado_lag1	0.00036627741464075	0.000975992053046674	0.000770792708531065
vmr_msaldototal_lag2	0.000365740042907934	0.000434487147352287	0.000736279602178928
catm_trx_other_tend6	0.000364031544775351	0.0011387826949433	0.000488935673321944
ctarjeta_debito_transacciones_lag1	0.000363903624704159	0.000778982022304921	0.000385396354265532
vm_mlimitecompra_rank	0.000362334140755111	0.000528758718832184	0.000816810183667248
vm_msaldopesos_rank_lag2	0.000359444251966028	0.000488752452565259	0.000638492467514539
vmr_msaldopesos2	0.000359117327732897	0.000633431402187363	0.000822562368059271
vmr_mpagospesos_lag2	0.000357253686676934	0.000575068240997851	0.000793801446099156
vm_msaldopesos_rank_delta2	0.000355565457529024	0.000513930906779474	0.000816810183667248
rf_009_023	0.000353352871727139	0.000558875637176267	0.000483183488929921
vmr_msaldototal	0.00035327006312142	0.000605374671271353	0.000805305814883202
mpayroll_sobre_edad_rank_delta2	0.000353192440063752	0.000721231801813803	0.000230087375680915
mtransferencias_emitidas_rank_lag1	0.000353094154292073	0.000820962039363681	0.000713270864610836
Visa_mpagosdolares_rank	0.000349509752139046	0.000246395700420174	0.000655749020690607
internet_delta2	0.000348360402838743	0.00118641911703944	0.000235839560072938
vm_fultimo_cierre_lag1	0.000344901919931189	0.000879436845677607	0.000770792708531065
Visa_fultimo_cierre_lag2	0.000340694963822977	0.000777823381122411	0.00078229707731511
Master_msaldototal_rank	0.000337876850168905	0.000953808477976426	0.000920349502723659
rf_012_019	0.000333272149471474	0.000519618848795789	0.000874332027587476
ctarjeta_debito_tend6	0.000333022087030211	0.00331931315149283	0.000368139801089464
matm_other_rank_tend6	0.000332141480631593	0.00107755438867031	0.000523448779674081
ccaja_ahorro_lag1	0.000332059867426719	0.000758943489176294	0.000132300241016526
vm_status01_lag2	0.000331700508972083	0.00198729355110242	0.000465926935753853
Visa_mpagado_rank_delta2	0.000330991709320055	0.000497661279951652	0.000333626694737327
Visa_mpagosdolares_rank_lag1	0.000325522321400608	0.000403261240109415	0.000805305814883202
Master_cconsumos_lag1	0.000325188580062146	0.000624155733286837	0.00118494998475671
mttarjeta_visa_debitos_automaticos_rank_lag2	0.000323822741778771	0.000385545605881353	0.000575218439202287
ccajas_depositos_tend6	0.000320916541140609	0.00237614196994043	0.000327874510345304
rf_003_019	0.000320736535869008	0.000936920900395028	0.000103539319056412
Master_mconsumototal_rank_lag1	0.000320397669537807	0.000727473908670619	0.000926101687115682
Master_mpagominimo_rank_delta1	0.000320261577467372	0.000826100562907561	0.000851323290019385
ccomisiones_otras_lag2	0.00031958624345535	0.000469333346838051	0.000845571105627362
Master_msaldopesos_rank_delta2	0.000316937578894848	0.000718182734967741	0.000903092949547591
mautoservicio_rank_delta1	0.000316520308100408	0.00102266409225779	0.000425661645009692
rf_012_018	0.000315325035384855	0.0010956180371525	0.000506192226498013
ctarjeta_visa_transacciones_delta2	0.000314827462714677	0.00106256512099719	0.00041990946061767
ctrx_quarter_delta2	0.000314289671260149	0.00056478191212365	0.000626988098730493
matm_rank_lag1	0.000313821520262129	0.00048496548369709	0.000333626694737327
mpayroll_rank_lag2	0.000313276075643654	0.000516221741326878	0.000253096113249006
vmr_mconsumospesos	0.000309411224260945	0.000574143332073916	0.000626988098730493
vm_fultimo_cierre_delta2	0.000309040025422289	0.000679274382740783	0.000517696595282058
vm_msaldopesos_rank_delta1	0.000308846855175009	0.000487703004216996	0.000598227176770379
Master_mconsumototal_rank_delta2	0.000306956440572063	0.00100028367475633	0.000972119162251865
ctrx_quarter_delta1	0.0003045318600292	0.000951618872912401	0.000437166013793738
mtarjeta_master_descuentos_rank_lag2	0.000304467131662807	0.000750036613074552	0.000552209701634196
Visa_fultimo_cierre_lag1	0.000304286571359242	0.000622159384509262	0.000655749020690607
rf_014_015	0.000303963768130134	0.000628561575813483	0.000569466254810264
ccajas_transacciones	0.000302863723582099	0.000627153143827106	0.000534953148458127
rf_007_016	0.000302114675674493	0.000479125526059084	0.000724775233394882
vm_mlimitecompra_rank_delta1	0.000301699114787021	0.000737421821501663	0.000885836396371522
mpagomiscuentas_rank_delta2	0.000301522238110612	0.000792417566391392	0.000350883247913395
cprestamos_personales_delta2	0.000301399319535978	0.000399203754630154	4.6017475136183e-05
ctarjeta_debito_transacciones_tend6	0.000299605988621932	0.00134397132434438	0.00041990946061767
vm_mpagado_rank_delta2	0.00029867284443365	0.00128318595968686	0.000425661645009692
Master_delinquency_tend6	0.000298414807010563	0.00056475628173609	0.000431413829401715
mtransferencias_emitidas_rank_delta1	0.000297375899804721	0.000943186132611813	0.000362387616697441
Master_cconsumos_lag2	0.000295159560773705	0.000623927406614116	0.00111592377205244
rf_001_023	0.000294774410412178	0.000385301589825301	0.000189822084936755
Visa_status_tend6	0.00029307106898482	0.000639854767566905	0.000391148538657555
Visa_Fvencimiento_delta2	0.000291260635588553	0.000392925997275415	0.000408405091833624
rf_017_023	0.000290580336208167	0.000745750721816436	0.000575218439202287
ccallcenter_transacciones_delta1	0.000289678764654216	0.000699723213020067	9.77871346643888e-05
vmr_msaldodolares2_tend6	0.000287637052519497	0.00147421604130135	0.000494687857713967
chomebanking_transacciones_tend6	0.000284781057850423	0.000855316304168042	0.000615483729946447
vm_msaldopesos_rank_tend6	0.000283708202993217	0.000766893471107074	0.000644244651906562
mttarjeta_visa_debitos_automaticos_rank_delta1	0.000280458010450625	0.000977108029654006	0.000523448779674081
catm_trx_lag2	0.00028005161243994	0.000370350424940279	0.000224335191288892
vm_msaldopesos_rank	0.000278839707317942	0.000357200875898539	0.000609731545554424
vm_fultimo_cierre_tend6	0.000274908688157617	0.000767525819177119	0.00058097062359431
vmr_mpagado_lag2	0.000273524815823287	0.00073700572323448	0.000586722807986333
Master_mconsumototal_rank_lag2	0.000271633797572168	0.000855126080283412	0.000874332027587476
vm_status05_delta1	0.000266122388642474	0.000974554299053129	0.000184069900544732
vmr_mpagado_lag1	0.00026280680872088	0.00127729379200012	0.000442918198185761
cpagomiscuentas_delta2	0.00026167599023622	0.000862908515421436	0.000189822084936755
vmr_Visa_mlimitecompra_tend6	0.00025917175638653	0.000763893397326945	0.000350883247913395
mcuenta_debitos_automaticos_rank_delta2	0.000258276744735927	0.00118240698574393	0.000322122325953281
Master_fultimo_cierre_delta2	0.000257943256731729	0.000409431413121308	0.000747783970962973
mplazo_fijo_dolares_rank_lag2	0.000256715510620853	0.000922477544155722	0.000299113588385189
mtarjeta_master_consumo_rank_lag2	0.00025665681583732	0.000348165689646726	0.000552209701634196
ccomisiones_mantenimiento_lag2	0.000256135630917278	0.000529292922558094	0.000189822084936755
ccajas_consultas_delta2	0.000254297061090923	0.000873113180396178	0.000189822084936755
mautoservicio_rank_lag1	0.0002512521863149	0.000538952704478776	0.000322122325953281
rf_016_023	0.000249856527303146	0.000894035539996252	0.000230087375680915
rf_003_026	0.000249301018258878	0.000396606858448581	0.000132300241016526
mpagomiscuentas_rank_tend6	0.000248271171742921	0.00106573732972588	0.000276104850817098
vm_status01_delta1	0.000246285144901036	0.000251659923611688	0.000270352666425075
vmr_msaldopesos2_delta2	0.000239270001490412	0.000565570362965667	0.000626988098730493
Master_fultimo_cierre_lag1	0.000238971350616584	0.000464878854038721	0.000534953148458127
rf_011_015	0.000237743283849914	0.000479955164828435	0.000598227176770379
mpagomiscuentas_rank_lag2	0.000237563402351192	0.00072744028856348	0.000517696595282058
vm_mpagado_rank_tend6	0.000236225114510713	0.000446562725144085	0.000287609219601144
Master_mpagado_rank_delta2	0.000235354251663545	0.000408060477442658	0.000511944410890036
rf_002_018	0.000233687873680988	0.00105705453493431	0.000281857035209121
ctarjeta_debito_transacciones_delta1	0.000233467594483137	0.00154022301731262	0.000299113588385189
mtransferencias_emitidas_rank_tend6	0.000233048078813295	0.00084941256061696	0.000437166013793738
tcuentas_lag2	0.000232554413230313	0.00131791579404885	0.000189822084936755
rf_015_017	0.000231593492753047	0.000537354154082616	0.000327874510345304
cprestamos_personales_delta1	0.000230825971586925	0.000579322568908324	6.32740283122516e-05
ctarjeta_master_transacciones_delta2	0.000228845740407751	0.00116203130227029	0.000488935673321944
mextraccion_autoservicio_rank_delta1	0.000228755712431722	0.00129504431203347	0.000534953148458127
ctransferencias_recibidas_delta2	0.000227615955620678	0.000859994640959141	0.000322122325953281
vmr_mpagado_tend6	0.000226454221431655	0.000603878879743837	0.000385396354265532
ctarjeta_debito_transacciones_lag2	0.00022456515810173	0.000730135091770784	0.000506192226498013
mv_status07_rank	0.000222890870773578	0.00116504150163563	0.000414157276225647
vm_msaldopesos_rank_lag1	0.000222819587330134	0.000417043743701563	0.000414157276225647
catm_trx_delta2	0.00022070240806715	0.000964229366385319	0.000483183488929921
mtarjeta_master_descuentos_rank_delta1	0.000219502700106793	0.000356335006519611	0.000408405091833624
Visa_mpagado_rank_lag2	0.000217494707084756	0.000583641421055792	0.000368139801089464
vm_mconsumosdolares_rank_lag2	0.000213760757243548	0.000718033725379157	0.00054070533285015
ccomisiones_mantenimiento_delta2	0.000210546883864001	0.000526403439153919	6.90262127042745e-05
vm_mconsumospesos_rank_tend6	0.000210128364241816	0.000377187937302353	0.000586722807986333
vm_Fvencimiento_delta1	0.000208455256326354	0.000435592260050489	0.000287609219601144
vm_status04	0.000207734992187417	0.000437369748522765	0.000425661645009692
matm_rank_delta2	0.00020726506299571	0.000619243743343297	0.000431413829401715
mprestamos_prendarios_rank	0.000207013540879811	0.000633035133191215	5.17696595282058e-05
mv_status07_rank_lag2	0.000201999897206394	0.00110998843116714	0.000529200964066104
ctransferencias_emitidas_delta1	0.000199929349404935	0.000929271759093544	0.00016106116297664
vmr_mpagominimo_delta1	0.000198408315222356	0.000882228342949916	0.00062123591433847
vm_mpagominimo_rank_delta2	0.00019805105143573	0.000352460519898034	0.00050044004210599
vm_mpagospesos_rank_delta2	0.000191567223980103	0.00021598424356884	0.000425661645009692
cforex_sell_tend6	0.000191175183549037	0.00164402313363616	0.000235839560072938
ccallcenter_transacciones_delta2	0.000190105006032749	0.000553735953409082	0.000207078638112823
vmr_mconsumosdolares_lag2	0.000189802363006915	0.00051249528865156	0.000391148538657555
vm_mpagospesos_rank_delta1	0.000189222826334909	0.00031470658985975	0.00050044004210599
ccallcenter_transacciones	0.000189000021847991	0.000594031695390654	5.17696595282058e-05
rf_016_017	0.000187049391879024	0.000501376684136859	0.000368139801089464
vm_mpagado_rank_lag2	0.000185557007050602	0.000309067640909368	0.000230087375680915
ccajas_extracciones_delta2	0.00018341318908572	0.000702761521431845	0.000253096113249006
vmr_msaldototal_delta1	0.000178259856536833	0.000329212202626864	0.000483183488929921
vm_status01_tend6	0.000176448885711182	0.000360211286213569	0.000189822084936755
cmobile_app_trx	0.000175905491541969	0.00055747200429538	0.000184069900544732
mcaja_ahorro_dolares_rank_delta1	0.000175454364459437	0.000696393662189972	0.000264600482033052
mcuenta_debitos_automaticos_rank	0.000172653084604259	0.000896525168259517	0.000138052425408549
vm_mpagado_rank_delta1	0.00017217414727055	0.00103269530384841	0.000287609219601144
mplazo_fijo_dolares_rank_lag1	0.000165712789757059	0.000746914082998301	0.000166813347368663
cforex_tend6	0.000162126497269712	0.00115618852318016	0.000264600482033052
matm_rank_tend6	0.000161062968202993	0.000459297520722927	0.000287609219601144
mtarjeta_master_consumo_rank_lag1	0.000160920439507741	0.000402635642429509	0.000396900723049578
ctarjeta_visa_transacciones_lag1	0.000160271621861947	0.000309288742555143	0.000316370141561258
rf_008_017	0.000159886545695021	0.000305826214313046	0.000310617957169235
Visa_msaldodolares_rank	0.000159404939127946	0.000372149061119163	0.000207078638112823
mpayroll_rank_delta1	0.000158556048038387	0.000966734842244184	0.000178317716152709
vmr_msaldopesos2_delta1	0.000157105536437026	0.000305818224593467	0.000506192226498013
Visa_mpagado_rank	0.000151482319272761	0.000813388681738996	0.000345131063521372
rf_011_023	0.000151067305938386	0.00048386306060746	0.000322122325953281
mextraccion_autoservicio_rank	0.000149483063051342	0.000314201022554509	0.000310617957169235
mplazo_fijo_dolares_rank_delta2	0.000148760612887322	0.000853983550383617	0.000132300241016526
vmr_mconsumosdolares_lag1	0.000147804924019893	0.000282642236697891	0.000218583006896869
ctarjeta_debito_lag2	0.000146941856282428	0.00090479748131945	0.000184069900544732
rf_017_018	0.000145875865954764	0.00105531393628939	0.000276104850817098
vmr_mpagado_delta1	0.000142671454771083	0.000800166355053566	0.000258848297641029
vmr_msaldodolares2	0.000142410856492618	0.0015254146917377	0.000333626694737327
ctarjeta_master_debitos_automaticos_tend6	0.000142134885136037	0.0016686644835662	0.000230087375680915
ctrx_quarter_lag1	0.000140921694247021	0.000304535835047973	0.000333626694737327
rf_011_025	0.000140564317558414	0.000346559966961042	0.000293361403993166
minversion2_rank_lag1	0.000139273806941293	0.00103198324316355	0.000115043687840457
mforex_buy_rank_tend6	0.00013903269786551	0.00249222956302123	0.000281857035209121
vm_msaldodolares_rank_tend6	0.000136652218797853	0.000795679507845247	0.000287609219601144
mtarjeta_master_consumo_rank	0.000136580187982095	0.000548531138924537	0.000218583006896869
rf_013_017	0.000133941281078983	0.000461656412914666	0.000304865772777212
minversion2_rank	0.000133814374696476	0.000643302819386399	8.05305814883202e-05
rf_020_019	0.000130850104475642	0.000747254423957396	0.000253096113249006
mpagomiscuentas_rank_delta1	0.000130363338422383	0.000429849444745581	0.000224335191288892
mprestamos_prendarios_rank_lag2	0.000127462367831347	0.000652527280249228	8.62827658803431e-05
mprestamos_prendarios_rank_lag1	0.000126379685322365	0.000811060746414537	8.05305814883202e-05
Visa_mpagado_rank_lag1	0.000126352377422902	0.000254617912928292	0.000316370141561258
mcajeros_propios_descuentos_rank_lag2	0.000124930079052831	0.000488986395773526	0.000270352666425075
vmr_mpagospesos_delta1	0.000123781896269888	0.000441434907297066	0.000327874510345304
cpayroll_trx_delta2	0.000123340051808511	0.000697225225875262	0.000109291503448435
vm_mpagospesos_rank	0.000123134339809493	0.000220311981972078	0.000258848297641029
matm_other_rank_lag2	0.00011844163339792	0.000449338216608524	0.000322122325953281
ccajas_extracciones_tend6	0.00011820211277562	0.00116203900193405	0.000178317716152709
rf_015_020	0.000117846978313411	0.000942849878802997	0.000138052425408549
Master_mpagado_rank_lag2	0.000117592880761696	0.000309714860932689	0.000276104850817098
ccaja_ahorro_lag2	0.000117001011339654	0.000573049689765209	0.000109291503448435
vmr_mconsumospesos_tend6	0.000116882473156466	0.0004671220930619	0.000241591744464961
mtarjeta_master_consumo_rank_delta1	0.000115600592791012	0.00101766927819149	0.000218583006896869
ctrx_quarter_normalizado	0.000115222548978903	0.000450182806437285	0.000195574269328778
vm_cconsumos_lag1	0.00011482644656718	0.000230167182413551	0.000184069900544732
cpagomiscuentas_lag1	0.00011428632838585	0.000625164125551323	0.000132300241016526
mcaja_ahorro_adicional_rank_lag2	0.000114129566006702	0.00130579325358191	0.000212830822504846
cextraccion_autoservicio_tend6	0.000111900793459654	0.000541710924437195	0.000212830822504846
cpayroll_trx_lag1	0.000111723913252539	0.000100949052131989	4.02652907441601e-05
cpagomiscuentas_lag2	0.000110694166480524	0.000523902920612813	0.000166813347368663
ctransferencias_emitidas_lag1	0.000107908564454715	0.000733402465179205	0.000178317716152709
vm_Finiciomora_lag2	0.000106629481265846	0.00104918162874719	0.000149556794192595
cpayroll_trx_lag2	0.000105794623875208	0.000130232903774227	1.72565531760686e-05
Master_msaldodolares_rank_delta1	0.000105067134382363	0.000158668131174847	0.000287609219601144
rf_005_013	0.000103508281597477	0.000732709495441463	9.77871346643888e-05
vm_mpagado_rank	9.90675344603961e-05	0.000709260828700454	0.000184069900544732
ctransferencias_emitidas_delta2	9.85263892846184e-05	0.000499773202791651	0.000143804609800572
mttarjeta_master_debitos_automaticos_rank_delta1	9.84919557355496e-05	0.000815278870084145	0.0002013264537208
mforex_sell_rank_tend6	9.7676221999788e-05	0.000821432193489402	0.000132300241016526
ctarjeta_master_transacciones_delta1	9.74182469245217e-05	0.0011860391702757	0.000138052425408549
vm_mconsumosdolares_rank_lag1	9.55006712144938e-05	0.000314891197208834	0.000195574269328778
mcomisiones_mantenimiento_rank_lag2	9.30034971028182e-05	0.000498740313994198	0.000241591744464961
ctarjeta_visa_transacciones_delta1	9.19468714458962e-05	0.000695573357944485	0.000143804609800572
cextraccion_autoservicio_delta2	9.1896560282463e-05	0.000500779063659836	0.000235839560072938
vmr_mconsumosdolares_delta2	9.18284915320089e-05	0.000282610699718959	0.000184069900544732
mtarjeta_master_descuentos_rank_delta2	9.13836113178353e-05	0.00023066452268081	0.000299113588385189
rf_004_015	9.11622346800168e-05	0.000295279652625231	0.000230087375680915
vm_mpagosdolares_rank_tend6	9.11229284281448e-05	0.000731520108341365	0.000166813347368663
vmr_mconsumosdolares_delta1	8.90112080260137e-05	0.000427012329602409	0.000241591744464961
tcuentas_lag1	8.85816325065715e-05	0.00057929153293491	6.90262127042745e-05
rf_003_023	8.78931495875973e-05	0.000359703635780122	0.00016106116297664
rf_010_018	8.78446733824412e-05	0.000247278630355431	0.00016106116297664
catm_trx_tend6	8.65376434575032e-05	0.000559040098829779	0.000149556794192595
vmr_mpagosdolares_lag1	8.35411563720056e-05	0.000693665238875528	0.000212830822504846
mv_status07_rank_lag1	8.03098745320885e-05	0.000382776179220555	0.000149556794192595
rf_004_019	7.97435214857312e-05	0.000205780290549308	0.000166813347368663
vm_status06_delta2	7.95087218013467e-05	0.00027616336518068	8.05305814883202e-05
active_quarter_tend6	7.86225873512531e-05	0.00111330685440099	0.000149556794192595
ctarjeta_visa_debitos_automaticos_lag1	7.75417592480552e-05	0.000503922688705272	8.62827658803431e-05
rf_011_022	7.56847233367261e-05	0.000163572025923962	0.000138052425408549
cproductos	7.505262596267e-05	7.66203560139864e-06	1.15043687840457e-05
cforex_buy_tend6	7.40821475889868e-05	0.000830577970117169	9.77871346643888e-05
ctarjeta_debito_transacciones	7.1644822020406e-05	0.000191095133225715	0.000143804609800572
vm_status06_tend6	7.0976506200479e-05	0.000266917281974436	4.02652907441601e-05
ctransferencias_recibidas_lag1	6.98320379008973e-05	0.000692778749164222	0.00012079587223248
vm_cconsumos_delta1	6.92434455770546e-05	0.000524385019764834	0.000103539319056412
mforex_sell_rank	6.82122910119863e-05	0.00066884281500374	0.000172565531760686
ccallcenter_transacciones_lag2	6.74780219250762e-05	0.000307931861399713	0.000166813347368663
cseguro_vida_tend6	6.67953557152611e-05	0.000776377479197019	0.00012079587223248
vm_mpagosdolares_rank	6.54866696725471e-05	0.000313720162731927	0.00012079587223248
cliente_edad_tend6	6.54329484018067e-05	0.000534539716031318	6.90262127042745e-05
cplazo_fijo	6.45339066121735e-05	0.000223184220238943	2.30087375680915e-05
ctarjeta_master_descuentos_tend6	6.24827402502856e-05	0.000917927543883405	9.77871346643888e-05
matm_other_rank	6.18135324238165e-05	0.00069993450550517	0.000149556794192595
cproductos_lag2	5.88073694236644e-05	0.000171803520218521	6.90262127042745e-05
vmr_mpagado	5.71400294780105e-05	0.00031986736859612	0.000138052425408549
vmr_msaldodolares_tend6	5.58571313438185e-05	0.000605489137847896	0.000109291503448435
cpayroll_trx_tend6	5.29500655067951e-05	0.000431666248966676	9.20349502723659e-05
ccomisiones_mantenimiento_delta1	5.17108697356877e-05	0.000489550686199236	5.17696595282058e-05
vm_mpagado_rank_lag1	4.97799444965751e-05	0.000277198468949898	0.000149556794192595
rf_013_026	4.77555393365597e-05	0.000919852248871884	8.62827658803431e-05
matm_rank_delta1	4.55345043585157e-05	0.000192375967017231	9.77871346643888e-05
ccuenta_debitos_automaticos_delta2	4.53840402519196e-05	0.000342686772406328	4.02652907441601e-05
vmr_mpagosdolares_delta1	4.4119301118358e-05	0.000688011075178622	0.000109291503448435
rf_014_020	4.21132284419343e-05	0.000149167431690535	1.72565531760686e-05
catm_trx_delta1	4.15532999493185e-05	0.000288707620450356	9.20349502723659e-05
ctarjeta_debito_lag1	4.05231059246374e-05	0.000371301623469562	4.6017475136183e-05
mcajeros_propios_descuentos_rank_tend6	4.00363356508629e-05	0.000739836826311434	9.77871346643888e-05
mtarjeta_visa_descuentos_rank_lag1	3.89153493665549e-05	7.71501561650786e-05	9.20349502723659e-05
ctransferencias_recibidas_delta1	3.79920324248525e-05	0.000159149782058774	5.75218439202287e-05
ctarjeta_visa_descuentos_lag2	3.69299974203354e-05	0.00017355311059405	9.20349502723659e-05
mttarjeta_master_debitos_automaticos_rank_lag1	3.48908440602582e-05	0.000444636754457455	8.05305814883202e-05
cpagomiscuentas_delta1	3.48018534261748e-05	0.000305372909793963	5.17696595282058e-05
mpagodeservicios_rank_lag2	3.27257761543395e-05	0.000515357981444869	6.90262127042745e-05
catm_trx_lag1	3.199657640838e-05	0.000253033628005043	7.47783970962973e-05
active_quarter_delta1	3.15805327275232e-05	0.000410357745955663	7.47783970962973e-05
ccajas_otras_delta2	3.03613701550634e-05	0.000164240393653891	9.20349502723659e-05
mtarjeta_visa_descuentos_rank	2.95570903476627e-05	0.000316247630096168	8.62827658803431e-05
cextraccion_autoservicio_lag1	2.75891204626461e-05	0.000258761703200233	6.32740283122516e-05
ctransferencias_emitidas	2.73371659134973e-05	0.000824815140960246	7.47783970962973e-05
mtarjeta_visa_descuentos_rank_lag2	2.70852900457127e-05	0.000166066110499467	0.000103539319056412
ctarjeta_visa_debitos_automaticos_delta1	2.69224507653412e-05	3.69899493605229e-05	1.15043687840457e-05
cliente_edad_delta2	2.62834840998554e-05	0.000268459983439678	5.75218439202287e-05
vmr_mpagosdolares_tend6	2.52678022768531e-05	0.000424250523499229	7.47783970962973e-05
internet_delta1	2.45503124022357e-05	0.000423184331019174	6.32740283122516e-05
mpagodeservicios_rank_tend6	2.43792749015844e-05	0.000541569324456537	6.90262127042745e-05
cseguro_vivienda_lag2	2.40983498863417e-05	0.000152911973301929	5.75218439202287e-05
cpagodeservicios_tend6	2.34608865163852e-05	0.000439768009200745	4.02652907441601e-05
ctransferencias_emitidas_lag2	2.30728248784125e-05	0.000259618870904371	6.90262127042745e-05
cextraccion_autoservicio_delta1	2.28496782217413e-05	0.000222159716691741	5.17696595282058e-05
cseguro_vivienda_lag1	2.06898729472042e-05	7.23202783890933e-05	2.87609219601144e-05
mtarjeta_visa_descuentos_rank_tend6	2.00137656305325e-05	0.000133191947839291	4.02652907441601e-05
cplazo_fijo_lag2	2.00095579449857e-05	0.000224766474771408	3.45131063521372e-05
vmr_msaldodolares2_lag1	1.99244072479197e-05	5.43085498998029e-05	5.17696595282058e-05
mttarjeta_master_debitos_automaticos_rank	1.91579197879303e-05	0.000421236685251706	4.6017475136183e-05
ccomisiones_mantenimiento_lag1	1.90387551858953e-05	0.00012908053834505	3.45131063521372e-05
ccajas_otras	1.491753137741e-05	0.000214726165975332	1.72565531760686e-05
ccallcenter_transacciones_lag1	1.39423202983415e-05	8.68779693613838e-05	2.30087375680915e-05
cextraccion_autoservicio	1.35765256387909e-05	0.000160672021403906	2.87609219601144e-05
ctransferencias_recibidas	1.24841280230284e-05	0.000331983606941023	2.87609219601144e-05
ccuenta_debitos_automaticos_delta1	1.10116086696954e-05	0.000234668506044474	2.30087375680915e-05
cpayroll_trx	9.39528038244885e-06	0.000214726165975332	1.72565531760686e-05
cprestamos_personales	9.35165312014742e-06	0.00016507087622201	2.30087375680915e-05
ctarjeta_visa_debitos_automaticos	8.58145008357706e-06	0.000204788695154036	1.72565531760686e-05
ccuenta_debitos_automaticos_lag1	7.74480743046047e-06	0.000145368175002815	1.72565531760686e-05
cplazo_fijo_lag1	7.27664002747523e-06	0.000222620193500348	2.30087375680915e-05
ccajas_depositos_delta1	5.79846804891917e-06	0.000108300675261824	1.72565531760686e-05
ccuenta_debitos_automaticos_lag2	4.94497231688446e-06	8.2968359616113e-06	1.15043687840457e-05
catm_trx	2.65492509765967e-06	0.000142114117793693	1.15043687840457e-05
ctarjeta_debito	2.16161342226121e-06	7.15753886584441e-05	5.75218439202287e-06
cpagomiscuentas	1.33392386733023e-06	7.15753886584441e-05	5.75218439202287e-06
