Feature	Gain	Cover	Frequency
vm_status04_delta2	0.0401818240844403	0.00107488083915096	0.000262761047388384
rf_018_016	0.0364210350584332	0.00157877687982035	0.000679751405200384
rf_015_023	0.0237508037092598	0.00192136484995541	0.00303888863501348
rf_018_026	0.0207157410126987	0.00222743913306337	0.00359297171320203
ctrx_quarter	0.0195629456781167	0.00163623610925978	0.000913951469176987
mcuentas_saldo_rank_lag1	0.0180400693420049	0.00256201597524768	0.00120527349997715
mextraccion_autoservicio_rank	0.0134850826518537	0.0011554606698874	0.000742585568706302
rf_005_015	0.011583858237278	0.000944856654497046	0.000439839144541425
ctrx_quarter_lag1	0.0109629234511828	0.00112779913917058	0.000674039208518028
mcuenta_corriente_rank_lag1	0.0103613339187593	0.00237756772694292	0.00167367362793036
rf_011_028	0.0092102948703546	0.000634965823898911	0.000411278161129644
mpayroll_sobre_edad_rank_lag1	0.00863448647827538	0.00168190555827909	0.00053694648814148
vm_mpagominimo_rank	0.00857722784806527	0.00160308627360287	0.00164511264451858
ctarjeta_visa_transacciones_delta2	0.00831684698690597	0.00164028553030108	0.000971073436000548
rf_012_013	0.00825855179382706	0.00101163003977779	0.000811131928894576
mautoservicio_rank	0.00794766972954086	0.00137490439336197	0.000645478225106247
mprestamos_personales_rank_delta2	0.00754733509378174	0.00311387288197626	0.000668327011835672
rf_008_024	0.00742503805890791	0.00105190930208518	0.00230772745967189
rf_004_026	0.00732061884498899	0.000717993080706272	0.000508385504729699
rf_010_026	0.0072348039628856	0.000874428103149478	0.000542658684823836
vm_mpagospesos_rank_tend6	0.00705923178431345	0.00130965236475352	0.00159941507105973
Visa_msaldototal_rank	0.00666634046488879	0.0016530652460712	0.00263903486724855
rf_017_015	0.0066646554916018	0.00171849241466864	0.00283324955444866
ctrx_quarter_normalizado_tend6	0.00648122233195085	0.00215496577058591	0.00159941507105973
mcuentas_saldo_rank_delta2	0.00634902697407774	0.00246662548100403	0.00256477631037792
mactivos_margen_rank	0.00582301555140859	0.00313372261360007	0.00229059086962482
mtransferencias_recibidas_rank_lag1	0.00558977398469591	0.00121346804058221	0.00110245395969474
matm_rank	0.0053850338393268	0.00101079957275532	0.000514097701412055
Visa_cconsumos_tend6	0.00535250112806928	0.00226408846644435	0.00342160581273134
cdescubierto_preacordado_delta1	0.00526693940439576	0.00107763695502141	0.00014851711374126
rf_019_024	0.00511750111102014	0.00114133903534781	0.00130809304025956
mprestamos_personales_rank_lag1	0.00497644163403088	0.00310260031879732	0.000868253895718137
mtransferencias_emitidas_rank_lag1	0.00486702746044386	0.00125452336461249	0.00121098569665951
cdescubierto_preacordado_delta2	0.00465512588522937	0.000966377567021351	0.000188502490517754
mpayroll_sobre_edad_rank	0.00462358227983933	0.00121831270671792	0.000354156194306082
mpasivos_margen_rank_delta2	0.00459201382628122	0.00281745952297751	0.00543229904492072
rf_006_015	0.00452844688899131	0.00141270006422588	0.00126239546680071
vm_Finiciomora	0.00451446241870388	0.00401329057618707	0.000508385504729699
rf_001_025	0.00442868203746371	0.00135561362639852	0.00271900562080154
Visa_msaldopesos_rank_lag1	0.00409932541593305	0.00143415050668728	0.00222204450943655
vm_status06	0.0040278146570056	0.000792466388286215	0.000714024585294521
matm_rank_lag1	0.00398928210371185	0.000747220336193748	0.000594068454965041
Visa_mconsumospesos_rank_lag1	0.00386343042496354	0.00202511240180036	0.00386715715395513
Visa_msaldopesos_rank	0.00352645316922018	0.00172216490342479	0.00225631768953069
rf_006_022	0.00348612927971007	0.00100100986847165	0.000468400127953206
rf_003_026	0.00342676057495395	0.000681288346167619	0.000365580587670795
mactivos_margen_rank_lag1	0.00340204939319175	0.00191108583866374	0.00198784444545995
vm_fultimo_cierre	0.00332359775674974	0.00136881909770675	0.0013423662203537
mpayroll_rank_delta1	0.00328851257941737	0.00126473782857617	0.000354156194306082
mcomisiones_otras_rank_delta2	0.00327354215404175	0.00306159056837783	0.0062034455970388
mcaja_ahorro_rank	0.00324695051031868	0.00123632348156072	0.000605492848329754
rf_010_016	0.00316051059677009	0.000865996172744258	0.000405565964447288
mprestamos_personales_rank_lag2	0.00311292902353806	0.00297638576304058	0.000891102682447562
Visa_mpagospesos_rank	0.00305021286646377	0.00164988893050248	0.0032445277155783
rf_001_017	0.00297181741526192	0.00129111824028029	0.00297034227482521
vm_status06_delta2	0.00297077455299509	0.000576376531394198	0.00014851711374126
mprestamos_personales_rank	0.002963354525233	0.00249168850349573	0.000428414751176713
mcomisiones_otras_rank_lag2	0.00295770878089624	0.00252429253030171	0.00547799661837957
Visa_cconsumos_lag2	0.00294936001269706	0.00119831474948021	0.00195357126536581
mpasivos_margen_rank_tend6	0.0029292862617768	0.0019021144152444	0.00179934195494219
rf_012_022	0.00288226657209793	0.00135769837667897	0.00298176666818992
ctrx_quarter_normalizado_lag1	0.00286615608886219	0.0011891219572913	0.000793995338847507
vm_status04	0.00279820841515386	0.000764759179131447	0.000582644061600329
foto_mes	0.00276042951081389	0.00375673305636207	0.000959649042635836
mprestamos_personales_rank_tend6	0.0027511536794579	0.00316276249052683	0.000599780651647398
mrentabilidad_annual_rank_lag2	0.0027251020114379	0.00348093325213827	0.00519809898094411
mcuenta_corriente_rank	0.00265622191678698	0.00223616646642473	0.00108531736964767
mcuenta_corriente_rank_tend6	0.0026499344140043	0.00304086529404982	0.00181647854498926
ctrx_quarter_delta2	0.00263721592339075	0.00182530990871477	0.00201640542887173
mcomisiones_rank_lag2	0.0026320384107691	0.00251834167548796	0.00516382580084998
mcuentas_saldo_rank	0.0025980306884931	0.00326122242904261	0.000976785632682905
Visa_mfinanciacion_limite_rank	0.00258614856256494	0.00185697106756864	0.00313599597861354
vm_msaldototal_rank_lag2	0.00258413038613298	0.00133993559670612	0.00158227848101266
internet	0.00256728599336422	0.000819784112102604	0.000114243933647123
mcuenta_debitos_automaticos_rank	0.0025578814061957	0.00133483004195895	0.000588356258282685
rf_018_020	0.00247180100117346	0.000746885387188915	0.000182790293835397
mcuentas_saldo_rank_delta1	0.00244446854299985	0.00265169357234629	0.0019935566421423
Visa_mpagospesos_rank_lag1	0.00242844480119863	0.00144564561794142	0.00289608371795458
mpasivos_margen_rank_lag1	0.0023540653099545	0.00196749469989147	0.00264474706393091
mcomisiones_rank_delta1	0.00231482993232515	0.00240233091753068	0.00406137184115523
Master_fultimo_cierre_tend6	0.00228552723737429	0.00250350902448252	0.0035187131563314
thomebanking_lag2	0.00227254056560458	0.00137936421276143	0.00319883014211945
mautoservicio_rank_delta1	0.00224306307260892	0.00115646680103469	0.000634053831741535
mrentabilidad_rank_lag1	0.0021888958912681	0.00216970119439412	0.00319883014211945
mcomisiones_otras_rank_tend6	0.00215939489504188	0.00200541498404996	0.0025933372937897
mpasivos_margen_rank	0.00215712953492513	0.00230101032425231	0.00204496641228351
mcuentas_saldo_rank_tend6	0.00214148069519742	0.0023251349077397	0.00177649316821277
cdescubierto_preacordado	0.00213627680757177	0.00233004763291348	0.000691175798565096
rf_002_020	0.00212665837251801	0.000891810229472756	0.000245624457341315
mpayroll_rank_tend6	0.00208610417641581	0.00162148868274097	0.000508385504729699
rf_002_017	0.00207976342422529	0.00158033068050078	0.00131380523694192
mrentabilidad_annual_rank	0.00204938767540481	0.00202275565122876	0.00206781519901293
ccaja_ahorro_tend6	0.00204745896860119	0.0027797115484745	0.000274185440753096
Visa_mpagospesos_rank_tend6	0.0020315107995549	0.00165915806307564	0.00336448384590778
cprestamos_personales_tend6	0.00201586245759638	0.00293687587972418	0.000394141571082576
mrentabilidad_rank_delta2	0.0020092641149195	0.0030889886422176	0.00512955262075584
mprestamos_personales_rank_delta1	0.00199919048949672	0.00421702484802598	0.000691175798565096
mactivos_margen_rank_delta2	0.00199100031936316	0.00317941174391997	0.00485536718000274
mcomisiones_otras_rank_lag1	0.00196644091323398	0.00201089275385978	0.00399282548096696
Master_mpagominimo_rank	0.0019615533184288	0.00201645758263166	0.00283896175113102
Visa_Fvencimiento_tend6	0.0019347210797125	0.0012057507693869	0.000948224649271124
chomebanking_transacciones_delta2	0.00192437064202238	0.00249330132187109	0.00353584974637847
cdescubierto_preacordado_tend6	0.00191691358371661	0.00132952804110112	0.000165653703788329
mcomisiones_rank_delta2	0.00190753139498038	0.00253178531411925	0.00546657222501485
rf_010_023	0.00189465349566255	0.00150163286430413	0.00445551341223781
rf_019_023	0.00188199288759542	0.00106188552010544	0.000605492848329754
chomebanking_transacciones_lag2	0.00183763452421369	0.00202055745174699	0.00353584974637847
thomebanking	0.00183401872283223	0.00209854585009208	0.00256477631037792
vm_status05	0.00182210347476546	0.000537809909131784	0.000634053831741535
mrentabilidad_rank	0.00181615903522309	0.00239716343613469	0.00316455696202532
Master_mfinanciacion_limite_rank_lag1	0.00180695406790973	0.00257839325455646	0.0048610793766851
mrentabilidad_annual_rank_delta2	0.00180533018265119	0.0031456646816868	0.00494676232692044
Master_mlimitecompra_rank_delta2	0.00177796420346183	0.00260885469269268	0.00535804048805009
Master_Fvencimiento_lag1	0.00176143918842918	0.00215051470425488	0.00439267924873189
Visa_mconsumospesos_rank_tend6	0.00175050846424898	0.00236703010703067	0.00427843531508477
Master_mlimitecompra_rank_lag2	0.00174068624868561	0.00209621360287073	0.0042612987250377
Visa_mpagospesos_rank_lag2	0.00173648141354404	0.00204167270934244	0.00448978659233195
mcomisiones_rank_lag1	0.00172829336901366	0.00196355885908544	0.00340446922268428
Master_fechaalta	0.00170226838661253	0.00259433746663224	0.00411278161129644
mpasivos_margen_rank_delta1	0.0016578026686547	0.00249024846649811	0.00430128410181419
vmr_mpagominimo_delta2	0.00163570989053668	0.00143911758474707	0.00178791756157748
Master_mlimitecompra_rank_delta1	0.00162985665119507	0.00231575447492216	0.00506100626056756
Visa_mpagominimo_rank_lag2	0.00161912516961085	0.00200598112937125	0.00293606909473107
Visa_mconsumototal_rank_delta2	0.00160141678287281	0.00163158560924384	0.00333021066581365
chomebanking_transacciones	0.00160109029423114	0.00295225274096625	0.00306744961842526
mrentabilidad_annual_rank_lag1	0.00158608225243148	0.00270077753046418	0.00258191290042499
mpagomiscuentas_rank_lag1	0.00157184960065964	0.00138480613168019	0.000754009962071014
mcomisiones_rank	0.0015633847309113	0.00173266992208815	0.00297034227482521
Master_fechaalta_lag1	0.00155622638280104	0.00227723903452395	0.00390143033404926
mcomisiones_otras_rank_delta1	0.0015542387333316	0.00183851716208484	0.00337590823927249
Visa_mpagominimo_rank	0.0015445066745474	0.0018378522171588	0.00254763972033085
Visa_mpagospesos_rank_delta2	0.00154408062347651	0.00196274519061645	0.00438125485536718
cproductos_tend6	0.00152156589422766	0.00157383095064148	0.000291322030800165
mpasivos_margen_rank_lag2	0.00151541400801032	0.00169448536864206	0.00369007905680208
Visa_mconsumospesos_rank_delta2	0.00150958567492889	0.00186567402861371	0.00395284010419047
Visa_mconsumospesos_rank	0.001509169584203	0.0022651051589287	0.00389000594068455
ctrx_quarter_normalizado_delta2	0.001483295812149	0.0018981120878078	0.00231343965635425
Visa_mconsumospesos_rank_lag2	0.00148294974302938	0.00185268258817337	0.00376433761367271
Master_mfinanciacion_limite_rank_lag2	0.00147362308845154	0.00191091198280754	0.00372435223689622
mactivos_margen_rank_delta1	0.00144963956414875	0.00287489983111332	0.00377576200703743
Visa_mconsumosdolares_rank_lag1	0.00143951068091414	0.00166627603735815	0.00317598135539003
Visa_delinquency_delta2	0.00143716409846476	0.00128663624993505	0.000691175798565096
Visa_mconsumosdolares_rank_tend6	0.00143412672013566	0.00151880494319186	0.00285038614449573
Visa_msaldodolares_rank_delta1	0.00142419927694153	0.000571826115115797	0.000508385504729699
vm_fechaalta	0.00142216271660392	0.00264937212232312	0.00281040076771923
vm_Fvencimiento	0.00140939042539925	0.00174001809682904	0.00258191290042499
mcuentas_saldo_rank_lag2	0.0014028873785165	0.00280343204944053	0.00275899099757803
Master_mlimitecompra_rank_tend6	0.00140187031437209	0.00230370480174867	0.00379861079376685
Visa_mpagominimo_rank_lag1	0.00140015248908514	0.0016369171975695	0.0024505323767308
rf_020_027	0.00139538588366308	0.00129676970870556	0.00119384910661244
Visa_mfinanciacion_limite_rank_delta2	0.00139154686096896	0.00175598694328903	0.00304460083169584
Visa_mpagospesos_rank_delta1	0.00138201298146271	0.00195533343819888	0.00408993282456702
cliente_antiguedad_lag2	0.00138159222798139	0.00188220708109241	0.00233628844308367
vmr_Master_mlimitecompra	0.00138133335609754	0.0014140626863608	0.00206210300233058
rf_011_018	0.00137976529634312	0.000368969534938015	0.000108531736964767
ctrx_quarter_delta1	0.00137603848167827	0.00122352880171253	0.000674039208518028
Visa_mlimitecompra_rank_tend6	0.00137254959495176	0.00220924949686716	0.0028675227345428
ctarjeta_visa_transacciones	0.0013673465129458	0.00174685253983205	0.000554083078188548
vm_Fvencimiento_tend6	0.00136242113244609	0.0014110231702448	0.00107960517296532
vmr_mpagominimo	0.00136091713775071	0.00110483682689549	0.00211922496915414
Master_mfinanciacion_limite_rank_delta1	0.00136023094572753	0.00233467520198667	0.00415276698807293
chomebanking_transacciones_delta1	0.00135579451234373	0.00303586362302498	0.00309601060183704
vmr_msaldototal	0.00135496670070645	0.0010830187293532	0.00175364438148334
Master_fechaalta_lag2	0.00135485205075963	0.0023693823238273	0.00338162043595485
mrentabilidad_rank_delta1	0.00134926324897652	0.00212749421290219	0.00354156194306082
Visa_Fvencimiento_lag2	0.00134615352016674	0.00171765025941707	0.00267902024402504
Master_Fvencimiento	0.00134220452886752	0.00194264793584495	0.00302175204496641
tcallcenter	0.00134147820735373	0.00124585960892781	0.000793995338847507
vm_fechaalta_lag2	0.00133427335779323	0.00178375754667294	0.00271900562080154
Visa_mpagominimo_rank_tend6	0.00133031052388937	0.00183307196731711	0.00245624457341315
vm_status02	0.00132460292534523	0.00124327577650605	0.0010681807796006
mrentabilidad_annual_rank_delta1	0.00131281458156405	0.00234104953234765	0.00356441072979025
Visa_mconsumototal_rank_delta1	0.00131141665124086	0.00217655319594757	0.00430699629849655
Visa_mfinanciacion_limite_rank_delta1	0.00131088354959639	0.00252536229153928	0.00386715715395513
vmr_mpagospesos	0.00130739717689411	0.00088126210063703	0.0011595759265183
ccomisiones_mantenimiento_tend6	0.0012956226117586	0.00266497504335048	0.000405565964447288
mpayroll_sobre_edad_rank_delta2	0.00128345011849826	0.00131209365843518	0.000416990357812
Visa_mlimitecompra_rank_lag2	0.00127950292127576	0.00163796764440158	0.00262761047388384
mrentabilidad_rank_tend6	0.00127865326735405	0.00263281220788293	0.00187931270849518
mcomisiones_mantenimiento_rank	0.00127388118399327	0.00224810769589413	0.00135379061371841
rf_017_026	0.00127205353147295	0.00105335683422523	0.00174793218480099
Visa_cconsumos	0.00126969196808075	0.001773227815005	0.00322167892884888
Visa_msaldototal_rank_lag1	0.00126569926310851	0.00180983317338949	0.00255906411369556
Visa_fechaalta_lag2	0.00126567599267018	0.00139647221604343	0.00225631768953069
Master_mpagospesos_rank_tend6	0.00126103306482904	0.00147781094305419	0.00222775670611891
Master_mpagominimo_rank_lag1	0.00125919495116697	0.00174553504579246	0.00240483480327195
Master_Fvencimiento_lag2	0.00125021169408492	0.00159361091978576	0.0031531325686606
Visa_mlimitecompra_rank_lag1	0.00124243316308107	0.00162359513224496	0.00259904949047206
rf_019_021	0.00124164544855533	0.00142189597502301	0.00288465932458986
Master_mlimitecompra_rank	0.00124058294150241	0.00187176115874435	0.00331878627244893
mcomisiones_otras_rank	0.00123899283206976	0.00147281375339073	0.00245624457341315
mrentabilidad_annual_rank_tend6	0.00123898678919073	0.00259496270826884	0.00238198601654252
Master_status	0.00123575421652656	0.00137340738279917	0.00140520038385962
Visa_mconsumosdolares_rank_lag2	0.00123559389705834	0.00198424199289239	0.00310743499520176
mtarjeta_visa_consumo_rank	0.00123527681633207	0.00106931907657371	0.00122241009002422
Master_mfinanciacion_limite_rank_tend6	0.00122578295192887	0.00237817755898599	0.003335922862496
rf_014_022	0.00122188288459176	0.00148087928664106	0.00401567426769639
rf_010_022	0.00121790859582127	0.000674465722427668	0.000188502490517754
Master_mfinanciacion_limite_rank_delta2	0.00121629401323848	0.00186222204380301	0.00381003518713156
Visa_mlimitecompra_rank_delta2	0.00120929663648631	0.00194467938151107	0.00335877164922543
rf_020_025	0.00120913613406333	0.00197165846116499	0.00215921034593063
rf_004_025	0.0012068369094379	0.00127276533577174	0.00336448384590778
ccaja_seguridad_lag2	0.00120524700301071	0.000935877945589608	9.71073436000548e-05
mcuenta_corriente_rank_lag2	0.00119851627156564	0.00163327356249103	0.00115386372983595
Visa_mfinanciacion_limite_rank_tend6	0.00119641444633422	0.00181698817786868	0.00259904949047206
cprestamos_personales_delta2	0.0011943609649372	0.000781020021664662	0.000108531736964767
mcaja_ahorro_rank_delta2	0.00119089561915438	0.00163888367659897	0.00121669789334186
Visa_mconsumosdolares_rank	0.00118989973949187	0.00172555501400027	0.00251336654023671
vm_Fvencimiento_lag1	0.00118985521355979	0.00160025103942825	0.00227345427957775
Visa_cconsumos_lag1	0.00118705736314989	0.00155928783227083	0.00329593748571951
cmobile_app_trx_lag2	0.00118514212300162	0.00240214684102571	0.00231343965635425
vmr_mpagospesos_delta2	0.00118341979238305	0.00156366208649536	0.00149088333409496
Master_mfinanciacion_limite_rank	0.00118156010356605	0.00192114219705305	0.00285609834117808
vmr_mpagominimo_lag2	0.00117743738850793	0.00131328234609351	0.0021763469359777
Visa_fultimo_cierre_tend6	0.00117609928848474	0.00187046835150255	0.00207352739569529
Visa_msaldototal_rank_lag2	0.00117459835925467	0.00130348284046975	0.00257048850706028
Visa_msaldopesos_rank_delta1	0.00117421447592487	0.0012275501552799	0.00181076634830691
Visa_Fvencimiento	0.00117104587438549	0.00153223107568628	0.00223918109948362
vm_fechaalta_lag1	0.00116578311968468	0.001504851687289	0.00201640542887173
Visa_Fvencimiento_lag1	0.00116204819292029	0.00183831597254489	0.00248480555682493
Visa_msaldototal_rank_delta1	0.0011559523183987	0.00166461164401671	0.00294178129141343
Master_mconsumospesos_rank_tend6	0.00115543748560511	0.00225197065561242	0.00275899099757803
Visa_mfinanciacion_limite_rank_lag2	0.00114462621300753	0.00171746246154768	0.00241625919663666
Visa_mfinanciacion_limite_rank_lag1	0.00114083212246096	0.00139536783563402	0.00267330804734269
Visa_fechaalta_lag1	0.00113956855323695	0.00163684284890142	0.00236484942649545
vm_mpagominimo_rank_lag1	0.00113853559004561	0.00158655508180639	0.00200498103550701
rf_007_023	0.00113790549499422	0.0013619114329277	0.00303888863501348
Master_msaldototal_rank	0.00113775272643911	0.00156830045276674	0.00251336654023671
mtransferencias_recibidas_rank_delta2	0.00113038778662825	0.00170931904171239	0.00233628844308367
Visa_mlimitecompra_rank_delta1	0.00112523171565541	0.00255814840313405	0.00333021066581365
Visa_msaldototal_rank_tend6	0.00112503535299006	0.00185366508079454	0.00254192752364849
mactivos_margen_rank_lag2	0.00111451976804814	0.00191794520432567	0.00263332267056619
Master_mconsumototal_rank_tend6	0.00111310043759059	0.0018955489325447	0.00254192752364849
Master_mlimitecompra_rank_lag1	0.00111065849939116	0.0013074928989099	0.00271900562080154
Visa_mlimitecompra_rank	0.00110646527889118	0.00183392219426053	0.0024505323767308
Master_msaldototal_rank_delta2	0.00109175005981679	0.00151689250256689	0.00209637618242471
Visa_mpagominimo_rank_delta2	0.00109078472949363	0.00185899229258599	0.00247338116346022
Master_Fvencimiento_delta2	0.00108032845760477	0.00126660689696086	0.00195357126536581
rf_011_027	0.00107731344086631	0.00119808090627779	0.00270186903075447
ccallcenter_transacciones_tend6	0.00107248493767981	0.00202702023002999	0.000691175798565096
mttarjeta_visa_debitos_automaticos_rank_lag2	0.00107014135967756	0.00145931057292868	0.00176506877484806
Master_msaldopesos_rank	0.00106952358056673	0.00192238261691822	0.00258191290042499
Master_msaldopesos_rank_lag1	0.00106905421863578	0.00125714501343468	0.00242768359000137
mcuenta_debitos_automaticos_rank_lag2	0.00106277385504478	0.00160674387690133	0.000793995338847507
mcomisiones_rank_tend6	0.00106239449264737	0.00174463083285812	0.0021763469359777
mtransferencias_recibidas_rank_lag2	0.0010516892087957	0.0015493598871609	0.00227345427957775
mtarjeta_visa_consumo_rank_delta2	0.00103729169019046	0.00140487972171878	0.00164511264451858
internet_tend6	0.00103145808921874	0.00227572622126575	0.000411278161129644
mactivos_margen_rank_tend6	0.00102533321794171	0.00181153606450795	0.00207352739569529
mautoservicio_rank_lag2	0.00101876488044389	0.00165645889456357	0.00240483480327195
vmr_mconsumospesos_lag2	0.001015928364604	0.000999521427529745	0.00153658090755381
ccomisiones_otras_lag2	0.00101175805150703	0.00178635650041352	0.00213064936251885
vm_msaldopesos_rank_lag2	0.00100874518465295	0.000943154837857044	0.00108531736964767
Visa_msaldopesos_rank_tend6	0.00100855595335095	0.00177785834544565	0.00197642005209523
rf_014_017	0.00100608016713442	0.000585664952166053	0.000599780651647398
Visa_mconsumospesos_rank_delta1	0.00100552484396389	0.00127708012678588	0.00298747886487228
ccaja_seguridad	0.00100509355151782	0.00142271745311592	0.000114243933647123
vmr_Master_mlimitecompra_lag1	0.0010034860870368	0.00127385388727896	0.00207923959237765
Visa_mpagominimo_rank_delta1	0.00100343746972659	0.0016427560183487	0.00213636155920121
Visa_msaldopesos_rank_lag2	0.00099717491534151	0.00154927094130984	0.00222204450943655
ctrx_quarter_tend6	0.000986589621648176	0.001231450381056	0.000982497829365261
rf_005_019	0.00098501291502193	0.000972553302314756	0.00191929808527167
Master_Fvencimiento_delta1	0.000984053566392174	0.00130010609535804	0.00178791756157748
vmr_Visa_mlimitecompra_lag2	0.000982085897332798	0.0012516023556086	0.0017593565781657
rf_006_021	0.000979019750818611	0.00107495715332841	0.00341589361604899
vmr_Master_mlimitecompra_lag2	0.000976277817162221	0.001526777520952	0.00244482018004844
Visa_cconsumos_delta1	0.000976029335396063	0.00126840035875147	0.00224489329616597
Visa_fechaalta	0.000975940372545176	0.00162770493373435	0.00204496641228351
internet_lag1	0.000969978163776585	0.00143178109823528	0.000217063473929534
rf_012_019	0.000964042543560594	0.00107097267271697	0.00199926883882466
Visa_fechaalta_tend6	0.000959472788863152	0.000732295227627152	0.000656902618470959
Master_msaldopesos_rank_tend6	0.000953236174733133	0.00173720070947956	0.00225631768953069
Visa_msaldototal_rank_delta2	0.000948147621428889	0.00118854805475966	0.00210208837910707
cmobile_app_trx_delta2	0.000945056459882277	0.00220253584096714	0.00197642005209523
vm_msaldototal_rank	0.000943922876772672	0.00114635519872847	0.00142804917058904
cliente_edad	0.000943435449039172	0.00190838197913595	0.00111387835305945
mcuenta_corriente_rank_delta2	0.000939490199400104	0.00187708019401679	0.00130809304025956
vm_msaldopesos_rank	0.000937256511588905	0.000858501528244512	0.00112530274642416
Master_fultimo_cierre_lag1	0.00093672323064947	0.00138443336627492	0.00214207375588356
mcaja_ahorro_rank_tend6	0.000936311457565373	0.00262997280682842	0.00181647854498926
ctrx_quarter_lag2	0.00093503232542316	0.00176905551031737	0.00197070785541288
ccomisiones_otras_tend6	0.00093445418308499	0.00184935435183311	0.00187931270849518
cproductos_lag2	0.00093250443362092	0.000643418719737498	0.000205639080564822
vm_Fvencimiento_lag2	0.000928960806555706	0.00120546886292848	0.00215349814924828
vmr_Visa_mlimitecompra_lag1	0.000925969307610804	0.00120400982600688	0.00194785906868345
vmr_msaldototal_tend6	0.00092490079491534	0.00148599175998125	0.00149659553077732
vm_mfinanciacion_limite_rank_delta1	0.000922526463729105	0.00190365477184068	0.00222204450943655
rf_016_021	0.000914247036815201	0.001507530860019	0.00207923959237765
vmr_mpagominimo_lag1	0.000904182875336225	0.00107209419236816	0.00173650779143627
vm_mlimitecompra_rank_lag2	0.000901295234259431	0.00115213259078789	0.0019935566421423
vm_mfinanciacion_limite_rank_lag1	0.000899712068944156	0.00137785698154987	0.00209066398574236
rf_003_019	0.000897500300186777	0.000587050269382585	0.000159941507105973
Master_msaldopesos_rank_lag2	0.00089212022288483	0.00112428145393306	0.00207352739569529
mcaja_ahorro_rank_delta1	0.000884746532573663	0.00214224022425425	0.00123954668007129
Master_mconsumospesos_rank_lag2	0.000877714252942843	0.00143055475141726	0.00223918109948362
Master_mpagospesos_rank_lag1	0.000877089964637169	0.00110668679052902	0.00134807841703606
Master_mpagospesos_rank_lag2	0.000873925713299722	0.00157120282874173	0.00217063473929534
Master_mpagominimo_rank_lag2	0.000872667947648033	0.00140322549661252	0.00225060549284833
vmr_mpagospesos_lag1	0.0008724155451037	0.00087525296191852	0.00146803454736554
vm_msaldototal_rank_lag1	0.000871588745652322	0.000925030561399357	0.00109674176301238
Visa_mconsumosdolares_rank_delta1	0.000869767595162612	0.00151205897431766	0.00256477631037792
cmobile_app_trx_lag1	0.000867339110552782	0.00166256638737136	0.00118242471324773
mrentabilidad_rank_lag2	0.000867135393052269	0.0012315385669101	0.00188502490517754
cliente_antiguedad	0.000864423666357456	0.00148132792070833	0.00173079559475392
vm_fultimo_cierre_lag1	0.000859547159438727	0.00199147346878979	0.00129666864689485
mtransferencias_recibidas_rank_tend6	0.0008508969694342	0.00151555773825157	0.00143947356395375
Visa_mpagosdolares_rank_tend6	0.000849570093241314	0.00131353953954735	0.00213064936251885
vm_mlimitecompra_rank_delta2	0.000848556808430704	0.00125852440791629	0.00213636155920121
thomebanking_lag1	0.00084443438554622	0.00125305683254845	0.00222204450943655
vm_mconsumospesos_rank_tend6	0.000844328077112658	0.00126703616420906	0.00179934195494219
cproductos_delta2	0.000841470130058898	0.000980802728622514	0.000154229310423617
vm_mfinanciacion_limite_rank_delta2	0.000840353304537783	0.00174476121164687	0.00207923959237765
vmr_msaldopesos_lag2	0.000837068568900105	0.000738539546094459	0.00135379061371841
vmr_msaldopesos2_tend6	0.000834165214823809	0.00167927814396272	0.00180505415162455
tcallcenter_delta2	0.000833265251242959	0.00131745606594789	0.000976785632682905
rf_005_021	0.000833175622744931	0.000877894239627708	0.000416990357812
Visa_fultimo_cierre	0.000833035955094323	0.00141857478830972	0.00149659553077732
Master_mpagospesos_rank	0.000829509986389519	0.00147143648165925	0.00175364438148334
Visa_msaldopesos_rank_delta2	0.000827627847368266	0.00124387481135093	0.00207923959237765
Master_mpagominimo_rank_delta2	0.000824623290955101	0.00122033571379711	0.00155371749760088
vmr_Visa_mlimitecompra	0.000818197602747689	0.0010314238199013	0.0016165516611068
Visa_fultimo_cierre_delta2	0.000816436936815073	0.000869669998046782	0.0010681807796006
vm_mlimitecompra_rank_delta1	0.000815887246689504	0.00213806162993661	0.00206781519901293
Master_mconsumototal_rank_lag2	0.000813406789075125	0.00172147571721642	0.00211922496915414
cdescubierto_preacordado_lag2	0.000812131031680799	0.00118624277432697	0.000674039208518028
Master_status_tend6	0.000808189718454965	0.000850465713495974	0.000948224649271124
vmr_mpagominimo_tend6	0.000806894713087793	0.00121975077820617	0.00144518576063611
vmr_mpagominimo_delta1	0.00080500860277506	0.00150502166454003	0.00143947356395375
vmr_msaldototal_lag1	0.000803971128179252	0.00114236885743481	0.00161083946442444
Master_mpagominimo_rank_tend6	0.000802876664056403	0.00126734315056714	0.00156514189096559
vm_mpagominimo_rank_lag2	0.000802702332290271	0.000874407190129694	0.00136521500708312
cliente_edad_lag1	0.000799575968041179	0.00189940990054682	0.00123383448338893
Master_mconsumospesos_rank_lag1	0.000794786960875643	0.00127967892328571	0.00228487867294247
cliente_edad_lag2	0.000794583253815343	0.00198518528015316	0.00131951743362427
rf_009_015	0.000792156777357599	0.00121135386007467	0.00215349814924828
mcomisiones_mantenimiento_rank_tend6	0.000791679969020035	0.0022789448083895	0.001250971073436
vm_mpagominimo_rank_tend6	0.00078990032417794	0.00102735925133439	0.0015251565141891
Visa_status	0.000788705742265168	0.00104489012740741	0.000702600191929809
vmr_mconsumospesos	0.000783322160075547	0.00142985911833813	0.00180505415162455
Master_fultimo_cierre_lag2	0.000782477358117314	0.00161757113427555	0.00208495178906
rf_004_021	0.000782473931938554	0.000911653959741265	0.000599780651647398
thomebanking_delta2	0.000779651580372881	0.00113140325440716	0.00107960517296532
vmr_mconsumospesos_delta2	0.00077374963468039	0.00137245612867371	0.00115386372983595
Master_msaldopesos_rank_delta1	0.000772948244379754	0.00153592376987884	0.0020335420189188
Master_mpagosdolares_rank	0.000771722978385805	0.00135735747873242	0.00245624457341315
mcaja_ahorro_dolares_rank_delta2	0.000766038380635595	0.00168096407928695	0.000582644061600329
Master_cconsumos_delta1	0.000761400704105143	0.00118784757342407	0.00224489329616597
mcaja_ahorro_rank_lag2	0.000758814248527792	0.00149014087165821	0.00114815153315359
cmobile_app_trx_tend6	0.000755231051981035	0.00253673968188505	0.00155942969428323
mextraccion_autoservicio_rank_lag2	0.000754613283092175	0.00129493101399246	0.00179362975825984
rf_007_021	0.000753681199033782	0.00109008698935184	0.00218777132934241
vm_msaldototal_rank_delta2	0.000753092105992133	0.00114575752663675	0.00163940044783622
mtarjeta_visa_consumo_rank_lag2	0.00075065090098928	0.00161743155690291	0.00173079559475392
vm_mconsumototal_rank_lag2	0.00075057797571469	0.00100275710148169	0.00133665402367134
ccajas_consultas_tend6	0.000747485513501601	0.00296973322137882	0.000445551341223781
mcomisiones_mantenimiento_rank_delta1	0.000744641553529732	0.00110039823499731	0.000873966092400494
mtransferencias_recibidas_rank_delta1	0.000742098273639104	0.00116034079381229	0.00130238084357721
mtransferencias_recibidas_rank	0.000740450442459577	0.00212098981823396	0.00121098569665951
Master_mconsumospesos_rank_delta1	0.000740239936869967	0.00109573554882322	0.00178791756157748
vmr_msaldopesos2_lag2	0.000738584132154918	0.00123688040209133	0.00177078097153041
numero_de_cliente	0.000737917848567893	0.00251104711984291	0.00135950281040077
Master_msaldototal_rank_tend6	0.000736205274552628	0.00114862525723309	0.00161083946442444
Master_msaldototal_rank_lag2	0.000735194737401038	0.00112784198727502	0.0019021614952246
mtarjeta_visa_consumo_rank_delta1	0.000735006085089375	0.000978377290049841	0.00106246858291825
ccaja_ahorro	0.000731864363530634	0.00163612507108331	0.000131380523694192
rf_005_020	0.000730191064104248	0.0011138137275343	0.00185646392176575
vm_fultimo_cierre_delta1	0.000729789548243969	0.000848069469289265	0.000691175798565096
vm_mconsumototal_rank_delta2	0.000729728739460804	0.00127098083670389	0.00180505415162455
vm_mpagominimo_rank_delta2	0.000724747976646469	0.00116847016680723	0.00146803454736554
vmr_msaldopesos	0.000720392440726547	0.00108413689453505	0.00173079559475392
mplazo_fijo_dolares_rank	0.000718962521938893	0.00200741228226648	0.000217063473929534
mpayroll_sobre_edad_rank_tend6	0.000716290699811894	0.00105191341655148	0.000451263537906137
vm_mlimitecompra_rank_tend6	0.000715335808450656	0.00134287544839325	0.00142233697390669
mcaja_ahorro_dolares_rank_delta1	0.000712650115892282	0.00136456416300487	0.000622629438376822
ccomisiones_otras_delta2	0.000707958827802057	0.00098864775792741	0.00179934195494219
vm_msaldopesos_rank_delta2	0.000707774137318268	0.00120638007307621	0.00158799067769501
vm_mpagospesos_rank_delta2	0.000707394887426294	0.00111262320540054	0.0016165516611068
ctrx_quarter_normalizado_lag2	0.000705681255525919	0.00135558136583792	0.00145089795731847
Master_fultimo_cierre	0.000703140460214356	0.000971831567271088	0.00175364438148334
vm_mfinanciacion_limite_rank_tend6	0.000702871705415916	0.00153285657939079	0.00156514189096559
cliente_antiguedad_lag1	0.00070051797613217	0.00154577993458628	0.00153086871087145
vm_mconsumototal_rank_tend6	0.000696408303582979	0.000992728129189717	0.00139948818717726
mtarjeta_visa_consumo_rank_tend6	0.00069566322118546	0.00129252981670212	0.0011995613032948
rf_003_025	0.000695157601245711	0.00121864684331221	0.0014851711374126
mtransferencias_emitidas_rank_tend6	0.000694696786572719	0.00121687227661843	0.000948224649271124
rf_017_025	0.000689190833311336	0.000949701451666715	0.00142804917058904
vm_msaldopesos_rank_tend6	0.00068729227271487	0.00122797030256458	0.00154229310423617
rf_012_020	0.000686526868762199	0.000988699070825576	0.000519809898094411
vm_status01	0.000685199270120509	0.000843495021382867	0.000479824521317918
vmr_msaldototal_lag2	0.000684768136103004	0.00109397201518875	0.00157085408764795
mcuenta_debitos_automaticos_rank_lag1	0.000682178673954608	0.00143063696212285	0.00068546360188274
chomebanking_transacciones_lag1	0.000680808504355601	0.00104671440838507	0.00149659553077732
mcaja_ahorro_dolares_rank_lag2	0.00067990376669807	0.00117323084017551	0.00105675638623589
Master_cconsumos_tend6	0.000677367524072009	0.00142152315720415	0.00173079559475392
vmr_msaldopesos_tend6	0.000677290988439408	0.00119184520984495	0.00128524425353014
Master_msaldototal_rank_lag1	0.000674546168765958	0.00090406625492416	0.00143947356395375
vmr_msaldototal_delta1	0.000671014856385654	0.000972594813872823	0.00114815153315359
Visa_mpagado_rank_delta1	0.000667036850029803	0.00120292132691324	0.000782570945482795
mautoservicio_rank_delta2	0.000659963084035597	0.00122159083567243	0.00136521500708312
vmr_msaldopesos_delta1	0.000658761612421544	0.000815113170789133	0.00117100031988301
ctransferencias_emitidas_tend6	0.000657031789246996	0.002185625515515	0.000913951469176987
vmr_msaldopesos_lag1	0.00065580474075742	0.00107547253609416	0.00142233697390669
vmr_msaldopesos2	0.000653305616475344	0.000742779359477524	0.00132522963030663
mttarjeta_visa_debitos_automaticos_rank_delta2	0.000652644178860971	0.00120200246438234	0.000976785632682905
ctarjeta_visa_transacciones_lag2	0.000651735784939931	0.000890280958349366	0.00117100031988301
Master_msaldototal_rank_delta1	0.000644712155711952	0.00119390757952529	0.00163368825115386
ccomisiones_mantenimiento_delta2	0.000643500643626597	0.00092122528282962	0.000125668327011836
ccomisiones_otras_delta1	0.000639433238275364	0.00120681801477246	0.0011081661563771
ccajas_transacciones_delta1	0.000637914865884808	0.00149147608148899	0.000525522094776767
Master_msaldopesos_rank_delta2	0.000637395072168335	0.000869531862047684	0.00136521500708312
rf_016_015	0.000629266122295135	0.000636131554407713	0.00114815153315359
Visa_mpagado_rank_tend6	0.000628994053485994	0.00135657132739473	0.00122241009002422
vm_mconsumospesos_rank_lag1	0.000627191412626742	0.00054385977320461	0.000816844125576932
Master_cconsumos_lag2	0.00062704207046136	0.00103804360307342	0.0019935566421423
mcaja_ahorro_dolares_rank_tend6	0.000625583490503465	0.00166386519596846	0.000919663665859343
Master_mpagominimo_rank_delta1	0.000624120441181817	0.000856595717937846	0.00141091258054197
mcuenta_corriente_rank_delta1	0.000623907435555509	0.00157488000851359	0.000936800255906411
vm_msaldopesos_rank_lag1	0.00062315430576677	0.000810553346272508	0.00113101494310652
Master_mconsumototal_rank_delta2	0.000621356548262904	0.00144145769400593	0.00155942969428323
vmr_mconsumospesos_tend6	0.00061743807026007	0.00112505966461286	0.0013423662203537
vm_status05_delta2	0.00061255671338312	0.00103815309504918	0.000279897637435452
vmr_Master_mlimitecompra_tend6	0.000612296454911491	0.00186824190109933	0.0013423662203537
ctarjeta_visa_debitos_automaticos_tend6	0.00061155277371697	0.0017445477573284	0.000422702554494356
mautoservicio_rank_tend6	0.000610039377511277	0.00103599926366578	0.000833980715624
Master_cconsumos	0.000606190885771071	0.0010583527135491	0.00208495178906
Master_mconsumototal_rank_lag1	0.000604960780700126	0.00105081204992311	0.00155371749760088
vm_msaldopesos_rank_delta1	0.000604226454617386	0.00134648131948487	0.00155942969428323
mpayroll_rank_delta2	0.00059895623996413	0.00112345282138601	0.000359868390988439
Visa_cconsumos_delta2	0.000596694485236076	0.00110016892556985	0.00146232235068318
mplazo_fijo_dolares_rank_tend6	0.000593823123936825	0.00172482332037575	0.000239912260658959
vm_cconsumos_tend6	0.000593753403090683	0.00112159827156393	0.000845405108988713
vm_mfinanciacion_limite_rank_lag2	0.000593541053504102	0.000729368610369836	0.00146803454736554
mextraccion_autoservicio_rank_tend6	0.000591791914321022	0.00157199608211997	0.000902527075812274
Visa_mpagosdolares_rank_delta1	0.000590133117603233	0.000929083389323578	0.0017593565781657
Visa_fultimo_cierre_lag1	0.000589537004787307	0.00133476295257217	0.00130238084357721
rf_002_015	0.000588355447966233	0.000685743317310615	0.000993922222729973
vm_mlimitecompra_rank	0.000587513108687158	0.000918333677846026	0.00150801992414203
ccallcenter_transacciones_delta2	0.000586789733732401	0.00134992418433207	0.000502673308047343
vm_status02_tend6	0.000584463740409152	0.00097133245892299	0.000765434355435726
Visa_mpagado_rank	0.000581739517525794	0.00111773777528406	0.00068546360188274
vm_msaldototal_rank_tend6	0.000580577375851894	0.000920392273748356	0.00109102956633003
Master_fultimo_cierre_delta2	0.000580202559929102	0.000777608054624893	0.00136521500708312
rf_002_024	0.000578746006144603	0.000736493843933651	0.00184503952840104
Master_cconsumos_delta2	0.000576241767993486	0.000833557641827921	0.00161083946442444
ctarjeta_visa_transacciones_tend6	0.000572254231436423	0.00196007319854738	0.000965361239318192
vm_mlimitecompra_rank_lag1	0.000571971772265454	0.00108233832242006	0.00142233697390669
mcuenta_debitos_automaticos_rank_delta2	0.000570896967131191	0.00148048492683943	0.000656902618470959
mcaja_ahorro_rank_lag1	0.000569009018688185	0.00159393491435166	0.000885390485765206
Master_mconsumototal_rank_delta1	0.000567317695828454	0.00119798095357421	0.00162797605447151
Master_mconsumospesos_rank	0.00056706797586655	0.00157404529599086	0.00155942969428323
mcomisiones_mantenimiento_rank_delta2	0.000564775142755162	0.00178779189880901	0.000942512452588768
vmr_mpagospesos_lag2	0.000562671038362397	0.000946992560434917	0.00131380523694192
vmr_msaldototal_delta2	0.000562197985756849	0.00107608606329486	0.00150230772745967
mttarjeta_visa_debitos_automaticos_rank_lag1	0.000559931821821253	0.0010070438512287	0.00130809304025956
internet_lag2	0.000557236393063302	0.00139919523273596	0.00034273180094137
vm_msaldototal_rank_delta1	0.000552920496079707	0.0010813131127284	0.00131951743362427
vm_fultimo_cierre_lag2	0.000552424564514737	0.00111803708305217	0.00133665402367134
rf_011_015	0.000550098073227446	0.000872747435390384	0.00111959054974181
Master_mconsumospesos_rank_delta2	0.000547963276363541	0.00100939108873492	0.00143947356395375
mtarjeta_master_consumo_rank_lag1	0.000544432711599898	0.00070253610530194	0.000479824521317918
vmr_msaldopesos_delta2	0.00054252411126868	0.000977776132454828	0.00142804917058904
chomebanking_transacciones_tend6	0.000541807822827688	0.00126639619435552	0.00104533199287118
Visa_msaldodolares_rank	0.000538278595570592	0.000653276404438857	0.000542658684823836
ccajas_transacciones_tend6	0.000537297698578061	0.00141293479845922	0.000428414751176713
mcaja_ahorro_dolares_rank_lag1	0.000535176252147791	0.00122743151713384	0.000913951469176987
mtransferencias_emitidas_rank_lag2	0.000534857543050348	0.00138952212246861	0.0010167710094594
ctarjeta_debito_transacciones_delta2	0.00052584950419024	0.00140444969447362	0.00095393684595348
ctransferencias_recibidas_tend6	0.000525621695509418	0.00168846815823171	0.000833980715624
vm_fechaalta_tend6	0.000523598629241567	0.0018153770105212	0.000811131928894576
vmr_mconsumospesos_lag1	0.000522636831172798	0.000705308128694965	0.00107960517296532
mextraccion_autoservicio_rank_delta2	0.000521201656384876	0.00175834057525242	0.0011081661563771
vm_status03_tend6	0.000515028568762293	0.000580520952055442	0.000108531736964767
rf_009_021	0.00051409528271764	0.000749602350112559	0.00090823927249463
vmr_msaldopesos2_delta1	0.000507820614638376	0.000963954041544473	0.00145661015400082
rf_015_014	0.000507517522701223	0.0011209146674022	0.00061120504501211
mcomisiones_mantenimiento_rank_lag2	0.000507280868925815	0.001394632682713	0.00101105881277704
vm_mconsumospesos_rank_delta1	0.000503724888704622	0.00105394030223584	0.00118813690993008
rf_018_015	0.000498775406469067	0.000719581474351757	0.000411278161129644
mautoservicio_rank_lag1	0.000495699986659851	0.0012721598278493	0.000851117305671069
Master_Fvencimiento_tend6	0.000495598678542338	0.000842621837289913	0.00107389297628296
rf_013_023	0.00049244228134325	0.000706480122626985	0.00146232235068318
mpagomiscuentas_rank	0.000489529253098366	0.00133712730311337	0.000542658684823836
rf_009_023	0.000489212328065466	0.000899035415740149	0.00100534661609469
mtarjeta_master_consumo_rank_lag2	0.000488191582063163	0.000850585688188418	0.00120527349997715
rf_010_021	0.000481432551017635	0.000665394608372664	0.000502673308047343
cproductos_delta1	0.000479074468204432	0.00114988459840188	0.000137092720376548
vm_mconsumospesos_rank_delta2	0.000478675074768669	0.00107374985884796	0.00129666864689485
ctrx_quarter_normalizado_delta1	0.000478148615208114	0.00124521785701244	0.000554083078188548
vm_cconsumos	0.000477880585973158	0.000438282122474237	0.000279897637435452
vmr_mpagospesos_tend6	0.000475365465781552	0.00136136565028357	0.00118813690993008
vm_mconsumospesos_rank	0.000474536368261759	0.000713512374493817	0.0010167710094594
mtransferencias_emitidas_rank	0.000470739060110544	0.00200950903525754	0.000833980715624
vm_mpagospesos_rank_lag2	0.000470446277350536	0.000914900352271015	0.00104533199287118
Master_fechaalta_tend6	0.000470282841920826	0.00071596388882424	0.00103390759950647
mttarjeta_visa_debitos_automaticos_rank_tend6	0.000469763325660885	0.00226578077001896	0.000645478225106247
vm_mpagospesos_rank_delta1	0.000464276252683357	0.00141817429611882	0.00139948818717726
ccajas_otras_tend6	0.000463483365709042	0.00222638821450904	0.000285609834117808
mtransferencias_emitidas_rank_delta2	0.000463086678602797	0.00136046623319212	0.00075972215875337
cprestamos_personales_lag1	0.00046022166515653	0.00131209787772864	0.000171365900470685
rf_016_018	0.000457984210612326	0.00133234401328384	0.0011595759265183
matm_rank_delta2	0.000457581939027071	0.00147065308203469	0.00102819540282411
mpagomiscuentas_rank_lag2	0.000456403296249063	0.00110800297422902	0.00095393684595348
vmr_msaldopesos2_lag1	0.000456314949745096	0.000862085307010724	0.00114243933647123
mpagomiscuentas_rank_tend6	0.000455740025497829	0.00167095316347447	0.000639766028423891
vm_cconsumos_lag2	0.000455242815137557	0.0009157459406123	0.000645478225106247
vm_status01_tend6	0.000455082919108466	0.000512422498972309	0.000474112324635562
mpayroll_rank	0.000453677112357141	0.00191256597205268	0.000354156194306082
mcuenta_debitos_automaticos_rank_tend6	0.000453214149622906	0.0022522839578073	0.000519809898094411
mv_status07_rank_delta2	0.000450221675426225	0.00107897958137425	0.000314170817529589
Visa_fultimo_cierre_lag2	0.000449677534259907	0.00105676327163195	0.000919663665859343
rf_002_021	0.000448696113914727	0.000828269792637619	0.0011595759265183
mcomisiones_mantenimiento_rank_lag1	0.000440020986099695	0.000987791293767566	0.000845405108988713
vmr_Visa_mlimitecompra_tend6	0.00043806389066446	0.00162958988343482	0.000873966092400494
rf_008_017	0.000437278130207521	0.000628615079650473	0.000628341635059178
rf_003_027	0.000435724749742666	0.000764885810348985	0.000891102682447562
Master_mpagospesos_rank_delta2	0.000435048955821036	0.00111792392212557	0.00126239546680071
vmr_msaldopesos2_delta2	0.000430878774628543	0.00105867686535575	0.00103961979618882
ccomisiones_mantenimiento_delta1	0.000430293533414832	0.00118411412767041	0.00014851711374126
vm_status05_tend6	0.0004289477588758	0.0006834871221988	0.000239912260658959
mtarjeta_visa_consumo_rank_lag1	0.000428914794308495	0.000952599791795777	0.000873966092400494
vm_mpagominimo_rank_delta1	0.00042821497485391	0.000721410131863631	0.000845405108988713
vm_fultimo_cierre_tend6	0.000428041507710476	0.00113457024035803	0.00109102956633003
Visa_Fvencimiento_delta2	0.000426308495800437	0.000638132049852823	0.000674039208518028
rf_007_015	0.000422012107853073	0.000426183861908921	0.000508385504729699
thomebanking_delta1	0.000421960821550952	0.000755733009724224	0.000411278161129644
vm_mconsumototal_rank_delta1	0.000421769926299899	0.000777166653632138	0.00102248320614175
mtransferencias_emitidas_rank_delta1	0.00041898334764117	0.00163851112084804	0.000679751405200384
Master_mconsumosdolares_rank_delta1	0.000416205586659892	0.000814513611808413	0.00157085408764795
mtarjeta_master_consumo_rank	0.000413837126651279	0.000708173788954766	0.000456975734588493
mcaja_ahorro_dolares_rank	0.000413436237721506	0.00184706141479932	0.000691175798565096
vm_mconsumosdolares_rank_lag2	0.000412959565566823	0.00112071565302596	0.000822556322259288
mpayroll_sobre_edad_rank_lag2	0.000409600441397616	0.000909331671100759	0.000439839144541425
rf_019_018	0.000409474093031512	0.00092333188957436	0.00108531736964767
vm_mpagado_rank_tend6	0.000408697332302921	0.00130812545224138	0.000765434355435726
rf_007_016	0.000406873073632409	0.000610848001763781	0.00117100031988301
mplazo_fijo_dolares_rank_delta1	0.000404532476057732	0.00165478202678927	0.000217063473929534
ccomisiones_otras	0.000403864087945842	0.00106981079460655	0.000674039208518028
Visa_mpagado_rank_delta2	0.000403848775349105	0.00121570565507871	0.000828268518941644
ctarjeta_debito_tend6	0.000402724376451734	0.00254853320987637	0.00034273180094137
tcallcenter_lag2	0.000398892992088363	0.000902196793437595	0.000828268518941644
mtarjeta_master_consumo_rank_delta2	0.00039877323778513	0.000837177952861776	0.000822556322259288
Visa_fechaalta_delta2	0.0003960783395088	0.000656072511873463	0.000742585568706302
rf_019_022	0.000394376470928805	0.000812379409312003	0.000714024585294521
ccajas_transacciones_delta2	0.000392258918475195	0.000824798912730089	0.000708312388612165
vm_status01_lag2	0.000392093614983584	0.00227785203758882	0.000719736781976877
vmr_mconsumospesos_delta1	0.000390877039525635	0.00112145007215681	0.000833980715624
ctarjeta_debito_transacciones_tend6	0.000389133888788725	0.0023938700810342	0.000634053831741535
Visa_mpagado_rank_lag1	0.000389016749799192	0.000636516846659419	0.000691175798565096
vmr_mpagospesos_delta1	0.000386652352139285	0.00101538366476107	0.000959649042635836
thomebanking_tend6	0.0003866308525083	0.00176533970173453	0.000348443997623726
rf_011_016	0.00038432948637798	0.000694296637575032	0.000496961111364987
Master_mpagado_rank	0.000381649231741586	0.000672947038848128	0.000873966092400494
Master_msaldodolares_rank_delta1	0.000381201762030135	0.000527514544802092	0.000833980715624
mttarjeta_visa_debitos_automaticos_rank_delta1	0.000375821736993733	0.00137752232081974	0.000765434355435726
rf_015_015	0.000373361226299014	0.000699596227408019	0.000451263537906137
ccomisiones_otras_lag1	0.000373276210980086	0.0012867546260132	0.000708312388612165
rf_013_025	0.000368358239485556	0.000703393906008161	0.000805419732212219
vm_mpagospesos_rank_lag1	0.000365662930326623	0.00056599214259307	0.000651190421788603
ctarjeta_debito_transacciones_lag2	0.000359886046928402	0.000952959139323692	0.000719736781976877
vm_mpagospesos_rank	0.000358291686379768	0.000682617397402351	0.000731161175341589
cextraccion_autoservicio_tend6	0.000352817519719729	0.00108887162317954	0.000668327011835672
Master_mpagado_rank_tend6	0.000352124551855062	0.000957461780620807	0.00100534661609469
mpagomiscuentas_rank_delta2	0.000351709616050371	0.00109975886789998	0.000479824521317918
vm_mconsumospesos_rank_lag2	0.000350344141869316	0.000600413898678781	0.000868253895718137
ctrx_quarter_normalizado	0.000348871684965216	0.00111406465756491	0.000508385504729699
Master_delinquency_tend6	0.000347724410786081	0.000746051670524275	0.000605492848329754
Master_mpagado_rank_lag1	0.000345656966451018	0.000795166159554498	0.000896814879129918
vmr_Master_mlimitecompra_delta1	0.000341996148301495	0.000694145293352912	0.000862541699035781
mpayroll_rank_lag2	0.000341329301854629	0.00081436834756197	0.000456975734588493
mttarjeta_visa_debitos_automaticos_rank	0.00033997275286704	0.0008443347656096	0.000754009962071014
Master_msaldodolares_rank_tend6	0.000338851125253173	0.000756478828809472	0.000873966092400494
rf_003_018	0.000337122333566615	0.000592586558958289	0.000182790293835397
rf_019_019	0.000333923997904744	0.000737677447474398	0.000828268518941644
vmr_mconsumosdolares_lag2	0.000329097161597491	0.00054689318313814	0.000674039208518028
matm_other_rank_delta2	0.000328957792701833	0.00117228375292994	0.000788283142165151
ctarjeta_visa_transacciones_lag1	0.000328805773812451	0.000576358920430169	0.000651190421788603
Master_mpagado_rank_lag2	0.000327679802787011	0.000754760292236359	0.000765434355435726
ccaja_ahorro_lag2	0.000324395351984342	0.00106479201054672	0.000211351277247178
Visa_msaldodolares_rank_lag2	0.000322641080717863	0.000433044406876475	0.000662614815153315
Master_mpagado_rank_delta1	0.000322173209488407	0.00128059102446435	0.000873966092400494
mplazo_fijo_dolares_rank_delta2	0.000321602728643863	0.00110374303402992	0.000171365900470685
active_quarter_lag1	0.000321215545680568	0.000446222754155288	0.000479824521317918
matm_rank_tend6	0.000320101118510642	0.00123000591511058	0.000485536718000274
vmr_mconsumosdolares	0.000315807144592454	0.00100479667125324	0.000588356258282685
mpagomiscuentas_rank_delta1	0.000311901705389607	0.000824452170668986	0.000365580587670795
mtarjeta_visa_descuentos_rank_delta1	0.000308634916104954	0.000769380248920295	0.00075972215875337
rf_013_026	0.000307256964598948	0.00102680400803845	0.000651190421788603
mcuenta_debitos_automaticos_rank_delta1	0.000305840775696096	0.00116885661215777	0.000502673308047343
cprestamos_personales	0.000303555970384724	0.000357995860218517	3.99853767764932e-05
matm_other_rank_lag2	0.000301697140288463	0.000530461105427899	0.000708312388612165
Visa_msaldodolares_rank_lag1	0.00030086668936489	0.000544254237833414	0.000502673308047343
tcallcenter_tend6	0.000300425223965847	0.000924280418193477	0.000285609834117808
ctarjeta_master_transacciones_delta2	0.000295541684671853	0.000945390513050951	0.000451263537906137
cmobile_app_trx	0.000295320382924408	0.00166948301487317	0.000348443997623726
vm_mpagado_rank_delta2	0.000294677198116244	0.000979640326376259	0.000337019604259014
rf_008_021	0.000294478467888533	0.000709232176444728	0.000542658684823836
Visa_mpagado_rank_lag2	0.00029097193327139	0.000802516404631927	0.00075972215875337
rf_001_026	0.000289921870130742	0.000978402317535924	0.000359868390988439
rf_016_022	0.00028979522909566	0.000766656105335723	0.000474112324635562
ctarjeta_visa_transacciones_delta1	0.000285679239993012	0.00133068931645533	0.000222775670611891
vm_Fvencimiento_delta1	0.000285416208002799	0.000656710280356494	0.000531234291459124
mtarjeta_master_descuentos_rank_delta2	0.000281996083221045	0.000400515069426866	0.00053694648814148
rf_012_015	0.000281788110059582	0.000671498274988869	0.000399853767764932
vmr_mpagado_tend6	0.000281737583124736	0.000741067531843089	0.000554083078188548
vm_mconsumosdolares_rank_tend6	0.000277173488961458	0.000701912121591348	0.000519809898094411
rf_003_023	0.000276058303546214	0.00071528259086018	0.000668327011835672
rf_008_015	0.000275852369862162	0.000897506694959385	0.000719736781976877
Master_msaldodolares_rank_delta2	0.000274098524596776	0.000902450815869631	0.000788283142165151
rf_011_025	0.000265019235410865	0.000543864202152408	0.000542658684823836
rf_013_017	0.000263814546207658	0.000572630794655223	0.000571219668235617
ctransferencias_recibidas_lag2	0.000263639694798821	0.000976693556096118	0.000479824521317918
mpayroll_sobre_edad_rank_delta1	0.000263094861326631	0.00112876559323523	0.000359868390988439
vm_mconsumosdolares_rank_lag1	0.000260783728404546	0.000973848127479516	0.000622629438376822
mextraccion_autoservicio_rank_lag1	0.000260091937693874	0.00053940582412649	0.000479824521317918
rf_014_020	0.000258934689447386	0.000861422484834819	7.42585568706302e-05
cpagomiscuentas_tend6	0.000257875658340825	0.00139911933786717	0.000325595210894302
rf_015_017	0.000257620538773998	0.000516864523960201	0.000594068454965041
rf_004_015	0.000254367753350858	0.000566938338807725	0.000599780651647398
ctarjeta_visa_debitos_automaticos_delta2	0.000253818173935872	0.000622147453111013	0.000331307407576658
rf_008_022	0.000253321021346604	0.000641864001819359	0.000428414751176713
cextraccion_autoservicio_lag2	0.00025315148556487	0.000750988165258134	0.000519809898094411
Visa_status_tend6	0.000249484147491166	0.000405084328388506	0.000337019604259014
Master_mpagado_rank_delta2	0.000247141185767831	0.00061908778397219	0.000502673308047343
rf_005_013	0.000246531045934164	0.000854848511134604	0.00034273180094137
rf_004_016	0.000243930719557517	0.000487106502320241	0.000702600191929809
rf_020_024	0.000243168819411806	0.000911743089039868	0.000394141571082576
tcallcenter_delta1	0.000242582968766012	0.00075247812619396	0.000394141571082576
catm_trx_tend6	0.000240398895153733	0.00112199079689014	0.000399853767764932
ctarjeta_debito_transacciones_lag1	0.000238931384250258	0.000653052205335786	0.000394141571082576
rf_005_022	0.00023889744998376	0.000567018059868104	0.00019421468720011
Visa_msaldodolares_rank_tend6	0.000234722192237034	0.00139534016126197	0.000542658684823836
ccajas_extracciones_tend6	0.000232618848751213	0.00226829740822678	0.000314170817529589
mforex_sell_rank_tend6	0.000230821858992225	0.001318995688754	0.000257048850706028
vm_mconsumosdolares_rank_delta2	0.000228338461493428	0.000781380312637078	0.000468400127953206
rf_001_018	0.000227876268443669	0.000492458820218147	0.000359868390988439
mpayroll_rank_lag1	0.00022769485358703	0.000678453347854117	0.00034273180094137
rf_004_009	0.000226841703852787	0.000691159632193875	0.000285609834117808
ctarjeta_master_transacciones_tend6	0.000226477743071922	0.00140772895032018	0.000434126947859069
vmr_mpagado_lag2	0.000223720862469008	0.000663051092230874	0.000428414751176713
mextraccion_autoservicio_rank_delta1	0.000222910361744873	0.000878505355803572	0.000411278161129644
vmr_mconsumosdolares_tend6	0.000221179347285575	0.00104978642092279	0.000474112324635562
rf_013_018	0.000219606867265023	0.000384746521475905	0.00014851711374126
ctransferencias_recibidas_delta2	0.000217219572859692	0.000956238762065329	0.000382717177717863
ccaja_seguridad_lag1	0.000213766753521321	0.000561853932941461	5.71219668235617e-05
mprestamos_prendarios_rank_lag1	0.000212906616816419	0.00158514803915953	0.00014851711374126
vm_cconsumos_delta2	0.000211305492088477	0.000563919945365844	0.00026847324407074
ccomisiones_mantenimiento_lag2	0.000208685295063853	0.000570567664977928	0.000137092720376548
ctarjeta_visa_debitos_automaticos_lag2	0.000207830143214944	0.000750730814563551	0.000434126947859069
rf_013_022	0.000206140321143169	0.000687398669308917	0.00014851711374126
ccaja_ahorro_lag1	0.000202056833620933	0.000472029263327774	0.000102819540282411
catm_trx_lag2	0.000200117443838816	0.000752921649936844	0.000422702554494356
mprestamos_prendarios_rank_lag2	0.000198039211909876	0.000784992237497586	8.56829502353425e-05
catm_trx_other_tend6	0.000197386792226009	0.00073766751510034	0.000291322030800165
vm_mpagado_rank_lag2	0.000196293022755783	0.000483571179911898	0.000354156194306082
vm_cconsumos_lag1	0.00019568640186989	0.000422939775576841	0.000337019604259014
mv_status07_rank	0.000193236555364745	0.000762201841776102	0.000291322030800165
mtarjeta_master_descuentos_rank_lag2	0.000190391667211177	0.0002769689940291	0.000205639080564822
ctarjeta_debito_transacciones_delta1	0.000186452830652048	0.00185367129180418	0.000297034227482521
ccajas_depositos_tend6	0.000185929544047519	0.00132286871188031	0.00019421468720011
rf_008_023	0.000185849436131088	0.000828708232262911	0.000399853767764932
mforex_sell_rank_lag2	0.000185021593767061	0.000558896679944637	0.00026847324407074
vm_fultimo_cierre_delta2	0.000184837934912022	0.000317753706728185	0.000531234291459124
mcheques_emitidos_rank_lag1	0.00018406955466064	0.00123876317662808	0.000131380523694192
matm_other_rank_tend6	0.000182818632592079	0.00162896212594622	0.000359868390988439
ccajas_consultas_lag2	0.000182554013265064	0.000511958638759058	0.000291322030800165
rf_015_021	0.000179683971278725	0.000556876450785369	0.000354156194306082
mtarjeta_master_consumo_rank_tend6	0.000177836152598781	0.000897558453373011	0.00034273180094137
catm_trx_delta2	0.000175535295307049	0.000764145678137538	0.000325595210894302
rf_017_016	0.000172481075821056	0.00025380035568288	0.000142804917058904
mtarjeta_visa_descuentos_rank_delta2	0.000171916746702326	0.000395846329483899	0.00049124891468263
matm_rank_delta1	0.000170904769880385	0.000487137373920874	0.000354156194306082
rf_015_018	0.000170097148954925	0.00141462445514787	0.000182790293835397
vmr_mpagado	0.000168057131160483	0.000838483365570387	0.000297034227482521
rf_012_018	0.000166869572435747	0.000645483710097004	0.000359868390988439
rf_017_023	0.000166668573787413	0.000608021573071168	0.000371292784353151
vmr_msaldodolares2_tend6	0.00016639927631686	0.00085438965641857	0.000308458620847233
rf_020_012	0.000160415861151864	0.000920044064106918	0.000114243933647123
vmr_mconsumosdolares_delta1	0.00015863732302079	0.000587103311929004	0.000348443997623726
active_quarter	0.000158434518181105	0.000427714548199063	0.000559795274870904
ctransferencias_recibidas_lag1	0.000157865085679614	0.000630362522314841	0.000131380523694192
mv_status07_rank_lag1	0.000155677336953455	0.000477108899557947	0.000331307407576658
mtarjeta_master_consumo_rank_delta1	0.000150837298807104	0.000799633500303181	0.000297034227482521
vmr_mpagado_delta2	0.00014950349015981	0.000773631436050962	0.000274185440753096
rf_001_023	0.000149379425639981	0.000603106541699719	0.000308458620847233
vmr_mpagado_lag1	0.000147483722983051	0.00074486473872098	0.000319883014211945
rf_001_016	0.000142203152462002	0.00041385689467236	0.000234200063976603
rf_010_015	0.00014164912607283	0.000324455936467024	0.000291322030800165
vmr_mconsumosdolares_delta2	0.000138749418054225	0.000740709782929469	0.000314170817529589
vm_mpagado_rank_delta1	0.000138469570379182	0.000633424628685293	0.000182790293835397
rf_017_018	0.000136731575187715	0.000711043275406157	0.00026847324407074
internet_delta2	0.000134060531520881	0.000512570436311506	0.00014851711374126
mcajeros_propios_descuentos_rank_lag2	0.000133126728731033	0.000730985883899785	0.000251336654023671
vmr_msaldodolares_tend6	0.000132700244864639	0.000780119713542289	0.000291322030800165
ccallcenter_transacciones_delta1	0.000130927843095405	0.000672233768598183	9.71073436000548e-05
minversion2_rank	0.000129917604407552	0.000725434158523764	8.56829502353425e-05
cpagomiscuentas_delta2	0.000129788576980282	0.000814106646539963	0.00011995613032948
mtarjeta_visa_descuentos_rank_lag1	0.000129608614706651	0.00035790589230258	0.000291322030800165
rf_005_008	0.000129371954923546	0.000849266543120951	0.000228487867294247
mttarjeta_master_debitos_automaticos_rank_lag2	0.000128698755972459	0.000397066832187372	0.000217063473929534
minversion2_rank_lag1	0.000127579223365644	0.000635174167892998	9.71073436000548e-05
mplazo_fijo_dolares_rank_lag2	0.000126658823285574	0.000706117682697649	0.000154229310423617
ctransferencias_emitidas_delta2	0.000125531333494099	0.0007416257102997	0.000125668327011836
mplazo_fijo_dolares_rank_lag1	0.000125406195908689	0.000668119747815321	0.000108531736964767
ccuenta_debitos_automaticos_tend6	0.000124061922016468	0.000890710749733394	0.000159941507105973
rf_010_018	0.000121425735675281	0.000729926055036279	0.000228487867294247
vmr_msaldodolares2_lag2	0.000120546497234271	0.000609289798342344	0.000251336654023671
tcuentas_lag1	0.000118958050769716	0.00143388608015894	0.000131380523694192
rf_011_022	0.000118732587039626	0.000382580975656612	0.000279897637435452
ctarjeta_master_debitos_automaticos_tend6	0.000115783780191581	0.000874039587462391	0.000142804917058904
mv_status07_rank_lag2	0.000113651119110288	0.000419096287504792	0.000285609834117808
matm_other_rank_lag1	0.000112958122945214	0.000429185247142983	0.000257048850706028
cproductos	0.000111230169516255	0.000120603471997507	1.71365900470685e-05
mtarjeta_visa_descuentos_rank	0.000111123196285655	0.000403548191085688	0.000262761047388384
tcuentas_lag2	0.000110342989524754	0.00086452597172938	0.000108531736964767
cforex_buy_tend6	0.000109063718245972	0.00153160504784593	0.000165653703788329
mv_status07_rank_tend6	0.000107691159097527	0.000800565623470689	0.000165653703788329
ctarjeta_visa_descuentos_lag2	0.000107268105640939	0.000360563732704129	0.000228487867294247
vm_msaldodolares_rank_tend6	0.00010544524059297	0.000854302361595387	0.000217063473929534
mv_status07_rank_delta1	0.000104105903961702	0.000800924892378228	0.00019421468720011
ccajas_depositos_delta2	0.000102781606869359	0.000718906832912791	0.000171365900470685
ctarjeta_visa_tend6	0.000102527404653429	0.000131314659491246	5.71219668235617e-05
vm_mpagosdolares_rank_lag2	0.000102502249852965	0.000665884832618374	0.000205639080564822
vmr_mpagosdolares_tend6	0.00010181275335882	0.000847706531430887	0.000211351277247178
ccajas_extracciones_delta2	0.000100676284469676	0.000521010412201781	0.000165653703788329
catm_trx_other_lag2	9.80109604495794e-05	0.000304749110478403	0.000222775670611891
ccheques_emitidos_tend6	9.64942015204005e-05	0.000979764782430085	0.000102819540282411
cforex_tend6	9.51014607853394e-05	0.00110212958669157	0.000165653703788329
rf_005_018	9.26378841142735e-05	0.000838059994850327	0.00014851711374126
cseguro_accidentes_personales_lag2	9.26097327749486e-05	0.000611242151911085	0.000177078097153041
ctransferencias_emitidas_lag2	9.02051855029649e-05	0.000703328336615305	0.000159941507105973
ctarjeta_debito_lag1	8.88988529355217e-05	0.000816288728844826	0.00011995613032948
cseguro_vida_lag2	8.82410620495528e-05	0.00139265886578185	0.000171365900470685
mttarjeta_master_debitos_automaticos_rank_delta2	8.78719037500563e-05	0.000576201627266332	0.000154229310423617
cforex_sell_tend6	8.6247192632335e-05	0.00109416539510477	0.000137092720376548
ctarjeta_debito_transacciones	8.51033482862124e-05	0.000541574121658913	0.00011995613032948
ctransferencias_recibidas_delta1	8.47986158757883e-05	0.000843165366149959	9.71073436000548e-05
cplazo_fijo_lag2	8.42936223337931e-05	0.000160955091256808	3.4273180094137e-05
vm_mpagosdolares_rank_tend6	8.2724024301459e-05	0.000481384144523403	0.00014851711374126
vm_cconsumos_delta1	7.8329912624777e-05	0.000471860832277459	0.000154229310423617
matm_other_rank_delta1	7.7860256675288e-05	0.000390768291868019	0.000154229310423617
ctarjeta_visa_delta1	7.73121034171293e-05	0.000121057583284241	2.85609834117808e-05
cseguro_vivienda_tend6	7.67119081100161e-05	0.000164501106036168	2.28487867294247e-05
rf_015_020	7.63111163585851e-05	0.000608446306544397	0.000125668327011836
vm_status04_delta1	7.56830427826339e-05	0.00057306362602709	8.56829502353425e-05
cextraccion_autoservicio_lag1	7.41393009329606e-05	0.000619173716042204	0.00011995613032948
rf_002_022	7.41308705642511e-05	0.000513875141436741	9.71073436000548e-05
vmr_mpagado_delta1	7.29256916443713e-05	0.00071890421223362	0.000159941507105973
ctarjeta_visa_descuentos_tend6	7.20296247816166e-05	0.00106293489245905	0.000142804917058904
vm_mconsumosdolares_rank_delta1	7.07542385481932e-05	0.000375974295880343	0.000165653703788329
ctarjeta_master_descuentos_tend6	6.95721103201363e-05	0.000773549146724996	0.000108531736964767
cpagomiscuentas_delta1	6.86446436034531e-05	0.000381932986524814	6.8546360188274e-05
vm_msaldodolares_rank_delta1	6.76180309320824e-05	0.000685384860813619	0.00014851711374126
matm_other_rank	6.71881430043882e-05	0.000466969046330256	0.000171365900470685
ctransferencias_emitidas_delta1	6.67240876903226e-05	0.000717541511478333	0.000108531736964767
ctarjeta_debito_lag2	6.54767558340212e-05	0.00046652056950374	0.000108531736964767
cplazo_fijo_lag1	6.36486429686568e-05	0.000422439016200864	5.14097701412055e-05
minversion2_rank_lag2	6.3483090055644e-05	0.000531835966134539	6.28341635059178e-05
vm_mpagado_rank_lag1	6.08805105988082e-05	0.000382415977696011	0.000137092720376548
ctarjeta_master_transacciones_delta1	5.9792004500458e-05	0.000698021041985555	8.56829502353425e-05
mttarjeta_master_debitos_automaticos_rank_lag1	5.93404792685992e-05	0.000406175762642812	0.000137092720376548
ccomisiones_mantenimiento_lag1	5.89542174998321e-05	0.000394520685132088	8.56829502353425e-05
cpagomiscuentas_lag2	5.74668074645239e-05	0.000262641059625178	8.56829502353425e-05
mcaja_ahorro_adicional_rank_tend6	5.61502569205705e-05	0.000970725168938716	0.000114243933647123
vmr_msaldodolares_delta2	5.60049959289026e-05	0.000599644519687787	0.000142804917058904
vmr_mpagosdolares_delta1	5.57090338165138e-05	0.000533833264351061	9.71073436000548e-05
active_quarter_tend6	5.02625029204908e-05	0.000645084790313609	0.000102819540282411
ccheques_emitidos_delta1	4.83530263051294e-05	0.00051350310982164	5.14097701412055e-05
cpayroll_trx_lag2	4.82818157788628e-05	0.000140013217795314	7.42585568706302e-05
mforex_buy_rank_tend6	4.81235555831657e-05	0.00115732106382403	0.00011995613032948
ccuenta_debitos_automaticos_delta1	4.79151377263719e-05	0.000303733518679302	4.56975734588493e-05
ccajas_otras_delta2	4.74656758708331e-05	0.000310208850015525	0.000159941507105973
cseguro_accidentes_personales	4.5331964826396e-05	0.000298726449055371	9.13951469176987e-05
rf_020_020	4.46339920021216e-05	0.000305560027234256	0.000102819540282411
ctransferencias_emitidas_lag1	4.26281474796322e-05	0.000589133158980829	8.56829502353425e-05
cproductos_lag1	4.2109826370531e-05	0.000307903700616797	8.56829502353425e-05
ccuenta_debitos_automaticos_lag2	4.09288365755764e-05	0.000163194933330597	7.99707535529863e-05
mcajeros_propios_descuentos_rank_tend6	4.04946149986507e-05	0.000783710175040387	7.99707535529863e-05
cseguro_vida_lag1	3.99089913438144e-05	0.000251148988358884	5.14097701412055e-05
mtarjeta_visa_descuentos_rank_tend6	3.83704802315868e-05	0.000394150409372031	9.71073436000548e-05
cpagomiscuentas_lag1	3.64830626843426e-05	0.000482271611317838	8.56829502353425e-05
cseguro_vivienda_lag2	3.53570522191502e-05	0.000219651202644527	5.71219668235617e-05
cprestamos_prendarios	3.4100091050733e-05	7.11358726557959e-05	5.71219668235617e-06
mcaja_ahorro_adicional_rank_lag1	3.32181762829212e-05	0.000650183111986271	7.42585568706302e-05
mpagodeservicios_rank_tend6	3.30640732885458e-05	0.000507908012205341	7.99707535529863e-05
ccajas_depositos_lag1	3.24717737526493e-05	0.000297321267090724	3.4273180094137e-05
cseguro_accidentes_personales_lag1	3.09117384468105e-05	0.000180940207166587	6.8546360188274e-05
cextraccion_autoservicio_delta1	2.70661024678355e-05	0.000375205755506684	6.8546360188274e-05
cliente_edad_tend6	2.47434891072805e-05	0.00021761380803669	3.4273180094137e-05
ctransferencias_recibidas	2.4299563234945e-05	0.00036338814347378	3.99853767764932e-05
cpagodeservicios_tend6	2.412164202491e-05	0.000620455778499403	5.71219668235617e-05
cpayroll_trx_lag1	2.30085181218391e-05	0.000182538690426881	2.28487867294247e-05
cliente_edad_delta2	2.27832213737761e-05	0.00017640517427492	4.56975734588493e-05
ccuenta_debitos_automaticos_delta2	2.18152945140699e-05	0.000435294941321281	5.71219668235617e-05
cplazo_fijo	2.15722154930117e-05	7.95419893711825e-05	1.14243933647123e-05
catm_trx_delta1	1.96489830405765e-05	0.000140881946733677	5.71219668235617e-05
ccajas_depositos_delta1	1.96067590977076e-05	0.000268284954287639	3.4273180094137e-05
ccuenta_debitos_automaticos_lag1	1.77841843102214e-05	0.000399157845891046	3.99853767764932e-05
active_quarter_delta1	1.73493416925114e-05	0.000122755311664737	3.4273180094137e-05
ctarjeta_master_transacciones	1.63685028006499e-05	8.36802776431669e-05	2.85609834117808e-05
cpayroll_trx	1.58380481650951e-05	0.000426815235934775	3.4273180094137e-05
cseguro_accidentes_personales_tend6	1.55332951722121e-05	0.000455401997432883	5.71219668235617e-05
ccajas_extracciones	1.47967158177465e-05	0.000213407617967388	1.71365900470685e-05
catm_trx_lag1	1.2560402369576e-05	6.8623453741441e-05	3.4273180094137e-05
internet_delta1	1.19205622413317e-05	0.000180988715938041	3.4273180094137e-05
cliente_edad_delta1	9.97394954246073e-06	8.83789981558493e-05	2.85609834117808e-05
ctarjeta_visa_debitos_automaticos_lag1	9.15372265025864e-06	9.04045472938335e-05	2.85609834117808e-05
ctransferencias_emitidas	8.85898451112468e-06	0.000411740617621479	3.4273180094137e-05
ctarjeta_visa_debitos_automaticos_delta1	5.80947921268333e-06	7.39275249358107e-05	1.14243933647123e-05
ctarjeta_master_debitos_automaticos_lag1	5.13140285636136e-06	1.59457844832886e-06	1.14243933647123e-05
cseguro_vida	4.15765085722706e-06	0.000213407617967388	1.71365900470685e-05
cextraccion_autoservicio	3.78580779151371e-06	7.11358726557959e-05	5.71219668235617e-06
ctarjeta_visa_debitos_automaticos	2.91753931534403e-06	0.000142271745311592	1.14243933647123e-05
ctarjeta_debito	2.34766998451242e-06	0.000142271745311592	1.14243933647123e-05
cpagomiscuentas	1.64814798109767e-06	7.11358726557959e-05	5.71219668235617e-06
