Feature	Gain	Cover	Frequency
rf_018_026	0.028920942653846	0.00200858070992992	0.00388722475018865
rf_004_026	0.0255651989367913	0.00137667034485137	0.000451604051860151
rf_018_016	0.0218403715575149	0.00210745891626963	0.000811743991951158
ctrx_quarter_normalizado	0.0207165899204172	0.00114048911327042	0.000548784670614868
vm_status02	0.0184087102197389	0.00208822197649473	0.00096608968056159
Visa_cconsumos	0.0164237590484958	0.00216063136604731	0.00344705371229964
mcuenta_corriente_rank	0.0154658381465	0.00291757126177163	0.00137196167653717
mcaja_ahorro_rank_lag1	0.0130302056638503	0.00202016260513257	0.00104040427137402
Visa_mpagominimo_rank	0.0129907042039282	0.00242488146645806	0.00320124391192006
rf_002_015	0.0127822756455204	0.00110432612004518	0.00158347243500332
cdescubierto_preacordado_delta2	0.0112164883745111	0.00103590273943911	0.000160062195596003
rf_005_020	0.0110236382248888	0.00138855737651998	0.00232090183614204
rf_001_025	0.0107592734693761	0.00117426106182088	0.0022694532732719
rf_002_024	0.0107542685733246	0.000979592329063941	0.00245238149681019
rf_020_027	0.00871367248961728	0.00114258140715093	0.00131479660668145
rf_018_015	0.00741109848169941	0.000407770667271301	0.000491619600759152
ctarjeta_visa_delta1	0.00707273255379659	0.000207424631102572	3.42990419134292e-05
vm_status02_tend6	0.00691832114608193	0.00132354031047015	0.00113758489012874
rf_010_016	0.00682145683095593	0.00163505821695169	0.000411588502961151
rf_009_021	0.00678893255369745	0.00129045131729352	0.00108041982027302
mtarjeta_visa_consumo_rank	0.00668304998309589	0.000899317998430074	0.000897491596734731
cdescubierto_preacordado	0.00659970199371658	0.00172109808229023	0.000577367205542725
chomebanking_transacciones_lag1	0.00658267800003939	0.00225399995775193	0.00268104177623305
rf_010_026	0.00623517955386987	0.00119261189879681	0.000680264331283013
Visa_mpagado_rank_tend6	0.00616679323983382	0.00210471512812944	0.0015263073651476
mprestamos_personales_rank	0.00611801721231216	0.00325912965215189	0.000674547824297441
vmr_msaldototal	0.00609657916258647	0.00117227535154982	0.00135481215558045
mrentabilidad_annual_rank_delta2	0.00587388904703774	0.00243936248256248	0.00399012187592893
Visa_status	0.00583553231491439	0.00181339279091559	0.000828893512907873
rf_003_019	0.0052371883756654	0.000598287311701951	0.000165778702581575
Visa_mpagospesos_rank	0.00506969952756022	0.00198927017918258	0.00364713145679464
mcuentas_saldo_rank_tend6	0.00491855198146709	0.00280949522219802	0.00166922003978689
rf_006_022	0.00482813167222192	0.000895196981847707	0.000503052614730295
rf_017_015	0.00465866336409556	0.00186808188963384	0.00308119726522306
mcaja_ahorro_rank_lag2	0.00450535900334859	0.00156281887835516	0.00118903345299888
mpayroll_rank_delta2	0.00444757416643133	0.00173377086307193	0.000451604051860151
vm_cconsumos	0.00415674087002251	0.000626812626266957	0.000234376786408433
mrentabilidad_annual_rank_lag1	0.00414791036762571	0.00248578750976128	0.0029325680835982
vm_Finiciomora	0.00395697809629736	0.00479198989222953	0.000685980838268584
mactivos_margen_rank	0.00385316594425461	0.00327311785534213	0.00194932888207989
vm_status06_delta2	0.0037917297327863	0.000504202408574273	0.000160062195596003
mautoservicio_rank	0.00366690501141511	0.00126474582189455	0.000731712894153157
rf_019_024	0.00366088288418577	0.00110205113365531	0.00125763153682574
mprestamos_personales_rank_tend6	0.0036579389321934	0.00242859499412145	0.000571650698557154
Visa_mpagado_rank_delta2	0.00364524883418492	0.00105733323531092	0.00089177508974916
rf_012_022	0.00356514810237697	0.00107307941910689	0.00256671163652162
rf_007_021	0.00343041316543578	0.00135097019680348	0.00249239704570919
matm_rank_tend6	0.00342764192851433	0.00146710739409353	0.000868909061806873
mcaja_ahorro_rank	0.00338723498027231	0.00160708087608267	0.000828893512907873
rf_007_016	0.00312976680666963	0.000889006903808224	0.00116616742505659
mprestamos_personales_rank_delta1	0.00307367475370262	0.00427880167548762	0.000651681796355155
mcaja_ahorro_dolares_rank	0.00306623307403454	0.00144779328114012	0.000731712894153157
Visa_cconsumos_tend6	0.00306597640102973	0.00243538955645551	0.00392152379210207
Master_status	0.00293022921775912	0.00123023394012741	0.00081746049893673
mprestamos_personales_rank_lag2	0.00289977580320234	0.00227127517246161	0.000731712894153157
Visa_fechaalta_lag1	0.00286504186436834	0.00191768098502896	0.00276678938101662
mrentabilidad_annual_rank_delta1	0.00285428913952238	0.00310240657929816	0.00649395193560927
mrentabilidad_rank_lag2	0.00283420994342228	0.00246886488276892	0.0045389065465438
chomebanking_transacciones_delta2	0.00279176963383471	0.00359664612002139	0.00552786225504768
mcomisiones_rank_delta2	0.00278335781717884	0.00311781385525071	0.00605949740470583
mcomisiones_otras_rank_delta2	0.00276339869072061	0.00270633781113272	0.00570507397160039
rf_006_021	0.00272014371838612	0.00161053518700858	0.00424164818329408
mcuentas_saldo_rank_delta2	0.00270774721691994	0.003374059983452	0.0039558228340155
mpasivos_margen_rank_delta1	0.00265814468740144	0.00282925002437155	0.00492191251457709
Visa_mconsumospesos_rank_delta1	0.00261556102847606	0.00249486212029812	0.00568220794365811
vmr_Master_mlimitecompra_delta1	0.00256548875727767	0.000981104772806086	0.000663114810326298
internet_lag1	0.00252946471070504	0.00121602210863821	0.000234376786408433
mextraccion_autoservicio_rank_lag1	0.00252082182070676	0.000643819902346134	0.000583083712528297
mcuenta_corriente_rank_delta2	0.0025057564806269	0.00172717498338445	0.00121761598792674
ctarjeta_debito_transacciones_tend6	0.00248622569159049	0.00205343813260477	0.000600233233485011
cprestamos_personales_tend6	0.00244908370584282	0.00310866638056585	0.000417305009946722
matm_rank_delta1	0.00244709012772415	0.00100784254058631	0.000434454530903437
mcomisiones_rank_lag2	0.00242946304858272	0.0025882590841131	0.00490476299362038
cdescubierto_preacordado_delta1	0.0024127925455641	0.00129903713840849	0.000160062195596003
mcuenta_debitos_automaticos_rank	0.00240421559399304	0.00167433085058009	0.000525918642672581
mrentabilidad_annual_rank_lag2	0.00238213672891509	0.00354893360123816	0.00547641369217753
rf_006_015	0.00237794703064089	0.00169898756430028	0.00122333249491231
rf_010_023	0.00228953476034915	0.00147401396526217	0.0043388288020488
ccomisiones_mantenimiento_tend6	0.00220464390613031	0.00287347139780562	0.00044588754487458
vm_mpagospesos_rank_tend6	0.00220255205248215	0.00167072899429709	0.00201221045892118
mautoservicio_rank_delta2	0.0022017788640718	0.00176261263179742	0.00177783367251275
vm_status01	0.00220051904488588	0.00142213526295053	0.000874625568792445
mtarjeta_visa_consumo_rank_tend6	0.00218470510641304	0.00163424043564812	0.0015263073651476
rf_002_017	0.0021839566647544	0.00111175590096353	0.00145770928132074
ctrx_quarter_normalizado_delta2	0.00217456617958949	0.00175372245295694	0.00221800471040176
vmr_mpagominimo_delta1	0.00216966665582307	0.00127555777641522	0.00127478105778245
rf_007_015	0.00215809657101889	0.00040921684020123	0.000503052614730295
rf_016_018	0.00212414462642495	0.00111894110546485	0.00126906455079688
Visa_mconsumototal_rank_delta2	0.00210208592288632	0.00221303859950173	0.00461322113735623
mactivos_margen_rank_lag2	0.0020961978589248	0.00306428642961834	0.00428166373219308
cdescubierto_preacordado_tend6	0.00208759881440499	0.00120793852319685	0.000177211716552718
Master_mpagominimo_rank	0.00206140343708307	0.00154820404868358	0.00213225710561818
rf_005_022	0.00205931663602414	0.00125464444207563	0.000302974870235291
foto_mes	0.00205384857261878	0.00362603077467193	0.00089177508974916
ctrx_quarter_lag2	0.00198317034632763	0.0016396954086617	0.0021093910776759
mcomisiones_otras_rank_delta1	0.0019596853920057	0.00206453575508017	0.00373287906157821
mprestamos_personales_rank_lag1	0.00195731536697483	0.00276941036228125	0.000703130359225299
Visa_mpagospesos_rank_lag1	0.00195123286186982	0.00193832588753576	0.00354995083803992
mpayroll_sobre_edad_rank	0.00193267361905873	0.00141331371710162	0.000360139940091007
mrentabilidad_rank_delta2	0.0019281574062438	0.00270959564584333	0.00488761347266366
ccaja_ahorro_tend6	0.00191560364913136	0.00307481157403162	0.00029725836324972
Visa_msaldopesos_rank_delta1	0.00191218199232946	0.00197049970493666	0.00345277021928521
mpasivos_margen_rank_lag1	0.00189106817727451	0.00148369687592178	0.0016463540118446
rf_018_020	0.00188732891465795	0.000426453351510595	0.000137196167653717
Visa_mconsumospesos_rank_lag1	0.00185320638411292	0.00139846137159308	0.00308119726522306
ctarjeta_master_transacciones_delta2	0.00185303875298073	0.00101824511125291	0.00037157295406215
chomebanking_transacciones	0.00185095491780354	0.00169893289672076	0.00169780257471475
Master_mlimitecompra_rank_delta2	0.00184775224344585	0.00259984388661343	0.00577367205542725
Visa_mpagominimo_rank_lag1	0.00184740864274947	0.00155797412635746	0.00237235039901219
mcomisiones_otras_rank	0.00183537263455812	0.00205840213572324	0.00315551185603549
vm_Fvencimiento	0.00181549770576767	0.00173141800263717	0.00263530972034848
mprestamos_personales_rank_delta2	0.00181247933817181	0.00376179916206822	0.000628815768412869
mactivos_margen_rank_delta1	0.00178663740740574	0.00267484227666294	0.00388722475018865
vmr_mpagospesos_tend6	0.00177205341779909	0.00181294966164207	0.00150915784419089
Visa_mpagospesos_rank_delta1	0.00176559961535947	0.00172239681369513	0.00303546520933849
Visa_mpagospesos_rank_lag2	0.0017572651909437	0.00187446735365199	0.00353280131708321
Visa_msaldototal_rank	0.00175038030292812	0.00169244731263887	0.0027725058880022
rf_019_022	0.00173483751223293	0.00116258026658119	0.000788877964008872
Visa_fechaalta_tend6	0.00172728634856674	0.000763870400182767	0.000725996387167585
mcomisiones_mantenimiento_rank_tend6	0.00170594330136091	0.00249480223515759	0.00106898680630188
mactivos_margen_rank_delta2	0.00167404409554438	0.00307001281963643	0.00416161708549608
Master_Fvencimiento_tend6	0.00166568694752144	0.00122230018434844	0.00162920449088789
Visa_msaldototal_rank_lag2	0.00166463699317496	0.00127923197768593	0.00208652504973361
Visa_mconsumosdolares_rank_lag2	0.00166158451806281	0.00201899776516887	0.00372144604760707
mpasivos_margen_rank_delta2	0.0016348680430253	0.00224962110020688	0.00514485628701438
vm_msaldopesos_rank	0.00162782528093339	0.00106882497832759	0.00117188393204217
Visa_msaldopesos_rank_lag1	0.00162599613980714	0.00167939152134631	0.00269819129718977
mactivos_margen_rank_lag1	0.00161882728768917	0.00260152113779261	0.00195504538906547
Master_mfinanciacion_limite_rank_tend6	0.00161116187039295	0.00263039558765894	0.00431596277410651
ctrx_quarter_delta2	0.00159654129671498	0.00122491150873825	0.00168065305375803
ctarjeta_visa_transacciones	0.00158983622729164	0.00140384810098531	0.000554501177600439
mrentabilidad_annual_rank	0.00158068905261128	0.00255040087676232	0.00280680492991562
Visa_mconsumospesos_rank_tend6	0.00156816223649723	0.00195564294656557	0.00420163263439508
rf_012_020	0.00156738492178327	0.00096964077890742	0.000434454530903437
rf_008_017	0.00156648790290153	0.000562943397681026	0.000548784670614868
Master_mlimitecompra_rank	0.00155974361448951	0.00176300818002951	0.00369286351267921
internet_lag2	0.00154878797623734	0.00116779237640674	0.000377289461047721
mpagomiscuentas_rank	0.00154789186320863	0.000878149522761359	0.00037157295406215
Visa_mconsumospesos_rank_lag2	0.00154418231022376	0.00179881370543062	0.00385292570827522
ctrx_quarter_normalizado_delta1	0.00153622718511036	0.0016077570823726	0.00093179063864816
Master_mfinanciacion_limite_rank_lag1	0.00152992857609227	0.00210769570528218	0.00380719365239064
rf_009_015	0.00152672741944488	0.00130737864268659	0.00265245924130519
Visa_fechaalta_lag2	0.0015156700649201	0.00227917448195472	0.00348135275421307
mrentabilidad_rank_delta1	0.00150548592989574	0.00185811320718744	0.00312121281412206
Visa_msaldopesos_rank	0.00150169745398952	0.0018059147280894	0.00298401664646834
mtransferencias_recibidas_rank	0.00149117516770304	0.00212587903518752	0.00121189948094117
Master_fultimo_cierre_tend6	0.00147149744160951	0.00181930981659562	0.00294400109756934
Visa_mconsumospesos_rank	0.00146974517713869	0.00208679934748438	0.00382434317334736
mcomisiones_rank_tend6	0.00146056696932869	0.00173228629823786	0.00214369011958933
Master_fechaalta_lag2	0.00145899977395419	0.00178339316493243	0.00343562069832849
Visa_mconsumospesos_rank_delta2	0.00145385096054187	0.00149448609122134	0.00316122836302106
Visa_mlimitecompra_rank_delta2	0.001449893079103	0.00244264466589113	0.00387007522923193
mrentabilidad_rank_lag1	0.00144838642409141	0.00220315360569559	0.00274392335307434
cmobile_app_trx_delta2	0.00143891373056082	0.00222779905363728	0.00265245924130519
Master_Fvencimiento_lag1	0.00142971088808782	0.00152101206755744	0.00284110397182905
chomebanking_transacciones_lag2	0.00142480751074034	0.00167394937159211	0.00318981089794892
mpayroll_rank_tend6	0.00142465286724743	0.00138389170886754	0.000463037065831295
vm_fechaalta	0.00142397661396159	0.00218738320307165	0.0028125214369012
Master_mfinanciacion_limite_rank_lag2	0.00141555564822454	0.00200951127880852	0.00336130610751606
Master_fechaalta	0.00140731581054341	0.00187705822312601	0.00286968650675691
rf_013_026	0.00140494991909169	0.000782332597042917	0.00104612077835959
mcuentas_saldo_rank	0.00140353147381334	0.00347785946601755	0.00106327029931631
Visa_mpagominimo_rank_lag2	0.00139764038427705	0.00157477010419479	0.0028125214369012
rf_002_021	0.00139107674961613	0.000779592624730923	0.00110900235520088
Visa_fechaalta_delta2	0.00138405532198609	0.00119170209633018	0.000863192554821302
tcallcenter_delta2	0.00138366116441356	0.00116485805643667	0.000971806187547161
Master_mlimitecompra_rank_tend6	0.00137926354881636	0.00247481939182256	0.00360139940091007
vmr_mpagominimo	0.00137028609032227	0.00120873579766859	0.0023094688221709
mrentabilidad_rank_tend6	0.00136733891693909	0.00275519100296771	0.00186929778428189
mcuenta_corriente_rank_tend6	0.00136108658390731	0.00331913570511814	0.00162920449088789
vm_Fvencimiento_lag1	0.00136068800985073	0.00191814716501978	0.00278393890197334
Visa_mfinanciacion_limite_rank_tend6	0.00135427179738267	0.00189467582405313	0.00274392335307434
Master_mfinanciacion_limite_rank	0.00135264137363946	0.0019089611426827	0.00345277021928521
rf_015_023	0.00135181871508182	0.00170325153167108	0.00436741133697665
cproductos_delta2	0.00135053408833984	0.00138467852225925	0.000211510758466147
Visa_mpagosdolares_rank_delta1	0.00134613318677931	0.00120347356291615	0.00234376786408433
mcomisiones_rank_delta1	0.00134572460851881	0.00179572952984015	0.00305833123728077
vmr_msaldopesos_lag1	0.0013406832451795	0.00106486835385401	0.00153202387213317
mcomisiones_mantenimiento_rank_delta2	0.00133736095835734	0.00244695187931487	0.00142341023940731
Visa_mfinanciacion_limite_rank_lag1	0.00133186820886345	0.0020538857785729	0.00303546520933849
rf_017_026	0.00132700028879712	0.00087294301986705	0.00131479660668145
thomebanking_lag2	0.00132488504396886	0.00171658185492996	0.0037957606384195
vm_Fvencimiento_lag2	0.00130882349150494	0.00188234628610335	0.00306976425125192
ctrx_quarter_normalizado_tend6	0.00130499291062974	0.00192931370602492	0.00155488990007546
rf_016_021	0.00130299745093333	0.00178982101838903	0.00268675828321862
mcomisiones_rank_lag1	0.00129916579469087	0.00204156498847417	0.00280108842293005
Master_mlimitecompra_rank_lag1	0.00129582972158957	0.00200858693985351	0.00358424987995335
mcomisiones_otras_rank_lag2	0.00128320984306282	0.00203614996484561	0.00357281686598221
mcuenta_debitos_automaticos_rank_lag2	0.00127882745690727	0.00124717167468449	0.000766011936066586
mcuenta_corriente_rank_lag2	0.00127154704319258	0.00205055165325629	0.00102897125740288
ctrx_quarter_delta1	0.00127059356414489	0.00188693748021084	0.00125763153682574
vm_fechaalta_lag1	0.00127023013884649	0.00143147804574001	0.00209224155671918
vm_mpagospesos_rank_delta2	0.00126748750512154	0.000962250947374104	0.00134337914160931
mcomisiones_rank	0.00126381557491166	0.00208391086936875	0.00319552740493449
mcomisiones_otras_rank_tend6	0.00126328890630456	0.00177838521489462	0.00263530972034848
Master_fechaalta_lag1	0.00125220220213831	0.00210148299185364	0.00292685157661263
Visa_mpagospesos_rank_delta2	0.00124926687601905	0.00178410381750823	0.00368143049870807
vm_mpagominimo_rank_lag2	0.00124891609168651	0.00111433919069717	0.00158918894198889
Visa_cconsumos_lag2	0.00124432868027757	0.00179859490532245	0.00322982644684792
Visa_mlimitecompra_rank_lag1	0.00124336384494394	0.00177251060461105	0.00307548075823749
mcuenta_corriente_rank_lag1	0.00124150728930892	0.00232246699973917	0.00114330139711431
mpasivos_margen_rank_lag2	0.001240653311571	0.00202163541098586	0.00362998193583793
Master_msaldototal_rank	0.00123958887350759	0.00194399083493243	0.00291541856264148
Visa_mpagospesos_rank_tend6	0.00123677288201145	0.00186553748500662	0.00340703816340064
rf_004_015	0.00122813815440542	0.000406419318970051	0.000360139940091007
Master_Fvencimiento	0.00122797806062377	0.00182067385836619	0.00292685157661263
rf_004_025	0.00122723427418898	0.00142033953939103	0.00358996638693893
Visa_mconsumototal_rank_delta1	0.00122556691566098	0.00189382097470418	0.0038357761873185
mactivos_margen_rank_tend6	0.00122447617128697	0.00119466953872734	0.00140054421146503
chomebanking_transacciones_delta1	0.00121822557407036	0.00262336844151077	0.00245238149681019
rf_008_024	0.00121786114989963	0.00115938538005687	0.00220657169643061
Master_mlimitecompra_rank_lag2	0.00121704841773012	0.00189927932225971	0.00334415658655935
vm_msaldopesos_rank_tend6	0.00121429005742469	0.0014644285788648	0.00209795806370475
Master_mconsumospesos_rank_tend6	0.00121347560458825	0.00235086961076742	0.00267532526924748
Master_mfinanciacion_limite_rank_delta1	0.00121058975429827	0.00164219879962527	0.00333844007957378
mpayroll_rank_lag1	0.0012072534414119	0.000370168951066423	0.000217227265451718
cmobile_app_trx_lag2	0.00119768284150475	0.00217643631878917	0.00263530972034848
Visa_mlimitecompra_rank	0.00119507682363189	0.00136578716153762	0.00256671163652162
mpasivos_margen_rank	0.00118754966426608	0.00241148951887165	0.00217227265451718
mtransferencias_recibidas_rank_lag2	0.00118716540450091	0.00147464144835801	0.00245809800379576
Master_mfinanciacion_limite_rank_delta2	0.0011836313119046	0.00163275202902783	0.00342418768435735
rf_001_017	0.00118328577933528	0.000911069113932307	0.00176068415155603
cmobile_app_trx_lag1	0.0011763654522752	0.00214651807118294	0.00166350353280132
rf_012_019	0.00117624644970873	0.00119396797145679	0.00226373676628633
Visa_mpagominimo_rank_delta2	0.00117188129684388	0.00203724035722239	0.00252669608762262
mtransferencias_emitidas_rank	0.00117036580048533	0.00199821564859495	0.00105183728534516
Master_mpagospesos_rank	0.0011702378195511	0.00238174814917941	0.00268675828321862
vmr_Master_mlimitecompra_lag2	0.00116837312748269	0.00170606574390589	0.00254956211556491
Visa_msaldopesos_rank_tend6	0.00116409999088094	0.00176172011736876	0.0022294377243729
thomebanking_lag1	0.00116345680713264	0.00170993945847965	0.00270962431116091
Visa_msaldototal_rank_delta2	0.0011539855941233	0.00160307804634245	0.00272677383211762
Visa_msaldototal_rank_lag1	0.00115022557911033	0.00147753210694689	0.00219513868245947
mcuentas_saldo_rank_lag2	0.00114616332006903	0.00264039074728061	0.00208080854274804
Master_mlimitecompra_rank_delta1	0.00112900971090203	0.00182061934653476	0.00350993528914092
Visa_cconsumos_delta2	0.00112795279661311	0.0019485911922192	0.00282395445087234
Visa_mconsumosdolares_rank_lag1	0.00112404186999481	0.00172909385176695	0.00317837788397777
vmr_Visa_mlimitecompra_lag1	0.00111813819112028	0.00166017685354825	0.00237806690599776
mcuentas_saldo_rank_delta1	0.00110927723866141	0.00241028306820995	0.00130908009969588
mextraccion_autoservicio_rank_tend6	0.00110805856624374	0.00162560137464444	0.000766011936066586
thomebanking	0.00110692658207722	0.00211347930676527	0.00186358127729632
Master_Fvencimiento_lag2	0.00110485849870037	0.0014300029555814	0.00269247479020419
Master_mpagominimo_rank_lag1	0.00109888118786983	0.00158979514837692	0.00245809800379576
Visa_mlimitecompra_rank_delta1	0.00109397020340834	0.00222686381231598	0.00292685157661263
ccaja_seguridad_lag1	0.00108063032660303	0.00122086527719701	0.000125763153682574
ctarjeta_visa_debitos_automaticos_tend6	0.00107904025078531	0.00110459260502684	0.000383005968033293
mextraccion_autoservicio_rank	0.00107210061199589	0.000476538770316148	0.000600233233485011
Visa_mlimitecompra_rank_tend6	0.00106957937983451	0.00198309463763148	0.00248668053872362
Visa_Fvencimiento_tend6	0.00106245749542693	0.000801385001289409	0.000977522694532733
Visa_fechaalta	0.00105872587756192	0.00180231814128344	0.00222372121738733
Visa_mfinanciacion_limite_rank	0.00105860186418249	0.00154508368762024	0.00225230375231519
mtarjeta_visa_consumo_rank_delta2	0.00105826652490235	0.00181539586709866	0.00224087073834404
ctrx_quarter_normalizado_lag2	0.00105755070466891	0.00155971798580305	0.00191502984016647
mrentabilidad_rank	0.00105540007446919	0.00203437547494236	0.0021494066265749
mpayroll_sobre_edad_rank_delta2	0.00105424930984103	0.0012543816690901	0.000434454530903437
rf_007_023	0.00105408357614657	0.00113845185038164	0.00268675828321862
mcuenta_corriente_rank_delta1	0.00104906385562324	0.00165173188062249	0.00109185283424416
Visa_mconsumosdolares_rank_tend6	0.00104592460032144	0.00149903354607361	0.00244094848283905
Visa_fultimo_cierre_tend6	0.00104583591917525	0.00196386377203207	0.00176068415155603
mpayroll_sobre_edad_rank_lag2	0.00104509157846504	0.00104926813197621	0.000474470079802438
Visa_mfinanciacion_limite_rank_lag2	0.00102809689117917	0.00161040968000621	0.00240664944092562
Visa_mpagominimo_rank_tend6	0.00102461606795883	0.00203119341167744	0.00266389225527634
Visa_mconsumosdolares_rank	0.00102126191467428	0.00158991001259316	0.00271534081814648
Master_msaldopesos_rank_delta2	0.00101731970537391	0.00148814613160343	0.00245238149681019
Master_msaldototal_rank_lag2	0.00101679614629909	0.00124774892902136	0.00248668053872362
ctrx_quarter_lag1	0.00101595630494973	0.00113547553034336	0.000948940159604875
mtransferencias_recibidas_rank_lag1	0.00101132266573369	0.00133965585086111	0.000863192554821302
Master_mconsumototal_rank_tend6	0.00100891313968255	0.00170940955156208	0.00236091738504104
rf_011_015	0.00100496470809601	0.000607790463107904	0.00118331694601331
cliente_edad_lag1	0.00100278314808292	0.0020467571365862	0.0012862140717536
tcallcenter	0.00100053467913633	0.00106514820721339	0.000846043033864587
Visa_msaldopesos_rank_delta2	0.00099146748963176	0.00124394340615292	0.0022694532732719
mtransferencias_recibidas_rank_delta2	0.000987749500482354	0.00151099666068409	0.00196647840303661
mcuentas_saldo_rank_lag1	0.00098761628117249	0.00195510382455269	0.00121189948094117
Master_cconsumos_tend6	0.000981389850386114	0.00201475975581304	0.00234376786408433
Visa_mpagominimo_rank_delta1	0.000978415834295572	0.00151572127898852	0.0020693755287769
internet_tend6	0.000967649362573606	0.00201099477936398	0.000383005968033293
vmr_Visa_mlimitecompra	0.000963057676548151	0.00137809556966322	0.00200649395193561
vm_mfinanciacion_limite_rank_delta2	0.000961318874899951	0.00181862725059202	0.00241808245489676
Master_mpagominimo_rank_delta2	0.000956972593510181	0.00119080015914208	0.00178355017949832
rf_014_022	0.000952924013433014	0.00131000728107238	0.00312692932110763
vmr_mpagominimo_tend6	0.000952383728417552	0.000918900854712449	0.00120046646697002
Visa_Fvencimiento_lag1	0.000950315312341623	0.00137142685178573	0.00191502984016647
rf_011_028	0.000948960563872681	0.000627838694682636	0.000365856447076578
Master_fultimo_cierre	0.000946606132169104	0.00145134075538176	0.00237806690599776
mttarjeta_visa_debitos_automaticos_rank_delta2	0.000946162707197996	0.00108657226549749	0.00116045091807102
Visa_msaldototal_rank_tend6	0.00094254923855191	0.00172986524609777	0.00244094848283905
cliente_antiguedad_lag1	0.000939725087577549	0.00159436645864495	0.00162348798390232
Visa_mfinanciacion_limite_rank_delta2	0.00093728590619985	0.00156504706244404	0.00270390780417534
Master_mpagospesos_rank_tend6	0.000935900722229385	0.00165024067053659	0.00238378341298333
rf_019_019	0.000935147140150307	0.000876361378942233	0.00107470331328745
Visa_Fvencimiento_lag2	0.000933348177688511	0.00138455441698969	0.00223515423135847
rf_019_021	0.000930837785398925	0.00145117698626532	0.00265817574829076
vm_mpagospesos_rank_delta1	0.000930139866323384	0.00139643667238354	0.00158347243500332
Visa_fultimo_cierre_lag2	0.000924639851576235	0.00154391666718328	0.0015263073651476
Master_msaldopesos_rank_lag2	0.00092210267812854	0.00146309732206713	0.00236663389202662
Master_cconsumos_lag2	0.000920877393241479	0.00140244416174573	0.00247524752475248
mextraccion_autoservicio_rank_delta2	0.00092048983486928	0.00162582059008085	0.00141197722543617
Visa_mpagosdolares_rank_tend6	0.000917347076341093	0.00206400976782286	0.00239521642695447
rf_020_025	0.000914816350719591	0.00186185365331235	0.00176068415155603
vmr_Master_mlimitecompra_lag1	0.000906001317835826	0.0014137303951579	0.00212082409164704
vm_mlimitecompra_rank_delta2	0.000905872844468554	0.00164446005422522	0.0023094688221709
rf_003_025	0.000899318341413455	0.000972808591222127	0.00135481215558045
Master_mpagominimo_rank_lag2	0.000898427504233159	0.00116583854257806	0.00199506093796447
rf_011_027	0.000895527055758736	0.000964819129543036	0.0023094688221709
Visa_mfinanciacion_limite_rank_delta1	0.000892999010259225	0.00164845411015637	0.00269247479020419
vm_mlimitecompra_rank	0.000891972323651842	0.00117004368908695	0.00168065305375803
vmr_msaldopesos_tend6	0.00089014190373776	0.00126875207809274	0.0017263851096426
cliente_edad_lag2	0.000886194271277259	0.00177288390682431	0.00138339469050831
vmr_msaldopesos_lag2	0.000884593436436926	0.0011633767882705	0.00166350353280132
vm_fechaalta_lag2	0.0008835829762949	0.00122765233766474	0.00166350353280132
rf_009_023	0.000876396878683416	0.000981300003036665	0.00124048201586902
vmr_msaldopesos2_lag2	0.000875487746334305	0.00128722016742229	0.00190359682619532
vm_mfinanciacion_limite_rank_delta1	0.00087438739112782	0.00175059235763798	0.00229803580819976
Master_Fvencimiento_delta1	0.000870957257589572	0.000881162054230523	0.00106898680630188
vmr_Master_mlimitecompra	0.00087008546659638	0.00152316152098691	0.00208080854274804
vmr_mpagominimo_lag2	0.000868421110177254	0.0012219428722724	0.00171495209567146
mcaja_ahorro_rank_delta2	0.000865558281708442	0.00161244458071562	0.00159490544897446
ctarjeta_visa_transacciones_delta2	0.000861016352709835	0.00178604262164623	0.00109185283424416
vm_mfinanciacion_limite_rank_lag2	0.000859740989379521	0.00111201246998348	0.00183499874236846
Visa_cconsumos_lag1	0.000857404905656448	0.00116709208107891	0.0020293599798779
mcaja_ahorro_rank_delta1	0.000857167191138667	0.00195675067889634	0.000988955708503876
cmobile_app_trx_tend6	0.000856695723253273	0.00245036888857328	0.00154345688610431
Master_mconsumospesos_rank_delta1	0.000856694968744406	0.00109598311020221	0.00170923558868589
vm_status04_delta2	0.000855089172019028	0.000927709655176008	0.000274392335307434
mpasivos_margen_rank_tend6	0.000852861975452404	0.00183282958144774	0.00163492099787346
vmr_msaldototal_delta2	0.000846072082389363	0.001117188134756	0.00165778702581575
vmr_mpagominimo_delta2	0.000842915456873705	0.0010007003485158	0.0015663229140466
Master_fultimo_cierre_lag1	0.000840948096834294	0.00136872568670611	0.00211510758466147
Master_msaldopesos_rank	0.000837753167949654	0.00143641076945044	0.00210367457069033
vm_msaldototal_rank	0.000837457865189704	0.000952323616045549	0.00135481215558045
Visa_mlimitecompra_rank_lag2	0.000837092825557511	0.00119202117225017	0.00192646285413761
vm_status04_delta1	0.000833590771887523	0.000619405350947582	0.000160062195596003
Visa_Fvencimiento	0.000832104963800277	0.00173647272901795	0.0021494066265749
mtarjeta_visa_consumo_rank_lag1	0.000830692927756684	0.00112324102468638	0.0013662451695516
mcomisiones_mantenimiento_rank_lag2	0.000830032435344469	0.00144353681563565	0.00108041982027302
mtransferencias_recibidas_rank_tend6	0.000828968162259634	0.00186467596444783	0.00157203942103217
mrentabilidad_annual_rank_tend6	0.000828893419947237	0.00208722697982297	0.00192074634715204
ccallcenter_transacciones_delta2	0.000825316128380312	0.00114220254992247	0.000514485628701438
numero_de_cliente	0.000821214612295356	0.0026070425373665	0.0014062607184506
matm_rank	0.000818630076298979	0.00081372422157877	0.000434454530903437
mpayroll_rank	0.000816923402948922	0.00140334111499496	0.000377289461047721
mpayroll_rank_lag2	0.00081471609815404	0.00114319694955988	0.000657398303340727
ccomisiones_otras_delta2	0.000813667915236874	0.00125441035269664	0.00237235039901219
mcomisiones_otras_rank_lag1	0.000809819689310855	0.00118697472647616	0.00193217936112318
vm_mfinanciacion_limite_rank_tend6	0.00080808882522443	0.00155105909287593	0.0017664006585416
Master_mconsumototal_rank_lag1	0.000803517655851567	0.00143005102982512	0.00220085518944504
Master_mpagospesos_rank_lag1	0.000798477837833371	0.00154046661337182	0.00152059085816203
Master_cconsumos	0.000792131646468114	0.00117308043938408	0.00253812910159376
vmr_msaldototal_tend6	0.000791582354033943	0.00160666570359126	0.00185786477031075
Master_fultimo_cierre_lag2	0.00078977984852106	0.00115185363605573	0.00180069970045503
vm_mpagominimo_rank	0.000788099697701263	0.00128161653285697	0.00144055976036403
vm_mconsumospesos_rank	0.000784356172352127	0.000970233919549452	0.000983239201518304
vm_status05	0.000783379057604244	0.00041318338063652	0.000503052614730295
Master_msaldopesos_rank_tend6	0.000781542954028795	0.00145414372779608	0.00186929778428189
rf_005_019	0.000780393685776593	0.00108329288563445	0.0021894221754739
mextraccion_autoservicio_rank_lag2	0.000779737631971743	0.00165841407070974	0.00186929778428189
Visa_delinquency_delta2	0.000773478585484411	0.00127181943288952	0.000680264331283013
Visa_Fvencimiento_delta2	0.00076527155904329	0.000465821744256219	0.000565934191571582
ctrx_quarter_tend6	0.000761697391508563	0.00216028700702074	0.0014862918162486
vm_msaldototal_rank_tend6	0.000757654746798273	0.00128446503562955	0.00184643175633961
chomebanking_transacciones_tend6	0.000755729045178371	0.00169051201283289	0.00135481215558045
vmr_msaldototal_lag2	0.000754645624305206	0.000770810638896827	0.00142341023940731
cproductos_tend6	0.000754559491444133	0.00151562157425303	0.000257242814350719
vm_cconsumos_tend6	0.000753524777253792	0.00126708180961958	0.00103468776438845
Visa_msaldopesos_rank_lag2	0.000752957704022263	0.000828331134055787	0.00163492099787346
mcaja_ahorro_dolares_rank_delta2	0.000751253789169056	0.00176964787684627	0.000863192554821302
Master_mpagospesos_rank_lag2	0.000749588798879253	0.00162488724369464	0.00208652504973361
cprestamos_personales	0.000749090054054787	0.000467450116493213	5.71650698557154e-05
vm_msaldototal_rank_delta2	0.000747603060051983	0.000816588221286284	0.0014062607184506
vmr_msaldopesos	0.000747018444435859	0.00101501492182824	0.0015663229140466
cliente_antiguedad_lag2	0.00074633237826419	0.00169944426961564	0.00160062195596003
vmr_msaldopesos_delta2	0.000745545098372264	0.000903422349966832	0.00153202387213317
rf_013_023	0.000744526934533211	0.0008353977104287	0.00201792696590675
Master_msaldototal_rank_delta1	0.000742179014114542	0.0015364490394791	0.00177211716552718
Master_mpagominimo_rank_tend6	0.000739705516883412	0.00168424530673322	0.00173781812361375
Visa_cconsumos_delta1	0.000739248152635284	0.00129446707412519	0.00214369011958933
vm_status01_tend6	0.000715449536052883	0.000780378477676082	0.000640248782384012
vm_msaldopesos_rank_delta2	0.000714456835749698	0.00142245324863389	0.00138911119749388
Master_msaldototal_rank_tend6	0.000713000910372224	0.00123810435834985	0.0016863695607436
vm_msaldopesos_rank_lag2	0.000711115255360024	0.0007986493380079	0.00117760043902774
vm_msaldopesos_rank_delta1	0.000711076278841275	0.00123385129334534	0.00148057530926303
mtransferencias_emitidas_rank_delta2	0.000708757240996128	0.00182760241597352	0.000948940159604875
Visa_mpagado_rank_delta1	0.000706858419715096	0.00109867897984678	0.000971806187547161
Master_mconsumospesos_rank	0.000706760815060552	0.00128543820161072	0.00177783367251275
vmr_mpagospesos	0.00070370111462309	0.00110414379094804	0.00132051311366703
Visa_msaldototal_rank_delta1	0.000702315884438718	0.00115747043133463	0.00204079299384904
ccajas_transacciones_delta1	0.000700171372465064	0.00123961197390121	0.000320124391192006
mtarjeta_visa_consumo_rank_delta1	0.000691654700368691	0.00106458754004808	0.00106898680630188
vm_mlimitecompra_rank_tend6	0.000685073640184831	0.00157037359519956	0.0014862918162486
vmr_mpagospesos_lag2	0.000682286078246334	0.0010909843493017	0.00178355017949832
mttarjeta_visa_debitos_automaticos_rank_delta1	0.000681081458602274	0.00151362465011951	0.0014462762673496
mautoservicio_rank_lag2	0.000681057177288767	0.00144531797674875	0.00142341023940731
mttarjeta_visa_debitos_automaticos_rank_tend6	0.00067998511767139	0.00313367716161022	0.00104040427137402
Master_mconsumototal_rank_delta1	0.00067951911191055	0.00138042210867081	0.0017263851096426
vm_fultimo_cierre_lag2	0.000677799903324247	0.00122189326650579	0.00122904900189788
rf_015_017	0.000676996927332313	0.000829494208874469	0.000880342075778017
rf_013_017	0.000676447577394225	0.000527353946796513	0.000508769121715867
vm_mfinanciacion_limite_rank_lag1	0.000670405201224941	0.00105137226271155	0.00154345688610431
ccallcenter_transacciones_tend6	0.000670304240299832	0.00193958173629994	0.000777444950037729
Master_mconsumospesos_rank_delta2	0.00067010663063373	0.00139818195951995	0.00162920449088789
mplazo_fijo_dolares_rank_tend6	0.000667725538540828	0.0020515567995119	0.000257242814350719
vmr_msaldototal_lag1	0.000667032629936833	0.00120315033371376	0.0016863695607436
vm_fechaalta_tend6	0.000666895354047926	0.00137550649129224	0.000811743991951158
mcomisiones_mantenimiento_rank	0.000666441141906554	0.00218269521152634	0.00116045091807102
rf_003_027	0.000665832358905914	0.000955721130834712	0.00105755379233073
rf_005_021	0.000663959609070909	0.000896644245014265	0.000543068163629296
vm_status04	0.000663859299468024	0.000742485590417303	0.000651681796355155
rf_005_013	0.000663858945735274	0.000839269478151339	0.000457320558845723
ccomisiones_otras_lag2	0.000663628561511073	0.00126169648196016	0.00146342578830631
Visa_fultimo_cierre_delta2	0.000660917295836917	0.000954443217757808	0.00117188393204217
rf_011_016	0.000654262768741729	0.000630141897434768	0.00037157295406215
mcomisiones_mantenimiento_rank_delta1	0.000647220261238234	0.00194830217568054	0.00120046646697002
vm_mlimitecompra_rank_lag1	0.000645052906175418	0.00104208819695193	0.00142912674639288
vm_fultimo_cierre_tend6	0.000643209812960668	0.00150783497446092	0.00134909564859488
mpagomiscuentas_rank_tend6	0.000641900082321666	0.00185752354491941	0.0007431459081243
mtransferencias_emitidas_rank_tend6	0.000639384326479348	0.00138601673580493	0.000988955708503876
mtransferencias_emitidas_rank_lag1	0.000637113450528686	0.00120836893304304	0.00104040427137402
vm_mpagominimo_rank_delta2	0.000635953637959303	0.00124316627510079	0.0014062607184506
vmr_Visa_mlimitecompra_lag2	0.000635548566114242	0.00101492461389416	0.00148057530926303
rf_013_025	0.000634304015304697	0.00088384969518434	0.000863192554821302
Master_msaldopesos_rank_lag1	0.000632278983464355	0.00105828823068161	0.00182356572839732
vm_mpagominimo_rank_lag1	0.000630349640310039	0.0011692332279436	0.0012862140717536
Visa_mconsumosdolares_rank_delta1	0.000629809735845119	0.00110601497445705	0.00187501429126746
vm_mlimitecompra_rank_lag2	0.000629656966476574	0.00113062820850217	0.00157775592801774
vmr_mconsumospesos_lag2	0.000628227186021094	0.000921540109926365	0.0013662451695516
Master_mconsumototal_rank_lag2	0.000626963071802261	0.00118052540574118	0.0017263851096426
Master_mpagosdolares_rank	0.000625628165917561	0.00113114967906487	0.00219513868245947
vm_mconsumototal_rank_delta1	0.000622513570425586	0.000711827747048582	0.00103468776438845
Master_msaldototal_rank_lag1	0.000621767166867758	0.000874263270466367	0.00181784922141175
vmr_Master_mlimitecompra_tend6	0.000616701411546845	0.00184207909708944	0.00110328584821531
rf_008_021	0.000613251077845101	0.000496597826383121	0.000514485628701438
vmr_mpagominimo_lag1	0.000610138960970585	0.00102144848604812	0.00128049756476802
vmr_mpagospesos_delta1	0.00060946789929028	0.00157058131123534	0.00158347243500332
Master_mconsumospesos_rank_lag1	0.000609172217949073	0.000984317933772942	0.00146914229529188
mplazo_fijo_dolares_rank	0.000608548939453409	0.00160726362050804	0.000205794251480575
ccomisiones_otras_lag1	0.00060845155345093	0.00145240101050315	0.00089177508974916
Master_mconsumosdolares_rank_delta1	0.000604923991874625	0.000769543861808345	0.00185214826332518
vm_mlimitecompra_rank_delta1	0.000600176101337107	0.00143595284410838	0.00167493654677246
ctarjeta_visa_transacciones_lag2	0.000599847382987489	0.000983914001102016	0.00141197722543617
mtarjeta_master_consumo_rank_tend6	0.000599590498425446	0.00104133076803316	0.000531635149658153
mcaja_ahorro_dolares_rank_lag1	0.000596516189789556	0.00170293705031974	0.00113758489012874
ccaja_ahorro	0.000593892141806231	0.00155013301473391	0.000125763153682574
vm_msaldototal_rank_delta1	0.000593734801919015	0.000939722271721035	0.00147485880227746
rf_017_025	0.00059042336968619	0.000934984570577059	0.00159490544897446
ccajas_transacciones_tend6	0.000589063002074139	0.00138533648006466	0.000491619600759152
rf_019_023	0.000588017539206458	0.000998731536912488	0.000468753572816866
vmr_mconsumospesos_delta1	0.000587834243575291	0.00138023336794397	0.000754578922095443
mttarjeta_visa_debitos_automaticos_rank	0.000587816359275426	0.000941334082744479	0.00114901790409988
vmr_msaldopesos2_tend6	0.000585779903410875	0.00156811890797741	0.0013262296206526
mcaja_ahorro_rank_tend6	0.000585334718933633	0.00212532449411374	0.00118903345299888
mcaja_ahorro_dolares_rank_lag2	0.000582066714953641	0.00119438259882988	0.000983239201518304
mttarjeta_visa_debitos_automaticos_rank_lag2	0.000581441133669486	0.00103484809124895	0.00138339469050831
vm_mpagominimo_rank_delta1	0.000577018664205023	0.00115472023156474	0.00125191502984017
Master_fechaalta_tend6	0.00057519291617982	0.000731963924378027	0.00112615187615759
mcaja_ahorro_dolares_rank_tend6	0.000573052606533226	0.00121005381587862	0.000708846866210871
Master_mconsumospesos_rank_lag2	0.00057292686504802	0.00105976531960737	0.00133766263462374
ccaja_seguridad_lag2	0.000571595159857563	0.000487643557203678	6.85980838268584e-05
vmr_mpagospesos_delta2	0.000565828228328721	0.00103689698332844	0.00124619852285459
rf_019_018	0.000565173390534293	0.000657379928079468	0.000737429401138728
tcallcenter_lag2	0.000562749430679107	0.00107418338752549	0.00130336359271031
cliente_antiguedad	0.000561522363087032	0.00128192898948315	0.00117760043902774
vm_mpagominimo_rank_tend6	0.000559185672547012	0.000840706591734045	0.00105755379233073
mpagomiscuentas_rank_lag1	0.000552162420517947	0.00111003210706351	0.000640248782384012
cdescubierto_preacordado_lag2	0.000551865579478743	0.00120864896810852	0.000657398303340727
vmr_mconsumospesos_delta2	0.00055186397161543	0.00115394411287519	0.00109756934122974
vm_msaldopesos_rank_lag1	0.00054955490976323	0.000839282379284778	0.00108613632725859
cliente_edad	0.00053963908798374	0.00150612641791569	0.000811743991951158
vm_msaldototal_rank_lag2	0.00053898523552956	0.000645634938668767	0.00102897125740288
ccajas_consultas_tend6	0.00053599818362834	0.00324782825925899	0.000428738023917865
ctransferencias_recibidas_tend6	0.000535543366878663	0.00173023410949048	0.00105755379233073
Visa_fultimo_cierre_lag1	0.000533537927728387	0.00100671915557252	0.00112043536917202
mplazo_fijo_dolares_rank_delta1	0.000530875411686127	0.00138588533633316	0.000194361237509432
vmr_msaldototal_delta1	0.000530693347057799	0.000784124426900169	0.00111471886218645
mttarjeta_visa_debitos_automaticos_rank_lag1	0.000527378230588088	0.000910915390567664	0.00113758489012874
vmr_msaldopesos2_delta2	0.000525878356376026	0.000995958208551259	0.00129764708572474
Visa_fultimo_cierre	0.000522527501243664	0.000797515985116357	0.00109185283424416
thomebanking_tend6	0.000521680849237008	0.00241754869064164	0.000480186586788009
vm_fultimo_cierre	0.000521474393600418	0.00115307664793097	0.00109185283424416
Master_mpagominimo_rank_delta1	0.000520490752040835	0.00108158453675333	0.00141197722543617
Master_status_tend6	0.000520350782835594	0.000704798939587448	0.000663114810326298
vmr_msaldopesos_delta1	0.000519936916195299	0.000830058094833632	0.00131479660668145
Master_mpagospesos_rank_delta2	0.000519305085668646	0.00115245796460221	0.00129764708572474
rf_003_026	0.00051511915602802	0.000637513324735472	0.000531635149658153
vm_mconsumospesos_rank_lag1	0.000514317815905447	0.000883801750730693	0.00106327029931631
Master_mconsumototal_rank_delta2	0.000513076775948119	0.00118360475314088	0.00151487435117646
vm_mconsumospesos_rank_lag2	0.000512575601145295	0.000975827767943122	0.00129193057873917
vm_mpagospesos_rank_lag1	0.000512228539622317	0.000889444945310818	0.00110328584821531
Master_fultimo_cierre_delta2	0.000511887048499043	0.000888458644574072	0.00145199277433517
ctarjeta_debito_transacciones_lag2	0.000511652275839637	0.00107450614948361	0.00120618297395559
vmr_msaldopesos2	0.000511518951924521	0.000871422892552475	0.00105183728534516
mautoservicio_rank_tend6	0.00051042853366044	0.00146763891040802	0.000948940159604875
Master_msaldototal_rank_delta2	0.000509574899558627	0.00110508155019679	0.00136052866256603
mtarjeta_visa_consumo_rank_lag2	0.000509354164065274	0.00117693541227103	0.00146342578830631
Master_msaldopesos_rank_delta1	0.000508401010670722	0.000811586449256033	0.00123476550888345
ccaja_seguridad	0.000507952767812348	0.00119783005683984	9.71806187547161e-05
rf_016_015	0.000506096314041216	0.000618675982642995	0.00133194612763817
vm_fultimo_cierre_lag1	0.00050257677322718	0.00128781938223982	0.00115473441108545
cprestamos_personales_delta2	0.00050192711165646	0.000891511047554228	0.000125763153682574
Visa_msaldodolares_rank_tend6	0.000501405444666546	0.00157337600304289	0.000903208103720303
mcuenta_debitos_automaticos_rank_delta2	0.000500661782759976	0.00118376774351687	0.000560217684586011
internet	0.000500202659944819	0.000980152399194903	8.57476047835731e-05
ctarjeta_master_transacciones_tend6	0.000500079398402222	0.000811202218718468	0.000302974870235291
mtarjeta_master_consumo_rank	0.000500034063187064	0.000712510650506375	0.000423021516932294
mpagomiscuentas_rank_lag2	0.000495449940128573	0.000996808048003316	0.00085747604783573
vm_mconsumototal_rank_tend6	0.000495363255604992	0.000941102796831109	0.00125763153682574
ccomisiones_otras_tend6	0.000495298683806702	0.000974172658950711	0.000943223652619304
rf_001_026	0.000494821437706395	0.00118620870545444	0.000428738023917865
vm_mconsumospesos_rank_delta2	0.000491418069694422	0.00106245433633598	0.00124048201586902
mcomisiones_mantenimiento_rank_lag1	0.000491381921678584	0.00144204082927499	0.00108041982027302
mtarjeta_master_consumo_rank_lag2	0.000487642405677088	0.00105832989329564	0.00106327029931631
Visa_status_tend6	0.000486975586878355	0.000574441059125106	0.000457320558845723
Master_cconsumos_delta1	0.000482313478827397	0.00107071228176389	0.00158918894198889
thomebanking_delta2	0.000481601585813494	0.00105756750639601	0.00093179063864816
ccajas_transacciones_delta2	0.000478793782269101	0.000866887040932894	0.000777444950037729
vm_msaldototal_rank_lag1	0.000478006310360054	0.00104305687219651	0.00107470331328745
rf_008_022	0.000476948438091759	0.00106956870141445	0.000737429401138728
cmobile_app_trx	0.000474499744267165	0.00110085532577976	0.000365856447076578
vm_mconsumospesos_rank_delta1	0.000473627729068636	0.000753715806433161	0.00111471886218645
vm_cconsumos_lag2	0.000471192923824489	0.000768679304161801	0.000640248782384012
Master_msaldodolares_rank_delta1	0.000469016937539171	0.000567798455010675	0.000846043033864587
vmr_mconsumospesos	0.000467209794378468	0.000763300180467952	0.00106327029931631
vm_fultimo_cierre_delta1	0.000464940077313018	0.000793591626455391	0.000703130359225299
ctarjeta_debito_transacciones_delta2	0.000464048520142405	0.00128313222135099	0.000645965289369584
ctrx_quarter_normalizado_lag1	0.000462955538878531	0.00116229675314171	0.000880342075778017
mpayroll_sobre_edad_rank_delta1	0.000462606537834185	0.00119740174959286	0.000308691377220863
vmr_mconsumospesos_lag1	0.000461707283315601	0.000974524182389415	0.00120046646697002
vm_mconsumosdolares_rank_delta1	0.000461694598614105	0.000324157512920114	0.000142912674639288
Master_Fvencimiento_delta2	0.000461623716260737	0.000711643548974365	0.00100610522946059
rf_012_013	0.00046083046926536	0.00078252899538417	0.000691697345254156
mcaja_ahorro_dolares_rank_delta1	0.000447939727838621	0.00128735787469169	0.000514485628701438
matm_rank_delta2	0.000447074504545477	0.00136026394490268	0.000937507145633732
ccajas_otras_tend6	0.000435880602408743	0.00215095683982653	0.000280108842293005
matm_other_rank_lag2	0.000435502773918665	0.000921928831200519	0.000794594470994444
rf_012_018	0.000430854855137591	0.000581765294754596	0.000360139940091007
rf_004_021	0.000430191204565974	0.000880281480488744	0.000548784670614868
Master_cconsumos_delta2	0.000424146160557754	0.00079061766859647	0.00122904900189788
mpagomiscuentas_rank_delta2	0.000421700608508874	0.00102281473424997	0.00052020213568701
vm_mconsumototal_rank_delta2	0.000421412598717703	0.000924821203018394	0.00121761598792674
ccomisiones_mantenimiento_delta2	0.000418664438943222	0.000871384033404067	0.000125763153682574
mcuenta_debitos_automaticos_rank_tend6	0.000417630209561337	0.0018676116861507	0.000514485628701438
mautoservicio_rank_delta1	0.000417389643600154	0.00123163974834406	0.000588800219513868
vmr_msaldopesos2_lag1	0.000417363237238214	0.000654815172368512	0.00117188393204217
vmr_msaldopesos2_delta1	0.000416824667038526	0.000933210470044031	0.00109185283424416
mtarjeta_master_consumo_rank_lag1	0.000415396402552116	0.000551764682366865	0.000611666247456154
mextraccion_autoservicio_rank_delta1	0.000412299846205481	0.00114754224339158	0.000703130359225299
vm_Fvencimiento_tend6	0.000410475527652057	0.000901347551788408	0.000783161457023301
Master_delinquency_tend6	0.000407096115862292	0.000865276709516303	0.000680264331283013
vm_mpagospesos_rank_lag2	0.000406939034194349	0.000692264437151479	0.000868909061806873
mautoservicio_rank_lag1	0.000402899183074217	0.000812985793926959	0.000788877964008872
mtransferencias_recibidas_rank_delta1	0.000399761639048978	0.000913174568526409	0.000874625568792445
thomebanking_delta1	0.000398979295015425	0.000722899255760922	0.000423021516932294
rf_020_024	0.000397219737327944	0.0011162126585115	0.000480186586788009
vmr_mconsumosdolares_lag2	0.000395530176670607	0.000865369561335846	0.000937507145633732
cproductos_delta1	0.000394677031741482	0.000704559814353558	0.000137196167653717
vm_mpagospesos_rank	0.00039070339338136	0.000577326629943058	0.000846043033864587
vm_mconsumospesos_rank_tend6	0.000389030891876077	0.000491120217980481	0.000783161457023301
vmr_mconsumospesos_tend6	0.000388603422573415	0.00119401241157841	0.000863192554821302
catm_trx_tend6	0.000384545548468781	0.00134820039873229	0.000514485628701438
cpagomiscuentas_tend6	0.000383652673324254	0.00133929220502942	0.000348706926119864
mcuenta_debitos_automaticos_rank_delta1	0.000383233057669254	0.00127532020866222	0.000611666247456154
mv_status07_rank_tend6	0.000383174121836446	0.000833829768450552	0.000262959321336291
vm_mconsumototal_rank_lag2	0.00038225989033465	0.000830918551113811	0.000954656666590447
vmr_mpagado_tend6	0.000382136475667253	0.000620404916229977	0.000485903093773581
rf_015_015	0.000378731511975241	0.000722299989027358	0.000400155488990008
Master_mpagado_rank_tend6	0.000378253942438199	0.000963937984724927	0.00089177508974916
vm_mconsumosdolares_rank_tend6	0.000375308977283967	0.000949821445108682	0.000634532275398441
mtransferencias_emitidas_rank_lag2	0.000373931972617441	0.00132277187535303	0.000771728443052157
Master_mpagado_rank_lag2	0.00037208817439656	0.000900508952156833	0.00108041982027302
ccomisiones_otras_delta1	0.000367354589622568	0.000934609814714957	0.000943223652619304
ccuenta_debitos_automaticos_tend6	0.000366555476668492	0.000853908267070737	0.000211510758466147
ctransferencias_emitidas_tend6	0.000365009479669099	0.00134030158244147	0.000577367205542725
rf_015_014	0.000362960764775515	0.00102496652390079	0.000685980838268584
cextraccion_autoservicio_tend6	0.000362448682234178	0.00119483691600786	0.000731712894153157
cproductos_lag2	0.000361517429364279	0.000374768244074587	0.000160062195596003
rf_015_020	0.000361313747347005	0.000354115398415208	8.00310977980015e-05
Visa_mpagado_rank_lag2	0.00036014864270493	0.000820922768499783	0.000708846866210871
rf_012_015	0.000359972951938813	0.000403531723426931	0.000251526307365148
mtarjeta_master_consumo_rank_delta2	0.000357653296340481	0.00135454702956005	0.000840326526879016
rf_005_008	0.000356953357416328	0.00096375378665071	0.000320124391192006
ctarjeta_debito_tend6	0.000350272732521219	0.0027977701425848	0.000337273912148721
Master_mpagado_rank	0.000345286291195821	0.000792140339796513	0.000954656666590447
mtarjeta_visa_descuentos_rank_delta2	0.000342082167838433	0.000629541280884425	0.000703130359225299
vm_status01_lag2	0.000341728415143488	0.00176474500485305	0.000508769121715867
Master_mpagado_rank_lag1	0.000338401894954708	0.00062948336855303	0.000926074131662589
ccomisiones_mantenimiento_delta1	0.000336954971484952	0.00107881935920881	0.000114330139711431
ctarjeta_visa_transacciones_tend6	0.000333782568362574	0.00156027268262491	0.000663114810326298
mpayroll_rank_delta1	0.000333243850353812	0.00112056519462937	0.000274392335307434
vmr_mpagospesos_lag1	0.000333169122796565	0.000446646065396641	0.000868909061806873
rf_001_023	0.000330157281610341	0.000732881825745331	0.000468753572816866
ctarjeta_visa_debitos_automaticos_lag2	0.000327810653825916	0.00086973271428184	0.000605949740470583
Visa_msaldodolares_rank_lag1	0.000326194914907003	0.000758166931091884	0.000708846866210871
rf_001_018	0.000323645518417765	0.000557276996635519	0.000411588502961151
rf_014_020	0.000323305192761531	0.000872118281815468	9.14641117691446e-05
ctransferencias_recibidas_lag2	0.000321176004964413	0.00112590844434654	0.00052020213568701
rf_005_015	0.000318541178966653	0.000792589750909664	0.000611666247456154
mpayroll_sobre_edad_rank_tend6	0.000317422710610555	0.000996226951880229	0.000497336107744724
ccaja_ahorro_lag2	0.000317359404446122	0.00075096931865941	0.000182928223538289
Visa_msaldodolares_rank	0.000316630350612732	0.000695208283713036	0.000543068163629296
mcuenta_debitos_automaticos_rank_lag1	0.000313832187753528	0.0010595806802469	0.000537351656643724
matm_other_rank_delta2	0.000312299023169089	0.000857587426322309	0.000503052614730295
tcallcenter_delta1	0.000311257143019224	0.000629847533545024	0.000280108842293005
ccomisiones_otras	0.000309516808913448	0.00104542904539442	0.000491619600759152
Master_msaldodolares_rank_delta2	0.00030934527558871	0.000605510674485273	0.000777444950037729
vmr_Visa_mlimitecompra_tend6	0.000308732868745409	0.000964427812467384	0.000634532275398441
Master_msaldodolares_rank_tend6	0.000307753843316743	0.00103557655102302	0.000868909061806873
vm_mpagado_rank_tend6	0.000307635218615328	0.000604383681307397	0.000491619600759152
active_quarter	0.000302176033559438	0.000643338900328766	0.000503052614730295
vm_fultimo_cierre_delta2	0.000301417713270407	0.000512533867100575	0.000640248782384012
mpayroll_sobre_edad_rank_lag1	0.000301155628469374	0.00121346096109134	0.000428738023917865
ccaja_ahorro_lag1	0.000300050509395393	0.000697715049218552	0.000108613632725859
Visa_msaldodolares_rank_lag2	0.000297347492500197	0.000695094042489159	0.000600233233485011
vm_mpagado_rank_delta2	0.000297081497065833	0.00105932686277654	0.000308691377220863
ctrx_quarter	0.000294256922363415	0.00128992177378816	0.000525918642672581
vm_mconsumosdolares_rank_lag1	0.000294240550362424	0.000791306698145796	0.000645965289369584
rf_008_015	0.000293973876827039	0.000752335826441401	0.0007431459081243
Visa_mpagado_rank	0.000291073569692821	0.000687729961306691	0.000628815768412869
rf_014_017	0.000287131639625971	0.00061325545591527	0.000605949740470583
mprestamos_prendarios_rank_lag1	0.000286204295707076	0.00144995397439008	0.00014862918162486
Visa_msaldodolares_rank_delta1	0.000286052340237789	0.000541373844723031	0.000605949740470583
ctransferencias_recibidas_delta2	0.000285455919193629	0.0011001688401159	0.000508769121715867
rf_002_020	0.000281272114779168	0.000787805351296759	0.000188644730523861
Visa_mpagado_rank_lag1	0.00028081310962316	0.000787443055281842	0.000628815768412869
ctarjeta_visa_transacciones_lag1	0.000278422397719264	0.000835317967406716	0.000583083712528297
vm_status05_delta2	0.000277789321921128	0.000557401724897443	0.000188644730523861
Master_mpagado_rank_delta1	0.00027592800970264	0.000745235219110865	0.000737429401138728
rf_011_025	0.000268887339542061	0.000610612436789184	0.000680264331283013
mtransferencias_emitidas_rank_delta1	0.000266776000049685	0.00127578322177522	0.000548784670614868
rf_017_023	0.000261555685264396	0.000655088925594371	0.000463037065831295
internet_delta2	0.000258859689620666	0.000661953470736783	0.000177211716552718
catm_trx_other_lag2	0.000258412325280892	0.000292051030610042	0.000205794251480575
mtarjeta_visa_descuentos_rank_delta1	0.000258225520662751	0.000565367383076807	0.000577367205542725
rf_008_023	0.000257459807583146	0.00065286305176883	0.000308691377220863
rf_004_016	0.000257140235612059	0.000769297260666144	0.000565934191571582
rf_013_018	0.000253601904674176	0.000281894230429164	0.000131479660668145
vmr_mconsumosdolares_tend6	0.000250914233444664	0.00181471919356446	0.000497336107744724
ccajas_otras_delta2	0.00025046059347512	0.000689543024820187	0.000245809800379576
cextraccion_autoservicio_lag2	0.000248918992739997	0.000994736987779047	0.000605949740470583
vm_status05_tend6	0.000248840388095982	0.000555141560534128	0.000171495209567146
Master_mpagado_rank_delta2	0.000247517847691571	0.000593425790826574	0.000657398303340727
tcuentas_lag2	0.000245681892054298	0.00109382428592934	0.000137196167653717
ccajas_extracciones_tend6	0.000243820589634087	0.00227949150719153	0.00037157295406215
mplazo_fijo_dolares_rank_lag1	0.000242899081601569	0.000909356481978725	0.000205794251480575
matm_rank_lag1	0.000241626513896065	0.00090052413759559	0.000480186586788009
mtarjeta_master_descuentos_rank_delta2	0.000241292300002811	0.000294172345551289	0.000463037065831295
ctarjeta_debito_transacciones_lag1	0.000240339589086198	0.000637751645270898	0.000400155488990008
catm_trx_lag2	0.000231495696639706	0.000557165091632989	0.000354423433105435
matm_other_rank_tend6	0.000230951941305555	0.00074775153716589	0.000360139940091007
catm_trx_other_tend6	0.000230151107962302	0.000699578652987191	0.000331557405163149
mtarjeta_master_consumo_rank_delta1	0.000229561753511716	0.000677113029352481	0.000205794251480575
mpagomiscuentas_rank_delta1	0.000229365002325742	0.000880235327138129	0.000365856447076578
active_quarter_lag1	0.000225939583396755	0.000438497325337703	0.00059451672649944
vmr_mpagado_lag2	0.000223648179917443	0.000442405719819463	0.000383005968033293
rf_011_018	0.000221262139869786	0.00041047712778597	9.71806187547161e-05
rf_003_023	0.000215958709294391	0.000588158001058925	0.000537351656643724
mplazo_fijo_dolares_rank_delta2	0.000215803068589373	0.000989994588234362	0.000177211716552718
vm_cconsumos_lag1	0.000215342411039095	0.000755481418695294	0.000377289461047721
mcajeros_propios_descuentos_rank_lag2	0.000212052190602638	0.000894067963944663	0.000428738023917865
rf_013_022	0.000211195452488718	0.000931845182288743	0.000188644730523861
vm_status06	0.000208801185800528	0.000630968089135188	0.000508769121715867
rf_004_009	0.00020867782081246	0.000864711889068602	0.000354423433105435
vm_Fvencimiento_delta1	0.000200291911454452	0.000432133069017781	0.000377289461047721
mforex_sell_rank_tend6	0.000200159797725021	0.00185038758277249	0.000331557405163149
mcheques_emitidos_rank_lag1	0.00019985583856486	0.00178602811111586	0.000211510758466147
ctarjeta_visa_transacciones_delta1	0.000197821028363611	0.000968370082158678	0.000205794251480575
rf_010_021	0.000195532193604129	0.000524606706240328	0.000485903093773581
ccallcenter_transacciones_delta1	0.000194223693357026	0.000816953268850787	0.000114330139711431
tcallcenter_tend6	0.000193003625244676	0.000863831782571092	0.000262959321336291
cprestamos_personales_lag1	0.000191279884064889	0.00113491543425438	0.000188644730523861
cproductos	0.000190274950788389	0.000158438560188953	2.85825349278577e-05
ctransferencias_emitidas_delta2	0.000189820103716801	0.000663727026151496	0.000125763153682574
rf_010_022	0.000186848914181697	0.000443298623618352	0.000188644730523861
cproductos_lag1	0.000186688553197733	0.000677115573237948	0.000177211716552718
ctarjeta_visa_debitos_automaticos_delta2	0.000186254793199381	0.000617395058436355	0.000314407884206435
rf_005_018	0.000185761787107841	0.000806738997624769	0.000194361237509432
vm_mconsumosdolares_rank_lag2	0.000185125521569657	0.00103878849196317	0.00052020213568701
vmr_mpagado_delta2	0.000183509519717654	0.000703399309378357	0.000268675828321862
ctarjeta_debito_transacciones_delta1	0.000181900932870562	0.00134421906222847	0.000200077744495004
rf_020_012	0.000181272254703323	0.000777749449920064	0.000114330139711431
vmr_mconsumosdolares_delta2	0.000179851911378358	0.000668249846847562	0.000337273912148721
rf_016_022	0.000177812756589956	0.000527922063912116	0.000383005968033293
cforex_sell_tend6	0.000175013007697018	0.00130657069947069	0.000194361237509432
vmr_mpagosdolares_tend6	0.00017169673684614	0.000715753377652281	0.00022294377243729
ccajas_depositos_tend6	0.000167504816101513	0.00126770007762011	0.000217227265451718
rf_011_022	0.000165496668168107	0.000474778972649368	0.000325840898177578
vmr_mpagado_lag1	0.000164022286004013	0.000591588015282828	0.000291541856264148
rf_003_018	0.000163251477517056	0.000474272272197181	0.000188644730523861
vm_mconsumosdolares_rank_delta2	0.000161936089307776	0.000662535683054513	0.000331557405163149
minversion2_rank	0.000160786659200116	0.00113283103161042	0.000137196167653717
ctarjeta_debito_lag2	0.000160342663638946	0.00080206198631979	0.00014862918162486
rf_010_015	0.000155450349653025	0.000337799565980749	0.00044588754487458
mv_status07_rank	0.000152956580358596	0.000854847142514136	0.000280108842293005
vmr_mconsumosdolares	0.000152265346717219	0.000790444139266405	0.000348706926119864
catm_trx_delta2	0.000145243857383741	0.00090130477297974	0.000331557405163149
vm_msaldodolares_rank_tend6	0.000143730883308857	0.000718259520165438	0.000257242814350719
vm_status03_tend6	0.000143571007551511	0.000861290259283533	0.000137196167653717
rf_015_018	0.00014344232454936	0.00106285629619777	0.000171495209567146
internet_delta1	0.000142472972523081	0.000789855074032723	0.000137196167653717
ccajas_depositos_delta2	0.000138255136593553	0.00048871227463795	0.000274392335307434
rf_017_016	0.00013771293676763	0.000430407769552894	0.000142912674639288
mtarjeta_master_descuentos_rank_lag2	0.000137093748817061	0.000393422348539401	0.000285825349278577
vmr_msaldodolares2_tend6	0.000135631726977326	0.00077702625962304	0.000228660279422861
matm_other_rank_lag1	0.000135315940573276	0.000509698239503422	0.000257242814350719
vmr_mconsumosdolares_delta1	0.000134776564046117	0.000633669176340759	0.000291541856264148
ccajas_consultas_lag2	0.00013402397787432	0.000524677597579207	0.000240093293394005
mtarjeta_visa_descuentos_rank_lag1	0.000132612233000506	0.000447458135936918	0.000280108842293005
mplazo_fijo_dolares_rank_lag2	0.00012939639565747	0.000572163165437568	0.000131479660668145
vm_cconsumos_delta2	0.00012788276354849	0.000331194133743753	0.000188644730523861
ctarjeta_visa_debitos_automaticos_delta1	0.000127106666318197	0.000146737387907519	3.42990419134292e-05
vmr_mpagado	0.000127021911842498	0.00128939049109579	0.000245809800379576
vmr_msaldodolares_tend6	0.000126138933913757	0.000610783967352096	0.00022294377243729
vmr_mpagado_delta1	0.000116088198833868	0.000649122449895827	0.000194361237509432
mv_status07_rank_lag2	0.000115265006854365	0.000469215780671376	0.000302974870235291
ccajas_extracciones_delta2	0.000115172036801821	0.000418220014280874	0.000228660279422861
vm_mpagado_rank_lag1	0.00011457481860997	0.000464431147436337	0.000211510758466147
mv_status07_rank_delta1	0.000114534259831496	0.000967343546498731	0.000262959321336291
mttarjeta_master_debitos_automaticos_rank_lag2	0.000113438250683687	0.000395209921282197	0.000245809800379576
rf_017_018	0.000107747661879564	0.000594658510999417	0.000274392335307434
minversion2_rank_lag2	0.000107713758672099	0.000750679159968091	0.000114330139711431
ctarjeta_visa_descuentos_lag2	0.000107421950579835	0.000311609719980481	0.000251526307365148
mv_status07_rank_delta2	0.000106740915410618	0.00114164382960828	0.000257242814350719
rf_010_018	0.000103933193333184	0.000542796655439489	0.00022294377243729
cseguro_vida_lag2	0.000102322222670916	0.00130103717750381	0.000205794251480575
ccomisiones_mantenimiento_lag2	0.000101641246112689	0.000223897094199351	9.71806187547161e-05
tcuentas_lag1	0.000100891604358137	0.00104851550529021	0.000108613632725859
vmr_msaldodolares2_lag2	9.9642469421973e-05	0.000786590879608439	0.000211510758466147
ctarjeta_master_debitos_automaticos_tend6	9.6886047676051e-05	0.000959467677093143	0.000142912674639288
matm_other_rank_delta1	9.56275682062912e-05	0.000620647779418023	0.000228660279422861
vm_mpagado_rank_delta1	9.39244121352734e-05	0.000613340027128038	0.000160062195596003
cforex_buy_tend6	9.35726535307209e-05	0.00104450125402341	0.000114330139711431
vmr_msaldodolares_delta2	9.23041631457271e-05	0.000737495629283862	0.000194361237509432
rf_015_021	9.22008197980546e-05	0.000323563515663588	0.000251526307365148
rf_001_016	9.21103112307979e-05	0.000403747927733604	0.000205794251480575
mtarjeta_visa_descuentos_rank	9.03500977981775e-05	0.000541642510177956	0.000194361237509432
ctarjeta_visa_descuentos_tend6	8.84669253663672e-05	0.0011670965718155	0.00014862918162486
vm_mpagado_rank_lag2	8.84009745088344e-05	0.000285072451907873	0.000251526307365148
cseguro_accidentes_personales_lag2	8.82915580416188e-05	0.0004559218765075	0.000160062195596003
cextraccion_autoservicio_lag1	8.38534166924804e-05	0.000905607339918798	0.00014862918162486
mttarjeta_master_debitos_automaticos_rank_lag1	8.37730366558893e-05	0.000455407570356927	0.000165778702581575
cpagomiscuentas_lag2	8.27340666921455e-05	0.000425708278606951	0.000125763153682574
vm_mpagosdolares_rank_tend6	8.19749504593459e-05	0.00102047573539519	0.000200077744495004
mv_status07_rank_lag1	8.16808121734725e-05	0.000451527703733618	0.000217227265451718
cpagomiscuentas_delta2	7.87013906947905e-05	0.000782789665770484	0.000102897125740288
ctransferencias_recibidas_delta1	7.56196487134638e-05	0.000869611672058042	0.000131479660668145
ctarjeta_debito_transacciones	7.55471340318592e-05	0.000494543612910568	0.000165778702581575
minversion2_rank_lag1	7.50600077463291e-05	0.000494974879371256	4.57320558845723e-05
ctransferencias_emitidas_delta1	7.33374757441876e-05	0.000775905704032876	0.000102897125740288
vm_mpagosdolares_rank_lag2	7.29324909706612e-05	0.000452686028235561	0.000142912674639288
mprestamos_prendarios_rank_lag2	7.26998411805501e-05	0.00075022624452292	7.431459081243e-05
ccheques_emitidos_tend6	7.23762004324579e-05	0.000940244650814262	0.000102897125740288
cforex_tend6	7.22618614228076e-05	0.000947522629261079	0.00014862918162486
active_quarter_tend6	6.99114814401999e-05	0.000872819875044039	0.000160062195596003
ccuenta_debitos_automaticos_delta2	6.66879615952657e-05	0.000496186911006169	5.71650698557154e-05
cseguro_accidentes_personales_lag1	6.45938841798864e-05	0.00048756827896027	9.14641117691446e-05
ctransferencias_recibidas_lag1	6.43904553706047e-05	0.000577646614393576	0.000108613632725859
mforex_buy_rank_tend6	6.33219822992246e-05	0.00108710687081577	0.000108613632725859
vm_msaldodolares_rank_delta1	6.05510491442761e-05	0.000408938985609007	0.000137196167653717
ctarjeta_visa_debitos_automaticos_lag1	6.02893307968831e-05	0.000287260842359799	8.00310977980015e-05
ctransferencias_emitidas_lag2	5.88737892470316e-05	0.000343338097844521	0.000114330139711431
ctarjeta_master_descuentos_tend6	5.84883423318394e-05	0.000684272509460966	8.00310977980015e-05
mttarjeta_master_debitos_automaticos_rank_delta2	5.77471299765694e-05	0.00021238359836614	9.14641117691446e-05
mforex_sell_rank_lag2	5.73915388184638e-05	0.000300212619886389	0.000114330139711431
ctarjeta_master_transacciones_delta1	5.72397492109029e-05	0.000903182705572642	9.71806187547161e-05
vm_cconsumos_delta1	5.64067637690017e-05	0.000211131850968325	8.57476047835731e-05
cpagomiscuentas_delta1	5.57410784979847e-05	0.000443754368487156	8.57476047835731e-05
cpagomiscuentas_lag1	5.56295236814257e-05	0.000258324716249899	8.57476047835731e-05
ctarjeta_debito_lag1	5.42764450093855e-05	0.000516766581021352	8.00310977980015e-05
mcajeros_propios_descuentos_rank_tend6	5.22203169213386e-05	0.000777150520640694	0.000108613632725859
rf_020_020	5.16970836201449e-05	0.000339231851372671	0.000108613632725859
matm_other_rank	4.84155501322355e-05	0.000298760840025226	9.14641117691446e-05
ccheques_emitidos_delta1	4.68370055877292e-05	0.000558393165321153	5.71650698557154e-05
ctarjeta_visa_tend6	4.67184634957156e-05	5.48094141176262e-05	4.57320558845723e-05
cpayroll_trx_lag2	4.6496584442491e-05	0.00023754324862635	5.71650698557154e-05
ccajas_depositos_lag1	4.60082504162703e-05	0.000500505026796193	5.14485628701438e-05
mtarjeta_visa_descuentos_rank_tend6	4.56020279160959e-05	0.000530350384296397	9.71806187547161e-05
cseguro_vida_lag1	4.43529562743266e-05	0.000217566790963007	6.28815768412869e-05
mcaja_ahorro_adicional_rank_tend6	4.41261995079206e-05	0.000816616852976794	0.000102897125740288
cliente_edad_tend6	4.1486362221096e-05	0.000327844589366252	5.14485628701438e-05
cextraccion_autoservicio_delta1	4.08838595516882e-05	0.000426400864404328	8.00310977980015e-05
cliente_edad_delta2	3.65890499625642e-05	0.000273303866661566	6.28815768412869e-05
catm_trx_delta1	3.59184668838209e-05	0.000156674583281763	5.14485628701438e-05
cpagodeservicios_tend6	3.45120065172638e-05	0.000318078716890801	4.00155488990008e-05
ctransferencias_emitidas_lag1	3.44237815053411e-05	0.000517945853641375	8.57476047835731e-05
ccomisiones_mantenimiento_lag1	3.24629350738078e-05	0.000206746192423353	5.71650698557154e-05
catm_trx_lag1	3.16936698215144e-05	0.00023952633713789	4.57320558845723e-05
ctransferencias_emitidas	3.1155344156181e-05	0.000707131942140765	6.85980838268584e-05
rf_002_022	3.0418910333866e-05	0.000373834144905943	6.28815768412869e-05
cseguro_vivienda_tend6	2.89380629576665e-05	0.000455019082704908	5.14485628701438e-05
cseguro_vivienda_lag2	2.79624711760442e-05	0.000208281920504924	5.71650698557154e-05
cseguro_accidentes_personales	2.55458523506826e-05	0.000306220524576823	8.00310977980015e-05
ccuenta_debitos_automaticos_lag2	2.51824794032988e-05	3.64236116955279e-05	3.42990419134292e-05
ccuenta_debitos_automaticos_delta1	2.2361067109344e-05	0.000331604581876437	4.00155488990008e-05
cplazo_fijo_lag2	2.06702631086946e-05	0.000252333320856986	2.85825349278577e-05
ccajas_depositos_delta1	2.03975563373134e-05	0.000272024084607585	2.85825349278577e-05
vmr_mpagosdolares_delta1	1.98377157780514e-05	0.000411453668309088	5.14485628701438e-05
active_quarter_delta1	1.98298354928106e-05	0.000147568226092619	6.28815768412869e-05
mpagodeservicios_rank_tend6	1.7692522341397e-05	0.000243810162390141	4.00155488990008e-05
cseguro_accidentes_personales_tend6	1.63187055212037e-05	0.000286715256801189	3.42990419134292e-05
mcaja_ahorro_adicional_rank_lag1	1.58648332821382e-05	0.000392437241871343	6.28815768412869e-05
ccajas_extracciones	1.53742535479706e-05	0.000211381774736443	1.71495209567146e-05
ctransferencias_recibidas	1.4734389896392e-05	0.000353386367564815	3.42990419134292e-05
ctarjeta_master_transacciones	1.17837619085752e-05	8.26748240261018e-05	2.85825349278577e-05
ccuenta_debitos_automaticos_lag1	1.15943797868057e-05	0.000381631569190296	4.00155488990008e-05
cliente_edad_delta1	1.13268142385687e-05	3.25743755298815e-05	2.85825349278577e-05
ctarjeta_debito	9.87824531601801e-06	0.000140800815842219	1.14330139711431e-05
cpayroll_trx_lag1	8.00272909588552e-06	2.00533972197101e-05	2.28660279422861e-05
cplazo_fijo	7.07253143098649e-06	7.04605915788142e-05	5.71650698557154e-06
ctarjeta_visa_debitos_automaticos	6.7446394283643e-06	0.000272446836839363	2.28660279422861e-05
cpayroll_trx	5.43733064027656e-06	7.04605915788142e-05	5.71650698557154e-06
cprestamos_prendarios	5.12261117064765e-06	7.04605915788142e-05	5.71650698557154e-06
cextraccion_autoservicio	4.79688801034654e-06	0.000127386752027054	1.14330139711431e-05
cplazo_fijo_lag1	3.55452393982744e-06	0.000112227401075475	1.14330139711431e-05
cpagomiscuentas	2.9823731415198e-06	0.000140921183157628	1.14330139711431e-05
ccuenta_debitos_automaticos	1.87577307753116e-06	7.04605915788142e-05	5.71650698557154e-06
ctarjeta_master_debitos_automaticos_lag1	1.73290732582687e-06	3.64188354207737e-06	5.71650698557154e-06
cseguro_vida	1.48876859561738e-06	7.04605915788142e-05	5.71650698557154e-06
catm_trx	8.69631687796378e-07	7.04605915788142e-05	5.71650698557154e-06
