Feature	Gain	Cover	Frequency
ctrx_quarter_normalizado_lag1	0.0350535761368013	0.0010756254846711	0.000636183358360366
rf_014_017	0.0247775693638592	0.00364883484622737	0.000355345659624709
vm_mconsumospesos_rank_lag1	0.0218916093998108	0.00089099386438109	0.00110615665012208
vm_status05_delta2	0.0190976187472071	0.00142384932267454	0.000240718027487706
rf_018_026	0.0162113266139575	0.00192911722174226	0.00338724652964844
vm_mpagospesos_rank	0.0155657122098512	0.000731391335821491	0.000676303029608317
mautoservicio_rank_lag2	0.0145998732997292	0.00170821678161647	0.00219511915542361
mv_status07_rank_delta2	0.012910775023131	0.0017687937961562	0.00038973394926581
rf_011_015	0.0122902684781421	0.00102091690234658	0.00159332408670434
vm_status01	0.0120358642968668	0.00148719253797281	0.000699228556035718
rf_006_021	0.011187065388147	0.00170370821389159	0.00268228659200587
rf_011_028	0.0105005595592489	0.000583041497590394	0.000355345659624709
rf_018_020	0.00998447976145247	0.000281496677200809	0.000131821776957553
mcuentas_saldo_rank	0.009893821570069	0.00318136185446328	0.000894095530668623
Visa_mpagospesos_rank_lag1	0.00900618459317493	0.00168890995290381	0.00332993271357994
mtarjeta_visa_consumo_rank_lag2	0.00875284571929516	0.00112858577741028	0.00186843040383315
rf_003_026	0.00864009145655498	0.000905340681529754	0.000538749871043914
rf_005_020	0.00844829345808025	0.00194686221946198	0.00315225988376758
cproductos_tend6	0.00818266491325798	0.00228363176430389	0.000355345659624709
mprestamos_personales_rank	0.0076580033966673	0.00292367350811948	0.000561675397471314
mcuenta_debitos_automaticos_rank	0.0074605386179933	0.00133796628201413	0.000670571648001467
mcomisiones_mantenimiento_rank_delta2	0.00675572364220956	0.00229483811273648	0.00142138263849884
cdescubierto_preacordado	0.00664527591185239	0.00198088712001854	0.000613257831932966
rf_002_024	0.00641748904418822	0.00106921674335563	0.00228108987952636
Visa_mpagospesos_rank_tend6	0.00623635476383859	0.00213694511697483	0.00370820389963205
Visa_msaldototal_rank	0.00607076558938733	0.00138661675245757	0.00197159527275645
ctrx_quarter	0.00604016210708864	0.00127691532807372	0.000653377503180917
rf_013_026	0.00598116750666201	0.00059903854341797	0.000555944015864464
mprestamos_personales_rank_delta1	0.00574612106679262	0.00406601194450293	0.000693497174428868
Visa_cconsumos_delta2	0.00572741765996339	0.00154087100021656	0.00210914843132085
mcaja_ahorro_rank_lag1	0.00571460046263835	0.00223781059129229	0.00124370980868648
rf_006_022	0.00555278258574804	0.000855976821239177	0.000469973291761712
ctarjeta_visa_debitos_automaticos_tend6	0.00525404621473117	0.00119340868632769	0.000464241910154862
vm_Finiciomora	0.00523463967287741	0.00330412914780579	0.000475704673368562
mprestamos_personales_rank_lag1	0.00520811344656513	0.00266156060172532	0.000745079608890519
rf_015_023	0.00509873984911016	0.00140150507362085	0.00315799126537443
Visa_cconsumos_tend6	0.00501284036165252	0.00205566415907589	0.00306628915966483
rf_002_015	0.00497617185147634	0.00104213395751625	0.00146723369135364
mactivos_margen_rank_lag1	0.00435370475724308	0.00239052763368463	0.00206329737846605
mextraccion_autoservicio_rank_delta1	0.00387371139614991	0.000991532269858095	0.000458510528548012
mextraccion_autoservicio_rank_lag2	0.00384315047576776	0.00110333354841203	0.00146150230974679
rf_002_017	0.00382090804650702	0.00116821617707086	0.00151308474420844
mautoservicio_rank	0.00378131085038168	0.00124910774874802	0.000928483820309724
mpasivos_margen_rank_lag2	0.00339184613505045	0.00129276976347051	0.00226389573470581
mprestamos_personales_rank_delta2	0.00330389965105183	0.00407216476633495	0.000825318951386421
rf_009_015	0.0032329638211332	0.00142667404826015	0.00170222033723449
mrentabilidad_annual_rank_lag2	0.0032173829128395	0.0030584981367275	0.00401769850640195
cdescubierto_preacordado_delta2	0.00310996473687215	0.000904797982600781	0.000149015921778104
rf_004_026	0.00310751669901153	0.00057308219814704	0.000435585002120611
mautoservicio_rank_delta1	0.00295035748752312	0.00130811339895635	0.000939946583523424
mcaja_ahorro_rank_tend6	0.00289655425648878	0.00224860259018362	0.00140418849367829
mrentabilidad_rank_delta2	0.00288717408410218	0.00350808331252988	0.0059778310159447
mcomisiones_otras_rank_lag2	0.00288633801902123	0.00260728390301142	0.00530725936794324
mpagomiscuentas_rank	0.00287973393872808	0.00102740481972635	0.000687765792822018
mcuenta_corriente_rank_delta1	0.00285268988741593	0.00185435166425329	0.00119212737422483
rf_010_023	0.00281741012535485	0.00186385572730328	0.00531299074955009
mcuentas_saldo_rank_delta1	0.00274385328838053	0.00238346685877659	0.00176526553490985
mcuentas_saldo_rank_tend6	0.00268182899770768	0.00222180897361848	0.00140991987528514
mrentabilidad_annual_rank_delta1	0.00252970478487905	0.0028667549057165	0.00520409449901993
mextraccion_autoservicio_rank	0.0025059137592221	0.000756364864034326	0.000510092963009663
cprestamos_personales_tend6	0.00250360802371407	0.00281226860343866	0.000429853620513761
rf_014_022	0.00249600802716212	0.00136304935270176	0.00323823060787033
rf_009_023	0.00247559702629782	0.000938300497772425	0.00124944119029333
cdescubierto_preacordado_tend6	0.00245340926026085	0.00170000787584677	0.000212061119453455
mcomisiones_otras_rank_delta2	0.00243394784137754	0.00261716023383621	0.00543334976329394
Master_mfinanciacion_limite_rank	0.00243195538908478	0.00208047367230512	0.0039317277822992
mcomisiones_mantenimiento_rank_tend6	0.00242847644030993	0.00233361310957631	0.000899826912275473
ctrx_quarter_delta2	0.00242492895372133	0.00171133127393349	0.00187416178544
mpayroll_rank_lag1	0.00241373458733193	0.00118873415538927	0.000429853620513761
mrentabilidad_annual_rank_delta2	0.0023892802238786	0.00249407452179413	0.00533018489437064
mpasivos_margen_rank_delta1	0.00234990082462242	0.00279052885116729	0.00464815048315547
mactivos_margen_rank_delta2	0.0023214873332072	0.00394275985362493	0.00639622187324476
ctrx_quarter_normalizado_delta2	0.00230136060461013	0.00211130773590785	0.00275106317128807
Visa_msaldopesos_rank_tend6	0.00225945861966141	0.00183019018425119	0.00220085053703046
mcuentas_saldo_rank_lag1	0.00225847149360428	0.00221126798467117	0.00106030559726728
rf_004_025	0.00221779188208364	0.00137845042200591	0.00343309758250324
cproductos_delta2	0.0021090334239595	0.000849856859551959	0.000149015921778104
mactivos_margen_rank	0.00209347600934214	0.00320219266655547	0.00199452079918385
rf_016_015	0.00209167640723046	0.000772857929201781	0.00135833744082349
mcaja_ahorro_rank	0.00205944490646662	0.00219562652977021	0.000997260399591926
thomebanking	0.00204482404343515	0.00213954758849015	0.00255046481504832
Master_status	0.00202177965554415	0.0014093841570518	0.00111761941333578
internet	0.00201150891651072	0.000998672714382031	0.000108896250530153
Visa_mconsumototal_rank_delta2	0.00200518543596223	0.00205891089724047	0.00430999896835131
mtarjeta_visa_consumo_rank_delta2	0.00200488642206831	0.00197091987179707	0.00263643553915107
mcomisiones_otras_rank_delta1	0.00199110326342686	0.00188769972375618	0.00378844324212795
cdescubierto_preacordado_delta1	0.00198451953421233	0.00102064765697041	0.000131821776957553
mcomisiones_rank_lag1	0.00198249541300074	0.00208707734051906	0.00357065074106764
ccomisiones_mantenimiento_delta2	0.00195956245225312	0.000814428272319881	0.000108896250530153
Visa_mpagominimo_rank	0.00192297781610469	0.00168003015467582	0.00288861632985247
mactivos_margen_rank_lag2	0.00191068653013926	0.00276243825897393	0.00347321725375119
rf_004_016	0.00190804867112208	0.000671898108602972	0.000699228556035718
mprestamos_personales_rank_lag2	0.00190607645780719	0.00242035698212487	0.000899826912275473
mpasivos_margen_rank_delta2	0.00190497877956296	0.00280138906408253	0.00578869542291865
mcuenta_corriente_rank	0.00189589278741562	0.00240483281066562	0.00153027888902899
Visa_mconsumospesos_rank_delta2	0.00188909294489596	0.00193347052853002	0.00414378890175266
Master_fechaalta_lag1	0.00186997741175431	0.00301353743193446	0.00452779146941162
mactivos_margen_rank_delta1	0.00186428325573214	0.00235822831934063	0.00347321725375119
Visa_mconsumospesos_rank_lag1	0.00185282113127134	0.00227324307498422	0.0040348926512225
vm_mpagospesos_rank_lag1	0.00184983587145937	0.000948231482940813	0.00102018592601933
chomebanking_transacciones_lag2	0.00183109872188993	0.0022901598411966	0.00369674113641835
Visa_fechaalta	0.00182245855545223	0.00273424456645273	0.00366808422838409
Master_fechaalta_lag2	0.00179699841062813	0.00237941703425894	0.00422975962585541
Visa_mpagospesos_rank	0.00178486075209661	0.00275962392394794	0.00471119568083082
chomebanking_transacciones_delta1	0.00177872876401645	0.00291170062212729	0.00311787159412648
cmobile_app_trx_lag2	0.0017632657110269	0.00308067486398371	0.00256192757826202
mrentabilidad_rank_lag2	0.00176087003906472	0.00244809320428238	0.00428707344192391
Master_Fvencimiento_lag1	0.00175668456654776	0.00226676908095434	0.00452779146941162
matm_rank_lag1	0.00174840995900809	0.00101593543427697	0.000618989213539816
mpasivos_margen_rank_tend6	0.00174595142605055	0.00151324943788447	0.00150162198099474
mcomisiones_otras_rank_tend6	0.00174316476741718	0.00220840356714782	0.00260777863111682
ctrx_quarter_tend6	0.00172883752808968	0.00113240597056032	0.00106030559726728
mcomisiones_rank_delta1	0.00172254622471135	0.00234472895623461	0.00381136876855535
mcomisiones_rank_delta2	0.00171013933875324	0.00258752389004092	0.00530152798633639
Visa_msaldopesos_rank_lag2	0.00170462138426396	0.00180380980024215	0.00286569080342507
vm_Fvencimiento_lag2	0.00170135312438075	0.00154839929835473	0.00225816435309896
Visa_msaldopesos_rank_lag1	0.00169816158644607	0.00157633850009442	0.00242437441969761
Visa_mpagominimo_rank_lag1	0.00169736899548918	0.00215334487491689	0.00343309758250324
vm_status04_delta1	0.00169313555184124	0.000476350971644147	0.000103164868923303
rf_019_018	0.00168288549113532	0.000796466527526482	0.000876901385848072
vmr_mpagominimo_delta2	0.00166985463917545	0.00188772414157128	0.00234413507720171
vm_fechaalta_lag1	0.00165614983449126	0.00242690254113414	0.00322103646304978
mrentabilidad_rank_delta1	0.00164171115499625	0.00196532263318796	0.00374259218927315
vm_mpagominimo_rank_lag1	0.00163132312632793	0.000940187501328686	0.00142138263849884
Visa_mconsumototal_rank_delta1	0.00162995938212646	0.00202941331936892	0.0040119671247951
mrentabilidad_rank_lag1	0.00162743500335163	0.00191800056981559	0.00264789830236477
Master_fultimo_cierre_tend6	0.00161857619100941	0.00153860879355241	0.00250461376219351
foto_mes	0.00160956141537647	0.00300817748773067	0.000704959937642568
thomebanking_lag2	0.00160205733038891	0.00211710275881934	0.00504934719563498
mtarjeta_master_consumo_rank	0.00158875067418137	0.000715266122440997	0.000412659475693211
mcuenta_corriente_rank_delta2	0.001587444880927	0.00171154321537335	0.00112335079494263
mpayroll_rank_lag2	0.00157998672867647	0.000733171004896874	0.000601795068719266
Visa_mpagospesos_rank_delta2	0.00157759793072936	0.00206793935840024	0.0039202650190855
Visa_mconsumospesos_rank	0.0015766570152949	0.00129372395453685	0.00233267231398801
Master_mpagominimo_rank	0.0015617903941611	0.00174817352277832	0.00269948073682642
Master_mfinanciacion_limite_rank_lag1	0.00154700192326452	0.00218433248501442	0.0040463554144362
mcuenta_corriente_rank_lag2	0.00154335059410215	0.0027354881865573	0.00158186132349064
rf_003_025	0.00153710956503771	0.00131570437814543	0.00113481355815633
Master_Fvencimiento_tend6	0.00153428861826027	0.00135435554549098	0.00163344375795229
Master_mfinanciacion_limite_rank_tend6	0.00153221047725535	0.0022273539996655	0.00347321725375119
mtransferencias_recibidas_rank	0.00152273655131087	0.00136644207822902	0.000997260399591926
Visa_mconsumospesos_rank_lag2	0.00151222147624329	0.00190129525149149	0.0039202650190855
Visa_cconsumos	0.00151051671785919	0.00193743824165027	0.00363942732034984
ccaja_ahorro_tend6	0.00150675768991258	0.00263916260750199	0.000269374935521957
mtarjeta_visa_consumo_rank_tend6	0.00149391576815143	0.00116521585102767	0.00133541191439608
vm_status02_tend6	0.00149181564120194	0.00154025917808971	0.00124370980868648
mrentabilidad_rank	0.00149048058899462	0.00195889199376809	0.00234413507720171
vm_status05_tend6	0.00148597661251151	0.00043618966633977	0.000166210066598654
mrentabilidad_annual_rank_lag1	0.00148533937731233	0.00198397103811387	0.00218365639220991
mrentabilidad_annual_rank	0.0014827005058506	0.0018813679764875	0.0018168479693715
vm_status04	0.00147897026002012	0.00090745201726822	0.000871170004241222
rf_008_021	0.0014769931530574	0.000665086239550632	0.000659108884787767
Visa_mfinanciacion_limite_rank_delta2	0.00147122301687567	0.00236868623576377	0.00423549100746226
Visa_mconsumospesos_rank_tend6	0.00145373336738731	0.00212487983293121	0.00404062403282935
rf_019_021	0.00145306633016023	0.00159247316888417	0.00292873600110043
vm_fechaalta_lag2	0.00144887592084458	0.00213550823246132	0.00293446738270728
ctrx_quarter_delta1	0.00144800138563182	0.00119073179242909	0.000682034411215168
mtransferencias_emitidas_rank	0.00144534414893193	0.00192626049323303	0.00107749974208783
mautoservicio_rank_lag1	0.00143696516209605	0.00140082516735209	0.000894095530668623
Master_mfinanciacion_limite_rank_lag2	0.00143566367222147	0.00195467262129384	0.00354772521464024
Master_fechaalta	0.0014329738367561	0.00228406320631573	0.00362223317552929
Master_mlimitecompra_rank_lag2	0.001428655824148	0.00214821108124325	0.00370820389963205
vm_mconsumototal_rank_delta2	0.00142740472742864	0.00118445797253029	0.00153601027063584
Master_mlimitecompra_rank_delta1	0.00141874720647738	0.00203138144721942	0.00459083666708697
mcomisiones_rank_lag2	0.00141615160337306	0.00207131706956884	0.0039661160719403
rf_020_027	0.00140733898091909	0.00111069676653423	0.000962872109950825
Visa_mfinanciacion_limite_rank	0.00140102313061761	0.00187636814310376	0.00269374935521957
Master_mfinanciacion_limite_rank_delta1	0.00139464254567021	0.00247556477888635	0.00412659475693211
vmr_mpagominimo_delta1	0.00139097890502348	0.00148551830710117	0.00169648895562764
Visa_mfinanciacion_limite_rank_delta1	0.00138913678276385	0.00232738025445881	0.00355345659624709
vm_status06_delta2	0.00138736656670481	0.000532157602332948	0.000206329737846605
chomebanking_transacciones_lag1	0.00138581902757006	0.00196532733491619	0.00284849665860452
matm_rank	0.00138037114888333	0.000619049358521309	0.000515824344616513
Master_mlimitecompra_rank_lag1	0.00137875148144617	0.00158902015213472	0.00354199383303339
rf_020_025	0.00137356827153967	0.00208157657825602	0.00216073086578251
chomebanking_transacciones_delta2	0.001368455772842	0.00308151390167305	0.00345602310893064
tcallcenter	0.00136345477038616	0.00144070275842603	0.000951409346737124
Visa_mpagominimo_rank_lag2	0.00135517186886451	0.00154489154933248	0.00226962711631266
mrentabilidad_annual_rank_tend6	0.00135378393711767	0.00280368714415377	0.00230401540595376
mcuentas_saldo_rank_delta2	0.00135076649488446	0.00272118368496269	0.00264216692075792
chomebanking_transacciones	0.00134701670367713	0.00227145397647598	0.00270521211843327
mttarjeta_visa_debitos_automaticos_rank_lag2	0.00134311868330908	0.000923144204076534	0.00127809809832758
Visa_fechaalta_lag2	0.00134263368463662	0.0018153185399361	0.00274533178968122
Visa_msaldototal_rank_delta2	0.00133046883296994	0.00170780186059443	0.00301470672520318
Visa_mlimitecompra_rank_tend6	0.00132840893253606	0.00217784529497381	0.00314079712055388
rf_017_015	0.00132716018236589	0.00136466799407943	0.00230401540595376
Visa_mpagospesos_rank_delta1	0.00132257419198483	0.00159310972054291	0.00339297791125529
Master_Fvencimiento	0.00131996054120605	0.00168302388271365	0.00322103646304978
Master_mpagominimo_rank_lag2	0.00131635762831873	0.00154115713025211	0.00261351001272367
mcaja_ahorro_rank_delta2	0.00131149322168718	0.00212774012020712	0.0021148798129277
Visa_mlimitecompra_rank_lag1	0.00130914987636758	0.00169543389954907	0.00298031843556208
Visa_mfinanciacion_limite_rank_tend6	0.00130578674031249	0.00183843532709757	0.00319237955501553
Master_mpagosdolares_rank	0.00129634119540811	0.00134380328278649	0.00268228659200587
Visa_mlimitecompra_rank_delta2	0.00129265086901172	0.00195931675984537	0.00326688751590458
Visa_status	0.00129262724747168	0.00148982431086626	0.000836781714600122
ctarjeta_debito_transacciones_delta2	0.00129084318164706	0.00156755400927454	0.000962872109950825
vm_mlimitecompra_rank_tend6	0.00128617057371681	0.00184046888949727	0.00200598356239755
ctarjeta_visa_transacciones_tend6	0.00128254914767332	0.0014776644207773	0.000550212634257614
mpayroll_rank_tend6	0.0012801778177711	0.00138018509995814	0.000452779146941162
Visa_cconsumos_lag1	0.00127573735364465	0.00134903669595049	0.00302616948841688
rf_005_022	0.00127319110305384	0.00128173423583807	0.000280837698735657
Master_mfinanciacion_limite_rank_delta2	0.00127297683998574	0.00210857530446807	0.00400623574318825
Visa_Fvencimiento	0.00127003783232767	0.00158924058785706	0.00264216692075792
Visa_msaldopesos_rank	0.00126687913720093	0.00167090939937023	0.00244156856451816
Master_Fvencimiento_lag2	0.00126676625177802	0.00145932051120107	0.00319237955501553
Visa_mconsumospesos_rank_delta1	0.00126642237726037	0.00197962736857016	0.0038514884398033
vmr_mpagominimo_lag2	0.00126632764348868	0.00137590541028529	0.00225816435309896
vmr_mpagominimo	0.00124937356755904	0.00114820894671059	0.00168502619241394
mcomisiones_otras_rank_lag1	0.00124730414614914	0.00193298422436339	0.00276825731610862
rf_019_023	0.00124717943969004	0.00130928532419954	0.000550212634257614
vmr_msaldototal_delta2	0.00123444922921064	0.00147805645659178	0.0020575659968592
Master_mlimitecompra_rank	0.00123217961257687	0.00148200546670471	0.00311787159412648
rf_006_015	0.00123013473506009	0.00167758429487038	0.0020690287600729
mprestamos_personales_rank_tend6	0.00122686128416506	0.00239030628878832	0.000429853620513761
rf_017_026	0.00122670738733679	0.00100354518548122	0.00149015921778104
Visa_mlimitecompra_rank_lag2	0.00121845528928866	0.00142880390517114	0.00247022547255241
Master_mlimitecompra_rank_tend6	0.00121415987253247	0.0021141640747711	0.00326115613429773
ctrx_quarter_normalizado_lag2	0.00120906106900052	0.00137742196441469	0.00176526553490985
Visa_mconsumosdolares_rank_tend6	0.00120341178282539	0.00172147368101376	0.00304909501484428
Visa_mfinanciacion_limite_rank_lag2	0.00119807260079388	0.0018093979471116	0.00260204724950997
vm_mpagominimo_rank_delta2	0.0011853903771969	0.00166701958947074	0.00198305803597015
rf_008_017	0.00116910478208998	0.000790041784749199	0.000613257831932966
mcomisiones_otras_rank	0.00116739540264931	0.00198023973620139	0.00280837698735657
vmr_Master_mlimitecompra	0.00115344583428012	0.00178787203255721	0.00281983975057027
vm_fultimo_cierre_tend6	0.0011513325004491	0.00211054556238329	0.00192574421990165
Visa_Fvencimiento_lag1	0.0011404816284361	0.00146703261833892	0.00252753928862092
tcallcenter_delta2	0.00113184080799003	0.0011058032285754	0.000836781714600122
mpayroll_sobre_edad_rank_lag2	0.00113109975157055	0.000983916742971915	0.000521555726223363
vm_Fvencimiento	0.00113046496328917	0.00120722703961406	0.00221804468185101
rf_013_025	0.0011262679150507	0.00084136675926253	0.000808124806565871
vm_Fvencimiento_lag1	0.00112326675263339	0.00180624641244953	0.00239571751166336
ctrx_quarter_normalizado_tend6	0.00112225529963245	0.00195221086393217	0.00160478684991804
mcuentas_saldo_rank_lag2	0.00112145837935522	0.00198474523871119	0.0021148798129277
rf_005_021	0.00112139193880041	0.00123947990815656	0.000853975859420672
ctrx_quarter_lag2	0.00111584742985981	0.00176204377691	0.00186843040383315
vm_fechaalta	0.00111528609668867	0.00155809072917107	0.00245303132773186
Visa_mpagominimo_rank_delta2	0.00111001838971504	0.00177935894315462	0.00213207395774825
Master_fultimo_cierre	0.00110834707276314	0.00171073493374048	0.00259631586790312
vmr_msaldopesos_delta2	0.0011000232997134	0.000671414999533422	0.000968603491557675
rf_003_019	0.00109982072766544	0.000641107685350647	0.000143284540171254
Visa_fechaalta_lag1	0.00109754122471274	0.0016354468609846	0.00244729994612501
rf_010_026	0.00109669040057268	0.00087180205916343	0.000481436054975412
internet_lag2	0.00109339209725631	0.00152266406419252	0.000320957369983608
Visa_mlimitecompra_rank	0.00109008705383549	0.00155575571066037	0.00235559784041541
Master_fechaalta_tend6	0.0010795303171429	0.00125923851840151	0.00154174165224269
Visa_mpagominimo_rank_delta1	0.00107325120626945	0.00166220185064435	0.00218938777381676
cmobile_app_trx_delta2	0.00106521141739163	0.00183451608593795	0.00165636928437969
mpagomiscuentas_rank_lag2	0.00106358340784178	0.00123094099821331	0.00105457421566043
vmr_mconsumospesos_lag2	0.0010626440705249	0.00106082444420863	0.00170795171884134
Master_mlimitecompra_rank_delta2	0.00106041339256772	0.00134428130048182	0.00341017205607584
Visa_msaldototal_rank_delta1	0.00105698950396325	0.00145361871758577	0.00216073086578251
mcomisiones_rank_tend6	0.00105650314104594	0.00144696444734647	0.00224097020827841
mcuenta_corriente_rank_tend6	0.00105376089473845	0.00315431974766482	0.00107749974208783
internet_tend6	0.00105175360451404	0.00268479952991512	0.000447047765334312
Visa_mconsumosdolares_rank_lag1	0.00104882607886203	0.00187860003531022	0.00299178119877578
vmr_msaldopesos_tend6	0.00104365576204969	0.00145370301100069	0.00184550487740575
vm_fechaalta_tend6	0.00102922829745683	0.00164539135388049	0.000945677965130274
Master_mconsumototal_rank_tend6	0.00102770681974331	0.0024052330290458	0.00255619619665517
cliente_edad	0.00102456436799102	0.00214235537746358	0.00154747303384954
vm_msaldototal_rank_delta2	0.0010234820874063	0.00129377138744151	0.0018283107325852
Visa_Fvencimiento_lag2	0.00102177413605355	0.00140666162262007	0.00214353672096196
Visa_mconsumosdolares_rank_lag2	0.0010190706475085	0.0013115911971905	0.00247022547255241
Visa_mfinanciacion_limite_rank_lag1	0.00101843082523385	0.00128249827966336	0.00219511915542361
Master_msaldopesos_rank_lag1	0.00101833803460126	0.00125416169097099	0.00218938777381676
mcomisiones_mantenimiento_rank_lag2	0.00101694398871656	0.00136929459856161	0.00122651566386593
ccaja_seguridad_lag1	0.00101597181681283	0.000696658110815609	8.02393424959021e-05
Visa_cconsumos_delta1	0.00101515393179423	0.00150975343019459	0.00244156856451816
rf_004_021	0.00101510623922262	0.000936581561518023	0.000538749871043914
mtransferencias_recibidas_rank_delta2	0.00101401547927259	0.00163332339426777	0.00240718027487706
Visa_mlimitecompra_rank_delta1	0.00101368184319561	0.00212407643486137	0.00281983975057027
vmr_msaldopesos_lag1	0.0010025971463786	0.00120529852577212	0.00165636928437969
Visa_msaldototal_rank_tend6	0.00100187825262253	0.00160397032310414	0.00251034514380036
Visa_mpagospesos_rank_lag2	0.00100028327589811	0.00144780610865212	0.00269948073682642
vm_mpagospesos_rank_tend6	0.000996956242670777	0.00130551659029602	0.00169648895562764
ccomisiones_mantenimiento_tend6	0.000995880043000159	0.00274446513651774	0.00040119671247951
mactivos_margen_rank_tend6	0.000994157606452499	0.00151772065154752	0.00142711402010569
Visa_msaldopesos_rank_delta2	0.000988609325365958	0.00137977490664073	0.00244156856451816
internet_lag1	0.000986175294315965	0.00146277285256414	0.000212061119453455
vm_fultimo_cierre_lag2	0.000984513153039933	0.00123125720891896	0.00139272573046459
cliente_edad_lag2	0.000983257150461204	0.00233971709577811	0.00155893579706324
ccomisiones_otras	0.000982003251928324	0.00100393470158499	0.000630451976753516
thomebanking_lag1	0.000978057567947851	0.00134361560330334	0.00287142218503192
Master_msaldototal_rank_lag1	0.000977019290822211	0.00132894418507214	0.00217792501060306
Master_msaldopesos_rank_tend6	0.00097656143501587	0.0012813721767881	0.0018970873118674
Master_mconsumototal_rank_lag1	0.00097638027987784	0.0017176320833109	0.00265936106557847
Master_fultimo_cierre_delta2	0.000974716090712748	0.000757822841383862	0.00160478684991804
Master_cconsumos_tend6	0.000964075230692363	0.00188480091348048	0.00267655521039902
mcomisiones_rank	0.000963532378670799	0.00120254874209778	0.00159905546831119
Master_msaldototal_rank	0.000959365176367161	0.0014721709059296	0.0020575659968592
Master_mconsumospesos_rank_tend6	0.000954637042731114	0.00194533348240143	0.00243583718291131
vm_msaldopesos_rank_tend6	0.000953556532053912	0.00106399595472156	0.00142711402010569
mtransferencias_recibidas_rank_lag2	0.000953548024192551	0.00130479060189535	0.00212634257614141
Visa_mpagominimo_rank_tend6	0.000952482744858742	0.00202870128029453	0.00229828402434691
mpayroll_sobre_edad_rank_tend6	0.000947735330191636	0.00113965598353545	0.000544481252650764
Visa_fultimo_cierre_tend6	0.000937292451014609	0.00126525839302319	0.00119212737422483
vm_mpagominimo_rank_tend6	0.000933073165986882	0.00151405309571831	0.0020231777072181
rf_001_025	0.00093153124061479	0.00135296788625367	0.00292873600110043
cliente_antiguedad_lag1	0.000922055249942649	0.00156448071552642	0.00167929481080709
ctrx_quarter_lag1	0.000920714304391378	0.00126348859497944	0.000922752438702874
rf_008_022	0.000915103914340837	0.000853772801708897	0.000481436054975412
mpayroll_sobre_edad_rank_delta2	0.000913760681667171	0.00139501255841844	0.000435585002120611
vm_mpagominimo_rank_lag2	0.000912089287223579	0.00114845104674974	0.00158186132349064
Master_mpagospesos_rank_tend6	0.000909597164325636	0.00194061720738973	0.00238425474844966
vm_mpagominimo_rank	0.000909297141784221	0.00127764539476905	0.00106603697887413
rf_007_023	0.000909267451251805	0.000788196551242611	0.00214926810256881
rf_001_017	0.000909090985125303	0.00114060620021274	0.00221804468185101
Master_mpagominimo_rank_lag1	0.000898632814131653	0.00158448407540323	0.00230974678756061
Visa_cconsumos_lag2	0.000898481814470537	0.00158801751508414	0.00258485310468942
Master_cconsumos	0.000896333543620145	0.0012750463521384	0.00257339034147572
Visa_mconsumosdolares_rank	0.000885935932644177	0.00168336892722225	0.00244156856451816
vmr_mpagominimo_tend6	0.000869433428868452	0.00151537067063097	0.00190281869347425
Master_mconsumospesos_rank	0.00086839128862681	0.00132230573445986	0.00204037185203865
rf_016_018	0.000866307296559343	0.00101564844702025	0.00109469388690838
active_quarter_lag1	0.000866252311647303	0.000731980194811578	0.000682034411215168
Visa_fechaalta_delta2	0.000864381565338417	0.000818826829994787	0.00076800513531792
ccomisiones_otras_tend6	0.00086431709118268	0.00153837929206679	0.00178819106133725
Visa_msaldopesos_rank_delta1	0.000861306420954604	0.00142514453190763	0.00181111658776465
cliente_antiguedad_lag2	0.000861007753627591	0.00189849060566235	0.00169648895562764
Visa_msaldototal_rank_lag1	0.000860455021277117	0.00108907915529119	0.00190281869347425
vm_mfinanciacion_limite_rank_delta1	0.00085940422845494	0.00150601233517966	0.00236132922202226
rf_008_024	0.000857585867322544	0.0010320623361234	0.00237852336684281
vm_mlimitecompra_rank_lag1	0.000856885490984901	0.0011981658222151	0.00178819106133725
Master_mconsumospesos_rank_lag2	0.000849184298347453	0.00147776637814358	0.00220658191863731
mpasivos_margen_rank	0.000845144790554658	0.00200772107793141	0.00183404211419205
vm_msaldototal_rank_lag2	0.000839728559785368	0.00117083405259082	0.00140991987528514
Visa_mconsumosdolares_rank_delta1	0.000838569741295929	0.00129043996621602	0.00229828402434691
Master_msaldototal_rank_lag2	0.000834600711736951	0.00147469859139205	0.00229255264274006
cliente_edad_lag1	0.000833929905335979	0.0018755704858181	0.00137553158564404
vmr_Master_mlimitecompra_lag1	0.000832046644459977	0.00130410152595772	0.00186843040383315
mcaja_ahorro_rank_delta1	0.000827819948778752	0.00219809696324915	0.00130675500636183
ccomisiones_otras_lag2	0.000827439802669212	0.00183117357279006	0.0017480713900893
vm_mlimitecompra_rank_lag2	0.000825816103224851	0.00083629411403225	0.00135260605921663
Master_msaldopesos_rank	0.000824496086292216	0.00122933417609722	0.00197159527275645
ccaja_seguridad	0.000823445556062419	0.00126918888196359	0.000103164868923303
ctarjeta_debito_transacciones	0.000821357050356872	0.000533002744476073	0.000212061119453455
Master_mpagominimo_rank_delta1	0.00082097339783175	0.00134991672439754	0.00169648895562764
vmr_msaldototal_tend6	0.00081703158104075	0.00156965708451811	0.00168502619241394
Master_mconsumospesos_rank_lag1	0.000812167938231151	0.00178769669186361	0.00225243297149211
rf_005_019	0.000810051018155328	0.00129100074471874	0.00218365639220991
Master_msaldototal_rank_delta2	0.000809599874395698	0.00156701551852222	0.00204037185203865
mtransferencias_emitidas_rank_tend6	0.000808102105142026	0.00186158564979021	0.00122078428225908
thomebanking_delta2	0.000807104909492139	0.001387398901833	0.00130675500636183
vm_mfinanciacion_limite_rank_tend6	0.000801841804407918	0.00141665089882793	0.00167929481080709
ctarjeta_visa_transacciones_lag2	0.000797026273591842	0.00105908358387343	0.00145577092813994
Master_cconsumos_delta1	0.000793936931866402	0.00109831444054019	0.00206329737846605
vm_mlimitecompra_rank_delta2	0.000791830363820954	0.00148556254490876	0.0019429383647222
Master_cconsumos_lag2	0.000791512538780604	0.0012785966764787	0.00236706060362911
vm_mlimitecompra_rank_delta1	0.00079098088264427	0.00178284294974814	0.00218365639220991
mcomisiones_mantenimiento_rank	0.000788799765823855	0.00214982528065668	0.00140991987528514
vm_mfinanciacion_limite_rank_lag2	0.000787781905911325	0.000802013891449419	0.00169075757402079
rf_013_023	0.000782937763324917	0.00127899720657566	0.00229828402434691
vmr_mpagospesos_lag2	0.000779588658734513	0.000922117460927644	0.00172514586366189
vmr_msaldototal_lag2	0.000779265476469102	0.000938684402973999	0.00155320441545639
mrentabilidad_rank_tend6	0.000777558303262719	0.00205309511918614	0.00157039856027694
Master_fultimo_cierre_lag2	0.000775504750637253	0.00128604577257616	0.00221804468185101
vmr_mpagominimo_lag1	0.00076646474142586	0.00159861380778503	0.00161051823152489
mautoservicio_rank_delta2	0.000765668613322573	0.00163084355733237	0.00166783204759339
rf_019_022	0.000764981467767174	0.000769147953912919	0.000831050332993271
cmobile_app_trx_tend6	0.000758835772122716	0.00231607072776919	0.00124370980868648
vmr_mpagospesos	0.000756504096760833	0.00127836405782519	0.00153601027063584
Visa_mpagosdolares_rank_tend6	0.000756183703020046	0.00158587482583202	0.00207476014167975
vmr_Master_mlimitecompra_tend6	0.000755536618583463	0.00210967543094428	0.00140991987528514
mtransferencias_emitidas_rank_lag2	0.000752105380887942	0.00109278133766034	0.00128956086154128
Master_msaldototal_rank_delta1	0.000750203276311772	0.00146593394654106	0.00184550487740575
vmr_msaldopesos2_tend6	0.000750104067543076	0.00207079367110436	0.00156466717867009
cdescubierto_preacordado_lag2	0.000749210363928727	0.000924139359924177	0.000727885464069969
mpayroll_rank_delta1	0.000748686600118412	0.00138138856054977	0.000418390857300061
vm_mfinanciacion_limite_rank_delta2	0.000748062140270109	0.00138736224913394	0.0019314756015085
mpayroll_rank_delta2	0.000746698809920862	0.00116440827075757	0.000510092963009663
mplazo_fijo_dolares_rank	0.000745741739513154	0.00148582449091679	0.000189135593026055
cproductos	0.000744918953311098	0.000211950895266343	2.29255264274006e-05
vm_mfinanciacion_limite_rank_lag1	0.000742457758598062	0.00101582997009682	0.00167356342920024
vm_msaldopesos_rank_lag2	0.00074136409678377	0.000906827077059851	0.00136980020403719
Master_msaldototal_rank_tend6	0.00074116253864749	0.00151422272160411	0.0019429383647222
cmobile_app_trx_lag1	0.000737960824289305	0.00152822446826778	0.00111188803172893
vm_fultimo_cierre	0.000736082875466939	0.00127202579048035	0.00130675500636183
vm_msaldopesos_rank_lag1	0.000735394043606006	0.00110280734449645	0.00120359013743853
Visa_delinquency_delta2	0.000734115791307961	0.00128640762381494	0.000836781714600122
vmr_Master_mlimitecompra_lag2	0.000727297980426246	0.0010954072139112	0.0017824596797304
mtarjeta_visa_consumo_rank	0.000723177206269023	0.00104835288928385	0.00102591730762618
vm_msaldopesos_rank	0.000722021739966474	0.00103430498255907	0.00124944119029333
Master_mpagospesos_rank_lag1	0.000717486104137268	0.001372885939636	0.00150735336260159
Master_msaldopesos_rank_lag2	0.000715374745229074	0.000784969710999698	0.00146723369135364
vm_msaldopesos_rank_delta1	0.000714580107129972	0.00116992763212233	0.00123797842707963
vm_msaldototal_rank_lag1	0.000714147875738887	0.00116799968976116	0.00119785875583168
vm_mpagospesos_rank_delta2	0.000713644271854752	0.00121708422583275	0.00172514586366189
ccomisiones_otras_delta2	0.000710170700740188	0.00126392528422389	0.00201744632561125
rf_005_013	0.000707915457966124	0.000541791391519795	0.000498630199795963
Master_mconsumototal_rank_delta1	0.000707782397673369	0.00107788114528269	0.0018626990222263
mttarjeta_visa_debitos_automaticos_rank_tend6	0.000707464512814851	0.0027992219829917	0.000934215201916574
vm_mconsumototal_rank_tend6	0.000705745928636783	0.00105481558358015	0.00145003954653309
vm_Fvencimiento_tend6	0.000704272402016314	0.00099295382829616	0.000802393424959021
ccajas_consultas_tend6	0.000703820046935071	0.0030954561364065	0.000487167436582263
rf_007_021	0.000702735935182174	0.00119143388254264	0.00216073086578251
mtransferencias_emitidas_rank_lag1	0.000700867964811135	0.00116042798506018	0.00111761941333578
vmr_Visa_mlimitecompra_lag1	0.000697516687716108	0.000959894678303519	0.00135833744082349
ccaja_ahorro	0.000694508517216189	0.00133969937540602	0.000108896250530153
mpasivos_margen_rank_lag1	0.000685932965079943	0.00111282600001164	0.00146150230974679
vm_status01_lag2	0.000681771670364266	0.00136689567810925	0.000349614278017859
vmr_msaldopesos_lag2	0.000681765116436109	0.0010324510729352	0.00165063790277284
rf_012_019	0.000679576590878923	0.00104330593471223	0.00179965382455095
vmr_Visa_mlimitecompra_lag2	0.00067920226080175	0.00121012242100508	0.00163344375795229
mextraccion_autoservicio_rank_delta2	0.00067911621857368	0.00165404157269367	0.00133541191439608
mttarjeta_visa_debitos_automaticos_rank_lag1	0.00067663212010181	0.000994603719281884	0.00119212737422483
Visa_mpagado_rank_tend6	0.000675722878143542	0.00138765536682083	0.00128956086154128
mttarjeta_visa_debitos_automaticos_rank_delta2	0.000675070401475624	0.00114303491559481	0.00108896250530153
vmr_mpagospesos_tend6	0.000671613591976331	0.00122370010295425	0.00144430816492624
vm_mlimitecompra_rank	0.000669712626876906	0.00101303722145845	0.00144430816492624
Master_Fvencimiento_delta1	0.000668769111396478	0.000862792976397361	0.00122651566386593
vmr_msaldototal_lag1	0.00066512803504169	0.000967780099975839	0.00152454750742214
rf_019_024	0.000664591243360842	0.00119022166790452	0.00128382947993443
Master_msaldopesos_rank_delta2	0.000663866673367132	0.000780339937396839	0.00130675500636183
Visa_Fvencimiento_tend6	0.000663318178452882	0.00106412936950709	0.00100299178119878
rf_017_025	0.000663271030244762	0.000891654963736938	0.00119785875583168
vm_fultimo_cierre_lag1	0.000661421497650684	0.00164414074612458	0.00139845711207144
mtarjeta_visa_consumo_rank_delta1	0.000661407757252302	0.00116357118129815	0.000968603491557675
Master_mpagospesos_rank_delta2	0.000660261779591157	0.00200054036998894	0.0018168479693715
Master_mconsumospesos_rank_delta2	0.000658785929038364	0.00140951757183733	0.00172514586366189
ccajas_transacciones_delta2	0.000658651017329628	0.000920992682848736	0.00077946789853162
Master_fultimo_cierre_lag1	0.000656783611653133	0.00128762015016984	0.0019658638911496
rf_012_022	0.000653974729608359	0.00101591935488596	0.00194866974632905
ccajas_transacciones_delta1	0.00065277362720075	0.00111717730661667	0.000343882896411009
vm_cconsumos_tend6	0.000651804264801075	0.00158238840343339	0.000974334873164525
Master_mconsumototal_rank_lag2	0.000650284597533309	0.00112639799312941	0.00161624961313174
Visa_msaldototal_rank_lag2	0.000646788170214099	0.000996744018705292	0.00162771237634544
vmr_mpagospesos_delta2	0.000645224791277083	0.00140839440429516	0.00147869645456734
Visa_mpagosdolares_rank_delta1	0.000644848389374284	0.00104069081269057	0.00196013250954275
vmr_msaldototal_delta1	0.00064429952068661	0.00117181840225645	0.00154747303384954
vmr_Visa_mlimitecompra	0.000642923779096192	0.000883537287080703	0.00130675500636183
mcaja_ahorro_dolares_rank_tend6	0.000641459515339519	0.00185167513402427	0.000899826912275473
Master_mpagospesos_rank	0.000640392669231263	0.00160826222168454	0.00133541191439608
Visa_fultimo_cierre_lag2	0.000637786680653649	0.00119532382232413	0.00133541191439608
vmr_msaldopesos2_lag1	0.000637735755958319	0.00114890269840004	0.00146150230974679
vm_msaldopesos_rank_delta2	0.000632628769350876	0.00127421310718604	0.00170222033723449
vm_mpagospesos_rank_delta1	0.000631742670107634	0.00102824562381084	0.00125517257190018
mv_status07_rank	0.000631012542101717	0.000980669277468155	0.000315225988376758
Master_mconsumototal_rank_delta2	0.000629047241440992	0.00100267676848455	0.00154747303384954
Visa_fultimo_cierre_lag1	0.000627217749882476	0.000909835845432731	0.00116920184779743
mtransferencias_recibidas_rank_delta1	0.000623281093566378	0.00110074707835852	0.00123224704547278
vmr_mconsumospesos	0.000622973823209267	0.00130893843536661	0.00123224704547278
vm_msaldototal_rank_delta1	0.000621983745294661	0.00128888335647929	0.00146150230974679
Master_mpagospesos_rank_lag2	0.000619911244438175	0.00133880599508985	0.0017480713900893
rf_001_018	0.000619398085455182	0.000553740067508071	0.000498630199795963
vm_mpagospesos_rank_lag2	0.000618791048132272	0.000878917332556685	0.00135260605921663
vm_status04_delta2	0.000618136230216121	0.000374401658052687	0.000137553158564404
mtransferencias_recibidas_rank_lag1	0.000617243541614488	0.00169412079257705	0.000917021057096024
vm_mconsumospesos_rank_lag2	0.000610875742723596	0.00109915558231786	0.00132968053278923
Visa_mpagado_rank_delta1	0.000606142239714115	0.00126072195262212	0.000664840266394617
vmr_msaldopesos2_delta2	0.000604748726565826	0.00196093036180162	0.00184550487740575
Master_mpagominimo_rank_delta2	0.000604539209203214	0.00108479494572491	0.00150735336260159
Visa_fechaalta_tend6	0.000601954983873437	0.00100193867508191	0.000819587569779571
mcuenta_corriente_rank_lag1	0.000601513919248505	0.00204182938870532	0.00108323112369468
vmr_msaldopesos2_lag2	0.000600997234831359	0.00125215033839247	0.00153601027063584
mcuenta_debitos_automaticos_rank_tend6	0.000600247190980376	0.00195332356298552	0.000659108884787767
vmr_msaldopesos2_delta1	0.000597005787778382	0.00105550582845573	0.00158759270509749
mcaja_ahorro_dolares_rank_delta2	0.000591573332406895	0.00223962418554483	0.000716422700856268
rf_005_008	0.000591568843813203	0.00085312097592751	0.000280837698735657
vm_cconsumos_lag1	0.000590159786104779	0.000599974083429791	0.000435585002120611
numero_de_cliente	0.000586354081736803	0.00238448056177315	0.000974334873164525
mcuenta_debitos_automaticos_rank_delta2	0.000581010976869983	0.00139405610740539	0.000699228556035718
vm_msaldototal_rank	0.000577941951980643	0.000535192840656461	0.000882632767454923
rf_011_018	0.00057750317031322	0.000189648676026316	8.59707241027522e-05
rf_010_021	0.00056912248778279	0.000597121615050001	0.000481436054975412
mcomisiones_mantenimiento_rank_lag1	0.000567845428750685	0.00175459795383882	0.00104884283405358
mcaja_ahorro_rank_lag2	0.000565263630687756	0.00218880910176847	0.00109469388690838
rf_011_027	0.000563874239243593	0.000885544821128562	0.00191428145668795
mcuenta_debitos_automaticos_rank_lag2	0.000563818000968203	0.00123714447402348	0.00076227375371107
vmr_mconsumospesos_tend6	0.000563415282610402	0.00143885009566932	0.00146723369135364
rf_002_021	0.000561786105256387	0.000968417119209766	0.00128956086154128
Master_mconsumosdolares_rank_delta1	0.000560697210959004	0.000607543710018848	0.00159905546831119
rf_003_027	0.000555904368378769	0.000764642477379518	0.000888364149061773
Master_msaldopesos_rank_delta1	0.000555556103253629	0.000809824215352082	0.00135833744082349
rf_016_021	0.000548311847902691	0.0010459838416904	0.00157039856027694
ccaja_seguridad_lag2	0.000546300330228632	0.000840652486217825	9.17021057096023e-05
vm_status06	0.000545537342359527	0.000250850293081221	0.000349614278017859
ccomisiones_otras_lag1	0.000544750112045228	0.00115305499981194	0.000756542372104219
matm_rank_delta2	0.000542018590845254	0.00131948789262001	0.00111188803172893
Master_Fvencimiento_delta2	0.000542011798573962	0.000768382091739698	0.00100299178119878
ccallcenter_transacciones_tend6	0.000540829927076671	0.00169078095499826	0.000647646121574067
rf_015_014	0.000538650521044925	0.0011229355729235	0.000928483820309724
tcallcenter_lag2	0.000537353484710839	0.00111012203870522	0.00115200770297688
ccajas_transacciones_tend6	0.000535849535345095	0.00133817760002041	0.000492898818189113
vmr_msaldopesos	0.000534936453602265	0.000752728401954778	0.00117493322940428
Visa_fultimo_cierre_delta2	0.000533871352969317	0.000432737896457474	0.000727885464069969
mcaja_ahorro_dolares_rank_lag1	0.000532814717131635	0.00214408800328028	0.000888364149061773
vmr_msaldopesos_delta1	0.000530298078314944	0.000802256874686142	0.000894095530668623
vm_msaldototal_rank_tend6	0.000526033353388185	0.00083574037513368	0.00119212737422483
vm_mconsumototal_rank_lag2	0.000525348464874263	0.000975387288437923	0.00103738007083988
mtransferencias_recibidas_rank_tend6	0.000518990497175263	0.00120925286104685	0.00116920184779743
vmr_mpagospesos_lag1	0.000515259289162985	0.000583244009597395	0.00108896250530153
Visa_fultimo_cierre	0.00050967320063439	0.000870538748948382	0.00110042526851523
mcaja_ahorro_dolares_rank_lag2	0.000505412971868229	0.00121911711284608	0.00100299178119878
cprestamos_personales_delta2	0.000504484082899621	0.000963306808200863	0.000114627632137003
vm_status05	0.000504086968492616	0.000478631777410021	0.000710691319249418
vm_mpagominimo_rank_delta1	0.000503296648737998	0.00115080235246264	0.00111188803172893
Master_delinquency_tend6	0.000498290106358549	0.000840379318405405	0.000882632767454923
vm_cconsumos_delta2	0.000498276243733912	0.000717787573567681	0.000263643553915107
Master_cconsumos_delta2	0.000497337160774987	0.00083675342872027	0.00153601027063584
ctrx_quarter_normalizado	0.000494984976520456	0.00105560999381593	0.000670571648001467
vmr_msaldototal	0.000490188921045416	0.000750532045462218	0.00121505290065223
vm_mconsumospesos_rank	0.000489660112978193	0.000888972225148547	0.00101445454441248
rf_007_016	0.000484807394397515	0.000573508185115077	0.00100299178119878
Master_mpagado_rank_delta1	0.000483543827752315	0.0011645033963309	0.00104884283405358
cliente_antiguedad	0.00048166304607694	0.00105543764040822	0.00104884283405358
ctarjeta_debito_transacciones_lag2	0.000481124275136103	0.0010319857836754	0.00101445454441248
mttarjeta_visa_debitos_automaticos_rank_delta1	0.000472650968043293	0.00122346802980513	0.000704959937642568
cpagomiscuentas_tend6	0.000471290324323519	0.00138122818226203	0.000406928094086361
vm_mconsumospesos_rank_delta2	0.000470978184906547	0.000943710784237569	0.00105457421566043
mpayroll_sobre_edad_rank_lag1	0.000469262218544937	0.00118997497004274	0.00038400256765896
rf_013_017	0.000468057414352748	0.000446783958857926	0.000492898818189113
matm_other_rank_lag2	0.000467112893928492	0.000744005657035449	0.000750810990497369
mtransferencias_emitidas_rank_delta1	0.000466713277263933	0.00144660337539966	0.000687765792822018
Master_mconsumospesos_rank_delta1	0.000466175262438395	0.000794263988650948	0.00134687467760978
vm_fultimo_cierre_delta1	0.000461993777411231	0.00083161646592594	0.00078519928013847
Master_mpagominimo_rank_tend6	0.0004595867388997	0.00130427374948343	0.00128956086154128
mcaja_ahorro_dolares_rank_delta1	0.000451958796375449	0.00134958562921524	0.000561675397471314
vm_mconsumospesos_rank_delta1	0.000451919119802492	0.000525342875876713	0.000693497174428868
ctrx_quarter_normalizado_delta1	0.000449212584029706	0.00210253488251475	0.000951409346737124
vmr_msaldopesos2	0.000447964750221965	0.000965224541837202	0.00113481355815633
ctarjeta_debito_transacciones_tend6	0.000444660290976743	0.0018991134417824	0.000670571648001467
chomebanking_transacciones_tend6	0.000443426398720233	0.00115234394784072	0.000939946583523424
rf_018_015	0.000439515266510845	0.00030260180006697	0.000338151514804159
rf_019_019	0.000439331655818444	0.000625628790754941	0.00076227375371107
tcallcenter_tend6	0.000436595696953826	0.00132851648366176	0.000533018489437064
mtarjeta_master_consumo_rank_delta2	0.000430286770709674	0.000981765169791318	0.000894095530668623
rf_011_025	0.000425777422007171	0.00063934508276944	0.000613257831932966
rf_010_022	0.000424639780184723	0.000551113489894428	0.000200598356239755
mplazo_fijo_dolares_rank_delta2	0.000424432678455038	0.00147987241469664	0.000194866974632905
mtarjeta_master_consumo_rank_lag2	0.000422855694082622	0.000879593706035175	0.00103164868923303
mcuenta_debitos_automaticos_rank_lag1	0.000420319380413216	0.00156682113712812	0.000664840266394617
active_quarter	0.000415480031260099	0.000713560927701694	0.000630451976753516
rf_015_015	0.000415093309693216	0.0008459743490206	0.000418390857300061
vmr_Visa_mlimitecompra_tend6	0.000413618136405759	0.00117513930304033	0.000710691319249418
vm_mconsumospesos_rank_tend6	0.000412759430157118	0.000701385347867707	0.000957140728343975
mpagomiscuentas_rank_lag1	0.000408923300470394	0.000809997425980954	0.000670571648001467
ctarjeta_visa_debitos_automaticos_delta2	0.00040747778434652	0.000750992918734181	0.000447047765334312
vm_mconsumototal_rank_delta1	0.000406976770981051	0.000501927619890148	0.000716422700856268
vmr_mpagospesos_delta1	0.000405405969413198	0.00127492119784777	0.00111761941333578
cproductos_delta1	0.000405374674125071	0.000816305378868104	0.000114627632137003
ctarjeta_debito_tend6	0.000403294179799846	0.00255238345900351	0.000303763225163058
thomebanking_tend6	0.000402794857720238	0.002121863817143	0.000406928094086361
ctarjeta_visa_transacciones_delta1	0.000401490648788313	0.00152585206971885	0.000320957369983608
Master_mpagado_rank_lag1	0.000400715007144966	0.000880548156865506	0.000985797636378225
vmr_mpagado_tend6	0.000398867492026453	0.000991059343536972	0.000653377503180917
ctarjeta_visa_transacciones_delta2	0.00039836176999416	0.00133519197661909	0.000670571648001467
vm_status02	0.000395020078671147	0.00115662410508875	0.000888364149061773
mpagomiscuentas_rank_delta2	0.000394860905650137	0.00107777233014706	0.000504361581402813
ccallcenter_transacciones_delta1	0.000392959076885101	0.00139758206588337	0.000189135593026055
ccaja_ahorro_lag1	0.000392545992509033	0.000629532420098729	0.000103164868923303
mautoservicio_rank_tend6	0.000389874577473667	0.00114478619246603	0.000876901385848072
vmr_mconsumospesos_lag1	0.000387818084317183	0.00092986255809229	0.00104311145244673
ctransferencias_recibidas_tend6	0.000387050433448563	0.00160927467781395	0.000670571648001467
mtransferencias_emitidas_rank_delta2	0.000386278593156326	0.00124149279334262	0.000641914739967216
rf_001_026	0.00037938623776065	0.000712672301066558	0.000481436054975412
rf_004_015	0.000368922469117118	0.00061940983301094	0.000521555726223363
ccomisiones_otras_delta1	0.000368144775366011	0.000806664861793904	0.00076227375371107
mcaja_ahorro_dolares_rank	0.000367820872056569	0.00182862762591907	0.000596063687112415
mpagomiscuentas_rank_tend6	0.000367555466987173	0.00120592944055227	0.00038973394926581
mtarjeta_visa_consumo_rank_lag1	0.000367367096569521	0.000591018330210974	0.000831050332993271
mextraccion_autoservicio_rank_lag1	0.00036406281828679	0.000718621104260429	0.000687765792822018
mtarjeta_visa_descuentos_rank_delta2	0.000364051080403652	0.000624796844622535	0.000750810990497369
Master_mpagado_rank_tend6	0.000363590367627716	0.00140285958697297	0.000934215201916574
ctarjeta_visa_transacciones	0.000362014278330235	0.0015564501637126	0.000613257831932966
Visa_Fvencimiento_delta2	0.00036105730490893	0.000501102167857505	0.000481436054975412
Master_mpagado_rank_delta2	0.000355261453695908	0.00069181535671693	0.000716422700856268
Visa_msaldodolares_rank_delta1	0.000353522030126663	0.000880606006306192	0.000682034411215168
mcomisiones_mantenimiento_rank_delta1	0.000348508889484325	0.00129840703171056	0.000687765792822018
rf_015_017	0.00034524279549638	0.000666155895710754	0.00078519928013847
vm_Fvencimiento_delta1	0.000344825357073198	0.000599970992238304	0.000424122238906911
rf_012_013	0.000344441311710588	0.000998014602312074	0.000555944015864464
vmr_mconsumosdolares	0.000343512713774924	0.00082908945584986	0.000601795068719266
catm_trx_lag1	0.000343039430837667	0.000310077625879054	6.87765792822018e-05
matm_rank_tend6	0.00033652257938679	0.00101843532499244	0.000555944015864464
mpayroll_rank	0.000336302042553145	0.00132489864666033	0.000252180790701407
vmr_mconsumospesos_delta2	0.000335258848334985	0.000851951752229826	0.000716422700856268
Visa_msaldodolares_rank_tend6	0.000333592946164551	0.00150474164766728	0.000836781714600122
Visa_mpagado_rank_lag2	0.000332940930560285	0.000924569684950856	0.000699228556035718
Master_status_tend6	0.000331221268218427	0.000756944891048736	0.000699228556035718
ccallcenter_transacciones_delta2	0.000327268437788932	0.00107155737276852	0.000464241910154862
catm_trx_tend6	0.000326988520651646	0.00201043685849939	0.000550212634257614
vmr_mconsumosdolares_lag2	0.000326502527505588	0.000758216877381066	0.00079093066174532
Visa_mpagado_rank_delta2	0.000319584324088142	0.000826729551948875	0.000550212634257614
mplazo_fijo_dolares_rank_tend6	0.000318778065648089	0.00177280029204023	0.000194866974632905
ctransferencias_recibidas_lag2	0.000312155859267413	0.00126101556386059	0.000601795068719266
tcallcenter_delta1	0.000311768071995374	0.000620377064229604	0.000320957369983608
mextraccion_autoservicio_rank_tend6	0.00031041285977288	0.00114589964483495	0.000601795068719266
rf_018_016	0.000310167323756722	0.000666699945412478	0.000750810990497369
mprestamos_prendarios_rank_lag1	0.000310057966142599	0.00129578105155409	0.000137553158564404
ctransferencias_emitidas_tend6	0.000309631651712659	0.00143423312843119	0.000584600923898715
vm_mpagado_rank_tend6	0.000307017049177069	0.000767850510709518	0.000555944015864464
mttarjeta_visa_debitos_automaticos_rank	0.000306052915567131	0.000856797519590794	0.000716422700856268
ctransferencias_recibidas_lag1	0.000303054792148282	0.00093040699744	0.000217792501060306
Master_msaldodolares_rank_tend6	0.000302798389125574	0.000976397536573416	0.000825318951386421
vmr_Master_mlimitecompra_delta1	0.000301508958611154	0.000680623269327414	0.000618989213539816
rf_010_015	0.000301285530308451	0.000681939311632534	0.000578869542291865
cextraccion_autoservicio_lag2	0.00030029471144811	0.000893149048281154	0.000584600923898715
vm_mconsumosdolares_rank_tend6	0.000299251753756824	0.000869365265121253	0.000521555726223363
Visa_status_tend6	0.000298761706376561	0.000797255508694858	0.000469973291761712
rf_020_024	0.000294916220816984	0.000944901100771283	0.000447047765334312
mtarjeta_master_consumo_rank_tend6	0.000294635002880839	0.000936660711605932	0.000418390857300061
thomebanking_delta1	0.000294540844472622	0.000872386735953269	0.000492898818189113
rf_009_021	0.000290760586312754	0.00053752253400535	0.000756542372104219
mplazo_fijo_dolares_rank_delta1	0.000290289849232953	0.00135792078028433	0.000194866974632905
Visa_mpagado_rank	0.000284860562292134	0.000940250961671568	0.000584600923898715
vm_cconsumos_lag2	0.000282249389428562	0.000610812606051825	0.00039546533087266
vm_mconsumosdolares_rank_lag2	0.00028114232787102	0.00111215617258571	0.000693497174428868
rf_012_018	0.000280650693795829	0.00026730738093599	0.000229255264274006
Visa_mpagado_rank_lag1	0.000280280745931793	0.000636714504790344	0.000647646121574067
vm_fultimo_cierre_delta2	0.000279127789110812	0.000550994284199183	0.000664840266394617
rf_005_015	0.000279073200380159	0.000970795752094467	0.000510092963009663
matm_other_rank_tend6	0.000274069348285086	0.00110390980884858	0.000435585002120611
vm_mconsumosdolares_rank_lag1	0.000269748079223032	0.000707758995068057	0.000613257831932966
vm_status01_tend6	0.000267816877467584	0.000655087923555903	0.000504361581402813
rf_007_015	0.000262744685298422	0.000158919401217356	0.000263643553915107
ccuenta_debitos_automaticos_tend6	0.000262184389235632	0.000964699792599972	0.000269374935521957
Visa_msaldodolares_rank_lag1	0.000261072122773667	0.00071377370038632	0.000527287107830214
mcuenta_debitos_automaticos_rank_delta1	0.000261016189844409	0.000813445169521397	0.00037827118605211
matm_other_rank_delta2	0.000260729317847154	0.000950619960880755	0.000596063687112415
rf_016_022	0.000258771338148233	0.000593589396259845	0.000475704673368562
ctarjeta_master_transacciones_tend6	0.000256970857541577	0.000990893302394238	0.000355345659624709
rf_020_012	0.000250767320553514	0.000911344606642411	8.59707241027522e-05
ctransferencias_recibidas_delta2	0.000249885560462189	0.00100041544501796	0.000452779146941162
Master_mpagado_rank_lag2	0.000249341333692213	0.000407774628922264	0.000682034411215168
mpayroll_sobre_edad_rank	0.000243102694403666	0.00145877430545822	0.000349614278017859
ccaja_ahorro_lag2	0.000242598684487689	0.000841136712272535	0.000131821776957553
vm_status03_tend6	0.000241833146016991	0.000587226789029092	0.000126090395350703
rf_010_016	0.000240409704247609	0.000463879105002584	0.000349614278017859
Master_mpagado_rank	0.000236991232022706	0.00041402026442809	0.000670571648001467
vmr_mconsumosdolares_tend6	0.000235519993727839	0.00122061709403288	0.000521555726223363
mtarjeta_master_descuentos_rank_delta2	0.00023146214069297	0.000427852696922747	0.000538749871043914
mpagomiscuentas_rank_delta1	0.000229836408091662	0.000733039590294075	0.000412659475693211
mtarjeta_visa_descuentos_rank_delta1	0.000227869923228003	0.000548585700526376	0.000533018489437064
vmr_mconsumospesos_delta1	0.00022396102535433	0.000759392828966105	0.000590332305505565
rf_001_023	0.000222295453868725	0.000727617016992179	0.000320957369983608
ccajas_extracciones_tend6	0.000221791002363002	0.00200334148302781	0.000332420133197309
Visa_msaldodolares_rank_lag2	0.000220922580211906	0.00073060687454655	0.000538749871043914
rf_012_020	0.000220521219628741	0.000728427350760575	0.000452779146941162
Master_msaldodolares_rank_delta2	0.000218621247624972	0.000354688922128458	0.000533018489437064
ccajas_depositos_tend6	0.000218472273979585	0.00140864827164309	0.000229255264274006
mprestamos_prendarios_rank_lag2	0.000214274106079665	0.0013314963662789	0.000160478684991804
cmobile_app_trx	0.000214094300602448	0.00123935581889829	0.000332420133197309
mcheques_emitidos_rank_lag1	0.000213330364378117	0.00193145398067169	0.000217792501060306
mforex_sell_rank_tend6	0.000210662477636493	0.0013407097014707	0.000252180790701407
mpayroll_sobre_edad_rank_delta1	0.000208948356756113	0.000842029235367528	0.000246449409094556
ctarjeta_visa_transacciones_lag1	0.000207908113794021	0.00042472778806971	0.000435585002120611
rf_011_016	0.000207100751060491	0.000545727309527603	0.000481436054975412
mtarjeta_master_consumo_rank_lag1	0.000206997632138528	0.000309460634448794	0.000406928094086361
rf_008_015	0.000206833728702299	0.000381427001152429	0.00037253980444526
rf_002_020	0.000206573952255891	0.00145114555658492	0.000200598356239755
ctarjeta_master_transacciones_delta2	0.000206290849198843	0.000756701933788412	0.000361077041231559
mcajeros_propios_descuentos_rank_lag2	0.000203105953764545	0.000704551403336841	0.000309494606769908
Master_msaldodolares_rank_delta1	0.000202500685083074	0.00033393871480253	0.000607526450326116
rf_017_023	0.000202202822187081	0.000780249591480939	0.000504361581402813
rf_003_023	0.000201767174750009	0.000499307198683081	0.000487167436582263
vmr_mconsumosdolares_delta2	0.000201607666931357	0.000914996550655794	0.000418390857300061
vmr_mpagado_lag2	0.000200714299928094	0.000526150170406419	0.00039546533087266
rf_003_018	0.000199630419065976	0.000615585587542652	0.000160478684991804
cextraccion_autoservicio_tend6	0.000199032223447973	0.00069544355830158	0.00038400256765896
catm_trx_delta2	0.000197339213954471	0.00113525534774862	0.00038973394926581
ccomisiones_mantenimiento_delta1	0.000195245760928033	0.000457396720595807	5.73138160685015e-05
catm_trx_other_lag2	0.000194806171468685	0.000265658347171435	0.000234986645880856
tcuentas_lag1	0.000191575212445978	0.00135506794823495	0.000137553158564404
ctarjeta_visa_debitos_automaticos_lag2	0.000186862442682462	0.000726818970060534	0.00040119671247951
vm_msaldodolares_rank_tend6	0.00018585906858506	0.00121168092701895	0.000320957369983608
vm_mconsumosdolares_rank_delta2	0.000185412762989445	0.00109664314500165	0.00040119671247951
rf_008_023	0.000184273960616519	0.000465868533500304	0.000361077041231559
mtarjeta_visa_descuentos_rank_lag1	0.000183175267612377	0.000449422875261118	0.000338151514804159
cpagomiscuentas_delta2	0.000181739015908704	0.000835150529040429	0.000166210066598654
matm_rank_delta1	0.000180480667673812	0.000835507678550981	0.000366808422838409
Visa_msaldodolares_rank	0.000178741274737103	0.000448189282046585	0.000406928094086361
internet_delta2	0.000177107859525797	0.000657249809366922	0.000131821776957553
ctarjeta_debito_transacciones_delta1	0.000176934805837892	0.00110810559475249	0.000217792501060306
rf_004_009	0.000174068398796454	0.000639799513894439	0.000246449409094556
cproductos_lag1	0.000168757690441004	0.000311224172180367	0.000108896250530153
mtarjeta_master_consumo_rank_delta1	0.00016679661716473	0.000951187441294423	0.000223523882667156
vmr_mpagado_delta2	0.000166286308053907	0.00102888817601776	0.000315225988376758
vm_cconsumos_delta1	0.000163838392591301	0.000463700595188306	0.000154747303384954
rf_015_018	0.000162795882997059	0.00130057315167462	0.000189135593026055
ccajas_otras_tend6	0.000162342590947663	0.00146493808933064	0.000212061119453455
vmr_msaldodolares2_lag2	0.000161777005798313	0.000898243591615834	0.000338151514804159
vm_mpagado_rank_delta1	0.000158700193802723	0.000758309093597697	0.000234986645880856
minversion2_rank_lag1	0.000158064980722357	0.000767567316007064	9.74334873164525e-05
rf_014_020	0.000156590564402314	0.000651450656207984	7.45079608890519e-05
vm_mpagado_rank_delta2	0.000155791261192333	0.000574348859317564	0.000229255264274006
rf_001_016	0.000151938049670479	0.000640954528501842	0.000234986645880856
mplazo_fijo_dolares_rank_lag2	0.000149320088932605	0.000861381340943732	0.000246449409094556
vmr_mpagado	0.0001484508739801	0.000817417792181064	0.000298031843556208
vm_mconsumosdolares_rank_delta1	0.000148189603193126	0.000665963774263373	0.000309494606769908
ccuenta_debitos_automaticos_lag2	0.000146275195678447	0.000130244184186955	5.15824344616513e-05
rf_013_022	0.000145430142650539	0.000658842786062326	0.000149015921778104
rf_013_018	0.000144267155154536	0.000582764848940501	0.000189135593026055
ctarjeta_debito_transacciones_lag1	0.000143965197155606	0.000419524637410598	0.000240718027487706
vmr_msaldodolares_tend6	0.00014367233380545	0.000793444822906875	0.000280837698735657
vmr_mpagosdolares_tend6	0.000143495676716192	0.00100516538544283	0.000240718027487706
mv_status07_rank_lag2	0.000142751195504172	0.000598801197059841	0.000292300461949358
vm_cconsumos	0.00014213379409791	0.000406154714701045	0.000275106317128807
cprestamos_personales_lag1	0.000134082612313708	0.000885713018312417	0.000120359013743853
ctarjeta_debito_lag2	0.000131075117629459	0.000705715691518706	0.000137553158564404
vmr_msaldodolares2_tend6	0.000130202354616862	0.000828225428864626	0.000212061119453455
rf_015_021	0.000129723065595865	0.000405922901315913	0.000349614278017859
catm_trx_other_tend6	0.000128679901348394	0.000585224112567856	0.000223523882667156
cproductos_lag2	0.000126716636700165	0.000451598840280423	0.000126090395350703
ccajas_extracciones_delta2	0.00012655664834104	0.00088775078888877	0.000240718027487706
rf_012_015	0.000126334483120281	0.000412607901635289	0.000252180790701407
ccajas_consultas_lag2	0.000126248635475248	0.000361540197378158	0.000246449409094556
rf_011_022	0.000126046494980265	0.000353147456632372	0.000326688751590458
mplazo_fijo_dolares_rank_lag1	0.000125192191538312	0.000416073906584264	0.000108896250530153
ctarjeta_visa_tend6	0.000124989062376249	0.000390070881724239	5.73138160685015e-05
vmr_mpagado_lag1	0.000122849261971481	0.000517007542972829	0.000200598356239755
cextraccion_autoservicio_delta1	0.000119566077787623	0.000730614667466265	0.000154747303384954
mtarjeta_master_descuentos_rank_lag2	0.000119211257998017	0.000339486806064641	0.000338151514804159
tcuentas_lag2	0.000118686005919181	0.000797920998062145	0.000108896250530153
ctarjeta_master_transacciones_delta1	0.000118533854339956	0.00125516144464126	0.000166210066598654
cforex_buy_tend6	0.000117581197206758	0.00151471409116856	0.000149015921778104
vmr_mconsumosdolares_delta1	0.000114847247330644	0.000565747813827788	0.000229255264274006
matm_other_rank_lag1	0.000113911494255664	0.000337240419027508	0.000229255264274006
mttarjeta_master_debitos_automaticos_rank_lag2	0.000113394074453655	0.000420775037355317	0.000229255264274006
catm_trx_lag2	0.00011288649753582	0.000513345805857005	0.000320957369983608
rf_010_018	0.000108548021072386	0.000573378562883812	0.000292300461949358
vm_mpagado_rank_lag2	0.000108443403302221	0.000373914418735688	0.000177672829812355
cforex_tend6	0.000107778439086852	0.00112951204384764	0.000149015921778104
mv_status07_rank_lag1	0.000106368265537565	0.000545636418107323	0.000292300461949358
mforex_buy_rank_tend6	0.000106120675960322	0.00196311632773456	0.000206329737846605
mv_status07_rank_delta1	0.000105745980893258	0.000684620335778588	0.000212061119453455
ccajas_depositos_delta2	0.000102862093653949	0.000455174647468187	0.000166210066598654
ctarjeta_visa_descuentos_tend6	0.000102679329025304	0.00129212983487989	0.000154747303384954
ctransferencias_emitidas_lag1	0.000101897395711716	0.000842069083163672	0.000149015921778104
ctarjeta_visa_descuentos_lag2	0.000101609532199246	0.000356705885609171	0.000257912172308257
mv_status07_rank_tend6	0.000101578525959482	0.00068285038187645	0.000189135593026055
mforex_sell_rank_lag2	0.000100705316981974	0.00051322660016176	0.000194866974632905
matm_other_rank_delta1	9.98941070523186e-05	0.000457892376266099	0.000160478684991804
rf_017_016	9.85878240096718e-05	0.000354526855374779	0.000131821776957553
ctarjeta_master_debitos_automaticos_tend6	9.78522455031045e-05	0.00124217659607124	0.000171941448205504
cplazo_fijo	9.60693159063854e-05	0.000282041973769687	2.29255264274006e-05
cforex_sell_tend6	9.58008913678978e-05	0.00112557893129093	0.000171941448205504
vm_mpagado_rank_lag1	9.42893623825788e-05	0.000368437866476564	0.000183404211419205
minversion2_rank_lag2	9.19320341514403e-05	0.000543734504098006	7.45079608890519e-05
vmr_mpagado_delta1	9.10465656448041e-05	0.000630020880306484	0.000183404211419205
cseguro_vida_lag2	9.08832166867681e-05	0.0013425411415094	0.000171941448205504
rf_017_018	8.81865950753649e-05	0.00046125039732422	0.000189135593026055
mttarjeta_master_debitos_automaticos_rank_delta2	8.67471704080717e-05	0.000660418306617567	0.000154747303384954
rf_005_018	8.55658931749892e-05	0.000482063727299841	0.000137553158564404
cseguro_accidentes_personales_lag1	8.50250711193774e-05	0.000279781091901885	0.000103164868923303
ctarjeta_debito_lag1	8.30775450319766e-05	0.000509690562840943	8.59707241027522e-05
mtarjeta_visa_descuentos_rank	8.18785155152946e-05	0.000359854874584129	0.000194866974632905
ctransferencias_emitidas_delta2	7.97147481423989e-05	0.000709769048826623	0.000126090395350703
cseguro_accidentes_personales_lag2	7.74441946724897e-05	0.000637827437631285	0.000131821776957553
mttarjeta_master_debitos_automaticos_rank_lag1	7.72931006805702e-05	0.00038213836484044	0.000171941448205504
vmr_msaldodolares_delta2	7.66051743795056e-05	0.000561925828306218	0.000154747303384954
ccheques_emitidos_tend6	7.65396653978228e-05	0.00107050512079576	0.000108896250530153
ctarjeta_visa_delta1	7.59634009750607e-05	0.000202527930534195	4.0119671247951e-05
ctransferencias_emitidas_lag2	7.28947029042763e-05	0.000668519903882789	0.000120359013743853
matm_other_rank	7.24533407868296e-05	0.000889144474650654	0.000171941448205504
ccomisiones_mantenimiento_lag2	7.02449674528667e-05	0.000310320115564195	9.74334873164525e-05
minversion2_rank	6.84602081875223e-05	0.000737549223051323	6.87765792822018e-05
rf_020_020	6.84547516326875e-05	0.000400101668217782	0.000143284540171254
active_quarter_tend6	6.76013815783958e-05	0.000680507102870858	0.000137553158564404
cextraccion_autoservicio_lag1	6.7111172369163e-05	0.000609165520517198	0.000137553158564404
vm_mpagosdolares_rank_tend6	6.42864870988118e-05	0.000674746602593708	0.000149015921778104
mcaja_ahorro_adicional_rank_lag1	6.29986596904865e-05	0.000783536670993252	0.000120359013743853
rf_002_022	6.16639753688255e-05	0.000529915605307256	5.73138160685015e-05
ccajas_otras_delta2	5.9437160345983e-05	0.000287939213811442	0.000126090395350703
rf_015_020	5.76697121373998e-05	0.000344914029141966	9.74334873164525e-05
ctransferencias_recibidas_delta1	5.62589707044078e-05	0.000659395070282549	9.74334873164525e-05
cpagomiscuentas_lag1	5.45621372398992e-05	7.16488571780337e-05	4.58510528548012e-05
vm_msaldodolares_rank_delta1	5.22300463854816e-05	0.000531237206561774	0.000108896250530153
ccuenta_debitos_automaticos_delta2	5.15939716190395e-05	0.00021117770774859	5.15824344616513e-05
mcaja_ahorro_adicional_rank_tend6	5.01930631521401e-05	0.000999588200613785	0.000120359013743853
ccomisiones_mantenimiento_lag1	4.95691240208841e-05	0.000380869261888405	7.45079608890519e-05
ctarjeta_master_descuentos_tend6	4.91284099143262e-05	0.000764207009025827	8.59707241027522e-05
mtarjeta_visa_descuentos_rank_tend6	4.83448973040545e-05	0.000435769991636702	8.59707241027522e-05
ccajas_depositos_lag1	4.73947241235605e-05	0.000313360159521532	3.43882896411009e-05
cliente_edad_delta2	4.47760634039434e-05	0.000340912858419742	9.17021057096023e-05
vm_mpagosdolares_rank_lag2	4.23700632921892e-05	0.000456607427710643	0.000126090395350703
ctransferencias_emitidas_delta1	4.18014462139482e-05	0.00062892145519305	8.59707241027522e-05
vmr_mpagosdolares_delta1	4.09786189105381e-05	0.000720763014220578	8.59707241027522e-05
mcajeros_propios_descuentos_rank_tend6	4.08228492248088e-05	0.000756871481745018	9.17021057096023e-05
ctarjeta_visa_debitos_automaticos_lag1	4.03040409629366e-05	0.000278517911568833	5.15824344616513e-05
mpagodeservicios_rank_tend6	4.02912142960175e-05	0.000427104576630078	0.000103164868923303
ccheques_emitidos_delta1	3.89715779411055e-05	0.000428768520847689	4.0119671247951e-05
cpagodeservicios_tend6	3.54697035845936e-05	0.000694058236940191	8.59707241027522e-05
ccajas_depositos_delta1	3.4912224657351e-05	0.000367731360375175	3.43882896411009e-05
ctransferencias_recibidas	3.42762617665104e-05	0.000363574071494654	4.0119671247951e-05
cseguro_accidentes_personales	3.39690727450068e-05	0.000307510170549651	6.30451976753516e-05
active_quarter_delta1	3.30027280922585e-05	0.000295841520143145	6.87765792822018e-05
cpayroll_trx_lag2	3.14511165363323e-05	0.000195328675442807	4.58510528548012e-05
cplazo_fijo_lag2	3.09478420492207e-05	0.000400727205883329	4.0119671247951e-05
cpagomiscuentas_lag2	2.80815294800048e-05	0.000225587985240136	5.73138160685015e-05
cseguro_vivienda_lag2	2.75627847882263e-05	0.00010000968185072	2.86569080342507e-05
cseguro_accidentes_personales_tend6	2.51959612614505e-05	0.000564220895115172	5.73138160685015e-05
ctarjeta_visa_debitos_automaticos_delta1	2.31127431038431e-05	0.000128054711440144	3.43882896411009e-05
cseguro_vida_lag1	2.25945736483446e-05	8.28341387509989e-05	3.43882896411009e-05
cliente_edad_tend6	2.15424627778635e-05	0.000445758228788599	5.15824344616513e-05
cpagomiscuentas	2.13590197028723e-05	0.000248275642289282	2.29255264274006e-05
ctarjeta_master_debitos_automaticos_lag1	2.07525020654316e-05	2.9944112171244e-05	1.71941448205504e-05
cseguro_vivienda_tend6	1.84860573608537e-05	0.00044121739837609	4.58510528548012e-05
ccuenta_debitos_automaticos_lag1	1.79695974172173e-05	0.000194574294837967	3.43882896411009e-05
cplazo_fijo_lag1	1.77791375800025e-05	0.000243608774388578	3.43882896411009e-05
cpagomiscuentas_delta1	1.62861210249867e-05	0.000269137807895119	3.43882896411009e-05
ctarjeta_visa_debitos_automaticos	1.46488935505106e-05	0.000283976644018208	2.86569080342507e-05
ccuenta_debitos_automaticos_delta1	1.4030401962237e-05	0.000330888228332775	3.43882896411009e-05
ccajas_extracciones	1.37173409273257e-05	0.000141020986884844	1.14627632137003e-05
cpayroll_trx	9.30434800322509e-06	0.000211251974273477	1.71941448205504e-05
catm_trx_delta1	7.99766983956416e-06	4.33504537922666e-06	1.71941448205504e-05
internet_delta1	7.03872325543205e-06	7.50373745286402e-05	1.71941448205504e-05
ccuenta_debitos_automaticos	5.5042176695502e-06	0.000209902474366378	1.71941448205504e-05
cprestamos_prendarios	4.48598320464095e-06	6.19831170203547e-05	5.73138160685015e-06
cextraccion_autoservicio	4.29254233190578e-06	7.65955948021133e-05	1.14627632137003e-05
ctarjeta_debito	3.11013566406735e-06	0.000137114084514776	1.14627632137003e-05
cprestamos_personales	3.01895617731427e-06	7.05104934424219e-05	5.73138160685015e-06
ctransferencias_emitidas	2.51052938671199e-06	7.05104934424219e-05	5.73138160685015e-06
ctarjeta_master_transacciones	2.32257892414892e-06	6.55177775920221e-05	5.73138160685015e-06
cseguro_vida	1.80774495006747e-06	7.05104934424219e-05	5.73138160685015e-06
cliente_edad_delta1	6.27580467635913e-07	3.92638466935637e-06	5.73138160685015e-06
cpayroll_trx_lag1	5.09739537396052e-07	7.86643292461357e-07	5.73138160685015e-06
