Feature	Gain	Cover	Frequency
rf_007_016	0.0340649160794724	0.00166729005314922	0.00124069478908189
vm_status03_tend6	0.0336186122884251	0.000946944878441635	0.000148654675189535
mcaja_ahorro_rank	0.023147909171517	0.00138392345760682	0.000686098500874776
rf_018_026	0.0226985657713799	0.00223808003764034	0.00416804839281426
rf_002_024	0.0172634443747474	0.00101672254160033	0.00218979771529199
rf_009_021	0.0164121757996705	0.00214366036726614	0.000520291363163372
mpayroll_rank	0.0157688657965399	0.00169128611175372	0.000394506638002996
rf_018_015	0.0140404563737622	0.000679896371470486	0.000663228550845616
rf_015_014	0.0138523253288375	0.000652008705883331	0.000874775588615339
rf_019_024	0.0138418664261374	0.00165995345625566	0.00160089650204114
mcuenta_corriente_rank	0.0132443537816195	0.002355961381257	0.00139506695177871
Visa_fechaalta_delta2	0.0118566598374587	0.000717230037535601	0.000726120913425804
ctrx_quarter_lag2	0.00990522599632777	0.00148210790653355	0.0018467484648546
mcuentas_saldo_rank	0.00989377526854734	0.00316974418368822	0.00136647951424226
mautoservicio_rank	0.00964306687965933	0.00126927705812904	0.000743273375947674
rf_015_023	0.00855001027676426	0.00143200318707357	0.00363632205463631
Visa_status_tend6	0.0073100314050103	0.000975816719123739	0.00055459628820711
vm_status06	0.00691012884788222	0.000734745233575366	0.000703250963396645
rf_017_015	0.00686075851626979	0.00152093719627578	0.00264147922836789
Visa_cconsumos_lag1	0.00629707982406859	0.00164586044337404	0.00287589621616677
mcuenta_debitos_automaticos_rank_lag2	0.00613699738357745	0.00154567386321769	0.000737555888440384
mactivos_margen_rank	0.00537929838513812	0.00350077871288211	0.00216121027775554
cdescubierto_preacordado_tend6	0.00530983626431648	0.00188028681612912	0.000211547037769722
ccomisiones_otras_lag1	0.00526914954233698	0.00145305891693489	0.000811883226035151
vm_status05	0.00506494408963633	0.000649172658871712	0.000600336188265429
rf_003_026	0.00498604232185793	0.000850940125747784	0.000405941613017576
Master_mpagado_rank_lag1	0.00434873556551277	0.000659789969442196	0.000937667951195527
ctarjeta_debito_transacciones_tend6	0.00408902936555509	0.00149553297021941	0.000634641113309167
mcomisiones_mantenimiento_rank_tend6	0.00392179323681277	0.00244368036525677	0.00134932705172039
rf_005_020	0.00390457682864536	0.00144948668250716	0.00343620999188117
vm_msaldopesos_rank	0.00379121574680877	0.00084123992229577	0.00140650192679329
Master_mlimitecompra_rank_lag1	0.00372706847954718	0.00150674507674105	0.00307600827892191
mcuentas_saldo_rank_tend6	0.00369631068400731	0.00264433649053732	0.00206401299013162
cdescubierto_preacordado_delta1	0.00368771686331745	0.00112072367468183	0.000148654675189535
foto_mes	0.00366135360355117	0.00333421881300754	0.000914798001166367
ctrx_quarter_normalizado_lag2	0.00366025440857151	0.00190595577735439	0.00171524625218694
rf_010_026	0.00351732328027992	0.000692918091102372	0.000308744325393649
mttarjeta_visa_debitos_automaticos_rank_tend6	0.00351161377003459	0.00260973157312363	0.0012349773015746
Visa_mconsumototal_rank_delta1	0.00333097584129441	0.00191374351626267	0.00401367623011744
rf_012_019	0.00326126062466472	0.00160399379866906	0.00286446124115219
mautoservicio_rank_lag2	0.0032581524537462	0.00125721389825405	0.00192107580244937
mprestamos_personales_rank_lag2	0.00324806276828655	0.0021303139959792	0.000691815988382065
Master_status	0.00324784934828795	0.000870906384571248	0.00083475317606431
ctrx_quarter_tend6	0.00322132199296182	0.00168696304885878	0.00172668122720152
mprestamos_personales_rank_tend6	0.00316663853563109	0.00273936195715506	0.000623206138294588
ctrx_quarter_normalizado	0.00315954080674243	0.00116829975719222	0.000623206138294588
mprestamos_personales_rank_lag1	0.00315275263191566	0.00288262643643302	0.000697533475889355
mcomisiones_otras_rank_delta2	0.00314287757219983	0.00268855714580101	0.00595190449508868
ctrx_quarter_delta2	0.00313927378535905	0.00184290142528494	0.00219551520279928
vmr_mconsumospesos	0.00311377153102385	0.00120672822540615	0.00114349750145796
mrentabilidad_rank_delta2	0.00309219689561778	0.00345601235989898	0.00628923625801878
mrentabilidad_annual_rank_lag1	0.00307631402831191	0.00175471325150942	0.00232701741546695
ctrx_quarter_delta1	0.00304156448739516	0.00181773421262043	0.00126928222661833
mrentabilidad_rank_delta1	0.00302132760050124	0.00349744791276754	0.00648934832077392
vm_fultimo_cierre_delta1	0.00301727926468505	0.000739183162407533	0.000651793575831037
vm_status01	0.00297766311310382	0.00161144201082243	0.000800448251020572
mtransferencias_recibidas_rank_lag1	0.00294475761312708	0.00142745723172946	0.00121782483905273
mpasivos_margen_rank_tend6	0.00289769239484182	0.00225090039731027	0.00206401299013162
mtarjeta_visa_consumo_rank_delta2	0.00287566617982834	0.0019944565622758	0.00221838515282844
mcuenta_corriente_rank_tend6	0.00285743884604346	0.00242642145262461	0.00146367680186619
mcomisiones_rank_delta2	0.00277203055385606	0.00312490085466383	0.00607768922024905
mprestamos_personales_rank_delta1	0.00277052049481493	0.00429562644938299	0.000674663525860196
mprestamos_personales_rank	0.00276210889880398	0.00279253744854162	0.000497421413134212
mpayroll_sobre_edad_rank_delta2	0.00272729897790021	0.00126494114855695	0.00055459628820711
vm_mconsumototal_rank_lag2	0.00270076575416431	0.000842371834177993	0.00107488765137048
mpayroll_rank_lag2	0.00268579663141106	0.000901502722626092	0.000474551463105053
ctrx_quarter_normalizado_tend6	0.00266690261065373	0.00206601510255637	0.00142937187682245
mcomisiones_rank_lag1	0.00266050688440876	0.00214189420921162	0.00337903511680827
Visa_mpagospesos_rank_tend6	0.00263890830701217	0.00277648315894416	0.00536872076934512
rf_015_020	0.00251903974480355	0.000512437802319755	0.000200112062755143
mcomisiones_otras_rank_lag2	0.00246225718083989	0.00194401712706349	0.00406513361768305
rf_002_015	0.00246063936711248	0.00092094853499229	0.00130358715166207
mtransferencias_recibidas_rank	0.0024530413183022	0.00183406977683348	0.00105773518884861
rf_006_015	0.00244714927007539	0.0021179060562546	0.00109775760139964
mpayroll_rank_delta1	0.00244395883179899	0.00133283776171847	0.000440246538061314
mrentabilidad_annual_rank_delta2	0.00231762664887745	0.00287289939538824	0.00570605253227522
Master_mfinanciacion_limite_rank_delta2	0.00230621093888044	0.00262300739170789	0.00429383311797464
matm_rank_lag1	0.00230504728524698	0.000740274219775972	0.000537443825685241
mcomisiones_rank_tend6	0.00230076938339244	0.00222101119861813	0.00229271249042321
rf_002_017	0.00221140214113667	0.000976406053936838	0.00132645710169123
mrentabilidad_annual_rank_delta1	0.00221039880927065	0.00251554023033124	0.0044825102057152
Visa_mconsumospesos_rank_delta2	0.00220606989503272	0.00253059773220537	0.00522578358166287
rf_004_025	0.00219581895155122	0.000970200146670794	0.00203542555259517
mcaja_ahorro_rank_lag1	0.00218011755153897	0.00169118250616306	0.001006277801283
mrentabilidad_annual_rank	0.00211979759407029	0.00295693869056757	0.00284159129112303
mrentabilidad_rank_lag2	0.0021177186143297	0.00232176298055844	0.00488273433122549
Master_fultimo_cierre	0.00206919801778091	0.00117970934886833	0.00171524625218694
Visa_mpagominimo_rank_lag1	0.00206788250135295	0.00269301413660556	0.00362488707962173
mcomisiones_rank_lag2	0.00204315716778489	0.00218674419562335	0.00457399000583184
Visa_msaldopesos_rank_lag1	0.00203384339311053	0.00162470542482167	0.00260717430332415
mtarjeta_visa_consumo_rank_lag2	0.00202919500136243	0.00203571553834704	0.00219551520279928
mprestamos_personales_rank_delta2	0.00200789713835468	0.00462420440264428	0.000926232976180947
Master_fechaalta_lag2	0.00199329560630295	0.00249434747791541	0.0044253353306423
mcuentas_saldo_rank_delta2	0.00195094841893018	0.00213366263581145	0.0023556048530034
Visa_mconsumospesos_rank_tend6	0.00194962349789082	0.00222309436273442	0.00348194989193949
mrentabilidad_rank_lag1	0.00193792964555165	0.00208083200229076	0.00339618757933014
mactivos_margen_rank_delta2	0.00193741939941963	0.00307448417419344	0.00558598529462213
mcomisiones_rank_delta1	0.00192593384347237	0.00253796553560214	0.00441961784313501
mcomisiones_rank	0.00191251826805537	0.00248945617060246	0.00351053732947594
Visa_msaldototal_rank_delta2	0.00191024793063068	0.00145083579165172	0.00257286937828041
rf_017_023	0.0019078033081025	0.000657287701987815	0.000451681513075894
Master_Fvencimiento_lag1	0.00190698876090567	0.00221960516361064	0.00428239814296006
Visa_cconsumos_tend6	0.00190516555000552	0.00210401367518319	0.00375067180478211
mactivos_margen_rank_delta1	0.00187823940878703	0.00272752018141492	0.00398508879258099
Master_fechaalta_lag1	0.00184131116511952	0.00236240310566562	0.00388217401744977
Master_Fvencimiento_tend6	0.0018383062901392	0.00132499010632403	0.00192107580244937
vmr_mpagominimo_delta2	0.00183694116764822	0.00174136526788648	0.00190964082743479
vm_cconsumos_tend6	0.00183028209179183	0.00128160739768233	0.00106917016386319
chomebanking_transacciones_delta1	0.00181386039797427	0.00326856542731834	0.00361345210460715
vm_status02	0.00181249151529885	0.0019076969181955	0.00118351991400899
mactivos_margen_rank_lag2	0.00180834136702087	0.00318764228352235	0.00427096316794548
thomebanking	0.00180811552043673	0.00193395198956187	0.00250425952819293
mrentabilidad_annual_rank_lag2	0.00180461865789068	0.0028450009895629	0.00424237573040903
mcuentas_saldo_rank_delta1	0.00178727170478021	0.00239051025699201	0.00154943911447553
ccomisiones_mantenimiento_tend6	0.00177691590726352	0.00347896653738301	0.000548878800699821
mrentabilidad_rank	0.00176600065751015	0.00191120304684727	0.00213834032772638
Visa_cconsumos	0.00173445050282513	0.00134348216993591	0.00237275731552527
mcomisiones_otras_rank_delta1	0.00173364286454521	0.00202960533102417	0.00413374346777052
vmr_mpagominimo	0.00172760546447067	0.0010040867944023	0.00174955117723068
rf_001_025	0.00172673156974122	0.00128212126476851	0.00236703982801798
rf_012_020	0.00172348859048681	0.00114367293714161	0.000583183725743559
cproductos_delta2	0.00171067979545511	0.00094635736400789	0.000194394575247853
Master_mpagominimo_rank	0.00170275929096224	0.00143434440296598	0.00202970806508788
ctrx_quarter_normalizado_delta1	0.0016991280897545	0.00193943083731399	0.00112634503893609
vmr_mpagospesos_lag1	0.00169455932288627	0.000880798560028836	0.00110347508890693
Visa_msaldototal_rank	0.00168310356140505	0.00158501707205693	0.00289876616619593
mpasivos_margen_rank_lag2	0.00167520228867608	0.00192847608042214	0.00373351934226024
Visa_mpagominimo_rank_lag2	0.0016673912368219	0.00182593569775042	0.00306457330390733
matm_rank	0.00166634124562872	0.000567919142228419	0.000503138900641502
Visa_fechaalta	0.00164975981918836	0.00182380637401481	0.0030245508913563
Visa_mpagominimo_rank	0.00162084546429529	0.00197724778809213	0.00252712947822209
Visa_mpagospesos_rank_lag1	0.00162007951770921	0.00165510362758656	0.00331614275422808
cprestamos_personales_tend6	0.00161787121922657	0.00283382786516485	0.000360201712959257
mpasivos_margen_rank_delta2	0.00161016967480003	0.00215215191684346	0.00448822769322249
Visa_mconsumototal_rank_delta2	0.00160584561668616	0.00198518511017246	0.00409372105521949
Master_mfinanciacion_limite_rank_delta1	0.00159502085142924	0.00228155639179708	0.00455683754330997
chomebanking_transacciones_lag1	0.0015885902844443	0.00232709866847708	0.00320179300408229
Visa_Fvencimiento	0.00157779883471053	0.00166354275023848	0.00300739842883443
rf_019_021	0.00157755818833329	0.00157309824225929	0.00300739842883443
vm_msaldototal_rank	0.00156319918359519	0.000788679927174162	0.000754708350962253
Master_mpagospesos_rank_tend6	0.00155629893006559	0.00199138472412702	0.00292163611622509
Visa_msaldototal_rank_lag2	0.00155360603359916	0.00148832541221662	0.00252712947822209
Visa_mlimitecompra_rank	0.00153203234160669	0.00201339547700821	0.00284730877863032
mcuenta_corriente_rank_delta1	0.00152595148766467	0.0017562744348487	0.001006277801283
Visa_mpagospesos_rank_lag2	0.00152266732577587	0.0023613353231475	0.00406513361768305
vmr_msaldototal	0.00151340216886742	0.00109695079458612	0.0014579593143589
vm_Fvencimiento_tend6	0.00150719571471593	0.0010832431560137	0.00104630021383403
rf_016_018	0.00150596819177448	0.00108873141772762	0.00101199528879029
Visa_mconsumospesos_rank	0.00150006655018006	0.00172163493022728	0.00345336245440304
Visa_mconsumospesos_rank_delta1	0.0014995205853818	0.0021498032373957	0.00424237573040903
rf_017_026	0.00149123074391818	0.000953091857427453	0.00148082926438806
Master_mlimitecompra_rank_delta1	0.00147727716105572	0.00251022701109491	0.00455683754330997
Master_mfinanciacion_limite_rank_lag1	0.00146983145706395	0.00213310947453665	0.00367062697968005
rf_010_023	0.00146902619881651	0.001181752412628	0.0031389006415021
Master_fechaalta	0.00146670678986135	0.00222247077878405	0.00332186024173537
chomebanking_transacciones	0.00146016202418166	0.00221380483686463	0.00272724154097723
Visa_mfinanciacion_limite_rank_delta2	0.00145479006321923	0.00192834207449628	0.0034190575293593
mpasivos_margen_rank_lag1	0.00145364741255932	0.00185501594586312	0.00241849721558358
vmr_mpagominimo_lag2	0.00144871707615221	0.00110713051196535	0.00205257801511704
rf_011_027	0.00144654604305865	0.00135473492292798	0.00303598586637088
Visa_mpagominimo_rank_delta2	0.00144449342911808	0.00168784718110552	0.00247567209065648
Master_mlimitecompra_rank	0.00144337367046952	0.00188680413829177	0.00374495431727482
mtransferencias_emitidas_rank	0.00143372969407521	0.00232830446175565	0.00120067237653086
Visa_mpagospesos_rank_delta1	0.00142780884044618	0.0018589384992948	0.00349910235446136
mpasivos_margen_rank_delta1	0.00142720072549003	0.00212732282664122	0.00336760014179369
Master_msaldototal_rank_lag1	0.00142609006298138	0.00132473993418997	0.00208116545265349
Visa_mconsumosdolares_rank_tend6	0.00142538120455352	0.00176531111002623	0.00307029079141462
rf_006_022	0.00142394746414815	0.00082095598126964	0.000480268950612343
cdescubierto_preacordado	0.00142116259447995	0.00205208085275982	0.000411659100524865
Master_mlimitecompra_rank_delta2	0.00141512900325394	0.00174466949046249	0.00406513361768305
Visa_mpagospesos_rank	0.00141426888791215	0.00197636971510809	0.00315605310402397
vm_Fvencimiento_lag2	0.0014118767617325	0.001939633627574	0.00307029079141462
rf_011_016	0.0014093238999577	0.000728535139436808	0.000405941613017576
cmobile_app_trx_lag2	0.00140895482860763	0.00300541887748675	0.00250425952819293
rf_008_024	0.00140618849432535	0.00117259457820175	0.00245851962813461
cdescubierto_preacordado_delta2	0.00140546725421321	0.00146169744914232	0.000188677087740563
vm_status05_delta2	0.00140103039869656	0.000562877549597097	0.000222982012784302
mcuenta_corriente_rank_lag2	0.00139625153732375	0.00194998235417354	0.00126356473911105
mactivos_margen_rank_tend6	0.00139438503094725	0.00206534200428757	0.00152656916444638
ctrx_quarter_normalizado_lag1	0.00139347816610841	0.00138780658682277	0.000977690363746555
internet_lag1	0.00139204375121005	0.00120283050714995	0.000194394575247853
Master_mlimitecompra_rank_tend6	0.00139082615668249	0.00208847255052557	0.00353340727950509
vmr_mpagominimo_lag1	0.00138930851182252	0.00110411130878532	0.0021269053527118
internet	0.00138488845857526	0.00124855739630186	0.000120067237653086
rf_020_025	0.00138453231374314	0.0021866529686123	0.0017381162022161
Master_Fvencimiento_lag2	0.00138308134831642	0.00192933368714116	0.00357342969205612
ccaja_ahorro_tend6	0.00137932178862142	0.00310586845044889	0.000297309350379069
cprestamos_personales_delta2	0.00137902845722207	0.000987881049242597	0.000125784725160376
Visa_mfinanciacion_limite_rank_delta1	0.00136277511388333	0.00192911191292502	0.00371064939223108
Visa_fechaalta_lag1	0.00134634574860773	0.00148171077777479	0.00230414746543779
Visa_mfinanciacion_limite_rank	0.0013410511058208	0.00172663207959695	0.00275011149100639
Master_mlimitecompra_rank_lag2	0.00133654501632812	0.00191203298380011	0.00344764496689575
Visa_mpagospesos_rank_delta2	0.00133233983521516	0.00201340036602705	0.00395650135504454
rf_016_021	0.00132689672507767	0.00123307285943673	0.00194966323998582
Visa_mpagominimo_rank_tend6	0.00132107411867863	0.00172532304480359	0.00250997701570022
cprestamos_personales	0.00131871841600784	0.000223019641675095	2.28699500291592e-05
mtarjeta_visa_consumo_rank	0.0013137906657717	0.00129314376577774	0.00108060513887777
chomebanking_transacciones_lag2	0.00130169830022722	0.00161496699340322	0.00307600827892191
Master_mfinanciacion_limite_rank_lag2	0.00130087859693886	0.00198522401427979	0.00359058215457799
mcomisiones_otras_rank_lag1	0.00129795979014661	0.00197584409357238	0.00249854204068564
Visa_msaldototal_rank_tend6	0.00129410206434742	0.00177145481232921	0.00284159129112303
rf_007_023	0.00128475623078811	0.00133210992204196	0.002801568878572
Visa_mlimitecompra_rank_delta1	0.00128376048103543	0.00209560027189099	0.00349910235446136
Visa_mconsumosdolares_rank_lag2	0.00128137146502271	0.00184304674356821	0.00311603069147294
cliente_edad_lag1	0.00127529544999102	0.00232052345825098	0.00189820585242021
Visa_Fvencimiento_tend6	0.00125592394826518	0.00113061215736987	0.000869058101108049
Visa_Fvencimiento_lag1	0.00125184589608111	0.00211067777193259	0.00262432676584602
rf_009_023	0.00124998379050978	0.00149243827330703	0.00199540314004414
rf_006_021	0.00124582414469481	0.00144162113538421	0.00422522326788716
internet_tend6	0.00124304615596303	0.00203288133772019	0.000365919200466547
vmr_mpagominimo_delta1	0.00124213514766804	0.00138950528681952	0.00148654675189535
vm_Fvencimiento_lag1	0.001237959634567	0.0016376056471344	0.00236703982801798
Visa_fechaalta_lag2	0.00123769399336322	0.00181154666518044	0.00288161370367406
vm_mconsumototal_rank_tend6	0.00122310543192314	0.00092765671092748	0.00122925981406731
Visa_mlimitecompra_rank_tend6	0.00122302435749713	0.00227720170631222	0.00273867651599181
Master_fechaalta_tend6	0.00122023659018514	0.00106747604426202	0.00146939428937348
Visa_msaldototal_rank_delta1	0.00121104227173359	0.00162520998196772	0.0025214119907148
mv_status07_rank_tend6	0.00120953068689677	0.000652083081382645	0.000240134475306171
vm_fechaalta	0.00120839201556986	0.00183248407038376	0.00236703982801798
Master_mfinanciacion_limite_rank_tend6	0.00120330344205405	0.00203686250736706	0.00292163611622509
ctarjeta_visa_transacciones_delta2	0.00119621492863471	0.00147413402083363	0.000920515488673657
ctrx_quarter_normalizado_delta2	0.00119495434517648	0.00175119783892294	0.00231558244045237
vm_mpagominimo_rank_lag1	0.00119461060024261	0.00126037932990704	0.00113778001395067
vm_Finiciomora	0.00119281970151898	0.0032859033964253	0.000383071662988416
rf_005_019	0.00118953232130499	0.000956491025789476	0.00182959600233274
thomebanking_lag2	0.0011887815333555	0.00162947221818682	0.0034190575293593
chomebanking_transacciones_delta2	0.00118660810037723	0.00240836422562953	0.00288161370367406
Master_msaldopesos_rank_lag1	0.00118526772977656	0.00127981174948228	0.00236703982801798
Visa_mlimitecompra_rank_delta2	0.00116910030904353	0.00162637458266205	0.00285302626613761
Visa_mconsumospesos_rank_lag1	0.00116622178982718	0.00182385110333607	0.00320179300408229
ccomisiones_otras_delta2	0.00116323261693802	0.00136285378884073	0.00234988736549611
vm_status02_tend6	0.00115787625606291	0.00179118967493138	0.00129786966415478
Master_Fvencimiento	0.00115557037640699	0.00160701373000084	0.00275582897851368
vm_fechaalta_lag2	0.00115547478276141	0.00195581799627901	0.00236703982801798
cmobile_app_trx_delta2	0.00114659974660032	0.00200892649770535	0.00230986495294508
mcuenta_corriente_rank_lag1	0.00113900129820544	0.00247925684513704	0.00141793690180787
rf_001_017	0.00113301759374499	0.000948875910854779	0.00197253319001498
mcomisiones_otras_rank	0.00113148000029758	0.00163973075799208	0.00249854204068564
rf_007_021	0.00112860979354399	0.00152613146672406	0.00300739842883443
Visa_msaldopesos_rank	0.00112847416963405	0.0015016975288687	0.00250425952819293
Visa_mconsumosdolares_rank	0.00112616072696772	0.00196971950525261	0.00305885581640004
mautoservicio_rank_delta2	0.00111781178177862	0.00188272859497811	0.00189820585242021
Visa_msaldototal_rank_lag1	0.00110957141690448	0.00106411460976346	0.00156087408949011
Visa_cconsumos_delta2	0.00110795690891887	0.00203527968751889	0.00311031320396565
vm_mpagominimo_rank	0.00110639620163101	0.00119414568529609	0.00130358715166207
rf_009_015	0.001106150020368	0.00145850895068238	0.00295594104126883
Visa_msaldopesos_rank_lag2	0.0011053680787945	0.00128647623631298	0.00232701741546695
vmr_Master_mlimitecompra_lag2	0.00110490419775537	0.00198375535822253	0.00270437159094807
Visa_mfinanciacion_limite_rank_lag1	0.00110162405328123	0.00137300388604734	0.00289876616619593
ccaja_seguridad_lag1	0.00109623263377693	0.000932068764367403	0.000102914775131216
mcuentas_saldo_rank_lag1	0.00108642828449761	0.00221812745766745	0.00118923740151628
Visa_mfinanciacion_limite_rank_tend6	0.00107678731180116	0.0015754429688833	0.00261860927833873
cmobile_app_trx_tend6	0.00106914913974362	0.00335174719379491	0.00189820585242021
Visa_msaldopesos_rank_delta1	0.00106833990025354	0.00173068629846674	0.00247567209065648
Visa_Fvencimiento_lag2	0.001065613211463	0.00145631791608667	0.00226984254039405
Master_mpagominimo_rank_lag2	0.00106549963362336	0.00174042270146248	0.00254999942825125
vm_fechaalta_lag1	0.00105961160809019	0.00158304440496743	0.00221838515282844
Visa_mlimitecompra_rank_lag1	0.00105234746595376	0.00138196309108066	0.00256143440326583
rf_012_022	0.00104540703098482	0.00143875817276357	0.0029159186287178
tcallcenter_delta1	0.00104425219749694	0.00112876140368624	0.000588901213250849
mtransferencias_recibidas_rank_delta2	0.00104083111728547	0.00193136523050005	0.00237275731552527
ccajas_consultas_tend6	0.00103766159806872	0.00293099167939871	0.00055459628820711
Visa_mpagominimo_rank_delta1	0.00103526641909522	0.00158998353503178	0.00228127751540863
vmr_Master_mlimitecompra	0.00102766189503852	0.00152434720889767	0.00220123269030657
Master_msaldopesos_rank_lag2	0.00102627011527882	0.00137577819619344	0.00230986495294508
Master_msaldopesos_rank_tend6	0.00102529919536609	0.00128821280020029	0.00192679328995666
vmr_msaldopesos_delta2	0.00102462097666209	0.00111726045497197	0.00133789207670581
Visa_mconsumospesos_rank_lag2	0.0010232383397517	0.00142148849388781	0.00279013390355742
mactivos_margen_rank_lag1	0.00101995528580566	0.00228345712789669	0.00209260042766807
mcuenta_debitos_automaticos_rank	0.00101542456142709	0.00154703199624275	0.000526008850670661
vm_mpagominimo_rank_delta1	0.00101183353750799	0.00128861596221633	0.00138934946427142
cliente_edad_lag2	0.0010096685501707	0.00150125754317887	0.00108060513887777
cproductos_tend6	0.0010093650005995	0.00199177067055546	0.00029159186287178
ctarjeta_visa_transacciones	0.0010077527196146	0.000680722069539973	0.000468833975597763
rf_013_023	0.0010072419022866	0.00116670804349063	0.00236132234051069
Master_mpagospesos_rank_lag2	0.000989137308015261	0.00162728794500014	0.00202970806508788
vm_cconsumos_delta2	0.000985638733995918	0.000778058247693229	0.000308744325393649
Visa_mlimitecompra_rank_lag2	0.000976985497816035	0.00147876129512401	0.00225840756537947
mextraccion_autoservicio_rank_lag2	0.000976954996872725	0.00132625953486373	0.00155515660198282
mcuentas_saldo_rank_lag2	0.000974105948733162	0.00253849354963644	0.00198396816502956
vmr_msaldopesos	0.00096436880472654	0.00106430567157936	0.00180100856479629
mextraccion_autoservicio_rank_lag1	0.000964150611000624	0.000988675982901004	0.000811883226035151
vmr_mpagospesos_delta2	0.000953639254031931	0.00124954547220971	0.00117208493899441
vmr_Master_mlimitecompra_lag1	0.000949664267964278	0.00141146844978332	0.00189248836491292
Master_mconsumospesos_rank_tend6	0.000942989332826438	0.0022582712433411	0.00239562726555443
vm_fultimo_cierre_tend6	0.000942936089846874	0.00166158657058484	0.0017381162022161
vm_status01_tend6	0.000942345964349446	0.000852759542901117	0.000520291363163372
mcaja_ahorro_rank_delta2	0.000937080630425353	0.00222100061441246	0.00192107580244937
vmr_mconsumospesos_delta1	0.000935395669491956	0.0011803362875178	0.000971972876239265
vm_Fvencimiento	0.000927117375203233	0.00131757398485813	0.00185246595236189
Master_fultimo_cierre_tend6	0.000925162914519038	0.00197241871174766	0.00230414746543779
Master_cconsumos_tend6	0.000923866219987592	0.00224390626578401	0.00257286937828041
internet_lag2	0.000921817508092302	0.00106202504831402	0.000371636687973837
mcomisiones_mantenimiento_rank_delta2	0.000921633791118632	0.00158367732486334	0.000966255388731976
Master_msaldototal_rank	0.000920992753723606	0.00112427177608042	0.00197825067752227
vm_mpagospesos_rank	0.000920930223146595	0.000876004278935443	0.000748990863454963
mtransferencias_recibidas_rank_tend6	0.00091462755518909	0.00120325390138224	0.0012864346891402
vm_fechaalta_tend6	0.000912745112018591	0.00140489058700445	0.000857623126093469
Master_mpagospesos_rank_lag1	0.000904035532343196	0.00134250764285153	0.00185246595236189
mtransferencias_recibidas_rank_lag2	0.000902798998850323	0.00124745224399614	0.00174383368972339
mcomisiones_otras_rank_tend6	0.000901014662854953	0.00157101047518378	0.00192679328995666
vmr_msaldopesos_lag2	0.000899639070919693	0.00119760669454531	0.00161233147705572
Visa_mpagosdolares_rank_tend6	0.00089861318171354	0.00146473103331926	0.00189820585242021
Master_fultimo_cierre_lag1	0.000897315816578731	0.00148246100811735	0.00236132234051069
mcaja_ahorro_rank_delta1	0.000891846353793682	0.00242379995032256	0.00133789207670581
Master_mpagominimo_rank_tend6	0.000887937989511634	0.00167168166632954	0.00182387851482545
tcallcenter_delta2	0.000880518902142888	0.001171839250797	0.000977690363746555
vm_mfinanciacion_limite_rank_lag1	0.000880160674735729	0.00149862277811295	0.0021269053527118
Master_mpagominimo_rank_delta1	0.000879569722215345	0.00133613478079332	0.0018467484648546
Master_mpagominimo_rank_lag1	0.000878943265353392	0.00166989179133258	0.00219551520279928
ccomisiones_mantenimiento_delta1	0.000874518417898052	0.000862046338201873	0.000125784725160376
mcaja_ahorro_dolares_rank_delta2	0.000872989137115862	0.00169943951286335	0.0008404706635716
vmr_Visa_mlimitecompra	0.000871569574879444	0.00127058122990898	0.00185818343986918
Visa_cconsumos_lag2	0.000870007638105907	0.00142870476370607	0.00265291420338247
mcaja_ahorro_rank_tend6	0.000866111047770299	0.00183899044426487	0.0013436095642131
ccomisiones_otras_tend6	0.000864030249599551	0.00134814473358034	0.00150369921441722
rf_005_022	0.000860452692890287	0.000508099994352049	0.000171524625218694
mttarjeta_visa_debitos_automaticos_rank_lag2	0.000859965458790512	0.0012375193960627	0.0015665915769974
vmr_mpagominimo_tend6	0.000856287269362544	0.00127044220493718	0.00174955117723068
vm_mfinanciacion_limite_rank_delta2	0.000856245329748984	0.00164927846566508	0.00213262284021909
Visa_msaldopesos_rank_tend6	0.00085608442566866	0.00184835614000791	0.00226412505288676
vmr_msaldototal_delta2	0.000853922835584696	0.00108219630785814	0.00165807137711404
vm_mpagominimo_rank_delta2	0.000852274779366954	0.00181037816367321	0.00183531348984003
Master_mfinanciacion_limite_rank	0.000852236354486081	0.00156781513729855	0.0021269053527118
Visa_cconsumos_delta1	0.000852138111920773	0.00110923128175053	0.00181816102731816
mcuenta_debitos_automaticos_rank_lag1	0.000850841382874122	0.00152084258856022	0.000611771163280008
vmr_Visa_mlimitecompra_lag2	0.000850463486418446	0.00142652478141358	0.0019610982150004
Master_mconsumospesos_rank_lag2	0.000848512119927005	0.0015142894049243	0.00186390092737647
vmr_Visa_mlimitecompra_lag1	0.000844896008252339	0.00127096083101509	0.00160089650204114
vm_msaldopesos_rank_lag1	0.000839594624531914	0.00114098912585481	0.00149798172690993
mcomisiones_mantenimiento_rank_lag2	0.000839331586735723	0.00107642973614644	0.00103486523881945
vm_mlimitecompra_rank_delta1	0.000834450212836782	0.00195574567520782	0.00221266766532115
rf_003_027	0.000824067351969291	0.000861916441132266	0.000869058101108049
ccajas_transacciones_delta2	0.000819838543253386	0.00110811268464301	0.00083475317606431
vmr_msaldototal_lag1	0.000818774602716415	0.00101049835252449	0.00147511177688077
Master_mconsumospesos_rank	0.000817097567530936	0.00166334360073717	0.0022412551028576
mpagomiscuentas_rank_delta2	0.000812515354475265	0.00113939192500974	0.000617488650787298
Visa_mpagado_rank_delta1	0.000812353536762825	0.00100240796254592	0.000886210563629919
ccallcenter_transacciones_tend6	0.000807424530547649	0.00243300737708348	0.000897645538644498
vm_mlimitecompra_rank_tend6	0.000805441955268243	0.0017751755637068	0.00189248836491292
vm_mpagominimo_rank_lag2	0.000795286092903319	0.00118266447469511	0.0016237664520703
Master_msaldopesos_rank_delta2	0.000793904511979132	0.00136372575055122	0.0021269053527118
Visa_msaldopesos_rank_delta2	0.000793609447095516	0.00109198313536198	0.00209260042766807
rf_014_022	0.000790997584669703	0.0011922584200037	0.00264719671587518
Master_cconsumos	0.000790738531898596	0.00124745942149187	0.00253284696572938
Master_cconsumos_delta1	0.000780459854724754	0.000897306462155858	0.00195538072749311
mtarjeta_visa_consumo_rank_tend6	0.000779907115281428	0.000951888066566173	0.000914798001166367
vm_mlimitecompra_rank	0.000777102105165021	0.00128465793739267	0.00164663640209946
cdescubierto_preacordado_lag2	0.000776452208689159	0.00139856391057098	0.000697533475889355
vm_fultimo_cierre_lag2	0.000773666464845835	0.00145303938686497	0.00142365438931516
Master_fultimo_cierre_delta2	0.000773194302851003	0.000792326381068695	0.00160661398954843
Master_msaldototal_rank_lag2	0.000772861119925694	0.00127214969476567	0.00229271249042321
mrentabilidad_rank_tend6	0.000772182251301261	0.00226718254639199	0.00126356473911105
Master_msaldototal_rank_delta2	0.000768115984697088	0.00101952579577816	0.00161804896456301
Visa_mfinanciacion_limite_rank_lag2	0.000767976106589862	0.00132980064080451	0.00192107580244937
Master_msaldopesos_rank	0.000764931242615948	0.00155322976381254	0.00204686052760975
mtarjeta_master_consumo_rank	0.000764724063314055	0.000998812661311232	0.000325896787915518
vmr_msaldopesos_tend6	0.000762894858366246	0.00129899659746539	0.00153228665195367
vmr_msaldopesos2_tend6	0.000760639520267671	0.00167255643662532	0.00142365438931516
vm_mpagominimo_rank_tend6	0.000757241178305886	0.000846257069832912	0.00138363197676413
ccajas_transacciones_tend6	0.000755324719079504	0.00129442585895665	0.000514573875656082
Visa_mconsumosdolares_rank_lag1	0.000754511558862787	0.00118430825124622	0.002407062240569
cliente_antiguedad_lag1	0.000752743437279451	0.0014116601617347	0.00154372162696825
Master_fultimo_cierre_lag2	0.000746527994246785	0.00127851876003266	0.0020182730900733
Master_mconsumototal_rank_lag1	0.000743594694517496	0.00122607963810015	0.00182959600233274
vm_mfinanciacion_limite_rank_lag2	0.000739313059908914	0.0010913069684537	0.00175526866473797
Master_mconsumototal_rank_tend6	0.000737011319090439	0.00144972915703709	0.00204686052760975
Master_mpagospesos_rank	0.00072703245810428	0.00158023381726134	0.00146367680186619
ctrx_quarter_lag1	0.000726824532381419	0.00134199411383581	0.000954820413717396
mttarjeta_visa_debitos_automaticos_rank_lag1	0.000723525102319544	0.00119677912408563	0.0015151341894318
mcaja_ahorro_rank_lag2	0.000721066793582193	0.00170938936834103	0.00122354232656002
Master_msaldopesos_rank_delta1	0.000720587401624215	0.00139394435989014	0.00165807137711404
Master_Fvencimiento_delta1	0.000719265651791676	0.00110145202060896	0.00153228665195367
mpayroll_rank_tend6	0.000717421720090747	0.00153529322796862	0.000423094075539445
mpayroll_rank_lag1	0.000715290512777942	0.00107396192587268	0.000400224125510286
cliente_edad	0.000714128854396684	0.00182365382622495	0.00126928222661833
Visa_mpagado_rank_delta2	0.000713485169178608	0.00135664476092436	0.00104058272632674
mcaja_ahorro_dolares_rank_lag1	0.000711317840762275	0.00150033003389267	0.000920515488673657
thomebanking_delta2	0.000710926091458611	0.00127330555763911	0.00109775760139964
ccaja_seguridad_lag2	0.000708427106286436	0.000808101060397406	0.000131502212667665
Visa_mconsumosdolares_rank_delta1	0.000705593326100147	0.00123022786656086	0.00205829550262433
mpayroll_rank_delta2	0.000704300268686936	0.00104533352192103	0.000423094075539445
thomebanking_lag1	0.00070266213209524	0.00108516454041627	0.00185818343986918
rf_013_026	0.000697565348421632	0.00119311009748711	0.000806165738527861
vmr_msaldototal_lag2	0.000692037365127422	0.00083171663371153	0.00144080685183703
Master_status_tend6	0.000691366720763082	0.000717982530349644	0.000760425838469543
mcomisiones_mantenimiento_rank_lag1	0.000688690917897945	0.00164135175379584	0.00121210735154544
vm_mconsumospesos_rank_tend6	0.000687016690895922	0.00126344341844086	0.0015665915769974
vmr_Master_mlimitecompra_delta1	0.000682759528313021	0.00119565987684263	0.000886210563629919
vm_msaldototal_rank_delta2	0.000682620186284648	0.0011937172980233	0.00165807137711404
vm_mpagospesos_rank_lag1	0.000681582641711082	0.000755646101164515	0.00111491006392151
tcallcenter	0.00067944606439255	0.00107224260357839	0.000829035688557021
Master_mconsumospesos_rank_delta1	0.000676165471961108	0.00119801388740135	0.00195538072749311
vm_msaldototal_rank_tend6	0.000672215362865406	0.00117532735769317	0.00140650192679329
ctarjeta_visa_transacciones_lag2	0.000668919640110051	0.00133014131179787	0.00158946152702656
cliente_antiguedad_lag2	0.000667513838246698	0.00156038780749691	0.00134932705172039
rf_008_021	0.000666109902331621	0.00089567420600552	0.000777578300991412
cliente_antiguedad	0.000662269914104765	0.00126351217676959	0.00118351991400899
Visa_fechaalta_tend6	0.00065900012017721	0.000848277326839813	0.000823318201049731
mcaja_ahorro_dolares_rank	0.000655750806907823	0.00191744439949988	0.000800448251020572
vmr_msaldopesos2_lag2	0.000655635406234661	0.00121188993706941	0.00164091891459217
vm_msaldopesos_rank_delta1	0.000654740985451676	0.00118693071574879	0.0010634526763559
Master_mconsumospesos_rank_lag1	0.000653403036916703	0.000990760421282838	0.00146939428937348
Master_msaldototal_rank_tend6	0.000650692117745062	0.00127096829457044	0.00159517901453385
rf_008_017	0.000649759218360787	0.000716122726780074	0.00056603126322169
Master_cconsumos_lag2	0.000649222751805319	0.00118148429675459	0.00196681570250769
Master_Fvencimiento_delta2	0.000648683175344042	0.000953036153819226	0.00130930463916936
vm_mlimitecompra_rank_delta2	0.000647454303203664	0.00133167396719214	0.00172096373969423
vmr_mpagospesos	0.000647241852650279	0.000880098858216055	0.00114349750145796
Master_delinquency_tend6	0.000647222270171958	0.00123170076150148	0.000731838400933094
mcomisiones_mantenimiento_rank	0.000645222401316146	0.00186377732767152	0.000891928051137208
mpasivos_margen_rank	0.000644631184734528	0.00172521330193398	0.00133789207670581
cmobile_app_trx_lag1	0.000644565487666315	0.00175508624723902	0.00101771277629758
vm_mfinanciacion_limite_rank_delta1	0.000642959679637322	0.00151992727581569	0.00181244353981087
rf_011_018	0.000640952704332152	0.000452276319103184	0.000177242112725984
rf_005_021	0.000638070663189674	0.000601025627379704	0.000405941613017576
vm_mconsumospesos_rank_delta2	0.000636736506343596	0.00114624716159131	0.00128071720163291
vm_msaldototal_rank_delta1	0.000636665959391581	0.00101907046689092	0.00146939428937348
Visa_status	0.000635290278559787	0.00149952831281981	0.000811883226035151
mcomisiones_mantenimiento_rank_delta1	0.000634540956876256	0.00176811452023658	0.00108060513887777
vmr_Master_mlimitecompra_tend6	0.0006330152198816	0.00194835160633752	0.00127499971412562
mrentabilidad_annual_rank_tend6	0.000632375579050697	0.00161014675890133	0.00124069478908189
vm_mpagospesos_rank_lag2	0.000631007347037763	0.000851353871969495	0.00126356473911105
Visa_mpagosdolares_rank_delta1	0.000630242620228088	0.00114926522053289	0.0019610982150004
vmr_msaldototal_tend6	0.000630024493118695	0.00161416576643334	0.00147511177688077
ccajas_otras_tend6	0.00062962963126425	0.00188837679002098	0.00026872191284262
vmr_mpagospesos_tend6	0.000629452379683463	0.00151851598771349	0.00132645710169123
Master_cconsumos_delta2	0.000628985459009071	0.000775640523857124	0.00152656916444638
Visa_mpagado_rank_tend6	0.000625611888742159	0.00108434360133852	0.00118923740151628
vmr_mconsumospesos_delta2	0.000625494351319389	0.00115431003783621	0.00109775760139964
rf_014_020	0.000624275897029571	0.00114279975317641	0.000120067237653086
mcaja_ahorro_dolares_rank_lag2	0.000623799396519044	0.0013203189348858	0.00105773518884861
mplazo_fijo_dolares_rank_delta2	0.000623656893648631	0.00157381669397941	0.000245851962813461
Master_mconsumospesos_rank_delta2	0.000623006049933818	0.00114190969169405	0.0015665915769974
mcuenta_debitos_automaticos_rank_delta1	0.000621450120788895	0.00099174485643198	0.00057174875072898
vm_msaldopesos_rank_tend6	0.000616586849901317	0.00124091827836511	0.00158946152702656
Master_mpagominimo_rank_delta2	0.000615887099323159	0.00112547548892544	0.00154943911447553
ccallcenter_transacciones_delta1	0.000613245212061076	0.000720315736572891	0.000114349750145796
Master_mconsumototal_rank_delta2	0.000608869726459167	0.00150630022803781	0.00146939428937348
Visa_delinquency_delta2	0.000606467089226578	0.00117789170008352	0.000680381013367486
ctarjeta_visa_transacciones_delta1	0.000602626602714099	0.000908526968427949	0.000211547037769722
Master_mpagospesos_rank_delta2	0.000598591567704825	0.00121744412252136	0.00156087408949011
ctarjeta_visa_transacciones_tend6	0.000596918869751395	0.00159604464412294	0.000720403425918514
Master_msaldototal_rank_delta1	0.000595843344482905	0.00131068990826652	0.0017381162022161
ccaja_ahorro	0.000595151452641955	0.00120001752694529	9.71972876239265e-05
mcuenta_corriente_rank_delta2	0.000594595327891529	0.00195911889016134	0.000989125338761135
ccuenta_debitos_automaticos_tend6	0.000593125970805753	0.000804640415224062	0.000177242112725984
rf_011_028	0.000592578643110376	0.000701379318360738	0.000428811563046735
vmr_msaldopesos2	0.000592201560128093	0.000911010980077953	0.00128071720163291
Master_mconsumototal_rank_lag2	0.000589234005703548	0.0010389092731542	0.00143508936432974
vm_mlimitecompra_rank_lag2	0.00058698730410789	0.00114121225235275	0.00137791448925684
mpagomiscuentas_rank_tend6	0.000585202073666948	0.00179015346299233	0.000771860813484123
numero_de_cliente	0.000582788106175387	0.0021948291764747	0.000817600713542441
thomebanking_tend6	0.0005791572057199	0.00310649159230713	0.00057746623823627
Visa_fultimo_cierre	0.000578903167881049	0.000987199473207097	0.00125784725160376
mtransferencias_recibidas_rank_delta1	0.000578144660438685	0.00118856942124313	0.0011778024265017
vmr_mconsumospesos_lag2	0.000577912133214899	0.000978732524756476	0.00128071720163291
ccomisiones_otras_delta1	0.00057567588183912	0.00098792510242296	0.00108632262638506
mttarjeta_visa_debitos_automaticos_rank_delta1	0.000570861289698592	0.0016249495116876	0.001006277801283
mextraccion_autoservicio_rank_delta2	0.000568348353793168	0.00162053925262161	0.00125212976409647
vm_mlimitecompra_rank_lag1	0.000567551423490428	0.00128463996764791	0.0013436095642131
ccaja_seguridad	0.000563364982681522	0.00105883899436349	8.57623126093469e-05
mpayroll_sobre_edad_rank_delta1	0.000562597151090313	0.00086950526458801	0.000211547037769722
Master_mpagosdolares_rank	0.000561974701304081	0.00111820125302746	0.0021269053527118
ctarjeta_debito_transacciones_lag2	0.000560412969260978	0.00119176728165403	0.00113206252644338
vmr_msaldopesos2_lag1	0.000558667036822093	0.00109524749163014	0.00136076202673497
vm_mfinanciacion_limite_rank_tend6	0.000553217427552958	0.000962462416183905	0.00120638986403815
rf_014_017	0.000551679705459148	0.000538265240570482	0.000583183725743559
mpagomiscuentas_rank_lag1	0.000550645036298409	0.00128999180493197	0.000628923625801878
vm_msaldopesos_rank_lag2	0.000549077402407998	0.00127641884842632	0.00145224182685161
vm_mpagospesos_rank_delta1	0.000548689185599274	0.00123181932020825	0.00120638986403815
rf_020_027	0.000547251473598586	0.000955459182760876	0.000914798001166367
chomebanking_transacciones_tend6	0.000546842859426683	0.00110518015752564	0.00122925981406731
vm_msaldopesos_rank_delta2	0.000545705690506394	0.00100637511527176	0.00137791448925684
vmr_mconsumospesos_lag1	0.000542692592628919	0.0010018236987896	0.00127499971412562
mautoservicio_rank_tend6	0.000541634428773195	0.00171739578682055	0.00106917016386319
vmr_msaldopesos2_delta2	0.000541253227097571	0.00113010879647312	0.00136076202673497
vm_mconsumototal_rank_delta2	0.000533876448458922	0.000816240002493882	0.00114349750145796
cproductos_lag1	0.000528331169982375	0.000637085053902544	0.000142937187682245
mv_status07_rank_delta2	0.000528321434601969	0.00125086709362602	0.000331614275422808
ctransferencias_emitidas_tend6	0.000528218625796735	0.00161428744579043	0.000651793575831037
vm_mconsumospesos_rank	0.000525994135884097	0.00078778814933413	0.000691815988382065
Master_mconsumosdolares_rank_delta1	0.000525654341173831	0.000739544377682175	0.00170381127717236
matm_other_rank	0.000525093182515205	0.00055801835897703	0.000228699500291592
ccomisiones_otras_lag2	0.000524541563010078	0.00138588717883207	0.00137791448925684
vm_mpagado_rank_tend6	0.000523313892269789	0.0012849194999004	0.000663228550845616
tcallcenter_lag2	0.000521773629925718	0.000918675921396106	0.00122354232656002
vm_mpagospesos_rank_tend6	0.00051929219332174	0.000976231193497191	0.00124069478908189
rf_016_015	0.00051896320705377	0.000836542589405679	0.00126356473911105
rf_019_018	0.00051842432866226	0.000986793762659963	0.00144080685183703
Visa_fultimo_cierre_tend6	0.000515337155187217	0.000955487684700473	0.000966255388731976
rf_003_023	0.000514606049313519	0.000633629375764295	0.000383071662988416
rf_017_025	0.000511053201063788	0.000852437153717551	0.00120067237653086
vmr_mpagospesos_lag2	0.000507085414734944	0.00076686132833648	0.00120638986403815
ctarjeta_debito_transacciones_delta2	0.000506203657469204	0.00132515152196188	0.000811883226035151
mcuenta_debitos_automaticos_rank_delta2	0.000503975746185649	0.00174863578500949	0.000634641113309167
cpagomiscuentas_tend6	0.000503766998709407	0.00169554907612456	0.000463116488090474
ccajas_transacciones_delta1	0.000503181577358665	0.00144503211020661	0.000388789150495706
Visa_msaldodolares_rank_lag2	0.00050115081365814	0.000867436871549909	0.00084618815107889
vm_msaldototal_rank_lag1	0.000499657909863357	0.000772602622780583	0.000909080513659078
Visa_fultimo_cierre_lag2	0.000497360973288189	0.00109469799711947	0.00104630021383403
mcaja_ahorro_dolares_rank_tend6	0.000497175383296275	0.00148939228454507	0.000634641113309167
Visa_fultimo_cierre_delta2	0.000496653896669793	0.000549804521272852	0.000731838400933094
ctarjeta_debito_transacciones_lag1	0.000492752141829776	0.000581797142302936	0.000297309350379069
mpayroll_sobre_edad_rank_lag2	0.00049148962968293	0.000775378623278944	0.000594618700758139
rf_011_015	0.000488739626991985	0.000690005900222924	0.00111491006392151
vmr_msaldopesos_lag1	0.000488103256380335	0.000706206470304177	0.00120638986403815
mttarjeta_visa_debitos_automaticos_rank_delta2	0.000487662834394142	0.00148262871706668	0.00108060513887777
mtransferencias_emitidas_rank_lag2	0.000487625193978976	0.00121381745875094	0.0008404706635716
ctransferencias_recibidas_tend6	0.000487003574798189	0.00183578215568081	0.000897645538644498
vmr_Visa_mlimitecompra_tend6	0.000474606690251195	0.00117846532762333	0.000657511063338327
mcuenta_debitos_automaticos_rank_tend6	0.000473924262456856	0.00191956090256376	0.000611771163280008
mtarjeta_master_consumo_rank_lag2	0.00047088146568846	0.00101722395209064	0.00119495488902357
vm_msaldototal_rank_lag2	0.000469217568355478	0.000733926322920327	0.00116636745148712
Master_mconsumototal_rank_delta1	0.000468178891248444	0.000959966025954295	0.0014579593143589
vmr_msaldopesos_delta1	0.000467559063231245	0.000938219592155284	0.00136076202673497
mtransferencias_emitidas_rank_tend6	0.000466893250795179	0.00106547375699988	0.000640358600816457
vm_fultimo_cierre_lag1	0.000466696455020547	0.00124456371804829	0.00085190563858618
rf_002_021	0.00045829384584579	0.000972459445492275	0.00126928222661833
vm_mpagospesos_rank_delta2	0.000456927083950794	0.000998569198575365	0.00108632262638506
Master_mpagado_rank_tend6	0.000456724604315589	0.00125060818367106	0.000983407851253845
rf_003_025	0.000456201829851565	0.000886262480670251	0.000897645538644498
vm_mconsumospesos_rank_lag2	0.000453909684976396	0.000723162601838955	0.000960537901224686
Visa_msaldodolares_rank	0.000447098368755893	0.000506888583902902	0.000445964025568604
cproductos_delta1	0.000437331151288308	0.00105134147593505	0.000114349750145796
ctarjeta_visa_debitos_automaticos_tend6	0.000437113852843036	0.00120607533334819	0.000417376588032155
mpagomiscuentas_rank_lag2	0.00043657058892898	0.00102463456040764	0.00085190563858618
mtransferencias_emitidas_rank_delta2	0.000432750164892389	0.0016473534405038	0.000686098500874776
Master_mpagado_rank_delta2	0.000432458915927269	0.000781892408704563	0.00084618815107889
vm_mconsumototal_rank_delta1	0.000428581908732366	0.000713842207536412	0.001006277801283
Master_mpagado_rank_lag2	0.000427280433735583	0.000533394321506293	0.000651793575831037
vm_mconsumosdolares_rank_lag2	0.000424862598638634	0.00114565376993279	0.000903363026151788
rf_018_020	0.000423821302495691	0.000537356013094074	0.000142937187682245
vmr_msaldopesos2_delta1	0.000423194235378827	0.000796973471488619	0.0011778024265017
mtarjeta_visa_consumo_rank_delta1	0.000422237089975306	0.00102598379957929	0.00085190563858618
vm_fultimo_cierre	0.000422052115497046	0.000926295353230414	0.000949102926210106
mtarjeta_visa_descuentos_rank_delta1	0.000421017565563121	0.000744155034509603	0.000920515488673657
rf_012_013	0.000419434648252869	0.00087627697176265	0.000766143325976833
rf_019_019	0.000412390147749826	0.000833441443149301	0.00113778001395067
rf_004_015	0.000411623780093295	0.000572647109502493	0.00057174875072898
vmr_mconsumospesos_tend6	0.000411135443490788	0.00131259810792148	0.00104630021383403
vm_cconsumos	0.000409895663082143	0.000623803462115187	0.00026872191284262
mcaja_ahorro_dolares_rank_delta1	0.000408777567055952	0.00112207023529529	0.000463116488090474
Visa_Fvencimiento_delta2	0.000403366125725693	0.000460582111970151	0.000657511063338327
mtarjeta_master_consumo_rank_delta2	0.000402089139224313	0.000892342131625396	0.000686098500874776
vm_cconsumos_lag2	0.000402025827456689	0.000848844635062731	0.000748990863454963
Master_msaldodolares_rank_tend6	0.000401536706173236	0.000929039185025051	0.000817600713542441
mttarjeta_visa_debitos_automaticos_rank	0.00039885231713517	0.000662931242060616	0.000903363026151788
mplazo_fijo_dolares_rank_tend6	0.000395942105207026	0.00210050088914406	0.000257286937828041
ctarjeta_visa_transacciones_lag1	0.000395147776395606	0.000854977181040814	0.000674663525860196
rf_008_022	0.000394732102140693	0.000553739947387098	0.000434529050554025
ccallcenter_transacciones_delta2	0.000390569698669837	0.000781833636456853	0.000417376588032155
matm_other_rank_tend6	0.000390485023744368	0.000942116608265164	0.000383071662988416
catm_trx_lag2	0.000387392139765175	0.00089293760371746	0.000520291363163372
vm_mconsumospesos_rank_delta1	0.000387065234022844	0.00073248889937169	0.001006277801283
mtarjeta_visa_consumo_rank_lag1	0.000386242006496125	0.000662721456342795	0.000663228550845616
vm_status04	0.000381350834978605	0.000755793499881338	0.000445964025568604
Visa_msaldodolares_rank_tend6	0.000381067899682943	0.0011762063668723	0.000674663525860196
vmr_mconsumosdolares_lag2	0.000380469002272364	0.000618561965825392	0.000748990863454963
rf_001_018	0.000378891707915038	0.000531872822436927	0.000428811563046735
rf_004_026	0.000377307652416396	0.000654153528848874	0.000388789150495706
Master_msaldodolares_rank_delta2	0.000373807343812895	0.000551466865693367	0.000617488650787298
vm_status04_delta2	0.000369394315153596	0.000976968421130081	0.000263004425335331
mextraccion_autoservicio_rank_tend6	0.000369194098593064	0.0011094876431744	0.00056603126322169
vmr_msaldototal_delta1	0.000367952958445744	0.000656133607482894	0.00101199528879029
rf_015_017	0.000367055075338821	0.000859136929902294	0.000628923625801878
Visa_fultimo_cierre_lag1	0.000365069070352966	0.000658375118597546	0.0008404706635716
mtransferencias_emitidas_rank_lag1	0.000361482847121471	0.000991621278679273	0.000777578300991412
thomebanking_delta1	0.00036057005507491	0.000976563412729269	0.000583183725743559
ccaja_ahorro_lag2	0.000355874382059846	0.000681920217225257	0.000165807137711404
cextraccion_autoservicio_tend6	0.000355712600933947	0.000946225724575187	0.000543161313192531
matm_rank_delta2	0.00035547285509442	0.00107030782638486	0.000863340613600759
mautoservicio_rank_delta1	0.000355315826464092	0.000971562960671343	0.000588901213250849
mplazo_fijo_dolares_rank_delta1	0.000351421943895235	0.00169817115054584	0.000205829550262433
cmobile_app_trx	0.000349205655308874	0.00102553382780844	0.000400224125510286
mpagomiscuentas_rank	0.000343786160557655	0.0010554086715091	0.000451681513075894
mpayroll_sobre_edad_rank_tend6	0.000341245320096849	0.00112773835048937	0.000451681513075894
rf_018_016	0.000338396886774421	0.000924923515349354	0.000600336188265429
mpayroll_sobre_edad_rank	0.000338234116290408	0.00122928337573582	0.000320179300408229
matm_rank_tend6	0.000335717713435467	0.00107503844621171	0.000514573875656082
vm_fultimo_cierre_delta2	0.000334665802115398	0.000507837625676321	0.000668946038352906
rf_010_021	0.000331499327619607	0.000669789417254564	0.000474551463105053
mpayroll_sobre_edad_rank_lag1	0.000327941346303827	0.0016375123396898	0.000468833975597763
vmr_mpagospesos_delta1	0.000324510313027008	0.000892238682067259	0.00084618815107889
rf_005_013	0.000323551957842988	0.000858876745681791	0.000463116488090474
active_quarter_lag1	0.000323409229758129	0.000520000308291126	0.00057746623823627
mtarjeta_visa_descuentos_rank_delta2	0.000319581557655533	0.000532414905403084	0.000731838400933094
Master_mpagado_rank	0.000319341937689067	0.000780083263691869	0.000960537901224686
tcallcenter_tend6	0.000318656940665595	0.00107911125895634	0.000360201712959257
rf_003_019	0.000316620660268396	0.000727748787566784	0.000137219700174955
Visa_msaldodolares_rank_lag1	0.000315910032202534	0.000670099739923556	0.000623206138294588
matm_other_rank_delta2	0.000310485193499558	0.000960690250877514	0.000628923625801878
Visa_msaldodolares_rank_delta1	0.000310130659074733	0.000543643681398525	0.000588901213250849
mautoservicio_rank_lag1	0.000309328364393931	0.00121630347281824	0.000714685938411225
vm_status06_delta2	0.00030925237139793	0.000609427484265715	0.000182959600233274
ccomisiones_otras	0.000308690233032907	0.00127442932982508	0.0005603137757144
rf_020_012	0.000307226763325934	0.000714617429086958	0.000108632262638506
Visa_mpagado_rank	0.000301764099892291	0.00130236908426717	0.000548878800699821
rf_019_022	0.000300131478121868	0.000720771117470966	0.000903363026151788
vmr_mpagado_tend6	0.00030007310109278	0.000696815367266446	0.000508856388148792
rf_004_016	0.000294612926148563	0.000428113747798648	0.000668946038352906
mplazo_fijo_dolares_rank_lag1	0.000291737306146766	0.00104824277418809	0.000222982012784302
ctarjeta_debito_tend6	0.000291262410372727	0.00279644432070544	0.000325896787915518
rf_004_021	0.00029011597757867	0.000623582754121242	0.000485986438119633
Master_msaldodolares_rank_delta1	0.000289447564601727	0.00044927245912056	0.000726120913425804
tcuentas_lag2	0.000289299195855979	0.000784070284558088	0.000108632262638506
ccaja_ahorro_lag1	0.000288813764732768	0.000486402944844366	8.57623126093469e-05
rf_002_020	0.00028859215321596	0.00110485025277589	0.000160089650204114
vm_mconsumospesos_rank_lag1	0.000287626296364082	0.000552731353203389	0.000657511063338327
Visa_mpagado_rank_lag2	0.000287165722325632	0.000950280203499176	0.00055459628820711
mtarjeta_master_consumo_rank_delta1	0.000281676916027751	0.000712275849118683	0.000314461812900939
mtarjeta_master_descuentos_rank_delta2	0.000278547526684992	0.000473993938897566	0.000657511063338327
ctarjeta_master_transacciones_delta2	0.000278528885297246	0.000956639230674298	0.000428811563046735
rf_019_023	0.000277395907873756	0.000850322106957153	0.000491703925626922
mv_status07_rank_delta1	0.000275875744810649	0.00143308776909259	0.000331614275422808
rf_013_025	0.000274322375479804	0.000592188621811865	0.000783295788498702
rf_008_015	0.000273826562710262	0.000675127705715144	0.000474551463105053
vm_Fvencimiento_delta1	0.000272432532464275	0.000404733861600009	0.000468833975597763
mpagomiscuentas_rank_delta1	0.000272293118167081	0.000947082915207496	0.000411659100524865
vmr_mconsumosdolares_tend6	0.000269567585956645	0.0010098147740717	0.000514573875656082
mextraccion_autoservicio_rank	0.000267854239293558	0.000677133867784763	0.000531726338177951
mextraccion_autoservicio_rank_delta1	0.000267730419090413	0.000825411905851991	0.000405941613017576
ctarjeta_master_transacciones_tend6	0.000266739104606719	0.0015755236376941	0.000457399000583184
rf_013_018	0.00026346683854387	0.000212326577318071	0.000102914775131216
rf_013_017	0.000262575266031205	0.0006509386348883	0.00057746623823627
cpagomiscuentas	0.000261885572893565	0.000142054265078097	1.71524625218694e-05
rf_005_008	0.000261812769190467	0.000596061140816727	0.0002801568878572
ctrx_quarter	0.000261022628670462	0.000602490564662004	0.000474551463105053
rf_011_025	0.000258053869838084	0.000670543236344993	0.00057174875072898
matm_other_rank_lag2	0.00025332543846474	0.000657688575526952	0.000611771163280008
mtransferencias_emitidas_rank_delta1	0.000251789164513219	0.000815482932726036	0.000417376588032155
rf_016_022	0.000245895640579537	0.000843965992388997	0.000480268950612343
ctransferencias_recibidas_delta2	0.000245868746620022	0.00096745186794945	0.000411659100524865
mtarjeta_master_consumo_rank_tend6	0.000241507204841424	0.00141119177812695	0.000485986438119633
vmr_mconsumosdolares_delta2	0.000240917382789629	0.000775420726052857	0.000434529050554025
catm_trx_delta2	0.00024077412536894	0.00123106726948634	0.000497421413134212
vm_mconsumosdolares_rank_lag1	0.000240613682334099	0.000809791074584099	0.00057174875072898
rf_020_024	0.00023924675257174	0.00103218926475321	0.000463116488090474
catm_trx_other_tend6	0.000239034026705511	0.000829894147918714	0.000400224125510286
ctransferencias_recibidas_lag2	0.000234858324234653	0.000704452846861776	0.000400224125510286
vm_cconsumos_lag1	0.00023469870928373	0.000516089405287317	0.000445964025568604
vm_mconsumosdolares_rank_delta2	0.000232790907344343	0.000726161052694357	0.000423094075539445
rf_010_015	0.000230079717337364	0.00025326090173426	0.000343049250437388
tcuentas_lag1	0.000228719703501069	0.00105888978294746	0.000114349750145796
Visa_mpagado_rank_lag1	0.000227749357413562	0.00058433753370207	0.0005603137757144
mprestamos_prendarios_rank_lag1	0.000227406238524607	0.00115225004454856	0.000120067237653086
Master_mpagado_rank_delta1	0.000225789230778194	0.000584949467224576	0.000531726338177951
cextraccion_autoservicio_lag2	0.00022147417260871	0.00053498993602078	0.000417376588032155
ccajas_extracciones_tend6	0.000221242066501617	0.00208036598517618	0.00029159186287178
vm_status01_lag2	0.000219040330256891	0.00179863630075417	0.000428811563046735
mforex_sell_rank_tend6	0.000215586288566839	0.00185678509454087	0.000377354175481127
ctarjeta_visa_tend6	0.000215249649215442	0.000361578206274576	7.43273375947674e-05
active_quarter	0.000214858842654791	0.000516599553598524	0.000440246538061314
rf_004_009	0.000213639287903058	0.00074798669900068	0.00029159186287178
ctarjeta_visa_debitos_automaticos_delta2	0.000209853162052425	0.000577713459293028	0.000377354175481127
vmr_mconsumosdolares	0.000206935922691976	0.000774537556006627	0.000434529050554025
rf_008_023	0.000205950319469031	0.000537882050716497	0.000320179300408229
rf_013_022	0.000204830257523427	0.000820350809156163	0.000148654675189535
mplazo_fijo_dolares_rank_lag2	0.00020394177780941	0.001685494236769	0.00026872191284262
vmr_msaldodolares_tend6	0.000202692912882791	0.000991001465514707	0.000308744325393649
vmr_mpagado_delta2	0.000202480754294179	0.000975939464703027	0.000297309350379069
mcheques_emitidos_rank_lag1	0.000198849244815257	0.0019891003560813	0.000200112062755143
ctarjeta_debito_transacciones_delta1	0.000191527479570396	0.00168082168704354	0.000303026837886359
rf_012_018	0.000190352222556209	0.000506934431457199	0.00028587437536449
catm_trx_tend6	0.000188258596957345	0.00135740136259466	0.000428811563046735
rf_001_026	0.000187699219815373	0.000674560475508485	0.000360201712959257
matm_other_rank_lag1	0.000187341394125549	0.000592664677018316	0.000308744325393649
vm_mconsumosdolares_rank_tend6	0.000185679233524353	0.000886606844433161	0.000400224125510286
ctarjeta_visa_debitos_automaticos_lag2	0.000184921948051076	0.000970304090331899	0.000423094075539445
mplazo_fijo_dolares_rank	0.000184656080589131	0.00143939624173252	0.000148654675189535
cprestamos_personales_lag1	0.000183981589167748	0.000642865772562368	7.43273375947674e-05
vm_mpagado_rank_delta2	0.00018199898070721	0.000694427211592132	0.000245851962813461
rf_015_015	0.000180228212127173	0.000292748726710462	0.000240134475306171
vmr_mpagado_lag2	0.000180132095089807	0.00038762747075228	0.000343049250437388
rf_011_022	0.000177789825206875	0.000491173847065771	0.000320179300408229
rf_001_023	0.00017757396937599	0.00064045252165839	0.000371636687973837
rf_015_021	0.000168887800138152	0.000524129968882428	0.000411659100524865
rf_005_015	0.000164861096020581	0.000554062908689891	0.000371636687973837
rf_007_015	0.000164557517870477	0.00024718697197137	0.000331614275422808
rf_010_018	0.000164193249587951	0.000899066560947675	0.000303026837886359
matm_rank_delta1	0.000163935438540296	0.000542771875720548	0.000314461812900939
rf_017_016	0.000163477185753229	0.000482075643066074	0.000200112062755143
internet_delta2	0.000158838343901298	0.000498103823222518	0.000125784725160376
mprestamos_prendarios_rank_lag2	0.000154317334538148	0.00121827161496478	0.000137219700174955
cpayroll_trx_lag2	0.000150450375738282	0.000206787475009342	4.00224125510286e-05
mtarjeta_master_consumo_rank_lag1	0.000149059391182732	0.00029294995664532	0.000360201712959257
ccajas_depositos_tend6	0.000145020865828359	0.00149616510995274	0.000211547037769722
vmr_msaldodolares2_tend6	0.000143908467257304	0.000535114345946906	0.000251569450320751
mforex_sell_rank_lag2	0.000142367575646704	0.00080865544392691	0.0002801568878572
catm_trx_other_lag2	0.000142128980146878	0.000235324625944531	0.000245851962813461
rf_010_016	0.000139030086329159	0.000308237892540231	0.000251569450320751
mv_status07_rank	0.0001385253126662	0.00068736213728191	0.000240134475306171
rf_012_015	0.000136307708842207	0.000574935690426151	0.000182959600233274
vmr_mpagado	0.000133094406232863	0.000756795410672277	0.00027443940034991
vm_mconsumosdolares_rank_delta1	0.000131363765175564	0.000629681076967474	0.000297309350379069
vmr_msaldodolares2_lag2	0.00013108018959026	0.000526892732622345	0.000228699500291592
cseguro_accidentes_personales_lag2	0.000129541076838473	0.000467661203201398	0.000148654675189535
mcajeros_propios_descuentos_rank_lag2	0.00012880053345784	0.00068311285176164	0.0002801568878572
vmr_mpagosdolares_tend6	0.0001283527537958	0.000927578876707394	0.000205829550262433
ccajas_depositos_delta2	0.000128337882576814	0.000842229376490844	0.0002801568878572
ctarjeta_debito_lag2	0.000124477109948913	0.00054441892895449	0.000137219700174955
cpagomiscuentas_delta2	0.000124387407505093	0.000833541017899957	0.000125784725160376
rf_015_018	0.000124307770091595	0.00107621573755068	0.000160089650204114
ctarjeta_master_debitos_automaticos_tend6	0.000123367776254559	0.000710102004105155	0.000108632262638506
cforex_buy_tend6	0.000121827071269569	0.00126454599621006	0.000165807137711404
vmr_mconsumosdolares_delta1	0.000121511258641276	0.000399041041257556	0.000251569450320751
mforex_buy_rank_tend6	0.000120778584749584	0.00155029409003943	0.000154372162696825
vm_cconsumos_delta1	0.000117393260110768	0.000365269077425343	0.000114349750145796
cproductos_lag2	0.000116582358575535	0.000256187785675636	0.000137219700174955
ccomisiones_mantenimiento_delta2	0.000116051749885479	0.000719343992068387	0.000114349750145796
rf_010_022	0.000115811594531225	0.000388510016668445	0.000160089650204114
mtarjeta_visa_descuentos_rank_lag1	0.000114088383417485	0.00033442657207102	0.000297309350379069
ctarjeta_visa_descuentos_lag2	0.000112959207083698	0.000278575331077654	0.000194394575247853
ccheques_emitidos_tend6	0.000110228432855058	0.00086585592409193	0.000114349750145796
mv_status07_rank_lag1	0.000107053242942153	0.000394679126266122	0.000314461812900939
vmr_mpagado_lag1	0.000106782408225691	0.00042471954647172	0.000205829550262433
minversion2_rank_lag1	0.000105925664613399	0.000751201332907061	9.14798001166367e-05
cforex_sell_tend6	0.000105193370767818	0.00117456485279268	0.000154372162696825
vm_msaldodolares_rank_tend6	0.000104152062558526	0.000643244489484227	0.000165807137711404
minversion2_rank_lag2	0.000101965879908529	0.0005353031192859	6.28923625801878e-05
ccuenta_debitos_automaticos_delta2	0.000101145661599639	0.00042958965936791	6.28923625801878e-05
ccajas_otras_delta2	0.000100769048210272	0.000526322875868332	0.000245851962813461
mtarjeta_master_descuentos_rank_lag2	9.82822492246852e-05	0.000317823516114631	0.000245851962813461
mttarjeta_master_debitos_automaticos_rank_delta2	9.7922088735531e-05	0.000604964330176788	0.000165807137711404
mtarjeta_visa_descuentos_rank	9.56206782102623e-05	0.000508579794338885	0.000222982012784302
cproductos	9.53909927445139e-05	0.000276984189495294	2.28699500291592e-05
vm_mpagado_rank_lag2	9.50760118911447e-05	0.000393258346185863	0.000177242112725984
minversion2_rank	9.38783026131815e-05	0.000847150329981846	8.57623126093469e-05
ccajas_consultas_lag2	9.33863156261049e-05	0.000383288622567801	0.000211547037769722
mv_status07_rank_lag2	9.1912602511657e-05	0.000420179598379479	0.000240134475306171
cforex_tend6	9.14312995294088e-05	0.000962787691969019	0.000148654675189535
vmr_msaldodolares_delta2	9.02035598846544e-05	0.000724983423284933	0.000188677087740563
ctarjeta_visa_descuentos_tend6	8.84347574978611e-05	0.00113517634251294	0.000148654675189535
cseguro_accidentes_personales_lag1	8.8030170467256e-05	0.000398836742683216	9.71972876239265e-05
rf_005_018	8.59669587631236e-05	0.000626237309311283	0.000160089650204114
ctransferencias_recibidas_lag1	8.50842092840175e-05	0.000558946024295751	8.57623126093469e-05
rf_017_018	8.40957066843966e-05	0.000519085723698333	0.000200112062755143
ctarjeta_master_transacciones_delta1	8.15019481340334e-05	0.000765215445346407	0.000108632262638506
vm_status04_delta1	7.97831887318761e-05	0.000244958099490518	6.28923625801878e-05
matm_other_rank_delta1	7.96619428564126e-05	0.000288929570826087	0.000137219700174955
mttarjeta_master_debitos_automaticos_rank_lag1	7.92376175745711e-05	0.000644420584573909	0.000182959600233274
ctarjeta_debito_transacciones	7.88859433506154e-05	0.000393777232317968	0.000154372162696825
rf_003_018	7.75395758844132e-05	0.000352693688805602	0.000154372162696825
vm_mpagosdolares_rank_lag2	7.74146215510409e-05	0.00036774663973135	0.000154372162696825
ccajas_extracciones_delta2	7.60123763876002e-05	0.000615921219513022	0.000182959600233274
vmr_mpagado_delta1	7.5577085070875e-05	0.000642000520250064	0.000142937187682245
vm_mpagado_rank_lag1	7.48473159107638e-05	0.000370802016449689	0.000160089650204114
mttarjeta_master_debitos_automaticos_rank_lag2	7.39927689808128e-05	0.000326236789379733	0.000171524625218694
vm_mpagado_rank_delta1	7.34613450977823e-05	0.00048232113422465	0.000137219700174955
ctarjeta_debito_lag1	7.28878102740803e-05	0.000625126357797048	9.71972876239265e-05
rf_001_016	7.12645611891667e-05	0.000448719401867441	0.000171524625218694
cseguro_vida_lag1	7.08583211435767e-05	0.000338323328126708	7.43273375947674e-05
ctransferencias_emitidas_lag1	6.95482915210771e-05	0.000607673964844991	0.000114349750145796
ctarjeta_master_descuentos_tend6	6.92892100926246e-05	0.000789880701406799	9.14798001166367e-05
cseguro_vida_lag2	6.69096131504964e-05	0.000982836127917599	0.000114349750145796
ctransferencias_emitidas_lag2	6.57496228861332e-05	0.000398704531131288	0.000102914775131216
vm_mpagosdolares_rank_tend6	6.56412718267242e-05	0.000414585130532973	0.000114349750145796
ctransferencias_emitidas_delta1	6.41216323068777e-05	0.000674391388271932	0.000102914775131216
vm_msaldodolares_rank_delta1	5.79387606521818e-05	0.000441668838581211	0.000120067237653086
cextraccion_autoservicio_lag1	5.74472345215968e-05	0.000662421041738571	0.000120067237653086
ccajas_depositos_lag1	5.58213143812805e-05	0.000401815039338628	4.57399000583184e-05
mcaja_ahorro_adicional_rank_tend6	5.45674517463824e-05	0.00133340088306887	0.000125784725160376
catm_trx_lag1	5.38469838732999e-05	0.000290937345231705	7.43273375947674e-05
ctransferencias_emitidas_delta2	5.04322080188989e-05	0.000559518949689246	8.57623126093469e-05
ctransferencias_recibidas_delta1	4.99212118044712e-05	0.000586200275884025	8.57623126093469e-05
cpayroll_trx_lag1	4.93990953088012e-05	8.61593349802378e-06	1.14349750145796e-05
cpagomiscuentas_lag2	4.74909332901005e-05	0.000404050049098445	0.000102914775131216
cplazo_fijo_lag1	4.63831975480106e-05	0.000124768748901949	2.28699500291592e-05
ccomisiones_mantenimiento_lag1	4.17014162968747e-05	0.000420905201589923	9.71972876239265e-05
cplazo_fijo_lag2	3.90913833808395e-05	0.000362152639982393	4.00224125510286e-05
vmr_mpagosdolares_delta1	3.90629114130382e-05	0.000653360051493951	0.000102914775131216
ctarjeta_visa_debitos_automaticos_lag1	3.90505849090714e-05	0.000367793891578292	5.7174875072898e-05
cseguro_vivienda_tend6	3.78648844310091e-05	0.000483537485703473	6.86098500874776e-05
ccheques_emitidos_delta1	3.71456650418031e-05	0.000630254782523549	5.7174875072898e-05
active_quarter_tend6	3.66667626428252e-05	0.000835421339745386	9.14798001166367e-05
rf_002_022	3.59416642375468e-05	0.000352709110019271	6.28923625801878e-05
cliente_edad_delta2	3.58397217593023e-05	0.000412168576940739	8.00448251020572e-05
vm_status05_tend6	3.56039578377045e-05	0.000297930046459902	0.000102914775131216
ccajas_depositos_delta1	3.50190194400428e-05	0.000294607464057838	4.00224125510286e-05
ctarjeta_visa_delta1	3.45336900600216e-05	0.000209044355326824	4.00224125510286e-05
ccomisiones_mantenimiento_lag2	3.27642343765105e-05	0.00023099768824211	6.86098500874776e-05
mtarjeta_visa_descuentos_rank_tend6	3.25419900665087e-05	0.000340415620145183	6.28923625801878e-05
rf_020_020	3.14232575406678e-05	0.000229877374776913	6.86098500874776e-05
mcaja_ahorro_adicional_rank_lag1	3.11912392228274e-05	0.000535955465230061	7.43273375947674e-05
cseguro_accidentes_personales_tend6	3.09126405964979e-05	0.000472466588608849	6.86098500874776e-05
cpagodeservicios_tend6	2.99569849104642e-05	0.000560532510908049	5.7174875072898e-05
cpagomiscuentas_lag1	2.93978565756988e-05	8.42983091559596e-05	3.43049250437388e-05
mcajeros_propios_descuentos_rank_tend6	2.88514714842786e-05	0.000421440835212084	6.86098500874776e-05
cprestamos_prendarios	2.81892078966572e-05	6.44015628183936e-05	5.7174875072898e-06
cseguro_vivienda_lag2	2.79813812434493e-05	2.61650926154471e-05	2.28699500291592e-05
cextraccion_autoservicio	2.74628689790083e-05	0.000448932724322293	5.7174875072898e-05
ccuenta_debitos_automaticos_lag2	2.68779383702989e-05	0.00011686695022444	4.00224125510286e-05
internet_delta1	2.66535980427027e-05	0.000298853810965722	4.57399000583184e-05
cliente_edad_tend6	2.59062041263148e-05	0.000382974919194294	5.14573875656082e-05
ctransferencias_recibidas	2.57972456883538e-05	0.000773364373523911	6.86098500874776e-05
active_quarter_delta1	2.49768111143327e-05	0.0002681635153308	5.14573875656082e-05
cpagomiscuentas_delta1	2.44964909434662e-05	0.000363069851122539	5.14573875656082e-05
ccuenta_debitos_automaticos_delta1	2.25291459696069e-05	0.000232457788516413	2.28699500291592e-05
ccuenta_debitos_automaticos_lag1	2.16186153662659e-05	0.000111524032799217	2.8587437536449e-05
cseguro_accidentes_personales	1.95813075575656e-05	0.000210145112716677	6.28923625801878e-05
ctarjeta_visa_debitos_automaticos_delta1	1.94073435878528e-05	0.000151286370981979	4.00224125510286e-05
mpagodeservicios_rank_tend6	1.8253475036929e-05	0.000117678293302451	3.43049250437388e-05
ctransferencias_emitidas	1.50569322412362e-05	0.000442034266733787	4.00224125510286e-05
cliente_edad_delta1	1.41598006440955e-05	2.95704502672725e-05	2.28699500291592e-05
cextraccion_autoservicio_delta1	1.33822332465227e-05	0.000376036413260003	4.57399000583184e-05
ctarjeta_visa_debitos_automaticos	1.09880937141639e-05	0.000247104846857092	2.28699500291592e-05
catm_trx_delta1	1.05385113660299e-05	0.000142951660088705	3.43049250437388e-05
cpayroll_trx	7.28513288900257e-06	0.000211767798872698	1.71524625218694e-05
ctarjeta_debito	4.38805845692858e-06	0.000134804968377265	1.14349750145796e-05
cseguro_vida	3.4941999844762e-06	0.000282357065163597	2.28699500291592e-05
ccuenta_debitos_automaticos	3.19960811356546e-06	0.000211767798872698	1.71524625218694e-05
ctarjeta_master_transacciones	3.09869694129838e-06	4.32095645597257e-06	1.14349750145796e-05
ctarjeta_master_debitos_automaticos_lag1	2.00577499558889e-06	1.65689628516339e-05	5.7174875072898e-06
catm_trx	1.51023198663906e-06	7.05892662908993e-05	5.7174875072898e-06
