Feature	Gain	Cover	Frequency
rf_008_017	0.047850979111023	0.00296878235748109	0.000245515067773578
vm_status05_delta2	0.0322948323827964	0.00145765272704875	0.000251224720512498
rf_012_022	0.0240877162989898	0.00104169324919979	0.00227815144282925
ctrx_quarter	0.0211495776938229	0.001430333705619	0.000964931312877551
rf_002_015	0.0182877873407705	0.000900410036859126	0.00105628575670028
rf_018_020	0.0156080359686956	0.000321723250305998	0.000154160623950851
Visa_mfinanciacion_limite_rank	0.0146891282316449	0.00198085190794651	0.00326592136666248
rf_016_015	0.012333750280649	0.000796282766847221	0.00151876762855283
Visa_msaldototal_rank_lag2	0.0121425559688251	0.00140780918332396	0.00203834602779459
rf_003_026	0.0121264462366405	0.000519801268299705	0.000376837080768748
mtransferencias_recibidas_rank_lag2	0.0086221883537248	0.0016363791323413	0.00239805415034658
mcaja_ahorro_rank_delta2	0.00792070752744749	0.00276708624221548	0.00145596144842471
ctrx_quarter_normalizado_lag1	0.00790174579568529	0.000843943294389403	0.00081648034166562
rf_004_026	0.00771329135808248	0.00112818868581013	0.00054812666293636
ctarjeta_visa_transacciones	0.00766078066605053	0.00117440535508829	0.000536707357458519
mpayroll_sobre_edad_rank	0.0073583603666456	0.00123299117319481	0.000314030900640623
mcaja_ahorro_rank	0.00721131846209498	0.00172097533940331	0.0008107706889267
cdescubierto_preacordado_tend6	0.00711327014624456	0.00164356555483498	0.000188418540384374
rf_011_028	0.00710676852337865	0.000843903653855503	0.000359708122551986
mextraccion_autoservicio_rank_lag2	0.00676442873635198	0.0010732364878127	0.00135889735186306
Visa_msaldototal_rank	0.00648263932812036	0.00154142463499288	0.00198695915314431
rf_020_027	0.00622523293025781	0.00114260627615705	0.00121044638065113
mcuentas_saldo_rank	0.00612683649464051	0.00306596982537744	0.000770803119754257
vmr_Master_mlimitecompra_tend6	0.00610069702916019	0.00212872406981919	0.00132463943542954
ccomisiones_mantenimiento_tend6	0.00598217150459393	0.00270206232738403	0.000365417775290907
mcuenta_corriente_rank	0.00596664562352496	0.00267776723798316	0.000907834785488347
rf_001_017	0.00578560311114474	0.00109890269171203	0.00203834602779459
cdescubierto_preacordado	0.00552384357000564	0.00185058803476933	0.000719416245103973
mprestamos_personales_rank_lag2	0.00540691399549273	0.00324263828271589	0.000930673396444028
mprestamos_personales_rank_delta1	0.00511441229653569	0.00407843768726125	0.000765093467015336
mprestamos_personales_rank_tend6	0.00504522298822017	0.00275604770786574	0.000633771454020167
vm_fultimo_cierre	0.0050275356176456	0.000733196550071687	0.00104486645122244
mpayroll_rank_lag1	0.00486536414091963	0.000592050907573373	0.000199837845862215
Visa_delinquency_delta2	0.00460870550401963	0.00109388003812463	0.000610932843064485
ctrx_quarter_normalizado_delta2	0.00455863253924141	0.00199059675966856	0.00230099005378493
active_quarter_lag1	0.00449995942003307	0.000907069464239183	0.00068515832867045
Visa_mconsumosdolares_rank_tend6	0.00439100023771158	0.00200573053621863	0.00323737310296788
ctrx_quarter_normalizado	0.00422920043549723	0.00110628684806469	0.000765093467015336
mrentabilidad_annual_rank_lag2	0.00414518081746527	0.00361927263196379	0.00510442954859486
vm_status01_tend6	0.00402527600676342	0.00112054022450475	0.000645190759498007
Visa_msaldopesos_rank	0.00397463171822828	0.00138479952027666	0.00202692672231675
mtarjeta_visa_consumo_rank_delta2	0.00389712014826184	0.0019256656693199	0.00245515067773578
cprestamos_personales_tend6	0.00386874346053996	0.00376677818401046	0.000519578399241758
rf_006_021	0.00381213178529663	0.00177012202233635	0.0043621746925352
mprestamos_personales_rank_lag1	0.00362963224674993	0.00219547971861847	0.00054241701019744
cdescubierto_preacordado_delta1	0.00362724194517909	0.00102456661122271	0.00013132201299517
vm_status02	0.0034616141947651	0.00230381550066114	0.00109625332587272
mtarjeta_visa_consumo_rank	0.00341717826520819	0.00104761135692387	0.000862157563576983
mautoservicio_rank_lag1	0.00338283052102041	0.00105776438633795	0.000696577634148291
Visa_mpagospesos_rank_tend6	0.00336652367102584	0.0024786162689812	0.00429936851240708
cpayroll_trx	0.00324545730781341	0.000212090347691818	1.71289582167613e-05
mactivos_margen_rank_lag1	0.00302581787239622	0.00298216494442679	0.00248369894143038
rf_011_027	0.00302555961532183	0.000980362623638509	0.00251224720512498
cdescubierto_preacordado_delta2	0.00302270095998848	0.00113187324999564	0.000228386109556817
mcuenta_debitos_automaticos_rank_lag1	0.00300757076660162	0.00148539688148432	0.000747964508798575
mprestamos_personales_rank	0.00300003064538126	0.0026696255880116	0.000462481871852554
mrentabilidad_annual_rank_delta2	0.00295941039805694	0.00292694190417442	0.00575532996083178
mtransferencias_recibidas_rank_lag1	0.00293947318356647	0.00136278686093349	0.00107912436765596
mactivos_margen_rank_delta2	0.0029012484938398	0.00342540765783587	0.00491601100821048
mcomisiones_otras_rank_tend6	0.00288942069490701	0.00188608678400282	0.00251224720512498
ctrx_quarter_normalizado_delta1	0.00285232631069076	0.00154005661985286	0.00123899464434573
mpayroll_sobre_edad_rank_lag1	0.00282908650355765	0.0017306317422074	0.000433933608157952
mcomisiones_otras_rank_delta1	0.00282859796928164	0.00274167223233046	0.00473330212056503
vm_mpagospesos_rank	0.00276261641774996	0.000871145217369476	0.00107341471491704
mactivos_margen_rank_delta1	0.00268997767900609	0.00266483127119208	0.00411665962476162
mcuenta_debitos_automaticos_rank	0.0026321857463706	0.00148665251232489	0.000616642495803405
Master_fechaalta_tend6	0.00263051968507974	0.00143672171775347	0.00187847575110482
rf_017_026	0.00260925526164576	0.00118083048138887	0.00151876762855283
Visa_mconsumospesos_rank_tend6	0.00260796406373484	0.00216496116957537	0.00412236927750054
mactivos_margen_rank	0.0025999162083735	0.00262239626196695	0.00169005721072044
mcuentas_saldo_rank_tend6	0.00250479762833698	0.00228564677503498	0.00186134679288806
matm_rank_lag1	0.00249220467253722	0.00106933976082223	0.000588094232108803
rf_006_015	0.00245360756070186	0.00138032420297042	0.00141028422651334
mcomisiones_rank_lag2	0.00233631904705117	0.00276423045689281	0.00518436468693974
rf_016_021	0.00229053435244122	0.00147570411981997	0.00217537769352868
mcomisiones_otras_rank_lag2	0.00226235659383331	0.00198969508076998	0.00423085267954003
rf_002_021	0.00224511472794009	0.000905030945876603	0.00129609117173494
mrentabilidad_rank_lag2	0.00223635725637102	0.00323569926195119	0.00524146121432895
mpasivos_margen_rank_delta2	0.00222828843834956	0.00254189165080123	0.00552123419853605
mcuentas_saldo_rank_lag2	0.00222340422521572	0.00245953693101157	0.00256363407977527
mrentabilidad_rank_delta1	0.00217719653657841	0.00268162937717533	0.00480181795343207
Master_fechaalta_lag2	0.0021508536207709	0.00280561025177433	0.00465907663495906
ccaja_ahorro_tend6	0.00213930289894803	0.00338646343778166	0.000336869511596305
mcuentas_saldo_rank_delta2	0.00212105453210403	0.00251071327699739	0.0024608603304747
mpasivos_margen_rank_delta1	0.00209360933863498	0.00243018954878049	0.00403672448641674
mrentabilidad_annual_rank	0.00208536686163478	0.00249793217394781	0.00286624567493805
Visa_mpagospesos_rank_lag2	0.00207488074783019	0.00182222320125138	0.0035799522673031
mrentabilidad_annual_rank_delta1	0.00205940985320547	0.00235327133808656	0.00432791677610168
mcomisiones_rank_lag1	0.00200898155935955	0.00218692994304493	0.00317456692283975
mcomisiones_rank_delta1	0.00200579222862123	0.00201385127203203	0.00377979011316532
Master_status	0.00198548113232651	0.00143945717504288	0.00105628575670028
Visa_mpagado_rank_lag1	0.00195856234761155	0.000475835123918909	0.000536707357458519
rf_018_026	0.0019284797776382	0.00124885767454134	0.00289479393863265
rf_002_020	0.00191851210685117	0.000839384033955199	0.000256934373251419
Visa_mconsumospesos_rank_delta2	0.00191173204847575	0.00259384129973844	0.00477897934247639
mcomisiones_otras_rank_delta2	0.00190433421117211	0.00208114678218919	0.00499594614655537
rf_006_022	0.00189568301700323	0.000841735717744598	0.000468191524591474
rf_013_017	0.00189415963904027	0.000882477305239323	0.000673739023192609
vm_status06_delta2	0.00188698643561712	0.000754007517829025	0.000228386109556817
Visa_mpagospesos_rank_delta2	0.00187714709892591	0.0023000819718214	0.00451633531648605
Visa_mpagospesos_rank_delta1	0.00186495885361548	0.0022670479418025	0.00456772219113634
rf_011_025	0.00185754058230826	0.000607043233571792	0.000639481106759087
mactivos_margen_rank_lag2	0.00185091631768276	0.00289788284041263	0.00408811136106702
mprestamos_personales_rank_delta2	0.0018503928027533	0.00363232801521212	0.000673739023192609
Master_fechaalta_lag1	0.00183093323070271	0.0027051884601061	0.00437930365075196
vm_mconsumospesos_rank	0.00182716288988259	0.000978569084817234	0.00101631818752783
Visa_mpagospesos_rank_lag1	0.00181726251068815	0.00212125162081874	0.00393395073711617
Visa_mconsumospesos_rank_lag1	0.00181239847233308	0.00220788436682114	0.00418517545762867
mcomisiones_otras_rank_lag1	0.00177684627646408	0.00162297055245682	0.00266640782907584
Visa_mpagospesos_rank	0.00177603617189792	0.00193650040131894	0.00340295303239657
chomebanking_transacciones_lag1	0.00177463026792744	0.00204254268416665	0.0032716310194014
mcomisiones_rank_delta2	0.00176262473731498	0.00272540265811754	0.00513868746502838
Master_Fvencimiento_lag1	0.00175460847706138	0.0019698004031724	0.00437930365075196
Visa_mpagominimo_rank_lag2	0.00175362324776665	0.00176165478345921	0.00284911671672129
mpasivos_margen_rank_tend6	0.0017027234719137	0.0016911228138378	0.00242660241404118
Master_mlimitecompra_rank_lag1	0.00167875493877356	0.00198593120947164	0.00412807893023946
rf_020_025	0.00167055564007907	0.00226340226284505	0.00212970047161732
Master_fechaalta	0.00166792566413068	0.00246679570659539	0.00409382101380594
rf_008_021	0.00166700137979785	0.000911789370411296	0.000707996939626132
Master_mpagosdolares_rank	0.00166596433561203	0.0010045687953109	0.00198124950040539
Visa_Fvencimiento	0.00165046789854524	0.00225017821198993	0.00326021171392356
vm_mpagominimo_rank_lag2	0.00163934388390939	0.001192542071374	0.00178712130728209
Visa_cconsumos	0.00163391830255029	0.00228333621634613	0.00338011442144089
mcuenta_corriente_rank_lag1	0.00163282861709573	0.00221823414038311	0.00133034908816846
Master_mfinanciacion_limite_rank_lag2	0.00161863869139688	0.00224471182924612	0.00427652990145139
Master_Fvencimiento_lag2	0.00161721496002252	0.00192104093168318	0.00328875997761816
internet_tend6	0.00161581435861205	0.00273629596538645	0.000473901177330395
Master_Fvencimiento	0.00160698699776002	0.00224020671642688	0.0041109499720227
mpasivos_margen_rank_lag2	0.00158459648442521	0.0023035229889422	0.00394537004259401
mcomisiones_otras_rank	0.00158022300664	0.00210953956202309	0.00328875997761816
cproductos_tend6	0.00157938973442147	0.00210835750838901	0.000359708122551986
Master_mfinanciacion_limite_rank_delta1	0.00157810432989971	0.00253452762725586	0.0048360758698656
mcuentas_saldo_rank_delta1	0.00157597797642944	0.00276903235281573	0.00200979776409999
ctrx_quarter_delta1	0.00157215313927124	0.001318666582072	0.000759383814276416
thomebanking	0.00157039708126164	0.00195776812074712	0.00228957074830709
Visa_Fvencimiento_lag1	0.00155647600110651	0.00266802155282019	0.00343721094883009
Visa_msaldototal_rank_lag1	0.00155578127948563	0.0011976145751466	0.00196983019492754
mcomisiones_rank_tend6	0.00155005319140798	0.0019702936960187	0.00262644025990339
Visa_fechaalta_lag2	0.00154965156244645	0.00181455260167149	0.00269495609277044
vm_Fvencimiento_tend6	0.00153765220251695	0.00134683495793738	0.00100489888204999
Master_mfinanciacion_limite_rank_lag1	0.00152894297514651	0.0023147093027856	0.00396249900081077
mrentabilidad_rank_delta2	0.0015272856583501	0.00232072203209947	0.00389969282068265
Visa_mconsumospesos_rank_delta1	0.00152377600529498	0.00190980187665636	0.0045848511493531
vm_fechaalta_lag2	0.00151564376274007	0.00203616084470401	0.00300327734067214
Visa_msaldopesos_rank_delta2	0.00150516070674453	0.00183082832251122	0.00315743796462299
Visa_mpagominimo_rank_lag1	0.00149377969077992	0.00181788071359225	0.00249511824690822
mcomisiones_mantenimiento_rank_delta2	0.00148859351541443	0.00244679656238711	0.00123328499160681
chomebanking_transacciones_lag2	0.00148419909827674	0.00205986687368752	0.0038597252515102
Master_mfinanciacion_limite_rank	0.00148058116212211	0.00197150536285058	0.00370556462755935
mpasivos_margen_rank	0.00146999063082823	0.00198975873482048	0.00173573443263181
mpasivos_margen_rank_lag1	0.00145543191089576	0.00163438793779613	0.00213541012435624
rf_001_025	0.00144983910721869	0.000943929014139702	0.00239805415034658
vm_Finiciomora	0.00144698963447165	0.00389592555889116	0.000468191524591474
Master_mfinanciacion_limite_rank_tend6	0.00144636553657211	0.00231735907193012	0.0035799522673031
mtarjeta_visa_consumo_rank_lag1	0.00141095053260076	0.00073240261945744	0.00105628575670028
Master_mlimitecompra_rank_delta2	0.0014019229229099	0.00180911585817051	0.00415662719393406
Visa_mconsumospesos_rank_lag2	0.00139986753485756	0.00205283398663887	0.00403672448641674
mtransferencias_recibidas_rank_delta2	0.00139254384449659	0.0017726534428698	0.00216966804078976
Master_msaldopesos_rank_lag2	0.0013919190696807	0.0015536304033553	0.00278060088385424
thomebanking_lag1	0.00139164622072597	0.00188873975668588	0.00326021171392356
Visa_mpagominimo_rank_delta2	0.001387909329973	0.00213376709061913	0.0024608603304747
chomebanking_transacciones_delta2	0.00138540721169826	0.00234492809959175	0.0030489545625835
Visa_cconsumos_lag1	0.00138297135760908	0.00156358736579225	0.00308892213175595
Visa_mpagominimo_rank_tend6	0.00138184754938504	0.00186752347618968	0.00288908428589373
Visa_mpagominimo_rank	0.00138108677477374	0.00218770861127227	0.00251224720512498
Master_mlimitecompra_rank_delta1	0.00137822290959376	0.00197737205768771	0.00404243413915566
Visa_mfinanciacion_limite_rank_delta1	0.00137293408411006	0.00214620213337046	0.00394537004259401
vm_fechaalta_lag1	0.00136476005400172	0.00201617461883004	0.00289479393863265
thomebanking_lag2	0.0013620481320589	0.00165794962522978	0.00393966038985509
chomebanking_transacciones	0.00132289743033976	0.00207789459152751	0.00202692672231675
Visa_fechaalta_lag1	0.00132192508976243	0.00163993599775039	0.00283198775850453
rf_015_023	0.0013199222979386	0.00141988712268481	0.00295760011876078
mactivos_margen_rank_tend6	0.00131382698932266	0.00170650826350159	0.00169576686345936
rf_005_020	0.00131017505889378	0.00179453608542898	0.00351714608717498
Master_mpagospesos_rank_tend6	0.00130866661701186	0.00223848274387765	0.00297472907697754
mtransferencias_recibidas_rank	0.00130700480103292	0.0015860220587828	0.00101060853478891
mcomisiones_rank	0.00130646129973364	0.00183859203306923	0.00314030900640623
Visa_Fvencimiento_lag2	0.00130495473121432	0.00154097436853423	0.00194699158397186
mcaja_ahorro_rank_delta1	0.00129096501054402	0.0022562518085362	0.00125041394982357
Master_mlimitecompra_rank_tend6	0.00128788315068692	0.00223947555433215	0.00320882483927328
rf_004_025	0.0012858488222151	0.00144185053087843	0.00334014685226845
mautoservicio_rank_tend6	0.00128267212481904	0.00105599168353975	0.000782222425232097
mextraccion_autoservicio_rank	0.00127920009104385	0.000676361556939141	0.00054241701019744
Visa_mconsumospesos_rank	0.00127740790854234	0.00220940638621672	0.00404814379189458
vmr_Master_mlimitecompra	0.00126952704595754	0.00216615314636543	0.00295760011876078
internet	0.00126618748414336	0.00146168811777279	0.00014274131847301
Visa_mconsumototal_rank_delta1	0.00126488966542315	0.00165615447161672	0.00352856539265282
vm_mpagominimo_rank	0.0012636312877028	0.00152587088235271	0.00150163867033607
Master_mfinanciacion_limite_rank_delta2	0.00126362351717548	0.00166001244360427	0.00367130671112583
rf_019_021	0.00126219450076764	0.00178768501872669	0.00346575921252469
cmobile_app_trx_lag2	0.0012621202558104	0.00262068882801104	0.00210115220792271
ctrx_quarter_delta2	0.00126152557373937	0.00192406590551322	0.00203834602779459
rf_017_015	0.00124874158313966	0.0014769514162513	0.00288908428589373
vmr_mpagominimo_delta2	0.00123864002249459	0.00170991542208488	0.0019298626257551
tcallcenter_delta2	0.00123585461352861	0.00153232424146455	0.00115905950600085
vmr_mpagominimo	0.00122567527300281	0.000903882047564243	0.00162725103059232
Visa_cconsumos_delta2	0.00121154148725834	0.00148223613491892	0.00203834602779459
internet_lag1	0.00121052022241244	0.0015003006804297	0.000182708887645453
Visa_mlimitecompra_rank_delta2	0.00120135847665903	0.00166428737045859	0.00304324490984458
Visa_mlimitecompra_rank_lag2	0.00119730136018676	0.00155822886155791	0.00278631053659316
mrentabilidad_rank_lag1	0.0011942367282052	0.00175725306940449	0.00238663484486874
Master_mlimitecompra_rank_lag2	0.00119139500755839	0.00173864183873827	0.0029633097714997
Master_msaldototal_rank	0.00118322880872286	0.00166297668042705	0.00238663484486874
rf_007_021	0.00117827218099326	0.000986760090118454	0.00204976533327243
mcaja_ahorro_rank_tend6	0.00117118711171461	0.00227038928459791	0.00194128193123294
vm_Fvencimiento_lag2	0.00115983195601503	0.00188140927913767	0.00283769741124345
Master_cconsumos_tend6	0.00115819162166061	0.00167139565786574	0.00259218234346987
rf_016_018	0.00115333282834549	0.00109915022366616	0.00101060853478891
mautoservicio_rank_delta2	0.00115132411830832	0.00181426415297705	0.00176999234906533
Visa_cconsumos_tend6	0.00114130659952832	0.00188796752158066	0.00331159858857384
vm_msaldototal_rank_delta1	0.00113768988684209	0.00111468582292123	0.00148450971211931
Visa_mconsumosdolares_rank_lag2	0.00113572611802411	0.00183430965733666	0.00291192289684941
tcallcenter	0.00112715570301542	0.00136494482179835	0.00101060853478891
ccomisiones_otras_tend6	0.00112577439806459	0.00183056573653042	0.00200408811136107
chomebanking_transacciones_delta1	0.00112321567573355	0.00233564333330423	0.00251224720512498
Visa_mfinanciacion_limite_rank_tend6	0.0011157908467601	0.00153053763062095	0.00239234449760766
Visa_msaldopesos_rank_lag2	0.00111461923324702	0.00169141587250235	0.0024037638030855
Visa_mfinanciacion_limite_rank_lag2	0.00111260635515754	0.00145579141906242	0.00258647269073095
mcomisiones_mantenimiento_rank_tend6	0.00110438805040385	0.00221925211033547	0.00104486645122244
foto_mes	0.00110285787139698	0.00257981277003239	0.000622352148542326
Visa_msaldopesos_rank_tend6	0.00109958374042348	0.00202514973576963	0.00231811901200169
cmobile_app_trx_lag1	0.00109819372644309	0.00191950607208838	0.00154160623950851
Visa_msaldototal_rank_delta1	0.00109195537168343	0.00145213386357182	0.00236379623391305
Visa_mconsumototal_rank_delta2	0.00108752593571897	0.00180559623715267	0.00333443719952952
ctrx_quarter_normalizado_lag2	0.00108117807416685	0.00122559920333349	0.00159870276689772
Visa_msaldototal_rank_delta2	0.00108081281691475	0.00142251089889054	0.00267211748181476
vm_mconsumototal_rank_tend6	0.00107258936754335	0.00122467681863699	0.00141028422651334
vm_Fvencimiento	0.00107226441594018	0.00142289917818055	0.00244944102499686
vmr_msaldototal_lag1	0.00106662670084958	0.00104258182744886	0.00148450971211931
mcuenta_corriente_rank_lag2	0.0010641981716374	0.00233067415016105	0.00153018693403067
Master_msaldopesos_rank_tend6	0.001056442291885	0.00196025096730177	0.00251224720512498
vm_Fvencimiento_lag1	0.00104461708717917	0.00130619017981487	0.00205547498601135
Master_mconsumospesos_rank	0.00104082815516341	0.00157734044327325	0.0019584108894497
Visa_mlimitecompra_rank	0.00103792542470463	0.00167446959635001	0.00250082789964714
Visa_msaldopesos_rank_lag1	0.00103591109284444	0.0016492937161637	0.00247798928869146
Visa_fechaalta	0.00103305746290998	0.00154777897090506	0.00210115220792271
Master_msaldopesos_rank_delta2	0.00102844640738523	0.00144244761316468	0.00198124950040539
Master_mconsumototal_rank_tend6	0.00102668380793256	0.00216399982151571	0.00277489123111532
ccomisiones_otras_lag2	0.00102667604183889	0.00179764656508871	0.00231811901200169
vm_cconsumos_tend6	0.00102302303170561	0.00169262324190447	0.000896415480010506
Master_mconsumototal_rank_lag2	0.00101870282130931	0.00185341069081532	0.00252366651060283
Visa_mlimitecompra_rank_tend6	0.00101440052355266	0.00174472507194522	0.00204405568053351
Visa_fechaalta_tend6	0.00101217534590117	0.00110306158796284	0.000919254090966187
Visa_mlimitecompra_rank_delta1	0.00101051092518118	0.0017075437096683	0.00263785956538123
rf_010_023	0.00100832221455662	0.0015104354783236	0.00369985497482043
vmr_mpagospesos_delta2	0.00100741223855775	0.00152973971511729	0.00180995991823777
cliente_edad_lag1	0.00100666887273005	0.00260360667494322	0.0014274131847301
rf_005_021	0.0010044865849189	0.000713220455713939	0.00040538534446335
vm_fultimo_cierre_tend6	0.00100371650926465	0.00155464058584404	0.00169576686345936
mpayroll_rank	0.00100163937297457	0.00145973963707492	0.000319740553379544
vm_msaldototal_rank_lag1	0.000998326911841665	0.00122050042012679	0.00133034908816846
mrentabilidad_rank	0.000997834292132263	0.00164360717479108	0.00196412054218862
Master_mpagominimo_rank	0.00099694316358037	0.00141059962166927	0.00217537769352868
Master_msaldopesos_rank	0.000980475430942129	0.00174060440979674	0.00232953831747953
vm_status01	0.000979084044026636	0.00125211913723329	0.000845028605360222
mrentabilidad_annual_rank_lag1	0.000978372064639026	0.00164149088597237	0.00164437998880908
Visa_mpagominimo_rank_delta1	0.00097783191469879	0.00178062426349718	0.00222676456817896
vm_fechaalta	0.000977328398813594	0.00156774803310502	0.00211257151340056
rf_005_022	0.000971823205571134	0.000877490333341445	0.000205547498601135
vm_mfinanciacion_limite_rank_delta2	0.000967096720781903	0.0021710900857629	0.00254079546881959
vmr_mpagominimo_lag1	0.000967080080804405	0.000936497195384252	0.00155302554498635
mtransferencias_recibidas_rank_tend6	0.000966148309936157	0.00198931221884598	0.00174144408537073
rf_013_023	0.000957016955621427	0.000994224725610248	0.00234666727569629
rf_012_013	0.000955086529359833	0.000912397079069309	0.00054241701019744
Visa_mlimitecompra_rank_lag1	0.000949816251313247	0.00142351246047473	0.00236950588665197
Master_mlimitecompra_rank	0.00094954797184373	0.00144212462876199	0.00276347192563748
Master_fultimo_cierre_tend6	0.000948399097070696	0.00144849063284709	0.00173002477989289
Visa_msaldopesos_rank_delta1	0.000948344974493905	0.00131508841182931	0.00201550741683891
Master_mpagospesos_rank_lag1	0.000947176440352294	0.00170688398908769	0.00232382866474061
ctarjeta_visa_transacciones_delta2	0.000946081026958861	0.00175445656256746	0.00106770506217812
mpayroll_sobre_edad_rank_lag2	0.000945936665289807	0.000892997595605135	0.00041109499720227
Visa_mfinanciacion_limite_rank_lag1	0.000941958008963416	0.00168621897767199	0.00222676456817896
mcuenta_corriente_rank_delta1	0.000935499834319771	0.00148886136517611	0.000839318952621302
Visa_msaldototal_rank_tend6	0.000934363018975548	0.00149335342943589	0.00199837845862215
mcuentas_saldo_rank_lag1	0.000929136307747198	0.00169375885725211	0.00110767263135056
Visa_fultimo_cierre_tend6	0.000928627476044677	0.00158051668663081	0.00146167110116363
cmobile_app_trx_delta2	0.000926177613674229	0.00203257288153048	0.00200979776409999
Master_mpagominimo_rank_lag1	0.000923288825369769	0.00140979699201538	0.00174715373810965
rf_013_026	0.000922897285576877	0.000894091512861606	0.000713706592365052
Master_fultimo_cierre_lag2	0.000922266817676141	0.00135801246856104	0.00216395838805084
mcuenta_corriente_rank_delta2	0.000921827574279879	0.00163036976283616	0.00118189811695653
cliente_antiguedad_lag2	0.000918803028726105	0.00149345872948751	0.00161012207237556
Visa_mconsumosdolares_rank	0.000918401199122727	0.00139102159953237	0.00262073060716447
ccaja_seguridad	0.000916079371205256	0.00127254208615091	0.000102773749300568
rf_002_024	0.000915343297659892	0.000799199184997041	0.00175286339084857
cprestamos_personales_delta2	0.000914902414926809	0.00101441188888175	0.00013132201299517
Master_fultimo_cierre_lag1	0.000914389814998664	0.00146212304370945	0.00220392595722328
Master_msaldototal_rank_lag2	0.000907994378453108	0.00104479476936961	0.00210115220792271
Master_mpagominimo_rank_lag2	0.000906827564897574	0.00178942250864589	0.00249511824690822
Master_mconsumospesos_rank_tend6	0.000906064407295037	0.00159692031460719	0.00220392595722328
mttarjeta_visa_debitos_automaticos_rank_lag2	0.000905947185469637	0.00112961288007737	0.00166721859976476
vmr_mpagospesos_tend6	0.000897654801468926	0.00156761793818595	0.00133034908816846
vmr_Master_mlimitecompra_lag1	0.000895827184317802	0.0014167627610247	0.0019584108894497
Master_fultimo_cierre	0.000893359029164115	0.00100940264848421	0.00177570200180425
ccallcenter_transacciones_tend6	0.000890877076902842	0.00135486221814226	0.000513868746502838
Visa_mconsumosdolares_rank_lag1	0.00088520495288133	0.0015328915282378	0.00245515067773578
Master_cconsumos_lag2	0.000884101807771034	0.00130187287769862	0.00214682942983408
rf_019_024	0.000881761245961417	0.00130530902439902	0.00138173596281874
mpayroll_rank_delta2	0.000880413869059579	0.00140963918518562	0.000593803884847724
Master_mconsumototal_rank_lag1	0.000870313874591474	0.00148576692925414	0.00216966804078976
Master_mpagominimo_rank_delta1	0.000869128064359263	0.00120073354548574	0.00142170353199118
internet_lag2	0.000869073524409671	0.00125991123687273	0.000353998469813066
Master_Fvencimiento_delta2	0.000867690374503182	0.000785591152281673	0.00116476915873977
cmobile_app_trx_tend6	0.000866473118509566	0.00267613799120383	0.00154731589224743
rf_007_023	0.00086633612503319	0.00116946805106042	0.00313459935366731
Visa_mfinanciacion_limite_rank_delta2	0.000865690871911174	0.00149877772341309	0.0024323120667801
rf_008_015	0.000865677588525906	0.00164721303089942	0.000508159093763917
Master_mconsumospesos_rank_lag2	0.000864867955269988	0.00145352383467116	0.00225531283187357
ccajas_transacciones_delta1	0.000864461520624834	0.00151581231825824	0.000491030135547156
ctarjeta_debito_transacciones	0.000864234847703318	0.000249647591825007	0.000148450971211931
Master_msaldototal_rank_tend6	0.000862805118711531	0.00146415158682599	0.00218679699900652
rf_011_015	0.000860056330778334	0.000843152046413127	0.00182137922371561
mcaja_ahorro_dolares_rank_delta2	0.000854335468997096	0.00200844734526739	0.000936383049182949
rf_012_019	0.000847012055418115	0.00129130979535042	0.00176999234906533
vm_mlimitecompra_rank_lag2	0.000846062712280502	0.00123690647029085	0.00180995991823777
cdescubierto_preacordado_lag2	0.000839839493800734	0.00122550288881683	0.000753674161537495
mttarjeta_visa_debitos_automaticos_rank_tend6	0.000839020207683194	0.00258555999632222	0.000799351383448859
rf_020_012	0.000836461604964658	0.000599378910843852	7.42254856059655e-05
Visa_Fvencimiento_tend6	0.000835661025668075	0.00103857568529221	0.000936383049182949
ccaja_seguridad_lag1	0.00083562289226492	0.000887942776407119	0.000125612360256249
Visa_mconsumosdolares_rank_delta1	0.000832509768877596	0.00153458534064363	0.00232953831747953
mcomisiones_mantenimiento_rank	0.000832414734512811	0.00183816762932422	0.00102773749300568
vm_mlimitecompra_rank_tend6	0.00083114820014615	0.00202092325266897	0.00207260394422811
ccomisiones_otras_delta2	0.000821988104127791	0.00110090555443012	0.00182708887645453
Visa_mpagosdolares_rank_tend6	0.000820480980844961	0.00162046556762765	0.00236379623391305
rf_009_015	0.000820033957139938	0.00109365370682398	0.00244373137225794
vmr_mpagospesos	0.000817751801388532	0.000852930418087293	0.00150734832307499
vm_mpagominimo_rank_delta2	0.000816067367492554	0.00186209178542429	0.00176428269632641
mcuenta_corriente_rank_tend6	0.000814233850600345	0.00316923331200774	0.00111338228408948
vmr_msaldopesos2_delta2	0.000812177153697009	0.00173611231949193	0.00218679699900652
vm_msaldototal_rank_delta2	0.00081021893375111	0.00110555631105065	0.00145025179568579
cliente_edad_lag2	0.00080975332870984	0.0017045794468005	0.00133034908816846
vm_mlimitecompra_rank_delta2	0.000808042195082781	0.00178394971882499	0.00210686186066163
vm_mconsumospesos_rank_tend6	0.000807631342595601	0.00116332707602453	0.00132463943542954
mrentabilidad_annual_rank_tend6	0.00080540482106732	0.00215676175172983	0.00171860547441505
vm_msaldopesos_rank	0.000805071942600013	0.000919591575521935	0.00146738075390255
Master_Fvencimiento_tend6	0.000797917508831495	0.00100811214335002	0.00118760776969545
mautoservicio_rank_lag2	0.000794822036307803	0.00173130716794041	0.00199266880588323
mtransferencias_emitidas_rank	0.000793429480406981	0.00227988545838455	0.0011190919368284
Visa_cconsumos_delta1	0.000792662860222806	0.00119815985387048	0.00211828116613948
vm_mfinanciacion_limite_rank_tend6	0.000790861260889907	0.00161939951855204	0.00175857304358749
ctrx_quarter_normalizado_tend6	0.000790806179650362	0.00208658516652699	0.00117618846421761
Master_msaldototal_rank_delta2	0.000790541665360021	0.00105414759131749	0.00158157380868096
mtransferencias_recibidas_rank_delta1	0.000790529766875981	0.00182735657225639	0.00131892978269062
vmr_mpagominimo_lag2	0.000786418853098101	0.00111814642590372	0.00151876762855283
Master_msaldopesos_rank_lag1	0.000784135042129398	0.00101458211919027	0.00188989505658266
mpayroll_rank_tend6	0.000774395640878982	0.00159852679803131	0.000479610830069315
vmr_mpagominimo_delta1	0.000768892955557696	0.000998598571484112	0.000982060271094312
mcomisiones_mantenimiento_rank_lag1	0.000768826268412499	0.00191952943447926	0.00149592901759715
vm_mpagominimo_rank_tend6	0.000760359471127374	0.00130757449914295	0.00183850818193237
vm_mfinanciacion_limite_rank_lag2	0.000759868269301219	0.00130331246457791	0.00175286339084857
ctrx_quarter_tend6	0.000759507833547878	0.00220996369774392	0.00130751047721278
vmr_msaldopesos	0.00075639497865559	0.0011142903812483	0.0015929931141588
Master_mpagospesos_rank_lag2	0.000755559307617119	0.00188423545126254	0.00202121706957783
Visa_mpagado_rank_tend6	0.00075410525439591	0.00144758996970464	0.00151305797581391
mplazo_fijo_dolares_rank	0.000753708081383639	0.00175651677643907	0.000205547498601135
rf_002_017	0.00075229581872542	0.00108926952107367	0.00117047881147869
rf_014_022	0.000750945227313826	0.000953854201641462	0.00248369894143038
mpayroll_sobre_edad_rank_tend6	0.000748492010779004	0.000990960476100219	0.000428223955419031
vmr_Master_mlimitecompra_lag2	0.000747088820059823	0.00143316420121866	0.0019584108894497
mtarjeta_visa_consumo_rank_tend6	0.000742190747755323	0.00171366369241095	0.00116476915873977
vm_cconsumos	0.000742030646642811	0.000457899345030731	0.000291192289684941
Master_msaldototal_rank_lag1	0.00074149610001865	0.00112311253573349	0.00169576686345936
Master_cconsumos	0.000741190575830615	0.000740833603654427	0.00161012207237556
mtarjeta_visa_consumo_rank_delta1	0.000734005172742728	0.00117873594016925	0.00116476915873977
vmr_msaldototal_delta2	0.00073306407774743	0.00103821149765389	0.00185563714014914
Master_mpagominimo_rank_tend6	0.000730124436445439	0.00162018110382261	0.00180425026549885
vm_msaldototal_rank_lag2	0.000724911652554084	0.000776459192178382	0.00128467186625709
ctrx_quarter_lag2	0.000720143062992288	0.00141565162800417	0.0016215413778534
Visa_status	0.000719990343432426	0.000927313249403388	0.00054241701019744
rf_019_023	0.000718472458062919	0.00094070333731739	0.000628061801281246
vm_msaldopesos_rank_lag2	0.000717792332385343	0.000998705043562026	0.00117047881147869
rf_017_025	0.000717611834361493	0.000857308561390917	0.00141599387925226
vmr_msaldopesos2_tend6	0.000715582830444118	0.00108087049412707	0.00127896221351817
Visa_fultimo_cierre	0.000714563445752969	0.00102685286989965	0.00125041394982357
Master_cconsumos_delta1	0.000713818531343638	0.00119166776580074	0.00191844332027726
Visa_cconsumos_lag2	0.000711662606014305	0.000956361061712712	0.00191273366753834
rf_019_019	0.000711074497717451	0.00035844598567	0.000570965273892042
vmr_mpagominimo_tend6	0.000710944907023425	0.00118037925126415	0.00152447728129175
Master_mpagospesos_rank_delta2	0.000709093552108475	0.00156284039436501	0.00190702401479942
rf_005_019	0.000705706463673752	0.00092517174899676	0.0019584108894497
mttarjeta_visa_debitos_automaticos_rank_lag1	0.000705611852097799	0.00105273990959854	0.00129038151899601
tcallcenter_tend6	0.000700934597271222	0.00175081979100988	0.000331159858857384
vm_mfinanciacion_limite_rank_lag1	0.000700538542747221	0.00101570861877783	0.00154160623950851
mrentabilidad_rank_tend6	0.000698744191438656	0.00183651403044292	0.00133034908816846
ctarjeta_visa_transacciones_tend6	0.000697484977229983	0.00221809175221042	0.000730835550581814
vm_mlimitecompra_rank	0.000697136444056898	0.00105217410739194	0.00163296068333124
vmr_msaldototal_lag2	0.000695798970382342	0.00108630731576314	0.00151876762855283
vm_mpagominimo_rank_lag1	0.000691321808714087	0.0012824815723735	0.00154731589224743
mttarjeta_visa_debitos_automaticos_rank_delta2	0.000691173475494349	0.00113247520270228	0.00126754290804033
Visa_msaldodolares_rank_lag1	0.000691107257793234	0.000848684922115571	0.000787932077971018
vm_status04_delta2	0.000687682882554975	0.00110748992003705	0.000211257151340056
Master_mconsumospesos_rank_delta1	0.000685869262691436	0.00114581353914397	0.00185563714014914
vm_mfinanciacion_limite_rank_delta1	0.000685385089923601	0.00153770871259264	0.00194128193123294
vmr_msaldopesos2_lag2	0.000684618201291944	0.00131494972205072	0.00170718616893721
ccajas_consultas_tend6	0.000679408878600562	0.00237567105260337	0.000314030900640623
rf_001_018	0.000679318842348461	0.00061749085830713	0.000479610830069315
vm_msaldopesos_rank_lag1	0.000679040291371558	0.00119591136048536	0.00132463943542954
cproductos_delta1	0.000678696301226231	0.00117413159579012	0.000165579929428692
mtarjeta_visa_consumo_rank_lag2	0.000676330968060091	0.00134138029545655	0.00179854061275993
Master_Fvencimiento_delta1	0.000675349703985381	0.000757017046956962	0.00107341471491704
mextraccion_autoservicio_rank_delta2	0.000672689344022325	0.00153008168634601	0.0013703166573409
vmr_mconsumospesos_lag2	0.000669777638528797	0.00114410472480152	0.00143312283746903
vmr_msaldopesos_delta2	0.000667624600686679	0.000872479608377262	0.00110196297861164
vmr_Visa_mlimitecompra	0.000667147229960251	0.00111893337645023	0.00166721859976476
vm_msaldopesos_rank_tend6	0.000666159557464647	0.000887364759081988	0.00123328499160681
rf_003_027	0.000663175516791584	0.00104609118672534	0.00124470429708465
vm_fultimo_cierre_lag2	0.000662864451705188	0.00159035134161231	0.00162725103059232
vmr_mpagospesos_lag1	0.000660677110672863	0.00117995763433723	0.0016215413778534
mcaja_ahorro_dolares_rank_tend6	0.000651154529525589	0.00128014976094111	0.00054241701019744
vm_mpagospesos_rank_delta1	0.000650556679655793	0.00113209523177648	0.0013417683936463
mpagomiscuentas_rank_delta2	0.000647288378633065	0.00113232619909226	0.00054812666293636
vmr_msaldopesos_lag2	0.000645983066662479	0.000650508115327459	0.00113051124230624
Master_msaldopesos_rank_delta1	0.000645471526902504	0.00109938504564622	0.00138173596281874
vm_cconsumos_lag2	0.000645372510718533	0.000833907649920317	0.000616642495803405
vm_mpagospesos_rank_lag2	0.000645231795322253	0.000739179718277814	0.00112480158956732
vmr_mpagospesos_lag2	0.000643125842695251	0.000846841715424292	0.00157586415594204
rf_009_021	0.000641691127349914	0.000662913258385673	0.0010619954094392
mplazo_fijo_dolares_rank_delta2	0.00064145744952661	0.00109694931454874	0.000154160623950851
vm_mlimitecompra_rank_lag1	0.000641141351859554	0.000931169163833664	0.00166150894702584
ctransferencias_recibidas_tend6	0.000639618300683591	0.00190398425065357	0.00108483402039488
vmr_msaldopesos_tend6	0.000636707550416233	0.000935540431249673	0.00115905950600085
Master_mconsumospesos_rank_delta2	0.000634652588666706	0.00147209610197423	0.00172431512715397
ccajas_otras_tend6	0.000632700385711715	0.00232598435204228	0.000353998469813066
rf_008_024	0.000632264663997176	0.000972666630155495	0.00205547498601135
Master_mconsumospesos_rank_lag1	0.000623764728359045	0.00120764826623853	0.00179854061275993
thomebanking_delta2	0.00061873114055707	0.00140474660047227	0.00113051124230624
vmr_mconsumospesos_tend6	0.000617329881899503	0.00134254482078622	0.00138173596281874
vmr_mconsumospesos_delta2	0.000616390260040277	0.00144902380063255	0.00133034908816846
vm_mlimitecompra_rank_delta1	0.000616378752052248	0.00163486135828542	0.00179283096002101
vm_status02_tend6	0.00061180855648591	0.00128346474616733	0.000856447910838063
Master_delinquency_tend6	0.000610376012799454	0.00111960216070089	0.000622352148542326
rf_007_016	0.000607930796055582	0.000731109067054881	0.00135889735186306
cproductos_delta2	0.000607668517491756	0.000868733838373967	0.000188418540384374
vmr_mconsumospesos	0.00060680363656422	0.00116849774351084	0.00133605874090738
vm_mconsumototal_rank_delta2	0.000605505612499521	0.00112937646935055	0.00147880005938039
cliente_antiguedad_lag1	0.000604912999771036	0.00139970253787117	0.00129609117173494
vmr_msaldopesos2	0.000603009597230674	0.00101905608215501	0.00127325256077925
vm_fultimo_cierre_lag1	0.000600181785295734	0.00146870196590535	0.00117047881147869
vm_mpagospesos_rank_tend6	0.000598944996105131	0.00107278059562782	0.00129038151899601
ctarjeta_visa_transacciones_lag2	0.000597030028110224	0.00102074192478202	0.00143883249020795
Visa_fultimo_cierre_lag1	0.000596829264199916	0.000874696613322509	0.00119902707517329
vm_mconsumototal_rank_delta1	0.000592886029318713	0.00078445538066385	0.000982060271094312
vm_fechaalta_tend6	0.000591445491392288	0.00130791058419515	0.000713706592365052
vm_msaldopesos_rank_delta1	0.000588126647951042	0.00116983085831222	0.00138744561555766
mpagomiscuentas_rank	0.000585535905576461	0.00106179321371472	0.000485320482808236
vmr_mconsumospesos_lag1	0.000584466818341627	0.00118161461907227	0.00138744561555766
mtarjeta_master_consumo_rank_delta2	0.000584320167098482	0.00105747182252895	0.000873576869054824
mcaja_ahorro_rank_lag1	0.000580179633998479	0.00202006928826324	0.000930673396444028
vmr_mconsumospesos_delta1	0.000578908237573607	0.00135075515149884	0.000970640965616471
mautoservicio_rank	0.000577153847899798	0.00117961462130735	0.000839318952621302
Master_mconsumototal_rank_delta1	0.000574667514725875	0.000977170336543175	0.00149021936485823
Visa_fechaalta_delta2	0.000573303401927267	0.000698551791288963	0.000702287286887212
chomebanking_transacciones_tend6	0.000571888260970434	0.00122761787538409	0.00105057610396136
Visa_fultimo_cierre_lag2	0.000570106485647902	0.00120716651134	0.00113051124230624
cliente_antiguedad	0.000568669425983184	0.00101067145810937	0.00121044638065113
vmr_Visa_mlimitecompra_lag2	0.000567080616625766	0.00113774129917428	0.00147880005938039
Master_mconsumosdolares_rank_delta1	0.000566920446301479	0.00107442364627244	0.00187847575110482
Master_mpagospesos_rank	0.000566665378120363	0.00109291366337441	0.00128467186625709
vm_mpagominimo_rank_delta1	0.00056660940625925	0.0011565323186746	0.00133605874090738
Master_status_tend6	0.00056529852868373	0.000803876064781503	0.000856447910838063
Visa_Fvencimiento_delta2	0.000561349365114762	0.000676646281194462	0.000496739788286076
Master_mconsumototal_rank_delta2	0.000560218083856288	0.00130104331748492	0.00153018693403067
vmr_Visa_mlimitecompra_lag1	0.000559917427807896	0.00082808015285159	0.00126183325530141
Master_mpagominimo_rank_delta2	0.000556057225427194	0.000907130956552283	0.0013988649210355
ccajas_transacciones_delta2	0.000551024293820542	0.00121534298351513	0.00095922166013863
mpagomiscuentas_rank_tend6	0.000550894181889438	0.0014999599854074	0.000451062566374713
ccaja_ahorro	0.000550168739839816	0.00134323886871485	0.000108483402039488
mtarjeta_master_consumo_rank_tend6	0.000548954197213349	0.00104894358619426	0.000416804649941191
vm_mconsumospesos_rank_lag2	0.000547755980476964	0.000904561614456837	0.00132463943542954
thomebanking_tend6	0.000547271965652397	0.0024025121998439	0.00054241701019744
mtransferencias_emitidas_rank_lag2	0.000547251541629617	0.00126044927507859	0.00100489888204999
vm_status05_tend6	0.000543910119002346	0.000517923004999602	0.000159870276689772
Visa_mpagado_rank_delta2	0.000543770373412783	0.000888862191970337	0.000713706592365052
mpayroll_rank_lag2	0.000543150203977779	0.000756660360286945	0.000359708122551986
mpayroll_sobre_edad_rank_delta2	0.000542274428745244	0.000706859686679634	0.000428223955419031
rf_003_025	0.000541132432173585	0.00111826289927271	0.00161583172511448
vm_cconsumos_delta2	0.000535751260532657	0.000514455395904359	0.000262644025990339
mtransferencias_emitidas_rank_tend6	0.000533693901913652	0.00130911967256917	0.0008107706889267
mttarjeta_visa_debitos_automaticos_rank_delta1	0.000531774143985133	0.00117061293843834	0.000964931312877551
mttarjeta_visa_debitos_automaticos_rank	0.000529732725367415	0.00112813443401505	0.00130180082447386
vm_msaldototal_rank_tend6	0.000526267018622435	0.00087593333547213	0.00126183325530141
ccajas_transacciones_tend6	0.000525775570157869	0.00157598552878273	0.000491030135547156
mcaja_ahorro_dolares_rank_lag1	0.000525165956480978	0.00152033232883397	0.000787932077971018
vmr_msaldopesos2_delta1	0.000523447472332226	0.00102101331398257	0.00140457457377442
vm_fultimo_cierre_delta1	0.000520583264881638	0.000718193076800924	0.000610932843064485
Master_mpagado_rank	0.000519958707034736	0.000926396073712652	0.000884996174532665
vmr_msaldototal_delta1	0.000519795644209032	0.000830360447216927	0.00110767263135056
mcomisiones_mantenimiento_rank_delta1	0.000519654062731797	0.00105219116688583	0.000719416245103973
rf_019_022	0.000517948026613087	0.000796699304993521	0.000782222425232097
Master_msaldototal_rank_delta1	0.000517442963749518	0.00106179133847265	0.00130751047721278
vm_status06	0.000517394260837694	0.00061673234893211	0.000628061801281246
vmr_msaldototal_tend6	0.000515836490815711	0.00100829474504725	0.00108483402039488
mtarjeta_master_consumo_rank_lag2	0.000514302454901672	0.00105349636141628	0.00126754290804033
mcaja_ahorro_rank_lag2	0.000511308574148277	0.00187008448387589	0.000993479576572153
vm_mconsumospesos_rank_delta1	0.000510826180055879	0.000758743858414338	0.00121615603339005
ctransferencias_emitidas_delta2	0.000508679472284637	0.000707066536298712	0.000176999234906533
mautoservicio_rank_delta1	0.000505059001660316	0.00119766205523419	0.000576674926630962
vm_msaldototal_rank	0.000503759608180314	0.000804857363333253	0.00110767263135056
ccomisiones_otras_lag1	0.000503345300458275	0.00108554362342738	0.000753674161537495
vmr_msaldopesos_delta1	0.000503166394549458	0.00100113087754854	0.00103915679848352
mcaja_ahorro_dolares_rank	0.000500287783403884	0.00215915338859347	0.000747964508798575
vm_mconsumototal_rank_lag2	0.00049786050345065	0.000790160283781809	0.0010334471457446
mtransferencias_emitidas_rank_delta2	0.000495787097555139	0.0013629635764542	0.000765093467015336
rf_015_014	0.000495447888665267	0.00110307781401581	0.000765093467015336
cliente_edad	0.00048957171282113	0.00120301498583235	0.000570965273892042
numero_de_cliente	0.000489040835987645	0.00231724343200205	0.000742254856059655
Visa_mpagosdolares_rank_delta1	0.000488357547263508	0.00117066739859365	0.00141028422651334
mcaja_ahorro_dolares_rank_delta1	0.000487991938569884	0.00163470323891531	0.000616642495803405
rf_016_022	0.000487428985974308	0.000600790473272102	0.000314030900640623
ctarjeta_debito_transacciones_tend6	0.000486656165524532	0.00176023056314695	0.00067944867593153
vmr_mpagospesos_delta1	0.000485118943325066	0.00111173885395258	0.0011190919368284
Visa_fultimo_cierre_delta2	0.000485097958493715	0.000815724286987949	0.000873576869054824
mpagomiscuentas_rank_lag2	0.000483194725691978	0.000924499162171896	0.000622352148542326
vmr_msaldopesos2_lag1	0.000480700854280304	0.000668285670665411	0.0011190919368284
vm_mconsumospesos_rank_delta2	0.000478090885609853	0.000794281909596349	0.00126183325530141
rf_004_021	0.00047749907730872	0.00079255311871678	0.000468191524591474
ccomisiones_otras	0.000476166498844739	0.000986351287345721	0.000519578399241758
Visa_status_tend6	0.00047539245217487	0.000883848107197432	0.000582384579369883
vmr_mconsumosdolares_lag2	0.000474598903306442	0.00109996426104267	0.000999189229311073
rf_014_017	0.000466217721575634	0.000774790070459895	0.000759383814276416
Visa_msaldodolares_rank	0.000465463447308411	0.000654953611075673	0.000730835550581814
ctransferencias_emitidas_tend6	0.000463771228239991	0.00159796985113451	0.000787932077971018
Master_msaldodolares_rank_tend6	0.000463624210433232	0.000775695708202853	0.000873576869054824
mcomisiones_mantenimiento_rank_lag2	0.000463288312769766	0.00118316742369194	0.000867867216315904
cextraccion_autoservicio_tend6	0.000460069630961377	0.00112222887999487	0.000610932843064485
vm_mconsumosdolares_rank_lag2	0.000457675977413217	0.00155911405395323	0.000907834785488347
ccomisiones_otras_delta1	0.00045655922988862	0.00108795218955977	0.00101631818752783
mcaja_ahorro_dolares_rank_lag2	0.000454880766377312	0.00145403074906755	0.000919254090966187
Master_cconsumos_delta2	0.000454195120078036	0.000830093954481797	0.00159870276689772
ctarjeta_debito_transacciones_lag2	0.000453760147295219	0.00090541690715904	0.000993479576572153
vmr_msaldototal	0.000453444266088752	0.000889051617465118	0.000924963743705108
mcuenta_debitos_automaticos_rank_lag2	0.000452613556179526	0.00117009305361759	0.000747964508798575
vm_msaldopesos_rank_delta2	0.000452273846055812	0.000758973471388626	0.00117047881147869
Master_mpagado_rank_delta2	0.000451136194075361	0.000658808431614737	0.00105628575670028
Visa_mpagado_rank	0.000449899273374099	0.00107304883337988	0.000833609299882381
cproductos_lag2	0.00044837417824237	0.000378539517062805	0.000165579929428692
vm_mpagospesos_rank_delta2	0.000445754277969676	0.00101804866043933	0.00117618846421761
mpayroll_sobre_edad_rank_delta1	0.000439289662732436	0.00101903094870218	0.00026835367872926
mplazo_fijo_dolares_rank_lag1	0.000437834383363991	0.000606528557756808	0.000171289582167613
rf_009_023	0.000436978447325888	0.00083639325724803	0.000890705827271585
ctrx_quarter_lag1	0.000436640981272165	0.00106909957356623	0.000805061036187779
rf_018_015	0.000433064640706664	0.000462511398738401	0.000508159093763917
rf_003_023	0.000432946654017915	0.000767002502655466	0.000599513537586644
vm_status05	0.000431799415901704	0.000350752466464726	0.000559545968414201
tcallcenter_delta1	0.000426838191102251	0.000839777418070857	0.000451062566374713
ccaja_seguridad_lag2	0.000426669322842247	0.000757931904640131	0.000102773749300568
thomebanking_delta1	0.000419294662662311	0.000992093929710474	0.00054812666293636
mextraccion_autoservicio_rank_tend6	0.000417675852274058	0.00103382634823751	0.000725125897842893
tcallcenter_lag2	0.000417309856010738	0.00081242735096672	0.000873576869054824
mtransferencias_emitidas_rank_lag1	0.000415983559132257	0.00101560423030222	0.000890705827271585
rf_007_015	0.000413840689957298	0.000539624738788428	0.000433933608157952
Master_mpagado_rank_lag2	0.000407451137980637	0.000636406164685097	0.000862157563576983
Master_mpagado_rank_tend6	0.000398051791867983	0.00109777218119003	0.00104486645122244
mcuenta_debitos_automaticos_rank_tend6	0.000397681667737428	0.0018793573215402	0.000496739788286076
Master_fultimo_cierre_delta2	0.000397133756469738	0.000479922161935145	0.000999189229311073
mv_status07_rank_lag1	0.00039693848385955	0.000166400777707395	0.000211257151340056
mplazo_fijo_dolares_rank_tend6	0.000387258266610533	0.00167418148624094	0.000211257151340056
rf_011_018	0.000380078762089529	0.000240019291607038	0.00013132201299517
vm_status04_delta1	0.000377733254970638	0.000594740447476934	0.000114193054778408
mtarjeta_visa_descuentos_rank_delta2	0.000377643052318101	0.000650599819874018	0.000845028605360222
vm_status04	0.000377016876439843	0.000511946686636061	0.000662319717714769
ctarjeta_master_transacciones	0.000376845744892409	8.48176679422712e-05	3.99675691724429e-05
rf_019_018	0.000374570565948766	0.000747220443762605	0.000879286521793745
mcuenta_debitos_automaticos_rank_delta1	0.000371928351549372	0.00135818978311741	0.000513868746502838
vmr_Visa_mlimitecompra_tend6	0.00037183062633648	0.00120025436904507	0.000707996939626132
vm_mconsumospesos_rank_lag1	0.000371677673749911	0.000642691533360898	0.0008107706889267
rf_002_022	0.000364673293974027	0.000152264343446843	2.85482636946021e-05
rf_018_016	0.000364242702299895	0.000785729269069632	0.000873576869054824
vmr_msaldopesos_lag1	0.000360868960775523	0.000814863811325006	0.00105057610396136
matm_rank_delta2	0.000359620517429949	0.000791705717658317	0.000765093467015336
cprestamos_personales_lag1	0.000357967667771708	0.000989826136958982	0.000148450971211931
Visa_mpagado_rank_lag2	0.000357140239525552	0.00089276274758005	0.000833609299882381
Visa_mpagado_rank_delta1	0.000356432219543839	0.000960396608706923	0.000662319717714769
mpayroll_rank_delta1	0.000354023411240338	0.0012595668174113	0.000314030900640623
ccaja_ahorro_lag2	0.000352114153381725	0.00101362683962234	0.000176999234906533
rf_015_017	0.000351280528248844	0.000547989282116835	0.000639481106759087
ctransferencias_recibidas_lag2	0.000349321262293916	0.00122522011793867	0.000582384579369883
matm_rank_tend6	0.000345373840579104	0.00133127992909079	0.000650900412236928
vmr_mpagado_tend6	0.000343404486672602	0.000724806951425533	0.000588094232108803
rf_012_020	0.000341220724277613	0.000701984630270699	0.000319740553379544
vm_mpagospesos_rank_lag1	0.000340762210779867	0.000466642895618873	0.000662319717714769
vm_fultimo_cierre_delta2	0.000340232592011782	0.000539551291807089	0.000582384579369883
vm_mpagado_rank_delta2	0.00033753670290831	0.00124866038344785	0.000388256386246589
ctarjeta_debito_transacciones_delta2	0.000332583490361118	0.00148128999715611	0.000690867981409371
vm_mpagado_rank_tend6	0.000325220714690781	0.00076848923103696	0.000445352913635793
rf_004_016	0.000321041923571565	0.000625587163883474	0.00081648034166562
ccallcenter_transacciones_delta2	0.000320553337666091	0.000705393273420639	0.000376837080768748
Master_msaldodolares_rank_delta2	0.000319740906253764	0.000777016946471073	0.000753674161537495
mcuenta_debitos_automaticos_rank_delta2	0.000316857122611574	0.00119264763187591	0.000530997704719599
rf_001_023	0.000312681740253698	0.000747217995529893	0.000445352913635793
cmobile_app_trx	0.000311268423540442	0.00122770648057222	0.000462481871852554
mtransferencias_emitidas_rank_delta1	0.000310344948660282	0.00107164432915445	0.000479610830069315
cpagomiscuentas_tend6	0.000309469836497875	0.0017868259494953	0.000433933608157952
ctarjeta_debito_tend6	0.000308556399639035	0.00252690140840511	0.000285482636946021
rf_010_026	0.000306956847421131	0.000807912549396753	0.000707996939626132
ctarjeta_visa_transacciones_lag1	0.000306897061754716	0.000499737662645042	0.000530997704719599
rf_015_015	0.000305609154689656	0.000582222477353769	0.000502449441024997
cprestamos_personales	0.000305148020996387	8.38942414446123e-05	1.71289582167613e-05
matm_other_rank_lag2	0.000304077775686621	0.000799269220079602	0.000633771454020167
ctarjeta_visa_debitos_automaticos_tend6	0.00030031318515453	0.00115085213228901	0.000296901942423862
rf_005_013	0.000299247261916165	0.000903607480870171	0.000388256386246589
Visa_msaldodolares_rank_delta1	0.000297514404579195	0.000733193216307995	0.000605223190325564
vmr_Master_mlimitecompra_delta1	0.000296139252909377	0.000786749270534244	0.000827899647143461
mpagomiscuentas_rank_lag1	0.00029274065236353	0.000860228078899169	0.000519578399241758
ccuenta_debitos_automaticos_tend6	0.000292069180601112	0.00110556032198509	0.000182708887645453
ctransferencias_recibidas_delta2	0.000291295721788397	0.00111278365028465	0.000479610830069315
cextraccion_autoservicio_lag2	0.000290243656656525	0.000745088501881562	0.000462481871852554
rf_005_015	0.000289390987414766	0.000810490330081545	0.000502449441024997
mpagomiscuentas_rank_delta1	0.000283770311374279	0.000810189900673831	0.000433933608157952
ctarjeta_visa_debitos_automaticos_delta2	0.000281046722730729	0.000520757303173477	0.000314030900640623
rf_013_022	0.000280797541210618	0.000869897660487855	0.000171289582167613
matm_other_rank_tend6	0.000279931744530597	0.0012469315144332	0.000439643260896872
vm_mconsumosdolares_rank_lag1	0.000278750862740359	0.000974584560034528	0.000690867981409371
mtarjeta_master_consumo_rank_lag1	0.000278218817993092	0.000686404051250813	0.000530997704719599
mtarjeta_visa_descuentos_rank_delta1	0.000270029714213497	0.000444323451880957	0.000536707357458519
Visa_msaldodolares_rank_tend6	0.000268868848571522	0.00118831110852837	0.00054812666293636
rf_003_018	0.000268740376053696	0.000322849255038004	0.00014274131847301
vm_status03_tend6	0.000267306057306358	0.000973023160555339	0.000182708887645453
Master_msaldodolares_rank_delta1	0.00026450154851246	0.00034261071231305	0.000650900412236928
ccaja_ahorro_lag1	0.000264140984887943	0.000387747320290089	7.99351383448859e-05
matm_rank	0.000258745323557663	0.000332346418535744	0.000359708122551986
ctransferencias_recibidas	0.000256913437748379	0.00061556024449905	7.42254856059655e-05
rf_004_015	0.000256443954858127	0.000460060405254021	0.000388256386246589
rf_013_025	0.000254528914474156	0.000512431488802961	0.000582384579369883
vmr_mconsumosdolares	0.000253980737918987	0.000693080017224186	0.000439643260896872
mtarjeta_master_descuentos_rank_delta2	0.000253594367465635	0.000485319447217428	0.000588094232108803
active_quarter	0.000250956717156125	0.000492932930049065	0.000570965273892042
vm_cconsumos_lag1	0.000245112937225285	0.000462818261268239	0.000342579164335225
mextraccion_autoservicio_rank_lag1	0.000243338617248786	0.000532209120040919	0.000536707357458519
vm_Fvencimiento_delta1	0.00024303827072956	0.000498142639033615	0.00041109499720227
vmr_mconsumosdolares_tend6	0.00023827311082541	0.00130424948658062	0.000519578399241758
ctarjeta_visa_debitos_automaticos_lag2	0.000236340353288885	0.000730868280763219	0.000485320482808236
Visa_msaldodolares_rank_lag2	0.00023093460412151	0.000882136506036901	0.000588094232108803
rf_010_021	0.000230315703283443	0.000427533732396995	0.000439643260896872
rf_020_024	0.000229256117547519	0.00121095812059406	0.000456772219113634
matm_other_rank_delta2	0.000226575107625101	0.000949856914794622	0.000593803884847724
mplazo_fijo_dolares_rank_delta1	0.00022570685024705	0.00177677017221892	0.000239805415034658
rf_005_008	0.000225684725086859	0.000494900788248391	0.000222676456817896
mextraccion_autoservicio_rank_delta1	0.000224563797601977	0.00101467783467127	0.000462481871852554
ctarjeta_visa_transacciones_delta1	0.00022174748220325	0.00127248452663716	0.000239805415034658
Master_mpagado_rank_delta1	0.000221667598718839	0.000921952088576111	0.000713706592365052
vm_status01_lag2	0.000221222019148249	0.00122125559573811	0.000393966038985509
rf_001_026	0.000220712983782848	0.000417665375148173	0.000376837080768748
rf_011_016	0.000218332493291394	0.000734800637353152	0.000496739788286076
catm_trx_tend6	0.000217715911122582	0.0015610634462271	0.000388256386246589
ctarjeta_master_transacciones_delta2	0.00021731377219487	0.00074665667306825	0.000336869511596305
rf_012_018	0.00021708693238195	0.000587131704840547	0.00027406333146818
mprestamos_prendarios_rank_lag2	0.00021706212338704	0.00131388289162425	0.00014274131847301
catm_trx_lag2	0.000212613722550478	0.000513312592128748	0.000376837080768748
mtarjeta_master_descuentos_rank_lag2	0.000208781548928468	0.000595892054472294	0.00040538534446335
vm_mconsumosdolares_rank_tend6	0.000206724714932938	0.000827498905942882	0.000439643260896872
cproductos_lag1	0.000200429197734684	0.000434787090614807	0.000114193054778408
ctarjeta_debito_transacciones_delta1	0.000199894788194602	0.0016921730535809	0.000234095762295737
rf_003_019	0.000196210993937128	0.000669566356823721	0.000199837845862215
minversion2_rank	0.000195924088368511	0.00105718709827363	0.000125612360256249
rf_010_022	0.000193038726929599	0.000474957250176698	0.000176999234906533
mcheques_emitidos_rank_lag1	0.000191694650845894	0.00192247543978184	0.000222676456817896
rf_008_022	0.000189216518757112	0.000497179910587431	0.000485320482808236
mforex_sell_rank_tend6	0.000186402104401047	0.00140323012866784	0.000285482636946021
vmr_mpagado_delta2	0.000186293130046363	0.00091771625531009	0.000302611595162782
ccomisiones_mantenimiento_lag2	0.00018173432567212	0.000356720789004412	0.000125612360256249
catm_trx_delta2	0.000181629200025818	0.000653402681698079	0.000296901942423862
rf_017_023	0.0001809631818881	0.000552697311755795	0.000393966038985509
mprestamos_prendarios_rank_lag1	0.000180549970243166	0.00136975921933511	0.000148450971211931
mv_status07_rank_tend6	0.000179580772941581	0.000650281601711604	0.000245515067773578
rf_010_015	0.000178721450576907	0.00036823261361831	0.000365417775290907
ctarjeta_master_transacciones_tend6	0.000178371495697308	0.00116898145178653	0.000342579164335225
rf_011_022	0.000175952633513634	0.000584343245917437	0.000348288817074146
rf_010_016	0.00017175112126776	0.000481381907666756	0.000314030900640623
vmr_msaldodolares_tend6	0.000171459520386533	0.000961422392167938	0.000325450206118464
ccajas_extracciones_tend6	0.00017086667679355	0.00206496023952822	0.000296901942423862
rf_004_009	0.000169953098535759	0.000681005802302462	0.00027406333146818
matm_rank_delta1	0.00016840365121131	0.000752502453747225	0.000359708122551986
tcuentas_lag2	0.000167180036601635	0.00102596601062249	0.00014274131847301
Master_mpagado_rank_lag1	0.00016710732490568	0.000462505720922113	0.000553836315675281
rf_008_023	0.000166612201279937	0.000544005929360427	0.000279772984207101
cforex_sell_tend6	0.000165877597277026	0.00178770522966907	0.000262644025990339
mtarjeta_master_consumo_rank_delta1	0.000161603404438721	0.00155545418045506	0.000314030900640623
ccajas_depositos_tend6	0.000160638338491769	0.00129578354995493	0.000222676456817896
vm_mpagado_rank_lag2	0.000160209083881706	0.000515035418696712	0.000262644025990339
tcuentas_lag1	0.000159628236311694	0.001302045686465	0.00013703166573409
vmr_mpagado	0.000158720647506612	0.00109928951248042	0.000325450206118464
vm_mconsumosdolares_rank_delta2	0.000153190030920756	0.000719601279420453	0.000336869511596305
catm_trx_other_tend6	0.000151093748374613	0.000690135288128013	0.000222676456817896
mtarjeta_master_consumo_rank	0.000145653301826953	0.000460318433354777	0.000256934373251419
rf_015_018	0.000144031783046163	0.00106164111074627	0.00013703166573409
vmr_mconsumosdolares_delta2	0.000142909638302787	0.000603576744412789	0.000314030900640623
rf_015_021	0.00014097625917682	0.000496385771612953	0.000336869511596305
ccajas_otras_delta2	0.000139970176675929	0.00034055779104952	0.000176999234906533
rf_010_018	0.000138145894453436	0.000465425863511057	0.000251224720512498
ccomisiones_mantenimiento_delta2	0.000130893039965002	0.000945317448582339	0.000119902707517329
rf_017_016	0.000129930084963049	0.000354811870705359	0.000182708887645453
rf_017_018	0.000129746067361391	0.000977933013122809	0.000285482636946021
vm_msaldodolares_rank_tend6	0.00012967857614382	0.000730075209634924	0.000188418540384374
mttarjeta_master_debitos_automaticos_rank_lag2	0.000129678383753327	0.000279904935273839	0.000182708887645453
vmr_msaldodolares2_tend6	0.00012730975398959	0.000846993844437769	0.000211257151340056
ctarjeta_visa_delta1	0.000124946065599972	0.000190649949722411	5.13868746502838e-05
ctarjeta_debito_lag2	0.000124407413454431	0.000971508537947953	0.000188418540384374
mv_status07_rank_lag2	0.000123176898183273	0.000493963036984868	0.000256934373251419
ctarjeta_visa_descuentos_tend6	0.000122570063930692	0.00099878109504625	0.000188418540384374
mtarjeta_visa_descuentos_rank	0.000122351536629071	0.000588036639367727	0.000308321247901703
ctarjeta_debito_transacciones_lag1	0.000121844908479713	0.000303528297335794	0.000228386109556817
vmr_mconsumosdolares_delta1	0.000121561451503781	0.000615847755572457	0.000216966804078976
vmr_mpagado_lag1	0.000120252240802131	0.00076404027129991	0.000205547498601135
vm_cconsumos_delta1	0.000119785874760507	0.000434696766454777	0.000148450971211931
mcajeros_propios_descuentos_rank_lag2	0.000118769145514987	0.000517308003733512	0.000239805415034658
mforex_sell_rank_lag2	0.000117965787769745	0.000554927886161069	0.00026835367872926
mplazo_fijo_dolares_rank_lag2	0.000116432448612095	0.00105926913787941	0.000205547498601135
rf_005_018	0.000115174322610132	0.000617584203690506	0.000182708887645453
mforex_buy_rank_tend6	0.00011420560377354	0.00133333303266952	0.000148450971211931
mv_status07_rank_delta2	0.000112540388190155	0.00110328377810391	0.000251224720512498
rf_014_020	0.000111881544138398	0.000986756391724358	0.000102773749300568
cforex_tend6	0.000111639978316269	0.00115127510355744	0.000194128193123294
vmr_msaldodolares2_lag2	0.000110001596842385	0.000743068735939749	0.000199837845862215
vm_mconsumosdolares_rank_delta1	0.000109591436629729	0.000463180599709515	0.000234095762295737
ctarjeta_visa_descuentos_lag2	0.000106350600230046	0.000388362425736295	0.000245515067773578
ccallcenter_transacciones_delta1	0.00010555083282619	0.00107506107230836	0.00014274131847301
vmr_mpagosdolares_tend6	0.000104433372567577	0.000816887275660914	0.000188418540384374
cforex_buy_tend6	0.000103810584163998	0.00134898664195028	0.00014274131847301
mtarjeta_visa_descuentos_rank_lag1	0.000103344401907647	0.000403715813969576	0.00027406333146818
ccomisiones_mantenimiento_delta1	0.000102157750262246	0.000474194573597063	7.42254856059655e-05
cextraccion_autoservicio	0.000101651037446399	0.000208480558784117	2.85482636946021e-05
vm_mpagado_rank_lag1	0.000100620127206594	0.000514061907608586	0.000188418540384374
internet_delta2	9.79311891558253e-05	0.000337947271763471	0.000108483402039488
rf_013_018	9.647893482204e-05	0.000387459418541249	0.000194128193123294
mv_status07_rank_delta1	9.56683734796503e-05	0.000666325652019766	0.000194128193123294
cseguro_accidentes_personales_lag1	9.33921222947509e-05	0.000365625037420521	0.000114193054778408
cseguro_vida_lag2	9.28404264751156e-05	0.000958044690512265	0.000154160623950851
rf_001_016	9.11013098234438e-05	0.000309656692622754	0.000194128193123294
mttarjeta_master_debitos_automaticos_rank_lag1	9.03432492450184e-05	0.000403467422529492	0.000165579929428692
ccajas_extracciones_delta2	8.9836494107301e-05	0.000425970666035959	0.000199837845862215
mttarjeta_master_debitos_automaticos_rank_delta2	8.8644093655829e-05	0.000368397843281296	0.00013132201299517
vm_mpagado_rank_delta1	8.71117595942691e-05	0.000403685888231434	0.000125612360256249
ctransferencias_recibidas_lag1	8.32576034404252e-05	0.000640423740609406	9.13544438227267e-05
ccajas_depositos_lag1	8.25961142167776e-05	0.000430771233662402	5.13868746502838e-05
matm_other_rank	8.21743812605175e-05	0.000681301283154696	0.000154160623950851
ctransferencias_emitidas_lag2	8.21143155199859e-05	0.000546025408806922	0.000154160623950851
ctarjeta_master_debitos_automaticos_tend6	8.13778921315876e-05	0.000914137251626483	0.00013132201299517
mv_status07_rank	8.10473911787677e-05	0.000458696114553122	0.000199837845862215
vmr_mpagado_delta1	8.07959009042951e-05	0.000704179028130909	0.000159870276689772
ctransferencias_emitidas_delta1	8.03541647583094e-05	0.000673561872608599	0.000102773749300568
minversion2_rank_lag2	7.62717852989573e-05	0.000446144390072575	5.70965273892042e-05
catm_trx_other_lag2	7.62366753188196e-05	0.000303781871736618	0.000228386109556817
ctarjeta_debito_lag1	7.46141613940057e-05	0.000379312950239352	8.56447910838063e-05
ccajas_depositos_delta2	7.36006225096991e-05	0.000420283551672701	0.000159870276689772
ctransferencias_emitidas_lag1	7.32390064911883e-05	0.000687573264685672	9.13544438227267e-05
matm_other_rank_delta1	7.26766564941447e-05	0.000577955155647876	0.00013132201299517
vmr_mpagado_lag2	7.17494964512185e-05	0.000254359059407774	0.000171289582167613
matm_other_rank_lag1	7.17136977312583e-05	0.000240875912605713	0.00013703166573409
rf_012_015	7.14154585908745e-05	0.000292364278037077	0.000171289582167613
cextraccion_autoservicio_lag1	7.02475066534285e-05	0.000420378329532664	0.00013132201299517
ctarjeta_master_descuentos_tend6	6.82073021365629e-05	0.0010088825292582	0.000114193054778408
vm_mpagosdolares_rank_lag2	6.76552136633845e-05	0.000563841641012707	0.000148450971211931
ccajas_consultas_lag2	6.74651325315266e-05	0.0003144330644174	0.000188418540384374
active_quarter_tend6	6.10237344723846e-05	0.000747420990484702	0.000102773749300568
mcaja_ahorro_adicional_rank_tend6	5.99590252086874e-05	0.00113706991042074	0.000125612360256249
rf_015_020	5.95090374542544e-05	0.000217264348941824	9.13544438227267e-05
minversion2_rank_lag1	5.79742872358462e-05	0.000599938149703187	8.56447910838063e-05
cseguro_accidentes_personales_lag2	5.73669860209644e-05	0.000524447935850709	9.13544438227267e-05
cpagomiscuentas_delta2	5.72882836439315e-05	0.000621602248425335	8.56447910838063e-05
ccheques_emitidos_tend6	5.63365856605594e-05	0.000857573725829576	9.13544438227267e-05
cliente_edad_tend6	5.610373028071e-05	0.000435125233224287	7.99351383448859e-05
vmr_mpagosdolares_delta1	5.59346434316372e-05	0.000464158772857804	7.42254856059655e-05
ctransferencias_recibidas_delta1	5.5677041627885e-05	0.000543192308704373	7.99351383448859e-05
cpagomiscuentas_lag2	5.53118596382342e-05	0.000384525367906902	0.000102773749300568
ccuenta_debitos_automaticos_lag2	5.5227775123356e-05	0.000115053940962769	5.13868746502838e-05
vmr_msaldodolares_delta2	5.35873798100973e-05	0.000511543978400078	0.00013132201299517
vm_mpagosdolares_rank_tend6	5.32350997619584e-05	0.000352246148868922	0.000102773749300568
ctarjeta_master_transacciones_delta1	5.32304763771923e-05	0.0005665315715917	9.70640965616471e-05
rf_020_020	5.26225660579709e-05	0.000316947737997303	0.000125612360256249
cseguro_accidentes_personales	4.62080585810912e-05	0.00023765002742317	6.8515832867045e-05
cseguro_vivienda_tend6	4.54710556431452e-05	0.000461435608822005	5.13868746502838e-05
catm_trx_lag1	4.1967651112444e-05	0.000419923453103906	8.56447910838063e-05
ccomisiones_mantenimiento_lag1	4.16679321358926e-05	0.000305632110585686	5.13868746502838e-05
cplazo_fijo	4.15691194432023e-05	0.000141393565127879	1.14193054778408e-05
cseguro_vivienda_lag2	4.13809503249736e-05	0.00017496112756265	6.8515832867045e-05
mtarjeta_visa_descuentos_rank_tend6	4.12052512323925e-05	0.000432234313157705	6.8515832867045e-05
mcaja_ahorro_adicional_rank_lag1	4.10887989750825e-05	0.000751066617352092	9.70640965616471e-05
ctransferencias_emitidas	3.85127379294712e-05	0.00079138348856146	7.42254856059655e-05
cpayroll_trx_lag2	3.68239414095569e-05	3.59756337116163e-05	3.99675691724429e-05
cpagodeservicios_tend6	3.27930480925305e-05	0.000425320868611334	5.13868746502838e-05
cpagomiscuentas_delta1	3.24338271211147e-05	0.000182229123086672	3.99675691724429e-05
cliente_edad_delta2	3.22125716113568e-05	0.000217564804394566	6.28061801281246e-05
ctarjeta_visa_debitos_automaticos_lag1	3.20537794521193e-05	0.000174495312221777	6.28061801281246e-05
ccuenta_debitos_automaticos_delta2	3.10623622092379e-05	0.000155522159834748	3.99675691724429e-05
cextraccion_autoservicio_delta1	3.03059472475444e-05	0.000485750492444794	6.8515832867045e-05
ctarjeta_visa_tend6	2.90703855624761e-05	0.000183073112246358	4.56772219113634e-05
cseguro_vida_lag1	2.84254266101771e-05	0.000444712408341711	7.99351383448859e-05
ccuenta_debitos_automaticos_delta1	2.74626611410517e-05	0.000415535933589899	5.13868746502838e-05
mcajeros_propios_descuentos_rank_tend6	2.65941327042713e-05	0.000333823979067084	5.13868746502838e-05
ccheques_emitidos_delta1	2.64321639366205e-05	0.000514796559737185	4.56772219113634e-05
ccajas_depositos_delta1	2.61420822600372e-05	0.000290708048607867	3.99675691724429e-05
cplazo_fijo_lag2	2.60339756345009e-05	0.000412245118150449	4.56772219113634e-05
vm_msaldodolares_rank_delta1	2.59304687817437e-05	0.000320206700366477	6.28061801281246e-05
cpagomiscuentas	2.44472531428394e-05	0.000494877477947576	3.99675691724429e-05
cpagomiscuentas_lag1	2.18449475177742e-05	0.00016971130923368	4.56772219113634e-05
cplazo_fijo_lag1	2.04503103144597e-05	0.000181066264638852	2.28386109556817e-05
ccuenta_debitos_automaticos_lag1	1.89249059540377e-05	0.000216377828250036	3.42579164335225e-05
cseguro_accidentes_personales_tend6	1.78046220232819e-05	0.000482569222396661	4.56772219113634e-05
internet_delta1	1.6962759178147e-05	0.000245353626054606	3.42579164335225e-05
cproductos	1.55919153964966e-05	0.000199374044674007	1.71289582167613e-05
ccajas_extracciones	1.33181423783458e-05	0.000141393565127879	1.14193054778408e-05
cliente_edad_delta1	1.27143687366907e-05	0.000154766645638046	2.85482636946021e-05
active_quarter_delta1	1.21449160355885e-05	0.000140591716824863	6.28061801281246e-05
cpayroll_trx_lag1	9.10383296630941e-06	0.000155901687995061	1.71289582167613e-05
catm_trx_delta1	8.82647034070311e-06	0.000102205876144036	1.71289582167613e-05
ctarjeta_visa_debitos_automaticos_delta1	8.41726238340629e-06	0.000188421224514184	2.28386109556817e-05
catm_trx	8.3525446719843e-06	7.16969116715435e-05	1.14193054778408e-05
ctarjeta_visa_debitos_automaticos	8.04500128651875e-06	0.000207488894310887	1.71289582167613e-05
ctarjeta_master_debitos_automaticos_lag1	6.94486546273153e-06	8.34299367154128e-05	1.71289582167613e-05
mpagodeservicios_rank_tend6	6.40815138058872e-06	0.000149823637748857	2.85482636946021e-05
ctarjeta_debito	5.25700262477872e-06	7.06967825639394e-05	5.70965273892042e-06
ccuenta_debitos_automaticos	5.19808857900545e-06	0.000201648400772768	1.71289582167613e-05
cseguro_vida	1.88944581679314e-06	5.63023722926894e-05	5.70965273892042e-06
