Feature	Gain	Cover	Frequency
rf_010_016	0.0419119398063518	0.00300313505267752	0.000259532165062457
vm_status04_delta2	0.0397105811116854	0.00118375005989036	0.000253890161474143
mpasivos_margen_rank_lag1	0.0226075509962963	0.00212426736579413	0.00242606154297514
vmr_msaldototal	0.019937006366664	0.000878529320776819	0.00107762268536803
rf_015_014	0.0183991904174181	0.000760878822398199	0.000727818462892542
Visa_mpagospesos_rank	0.0168044388611603	0.00163767507362852	0.00312566998792611
rf_018_025	0.0136424965463899	0.001680335235185	0.00328928809198723
rf_019_024	0.0135079460862421	0.000971773720352843	0.000637546405479514
rf_017_015	0.011298628426878	0.00099228505206484	0.00160232901908126
rf_008_024	0.0103826510392903	0.00118449365085432	0.00269123571162591
mpayroll_rank_lag2	0.0100764493639714	0.00103832830765069	0.000490854312183343
rf_006_022	0.00971994899506934	0.000819358681961425	0.000389298247593686
mautoservicio_rank	0.00915836273050413	0.0012859119064439	0.000688324437774342
mpayroll_rank	0.00879531368696532	0.00140811428982043	0.000332878211710543
mprestamos_personales_rank_lag1	0.00864690687570279	0.00213650213057432	0.000626262398302885
rf_009_021	0.00797962330065738	0.00126493841426137	0.000981708624366685
mcuentas_saldo_rank_lag2	0.0077674743378615	0.00300051575672878	0.0022906534568556
cproductos_delta2	0.00706274731510985	0.00151494416074394	0.000214396136355943
Visa_Finiciomora_tend6	0.00661756947692225	0.00259574177064129	0.000519064330124914
mprestamos_personales_rank_delta2	0.00549661914273366	0.00354253655651827	0.000705250448539285
rf_006_015	0.00531179457938204	0.00174081946545544	0.00129201882172397
rf_012_020	0.00521461896475458	0.00207275063635395	0.000349804222475486
Visa_mconsumospesos_rank	0.00494229121209442	0.00132634490352219	0.00257839563985963
mcuentas_saldo_rank	0.00477947712922547	0.00245486458347463	0.000626262398302885
rf_008_021	0.00470245623261961	0.00125169878359169	0.000440076279888514
mpayroll_rank_delta2	0.00466906963859724	0.00142565478876714	0.000468286297830085
Visa_msaldopesos_rank_lag2	0.00453319382759933	0.00110210686497373	0.00197470125591
rf_013_018	0.00439659702085833	0.00148699287281415	0.000208754132767628
mprestamos_personales_rank	0.00436733814092213	0.00352656762483106	0.000778596495187371
mpayroll_rank_delta1	0.00424904764459184	0.00127983100769364	0.000361088229652114
Master_mpagado_rank_delta1	0.00418425560368333	0.000905093379837904	0.000840658534658828
Visa_mconsumototal_rank	0.00418418984370254	0.00245848776588629	0.00461515893524108
rf_010_017	0.00396369964821038	0.0010804431090267	0.000569842362419743
matm_other_rank_tend6	0.00384441518309117	0.00145758739416732	0.000389298247593686
mcomisiones_rank_delta1	0.00384370898921954	0.00251471597530701	0.0050157411900114
Visa_cconsumos_tend6	0.00378226305568526	0.00208585167816356	0.00377450040058226
vm_mpagospesos_rank	0.00370816379802236	0.000899060137922741	0.000964782613601742
mpayroll_rank_lag1	0.00370388294728781	0.00131695619771677	0.000423150269123571
ctrx_quarter	0.00361778813634611	0.000975858418875449	0.000485212308595028
Visa_mconsumosdolares_rank	0.00351031483974729	0.00167532698895284	0.00283792780492208
Visa_fultimo_cierre_lag1	0.00350431706467343	0.000926476787815604	0.000964782613601742
rf_004_025	0.00337043545479299	0.00149676208584317	0.0026855937080376
cdescubierto_preacordado	0.00327837880094935	0.00272852350746901	0.000220038139944257
rf_006_021	0.0032229540951008	0.00171325615932046	0.00396632852258494
mrentabilidad_annual_rank_lag1	0.00321671782728946	0.00150683363239064	0.00178851513749563
Master_msaldodolares_rank_delta1	0.00321148733201169	0.000301390304884153	0.000598052380361314
mactivos_margen_rank_lag2	0.00314940381779457	0.00248289894224244	0.00405095857640965
mrentabilidad_annual_rank_delta2	0.00306030353336337	0.00348854074377559	0.00682682434186028
rf_007_025	0.0030419647832288	0.000840512440182145	0.000394940251182
rf_017_019	0.00303668925398842	0.000660147943842163	0.000332878211710543
mpayroll_sobre_edad_rank	0.00296904749620307	0.00144626823858656	0.000253890161474143
Visa_mpagospesos_rank_tend6	0.00293649044043576	0.00206182113790294	0.00419200866611751
vm_cconsumos	0.00285052534977922	0.000652385653184324	0.000287742183004028
mcuentas_saldo_rank_delta2	0.00283680567709744	0.00233227581631505	0.0026855937080376
ccomisiones_mantenimiento_lag1	0.00283104444765197	0.000128258693364932	4.51360287065143e-05
Master_mfinanciacion_limite_rank	0.00278327737295318	0.00216136840521991	0.0035939562857562
rf_011_028	0.00276262932110057	0.000722722218870574	0.000502138319359971
ccomisiones_otras_lag1	0.0027602857028129	0.00126305322430346	0.000767312488010742
matm_other_rank_lag2	0.00271699382828421	0.000799575734327122	0.000761670484422428
mrentabilidad_rank_delta2	0.00262073657231089	0.00323193907481168	0.00599180781078977
rf_001_021	0.00261980734179813	0.000620327474987733	0.000558558355243114
Master_mfinanciacion_limite_rank_delta2	0.00261896120758493	0.00290410538652999	0.00428228072353054
mprestamos_personales_rank_lag2	0.00257186845808841	0.00187813035427482	0.000677040430597714
mcomisiones_otras_rank_lag2	0.00255235479209021	0.00235233230748143	0.00464901095677097
matm_rank_lag1	0.00254218474639943	0.000787305040056329	0.000558558355243114
mrentabilidad_annual_rank_lag2	0.00248492567518875	0.00293321368653507	0.00490854312183343
mcomisiones_rank_tend6	0.00246491929410783	0.00166673752100535	0.00207061531691134
mcomisiones_rank_delta2	0.00243827468380425	0.00278700661460455	0.00613285790049762
cproductos_delta1	0.00229757779086181	0.000947457161758524	0.000107198068177971
ctrx_quarter_normalizado_delta2	0.00228825858963756	0.00130713948249896	0.00173209510161248
mcomisiones_rank_lag2	0.00227399561645573	0.00286956371761131	0.00551223750578305
ctarjeta_master	0.00226624700876701	0.000131374378165494	4.51360287065143e-05
rf_020_023	0.0022302618693367	0.00168766449042566	0.00155719299037474
rf_003_026	0.00220240318972904	0.000516669605892735	0.000332878211710543
mcomisiones_rank_lag1	0.00217520641850449	0.00215675883715173	0.00362780830728608
mprestamos_personales_rank_delta1	0.00215665999879392	0.0045288176463676	0.000693966441362657
mcaja_ahorro_rank_delta2	0.00214854196886272	0.00215840002102105	0.00169260107649428
ctrx_quarter_lag1	0.00213422401499633	0.000888198967362382	0.000648830412656142
mcomisiones_rank	0.00212559809765404	0.00201542198962973	0.00303539793051308
mactivos_margen_rank_lag1	0.00210401326103904	0.00355575451093143	0.0027250877331558
mactivos_margen_rank_delta2	0.00209392989976313	0.0030280065079742	0.00432177474864874
mcuenta_corriente_rank_tend6	0.00208919359635902	0.00293859679540084	0.00173209510161248
mcomisiones_otras_rank_lag1	0.00208830807888559	0.00155313968359065	0.00257839563985963
Visa_mpagominimo_rank_tend6	0.00208190033804589	0.00184959692611931	0.00248248157885828
mactivos_margen_rank_delta1	0.00208098888042316	0.00289308075482947	0.00437819478453188
mcaja_ahorro_rank_lag2	0.00207013346285749	0.00146713974153358	0.000891436566953657
mtransferencias_recibidas_rank_lag1	0.00204911624675716	0.00178062503671621	0.00107198068177971
vm_Finiciomora	0.00200121570769776	0.00257815864086428	0.000338520215298857
rf_015_023	0.00196247522053978	0.00141765282211714	0.00353189424628474
Master_fechaalta_tend6	0.00194220460335012	0.00110590930822263	0.00153462497602148
ctrx_quarter_delta1	0.00194094886203781	0.00142231306262328	0.000767312488010742
internet_lag1	0.00192807579865822	0.00150083180944896	0.0002369641507092
Visa_mpagominimo_rank	0.00192620225350648	0.00163125274162005	0.00251069159679986
Visa_mconsumospesos_rank_tend6	0.00190876529247216	0.00171281348428386	0.00309745996998454
vmr_mpagospesos_lag1	0.00186373256713758	0.000922365387031693	0.00105505467101477
mrentabilidad_annual_rank_delta1	0.00184709357030793	0.00212319494524548	0.00392683449746674
Visa_mfinanciacion_limite_rank_delta2	0.00183961706769821	0.0017031528845069	0.00360524029293283
vm_mpagospesos_rank_lag1	0.00182774979980441	0.000542081730432081	0.000778596495187371
mcomisiones_otras_rank_delta2	0.00180567644061085	0.0024133297830505	0.00464901095677097
cextraccion_autoservicio_lag1	0.00178023217542984	0.000261450114018368	6.77040430597714e-05
mcuenta_corriente_rank	0.00177864206036814	0.00219535775487458	0.00130894483248891
Visa_msaldototal_rank	0.00177783911554309	0.00148445056494891	0.00227372744609066
Master_fechaalta	0.00177384299131085	0.00184877456863938	0.0033174981099288
Visa_mconsumospesos_rank_lag2	0.00177005512061084	0.00165223927564062	0.00344726419246003
mcomisiones_otras_rank_tend6	0.00176494149288998	0.00184580556585531	0.00250504959321154
mrentabilidad_annual_rank	0.00176026454176915	0.00260290717812605	0.00282664379774546
Master_mfinanciacion_limite_rank_tend6	0.00175694736434901	0.00262269589922226	0.00415815664458763
rf_010_023	0.00175652410001958	0.00116016183382496	0.00338520215298857
Visa_mfinanciacion_limite_rank_tend6	0.0017477797583954	0.00221646968127088	0.00348675821757823
Visa_mpagospesos_rank_lag2	0.00173403860858206	0.00218610279234514	0.00433870075941368
Master_mlimitecompra_rank_delta2	0.0017233932266922	0.00201083131418465	0.00459823292447614
Master_mlimitecompra_rank_delta1	0.00171463217938082	0.00242938194022203	0.00494239514336331
rf_012_019	0.00170423404382474	0.00136931667737518	0.00286049581927534
ccaja_ahorro_tend6	0.00170303606508422	0.00222818341688864	0.000203112129179314
mprestamos_personales_rank_tend6	0.00169949962188791	0.00191082693817631	0.000400582254770314
Visa_cconsumos_delta1	0.00169935940355356	0.00109975771033844	0.00238656751785694
mcomisiones_otras_rank	0.00169298960859763	0.001976015302728	0.00273637174033243
mcuenta_corriente_rank_delta2	0.00167952660503583	0.00205603602597772	0.00116225273919274
Visa_mconsumototal_rank_delta2	0.00167901577298444	0.00219046278705791	0.00503830920436465
mpasivos_margen_rank_delta1	0.00167399860469699	0.00201481149758216	0.00306360794845466
Master_fechaalta_lag2	0.0016442214464138	0.00238345384458166	0.00357703027499126
mcomisiones_otras_rank_delta1	0.00163591788869683	0.00258483464435516	0.00433870075941368
chomebanking_transacciones_lag2	0.00161874587499436	0.00186965189659707	0.00295076787668837
mrentabilidad_rank_lag2	0.00161447367949657	0.00220542837354425	0.00389298247593686
Visa_msaldopesos_rank	0.001603669276786	0.0020106423879536	0.00267995170444928
rf_013_026	0.00160231709462045	0.00113195738990044	0.000998634635131628
Visa_mconsumospesos_rank_lag1	0.00159555218413278	0.0017631898261261	0.00362780830728608
Visa_msaldototal_rank_tend6	0.00159480507402013	0.00168432000642277	0.00226244343891403
vm_Finiciomora_tend6	0.00159460683721221	0.00217927332817491	0.000564200358831428
Master_fultimo_cierre_tend6	0.00158460403586294	0.00215380620110118	0.00352625224269643
mtarjeta_master_consumo_rank_delta2	0.0015749397802682	0.000725283445133296	0.000885794563365342
mcuentas_saldo_rank_tend6	0.00157233524280974	0.00252905802790773	0.00196341724873337
vmr_mpagominimo_delta2	0.00156525026462744	0.00170469573910318	0.00178851513749563
mpasivos_margen_rank_lag2	0.00156300846056978	0.00188381216247097	0.00346983220681328
vmr_mpagominimo	0.00155919019553732	0.00123350075434753	0.00225680143532571
mpasivos_margen_rank_tend6	0.00154000129956895	0.00174057966059136	0.00170388508367091
mcuentas_saldo_rank_delta1	0.0015306693652923	0.00296468920901827	0.00187314519132034
Visa_mlimitecompra_rank_delta1	0.00152128581005202	0.00225479938555809	0.00386477245799528
Visa_mlimitecompra_rank	0.00151018107052307	0.00200628125916796	0.00308617596280791
mrentabilidad_rank_lag1	0.0015067884670696	0.00201949338857045	0.00290563184798186
Visa_mfinanciacion_limite_rank	0.00150518240922444	0.00199383529908937	0.0030015459089832
vm_Fvencimiento_lag2	0.00150417628256873	0.00240857690941006	0.00317644802022094
vmr_mpagominimo_delta1	0.00149732588155004	0.00117407935655507	0.00137664887554869
Visa_Fvencimiento_lag2	0.00149727560698743	0.00186647038402105	0.0030015459089832
Master_Fvencimiento_tend6	0.00149300479847894	0.00107309998716772	0.0016192550298462
Master_Fvencimiento_lag2	0.00149188560290659	0.0020113103053276	0.00390426648311348
Master_mfinanciacion_limite_rank_delta1	0.00148050967483775	0.00185600335533316	0.0044628248383566
mrentabilidad_rank_delta1	0.00147442169281501	0.00190564708609881	0.00353189424628474
cproductos_tend6	0.0014716830281374	0.00215210833936254	0.000338520215298857
vm_fechaalta_lag2	0.00146435250887497	0.0015191095330869	0.00238092551426863
mtransferencias_recibidas_rank_lag2	0.00146409426894498	0.0021173479232511	0.00266302569368434
ccomisiones_otras_tend6	0.00145355916696482	0.00158706323124424	0.00155155098678643
chomebanking_transacciones_delta2	0.00144814697793803	0.00260084151593487	0.00330057209916385
Visa_mpagospesos_rank_delta2	0.00144540751680644	0.00190421732949733	0.0035939562857562
Master_mlimitecompra_rank_tend6	0.00144324847638819	0.00186152685726586	0.00380271041852383
Master_fechaalta_lag1	0.00143282412155113	0.0022204195539934	0.00310874397716117
mpasivos_margen_rank_delta2	0.00142073558137657	0.00176980237308479	0.00368422834316923
ctrx_quarter_delta2	0.00140541162624566	0.00168874490103319	0.00174337910878911
Visa_cconsumos_delta2	0.00140445110604293	0.00130525011709092	0.00212703535279448
Visa_mconsumototal_rank_tend6	0.00140362668336481	0.00191558976072879	0.00415251464099931
internet_lag2	0.00140146068835728	0.00101003182340269	0.000231322147120886
Visa_Fvencimiento	0.00139772605668014	0.00153160237676907	0.002369641507092
ccaja_seguridad_lag1	0.00139630322278818	0.0012655214823649	0.000146692093296171
Master_mfinanciacion_limite_rank_lag2	0.00139350834679017	0.00173361627272447	0.00335135013145868
mautoservicio_rank_tend6	0.00138120706452604	0.00129574101914017	0.000846300538247142
Master_Fvencimiento	0.00137982035838776	0.00169074143632782	0.00321594204533914
cprestamos_personales_tend6	0.00137807980043846	0.00265753995320815	0.000344162218887171
Master_msaldototal_rank	0.00136930608902385	0.00158154648220003	0.00262917367215446
Visa_msaldopesos_rank_delta2	0.00136908450273381	0.00157447607909285	0.00265738369009603
vm_mpagospesos_rank_tend6	0.00136605342196287	0.00114986509648886	0.0013033028289006
Master_mlimitecompra_rank	0.00136320893627517	0.00153229578500836	0.00313695399510274
Visa_mconsumospesos_rank_delta2	0.00136010713899829	0.00178496209222765	0.00384220444364203
rf_003_015	0.00135821889377222	0.00085669501573418	0.00103248665666151
rf_012_013	0.0013545177684896	0.000845351426037862	0.000626262398302885
Master_Fvencimiento_delta1	0.0013441522238402	0.000751249048783909	0.000987350627954999
mcaja_ahorro_rank_delta1	0.00134401918240436	0.00203546332545862	0.00141614290066688
mcaja_ahorro_rank_tend6	0.00134186440142908	0.00183844396376336	0.00105505467101477
Visa_mfinanciacion_limite_rank_lag2	0.00133888286239669	0.00148757390474138	0.00247683957526997
Visa_mconsumototal_rank_lag2	0.00132944696191396	0.0014883997159887	0.00279843377980388
Visa_mlimitecompra_rank_lag1	0.00132899456811366	0.00188737750716606	0.00309181796639623
Master_mlimitecompra_rank_lag2	0.00132362101936027	0.00209496588678472	0.00362216630369777
Master_Fvencimiento_lag1	0.00131734422203581	0.00150530186077927	0.00321594204533914
ctrx_quarter_normalizado_tend6	0.00131269950551712	0.00233188832423352	0.00159668701549294
ctrx_quarter_tend6	0.00130196961695708	0.00148396549105146	0.00115661073560443
vm_status02	0.00129435918229124	0.00142952213191369	0.0011453267284278
chomebanking_transacciones_lag1	0.0012938081322807	0.00145418950564182	0.00247119757168166
mcaja_ahorro_dolares_rank	0.00128973489565727	0.00150828710142494	0.000581126369596371
vm_fechaalta_delta1	0.00128421004150453	0.0012454056585677	0.000699608444950971
rf_011_018	0.00128332192784684	0.000686140971436819	0.000163618104061114
vm_fechaalta	0.00128089096748673	0.0020952628592314	0.00273072973674411
rf_008_015	0.00128046965851713	0.000588814734294757	0.000744744473657485
rf_011_015	0.00127926621377503	0.000717303902196941	0.00124124078942914
vmr_mpagospesos	0.00127679588427268	0.00146966418775104	0.00169260107649428
Visa_msaldototal_rank_lag2	0.00126916917989584	0.00178129522223596	0.00267995170444928
mcuentas_saldo_rank_lag1	0.00126350676779482	0.00255573232400705	0.00120738876789926
ccomisiones_otras_lag2	0.00125281832172659	0.00207255346232018	0.0022116654066192
rf_001_025	0.00125253314575779	0.00114972184246537	0.00227372744609066
Visa_mconsumospesos_rank_delta1	0.00124661454047299	0.00153545448725498	0.00341905417451846
vmr_mpagominimo_lag1	0.00124608127320109	0.00139463044686709	0.00187314519132034
Visa_mconsumototal_rank_lag1	0.00123809701037034	0.00148037924333134	0.00326107807404566
mcuenta_corriente_rank_lag1	0.00123200993150494	0.00207059790829532	0.00110019069972129
thomebanking_lag2	0.00122481338333422	0.00174523191103862	0.00375757438981731
Master_delinquency_lag1	0.00122421894179158	0.000800489642417244	0.000964782613601742
Visa_mlimitecompra_rank_delta2	0.00122282063968466	0.00249775467830631	0.00354882025704968
vm_fechaalta_lag1	0.00122178819925113	0.00146144868033375	0.00216652937791268
ctarjeta_visa_transacciones_tend6	0.00122109186641059	0.00217271101548966	0.000992992631543314
Visa_msaldopesos_rank_tend6	0.0012206431610342	0.00207420188879127	0.00269687771521423
Visa_mpagospesos_rank_lag1	0.0012187221927836	0.00166642096002721	0.0033174981099288
vm_Finiciomora_lag1	0.00120723516527527	0.00174769156045597	0.000327236208122228
Master_msaldototal_rank_lag2	0.00120539172870265	0.00126888805501444	0.0023301474819738
cmobile_app_trx_lag2	0.00120144295136878	0.00226336093984825	0.00241477753579851
thomebanking_lag1	0.00119505265002322	0.00148532075968462	0.00269123571162591
mrentabilidad_rank	0.00119015281440846	0.0023612904522105	0.00230757946762054
Visa_mconsumosdolares_rank_tend6	0.00118173490726871	0.00145167191541036	0.0024091355322102
Visa_mpagominimo_rank_lag2	0.00118079320679922	0.00126724947435785	0.00241477753579851
thomebanking	0.00116785629476781	0.00190447767654506	0.0019352072307918
ctrx_quarter_normalizado_lag1	0.00116625899982879	0.00102610300206924	0.000778596495187371
Visa_mfinanciacion_limite_rank_delta1	0.00116530279120106	0.00197903678215687	0.0032780040848106
Visa_mlimitecompra_rank_lag2	0.00116159046367399	0.00152201190908962	0.00251069159679986
Visa_msaldototal_rank_lag1	0.00115187173844304	0.00109472410211292	0.00187314519132034
mactivos_margen_rank	0.0011499227832302	0.0027884778164147	0.00151769896525654
Master_mpagospesos_rank_tend6	0.00114065136168016	0.00194877090304006	0.00262917367215446
rf_014_021	0.00114028635034823	0.00112722320268803	0.00238656751785694
Visa_mpagominimo_rank_lag1	0.00113560190361459	0.00163125714903962	0.00218909739226594
Master_status	0.00113121433542312	0.00112320425461773	0.00110019069972129
Visa_fechaalta_lag1	0.00112963779841875	0.00185771539298273	0.00238656751785694
Visa_fechaalta	0.0011213689260748	0.00161484154728637	0.00214396136355943
Visa_mconsumototal_rank_delta1	0.00111506297376215	0.00166748263265794	0.00305232394127803
mrentabilidad_annual_rank_tend6	0.00110536263041086	0.00193279331116	0.00223987542456077
Visa_msaldototal_rank_delta2	0.00110507984461825	0.00124246067750905	0.00210446733844123
mtarjeta_visa_consumo_rank_delta2	0.00110090386731562	0.00125644462082544	0.001382290879137
Visa_mfinanciacion_limite_rank_lag1	0.00109520839192765	0.00163172593352671	0.00273072973674411
ctrx_quarter_normalizado_lag2	0.00108490931995921	0.00137565300026591	0.00175466311596574
mcuenta_debitos_automaticos_rank_lag1	0.00108311851270034	0.00110375632242016	0.000603694383949628
chomebanking_transacciones_delta1	0.0010827910612082	0.00297866029091729	0.00240349352862188
Master_msaldopesos_rank_lag1	0.00108044521271438	0.00114308259324537	0.0021326773563828
vmr_Master_mlimitecompra_lag1	0.00107755433774767	0.0015954414007958	0.00226244343891403
Visa_mpagominimo_rank_delta2	0.00107485061003284	0.00175978013293296	0.00211010934202954
Visa_Fvencimiento_lag1	0.00107009548081526	0.00205335286110667	0.0024091355322102
cliente_edad_lag2	0.00106826596633063	0.00207730633596063	0.00144999492219677
vm_msaldopesos_rank_tend6	0.00106575642263453	0.00139852080653811	0.00182236715902551
Master_mconsumototal_rank_tend6	0.00106250220583875	0.00207544875036744	0.00259532165062457
Visa_fechaalta_delta1	0.00105832199589354	0.00103567243785176	0.000857584545423771
Master_mpagominimo_rank_tend6	0.00105284569873955	0.00165469673423537	0.0022116654066192
tcallcenter	0.00105151695027753	0.0011400792332081	0.000919646584895228
Master_msaldopesos_rank_lag2	0.00104738148650563	0.00126034856359656	0.0022511594317374
ctarjeta_master_delta2	0.00104660898812474	0.000191629551489777	6.20620394714571e-05
Visa_mconsumosdolares_rank_lag2	0.00104438770023793	0.00205508136858729	0.00298461989821826
Visa_fechaalta_lag2	0.00104397916941367	0.00149087446919478	0.00202547928820483
vm_Fvencimiento	0.00104190788714108	0.00141167870663772	0.00227936944967897
rf_019_021	0.00104123582447004	0.00106852168342671	0.00149513095090328
vm_cconsumos_tend6	0.00103973371005441	0.00105924994177361	0.000823732523893885
Master_cconsumos_tend6	0.00103546381582427	0.00188889399456802	0.00279279177621557
Visa_delinquency_lag1	0.00103243857779822	0.00107836718863089	0.000739102470069171
Master_mlimitecompra_rank_lag1	0.00103071062030397	0.0013427219983465	0.00271944572956748
Visa_mpagospesos_rank_delta1	0.00102985121598205	0.00165052045932819	0.00324415206328071
Master_mfinanciacion_limite_rank_lag1	0.00102497345410959	0.00146993316921724	0.00290563184798186
vm_fultimo_cierre_tend6	0.0010215954214268	0.00135896617467509	0.00150641495807991
mrentabilidad_rank_tend6	0.00101551768111301	0.00223462979639691	0.00174337910878911
Visa_mconsumosdolares_rank_lag1	0.0010149455271261	0.00145963872580127	0.00275329775109737
Visa_mconsumosdolares_rank_delta2	0.00101125970609252	0.00144065648516476	0.00264045767933108
Visa_mlimitecompra_rank_tend6	0.00101078043422678	0.00150763080829789	0.00228501145326728
Visa_Finiciomora_lag2	0.00100954561657964	0.00109316882426379	0.000180544114826057
mcomisiones_mantenimiento_rank_tend6	0.00100920221601406	0.00233736079288689	0.00116225273919274
ctrx_quarter_normalizado_delta1	0.00100524079810044	0.00156067585558205	0.000868868552600399
Visa_msaldopesos_rank_delta1	0.00100164924008693	0.00150913574877604	0.00225680143532571
rf_005_019	0.000997671367354618	0.00114760702852486	0.00234707349273874
vmr_msaldopesos2_tend6	0.000996960760236141	0.00161529770232554	0.0016587490549644
ccajas_consultas_tend6	0.000991264010335983	0.00198306588533427	0.000406224258358628
mcuenta_debitos_automaticos_rank_lag2	0.000990201123738762	0.00119601340846185	0.000767312488010742
tcallcenter_delta1	0.000987591160620742	0.000833303963702558	0.000479570305006714
ctrx_quarter_lag2	0.000983887168641076	0.00181270290654179	0.00234143148915043
vmr_msaldototal_tend6	0.000978256772661085	0.00119129574262927	0.00163053903702283
Visa_mconsumosdolares_rank_delta1	0.000977777925667651	0.00142072585031301	0.00266302569368434
mextraccion_autoservicio_rank_delta2	0.000977565648883498	0.00127247847818468	0.00115096873201611
mactivos_margen_rank_tend6	0.000977427542780688	0.00169818982076902	0.00180544114826057
vm_msaldototal_rank_delta2	0.000975980244663979	0.00116158756962262	0.00133151284684217
mpagomiscuentas_rank	0.000975668724033186	0.00118036523897729	0.000603694383949628
rf_011_027	0.000974249559618013	0.00150235365792269	0.00287177982645197
vm_Fvencimiento_tend6	0.000963626086514642	0.00178067192031979	0.00111147470689791
vmr_Visa_mlimitecompra_lag1	0.000957708415612258	0.000937562659451311	0.00158540300831631
internet	0.00095727197560438	0.00124004863337803	0.000101556064589657
chomebanking_transacciones	0.000954355688814644	0.00216275084005329	0.00220038139944257
Visa_msaldototal_rank_delta1	0.000953010579161474	0.00139401010900503	0.00249940758962323
Master_mpagominimo_rank	0.000946638916810577	0.0013072236100867	0.00187314519132034
cmobile_app_trx_tend6	0.00093920016275962	0.00288266834206022	0.00158540300831631
mcuenta_corriente_rank_lag2	0.000936864309064867	0.00144173186976751	0.00103248665666151
rf_016_021	0.000936204491683648	0.00131483978576448	0.0018562191805554
mcomisiones_mantenimiento_rank	0.000934485038371061	0.00102734872957253	0.000919646584895228
chomebanking_transacciones_tend6	0.00093012714857138	0.00152945714905603	0.00151205696166823
cmobile_app_trx_lag1	0.000929217600780197	0.00173608301009728	0.0012638088037824
Master_mpagospesos_rank	0.00092858255864915	0.00134640453916336	0.00178851513749563
vmr_mpagominimo_lag2	0.00092579227040125	0.00103137218815994	0.00168695907290597
Visa_fechaalta_tend6	0.000925414190025572	0.00120275954405022	0.000947856602836799
Visa_cconsumos_lag2	0.000924142738262012	0.000991027030180616	0.0020931833312646
Visa_cconsumos_lag1	0.0009127844794317	0.00123175348311572	0.00205933130973471
vm_mlimitecompra_rank_delta2	0.000909062481411091	0.00152391733193858	0.00224551742814908
cliente_edad_lag1	0.000905742044237697	0.0021438341694484	0.00142742690784351
vmr_mconsumospesos	0.000902489439700096	0.00109180757597366	0.00121303077148757
vmr_Master_mlimitecompra	0.000901911200597341	0.00122544076956027	0.00207625732049966
mtransferencias_recibidas_rank_delta2	0.000898789059896591	0.00157499535559721	0.00198598526308663
mtarjeta_master_consumo_rank	0.000895999904879774	0.000694665152870901	0.000451360287065143
vmr_Visa_mlimitecompra_lag2	0.00089344098612439	0.0012302061695511	0.00200291127385157
rf_017_026	0.000891456933487964	0.000865174143545905	0.00122995678225251
rf_005_020	0.000889906569482417	0.00131991703002127	0.00182800916261383
rf_010_022	0.00088497723293894	0.000527529229990084	0.000270816172239086
vm_mfinanciacion_limite_rank_delta2	0.000877173051105729	0.00195998680644053	0.00221730741020751
vm_fultimo_cierre_lag2	0.000875585762875071	0.00127939588455141	0.00155155098678643
vm_mpagominimo_rank_lag2	0.000872051394129681	0.000961367493435633	0.00122995678225251
cliente_antiguedad_lag1	0.000866467265829525	0.00138677526533112	0.00155719299037474
foto_mes	0.000861633522034272	0.00278305199939547	0.000682682434186028
mtransferencias_recibidas_rank_tend6	0.000858236954346002	0.00142440351977139	0.00149513095090328
Master_fultimo_cierre_lag2	0.000854291235776049	0.00130990393977557	0.00201983728461651
Master_fultimo_cierre	0.000852463140448071	0.00121840946619286	0.0021326773563828
vm_Fvencimiento_lag1	0.000851182621301719	0.00149141462294978	0.00199162726667494
ccomisiones_otras_delta2	0.000850178890390779	0.0010762992067452	0.00204804730255808
rf_006_016	0.000848622257755911	0.000914135033569504	0.000282100179415714
mtarjeta_visa_consumo_rank_delta1	0.000847269068701213	0.000961963732249125	0.00116225273919274
rf_001_017	0.000845998857855872	0.00132672260133799	0.00240349352862188
mttarjeta_visa_debitos_automaticos_rank_tend6	0.000844027753244874	0.00225906468518588	0.000863226549012085
ctrx_quarter_normalizado	0.000840772008872396	0.00103057691955707	0.000756028480834114
vmr_msaldopesos_lag2	0.00083784685471012	0.00107334708618232	0.00168131706931766
Master_mconsumospesos_rank_delta2	0.000837170322439826	0.00161235359759594	0.00208189932408797
vmr_msaldototal_lag1	0.000832581718167546	0.00147096313935626	0.00155719299037474
mtarjeta_master_consumo_rank_lag2	0.000830594534509322	0.000807870059809156	0.000863226549012085
Master_mpagospesos_rank_lag2	0.000827097026508449	0.00161314585059594	0.00215524537073606
vm_mconsumospesos_rank_delta2	0.000825910484094394	0.000617638613977922	0.000942214599248485
mplazo_fijo_dolares_rank	0.000824219296967949	0.00226723941752847	0.000242606154297514
matm_rank	0.000823174295671541	0.000596189068932162	0.000490854312183343
vm_mfinanciacion_limite_rank_delta1	0.000823037571084119	0.00146017671450805	0.00245991356450503
vm_msaldototal_rank_tend6	0.000822954306336795	0.00144794352196525	0.00186186118414371
Master_msaldopesos_rank_tend6	0.000822697249867304	0.00152463316389151	0.0020141952810282
Master_mpagospesos_rank_delta2	0.000816959021027095	0.0016073309434834	0.00208754132767628
vmr_msaldopesos_delta2	0.000810180661542807	0.000973163011172229	0.00142742690784351
vm_mlimitecompra_rank_tend6	0.000809791296738999	0.0015915514792893	0.00156847699755137
ccomisiones_mantenimiento_tend6	0.000809533835585938	0.00212331840454244	0.000293384186592343
Master_msaldopesos_rank	0.000802146747001928	0.0016076917848524	0.00195213324155674
mtransferencias_recibidas_rank	0.000796716056987237	0.00183437702379098	0.000919646584895228
Master_mpagosdolares_rank_tend6	0.000794265653203975	0.00152408285502941	0.00275329775109737
Master_mpagominimo_rank_delta1	0.00079282949705064	0.00144380892423619	0.0018562191805554
Master_msaldototal_rank_lag1	0.000791433736163857	0.000950236233110583	0.00175466311596574
Visa_msaldopesos_rank_lag1	0.000789477472936094	0.00108870985591839	0.00200855327743988
rf_010_021	0.000788273576639933	0.000902557644440463	0.000705250448539285
rf_003_025	0.000785440791276483	0.000672583233325983	0.000970424617190057
vmr_mpagominimo_tend6	0.000783278158426804	0.0010877668485493	0.00156283499396306
Master_fultimo_cierre_lag1	0.000782437103349262	0.00130873550964839	0.00190135520926191
tcallcenter_delta2	0.000781737048074074	0.00136845947292875	0.000789880502364
mpasivos_margen_rank	0.000780626862060489	0.00196936113013995	0.00149513095090328
mcaja_ahorro_rank_lag1	0.000780197470939106	0.00189821821286592	0.00113404272125117
Master_mconsumospesos_rank_lag1	0.000779891359409318	0.00134242994880706	0.00212703535279448
Visa_fultimo_cierre_tend6	0.000777042873304249	0.00131105193081664	0.00137100687196037
vm_mfinanciacion_limite_rank_tend6	0.000775602795508347	0.00125736355492034	0.00176030511955406
internet_tend6	0.000767112179641998	0.00203725335639265	0.000361088229652114
cmobile_app_trx	0.000764140845192246	0.00129645762432461	0.000378014240417057
rf_007_023	0.000763202292758595	0.00106587127779708	0.00277586576545063
mtarjeta_visa_consumo_rank	0.00076318976172419	0.00107302057629215	0.000840658534658828
mttarjeta_visa_debitos_automaticos_rank_lag1	0.000761453783079163	0.00109005164454899	0.00119046275713431
mautoservicio_rank_delta2	0.000759148597698632	0.00142948019699174	0.00147820494013834
vm_mfinanciacion_limite_rank	0.00075884869942174	0.00111304687937321	0.00190135520926191
mpayroll_sobre_edad_rank_delta2	0.000756905341451408	0.00147871908951576	0.000394940251182
ccallcenter_transacciones_tend6	0.000755227210068922	0.00186140770229094	0.000733460466480857
vmr_msaldopesos	0.000753548431419113	0.00111177249075546	0.00141050089707857
ccaja_ahorro	0.000753275042777956	0.00174905353042885	0.000141050089707857
Visa_mpagominimo_rank_delta1	0.00075047878070228	0.00128411751963905	0.00164746504778777
mcaja_ahorro_dolares_rank_delta2	0.000748900360059695	0.00217175870356812	0.000880152559777028
Master_msaldopesos_rank_delta2	0.000745956466528939	0.0012187886589229	0.00152898297243317
Master_mpagominimo_rank_delta2	0.000744764628137572	0.00148002616005179	0.00184493517337877
mautoservicio_rank_lag2	0.000742740059976368	0.00150093869581733	0.00181108315184888
Master_msaldototal_rank_delta1	0.000742369949615615	0.00138904629781002	0.00163053903702283
Visa_mpagosdolares_rank_tend6	0.000741706104662202	0.0011451430232367	0.0015007729544916
Master_mpagominimo_rank_lag1	0.000740080286534044	0.00130878357887362	0.00196341724873337
ctarjeta_visa_transacciones_lag2	0.000735902726799162	0.00148820777415478	0.00166439105855271
mttarjeta_visa_debitos_automaticos_rank_delta2	0.000735457435247312	0.00130425321548593	0.00109454869613297
ccaja_seguridad_lag2	0.000734756063041884	0.00118904458220004	0.0001579761004728
mpayroll_sobre_edad_rank_delta1	0.000733829342017809	0.000881138255423398	0.000270816172239086
ctarjeta_visa_transacciones_delta2	0.000733352523126165	0.00191883725572656	0.000936572595660171
vm_status05_delta1	0.000731966538948951	0.000461612816427685	9.02720574130285e-05
Master_mconsumospesos_rank_lag2	0.000730039693407938	0.00148411596190232	0.00171516909084754
vm_fechaalta_tend6	0.00072894046804819	0.001262472243925	0.000851942541835457
mcomisiones_mantenimiento_rank_delta1	0.000728279799044247	0.00183840700329742	0.000880152559777028
vmr_Master_mlimitecompra_lag2	0.000727590407018911	0.0014318039380849	0.00200855327743988
vm_mpagominimo_rank	0.000725300704738673	0.0012059756458489	0.00164182304419946
mtransferencias_emitidas_rank	0.000724408221301617	0.00230729592818699	0.00102120264948489
vm_fultimo_cierre_delta1	0.0007221613683925	0.000813091176674635	0.0006713984270094
rf_014_022	0.000721897294089516	0.00101511576899918	0.00243734555015177
rf_003_027	0.000719749716029664	0.000969275435134627	0.00104377066383814
Visa_cconsumos	0.000718145762341096	0.00101126149346506	0.00178287313390731
cliente_antiguedad_lag2	0.000710649054797481	0.00138166752997865	0.00135408086119543
Master_mconsumototal_rank_delta2	0.000709171012930342	0.00106824308811547	0.0014612789293734
Master_msaldototal_rank_tend6	0.000709139321676741	0.00119650116289519	0.00179415714108394
rf_019_022	0.000707242186962939	0.00111067950224879	0.00124688279301746
rf_010_026	0.000705944537201029	0.000677319302068386	0.000451360287065143
vm_mlimitecompra_rank_delta1	0.00070334394006549	0.0014540339572374	0.00182800916261383
vm_mpagominimo_rank_delta1	0.00069851160976005	0.00134800953579825	0.0013427968540188
rf_010_025	0.000698452317874566	0.000519330269726998	0.000141050089707857
cliente_edad	0.000697582119481231	0.00148324963332414	0.00105505467101477
mcuenta_corriente_rank_delta1	0.000697531520994256	0.00123324860355375	0.000818090520305571
vmr_msaldopesos2_lag2	0.000695753327200045	0.0012333002296439	0.00148948894731497
vm_mconsumototal_rank_delta2	0.000691105892952363	0.00140248513868977	0.00162489703343451
vmr_Visa_mlimitecompra	0.000690722990560546	0.0010523214266476	0.00153462497602148
rf_018_018	0.00068896556007479	0.000611941495797975	0.000502138319359971
cdescubierto_preacordado_lag1	0.000688112953086682	0.00240105102139767	0.000361088229652114
mcaja_ahorro_dolares_rank_lag2	0.000687195872875858	0.00128846983358553	0.000840658534658828
vm_mconsumospesos_rank_tend6	0.000687034382105337	0.00113680415961997	0.00155719299037474
vmr_mpagospesos_delta2	0.000686564502525351	0.000821024866982745	0.00100427663871994
mcuenta_debitos_automaticos_rank_delta2	0.000686166562508897	0.00140275589858844	0.000541632344478171
vm_mpagospesos_rank_delta2	0.000684842615478707	0.00106460758554849	0.00158540300831631
vm_mlimitecompra_rank	0.000681891792118987	0.000827016251299105	0.001184820753546
Master_cconsumos_lag2	0.000681485813134185	0.00105171132121578	0.00199726927026326
Master_mpagosdolares_rank	0.000678330093943834	0.00114874422009924	0.00219473939585426
Master_mconsumospesos_rank_delta1	0.000674103307950515	0.000998024440233726	0.00169260107649428
mcaja_ahorro_rank	0.000669843288145686	0.00140270337039486	0.000569842362419743
vm_msaldopesos_rank_lag2	0.000666646881086658	0.000976577833467685	0.0011058327033096
vmr_mconsumospesos_lag2	0.000663654613216644	0.0008893370352658	0.00148948894731497
Master_mconsumospesos_rank_tend6	0.000663565992022997	0.00154029821559726	0.00184493517337877
vm_mpagominimo_rank_lag1	0.000661578571040426	0.001235206064883	0.001184820753546
Master_msaldopesos_rank_delta1	0.000660623377800736	0.00127370340576049	0.00152898297243317
rf_017_025	0.000660164012213011	0.00107691462170001	0.00160232901908126
Visa_mpagado_rank_tend6	0.000659549354656205	0.00135496936680022	0.00136536486837206
vm_mfinanciacion_limite_rank_lag2	0.00065814795726477	0.00101120365574849	0.00144435291860846
Visa_fultimo_cierre_lag2	0.00065742042706622	0.00120044954070347	0.00111147470689791
mtarjeta_visa_consumo_rank_lag2	0.000657330933025207	0.00126971440752382	0.00144435291860846
mpayroll_sobre_edad_rank_lag2	0.000656426314839286	0.00127815291490715	0.000648830412656142
vm_mlimitecompra_rank_lag1	0.000655820197511224	0.00106806313136987	0.00159104501190463
vmr_msaldototal_lag2	0.000651025443840296	0.000977135565352229	0.00123559878584083
matm_rank_lag2	0.000650092976755359	0.00117640526269644	0.00122995678225251
cmobile_app_trx_delta2	0.000649165914233815	0.00185663846191697	0.00132022883966554
vm_mconsumototal_rank_delta1	0.000644605034836623	0.000870952966521545	0.000976066620778371
vmr_Master_mlimitecompra_tend6	0.000643381855723928	0.0014584607591522	0.00123559878584083
vm_mfinanciacion_limite_rank_lag1	0.000640868299605584	0.000976578709796724	0.0015402669796098
ccajas_transacciones	0.000633008642250083	0.0010864606801167	0.000835016531070514
vm_msaldopesos_rank	0.00063280346802963	0.000792006674222378	0.00121867277507589
rf_002_023	0.000632385045379443	0.00073868251613931	0.000733460466480857
Master_msaldototal_rank_delta2	0.000632346112264002	0.00142138240118389	0.0016192550298462
rf_017_021	0.000628247400601849	0.000704971246308216	0.000733460466480857
vmr_msaldopesos2	0.000626021189868866	0.00086593273520106	0.00150641495807991
Master_cconsumos	0.000625592625518482	0.000827828273251255	0.001777231130319
mcuenta_debitos_automaticos_rank	0.000625247935336927	0.00173907959147169	0.000643188409067828
Master_cconsumos_lag1	0.000624620348993863	0.00109750038983156	0.00190135520926191
vm_fultimo_cierre_lag1	0.000624495944615988	0.00116746920661404	0.0011453267284278
rf_016_027	0.000623898314194594	0.000597429770430674	0.000772954491599057
vm_msaldopesos_rank_delta2	0.000623358772505352	0.000772679031072592	0.00103248665666151
ctransferencias_recibidas_lag2	0.000616147777755326	0.00133421253408539	0.000603694383949628
vmr_msaldototal_delta2	0.000608568152215736	0.000870401059647672	0.00125816680019409
Master_mconsumototal_rank_lag1	0.000608211448272589	0.000931321469810075	0.00151205696166823
Master_mpagospesos_rank_lag1	0.000607566199436471	0.00116353273657094	0.00165310705137608
Visa_mpagado_rank_delta1	0.000605086926562204	0.000913236667432632	0.000840658534658828
vm_status01_lag2	0.000603999999526916	0.00182414565029143	0.0004739283014184
mcomisiones_mantenimiento_rank_delta2	0.000601467635921217	0.00134333604725899	0.000727818462892542
Master_mconsumospesos_rank	0.000600366947462405	0.00149405711584367	0.00161361302625788
Master_mconsumosdolares_rank_delta1	0.000596951233490044	0.000831998156111327	0.00187878719490866
mttarjeta_visa_debitos_automaticos_rank	0.000594865815489127	0.00096843124675187	0.000953498606425114
ccajas_transacciones_delta2	0.000594747333625419	0.000962060025345879	0.000829374527482199
mttarjeta_visa_debitos_automaticos_rank_lag2	0.000594462914946551	0.00109108635717457	0.00128073481454734
vm_msaldototal_rank	0.00059417688221789	0.000844362153650387	0.0013033028289006
vmr_msaldopesos_tend6	0.000586511875508762	0.00094919909769295	0.00143871091502014
mtransferencias_emitidas_rank_tend6	0.000585871668495462	0.00136450385251871	0.000812448516717257
vmr_msaldopesos2_delta2	0.000582651929239213	0.000977658682239734	0.00131458683607723
internet_delta2	0.000582033385891013	0.000850088293786154	0.000163618104061114
Master_fultimo_cierre_delta2	0.00058094265873646	0.000688470460217497	0.00147256293655003
vmr_msaldopesos_lag1	0.000579450055603002	0.000790223602371887	0.00112275871407454
rf_019_016	0.000577844280830954	0.000869024604471268	0.000908362577718599
Master_mpagospesos_rank_delta1	0.000576250457144992	0.000875711639398278	0.00155719299037474
vmr_mconsumospesos_delta1	0.000573525055820693	0.000728782678534713	0.000761670484422428
rf_007_021	0.000572900809630152	0.00089374458371612	0.00184493517337877
vmr_mconsumospesos_lag1	0.000572853144730785	0.000898253141975374	0.00116225273919274
vm_mpagospesos_rank_delta1	0.000572732170698571	0.001243604158033	0.00139357488631363
Master_mpagominimo_rank_lag2	0.000569849296178264	0.000651541696771019	0.00124124078942914
rf_020_026	0.000569837212749177	0.000772417833470209	0.00161361302625788
ccajas_otras_tend6	0.000568125773307313	0.00167279818686456	0.000220038139944257
vm_mpagominimo_rank_delta2	0.000565919016321683	0.00120228905845383	0.00112275871407454
vm_msaldopesos_rank_delta1	0.000565753787123309	0.00102202884526948	0.00121867277507589
mtarjeta_visa_consumo_rank_tend6	0.000565381176226589	0.000898732468185313	0.000891436566953657
vmr_mpagospesos_tend6	0.000563852713507093	0.0011875924276593	0.00121867277507589
vmr_Visa_mlimitecompra_tend6	0.000562398920781642	0.00135638342680215	0.000891436566953657
vm_mconsumospesos_rank_lag2	0.000561889375862311	0.000864853304020104	0.00103248665666151
vm_status05_delta2	0.000561691386421094	0.000820443061824013	0.000203112129179314
Visa_delinquency_tend6	0.000561474440140717	0.00126037459572389	0.000648830412656142
Master_cconsumos_delta1	0.000561371999775736	0.000929365993108357	0.00175466311596574
cliente_antiguedad	0.000561006749729248	0.000847004543446748	0.000857584545423771
ccajas_transacciones_tend6	0.000558887393103006	0.00167045294993556	0.000524706333713228
vm_cconsumos_delta2	0.000558169676881636	0.00061016811511568	0.000299026190180657
Master_mconsumototal_rank_lag2	0.000557110973656596	0.00113362411618382	0.0012638088037824
Master_mconsumototal_rank_delta1	0.000555697516373076	0.00105256476260221	0.00136536486837206
mextraccion_autoservicio_rank_lag2	0.000554294130564852	0.000906994910754958	0.00119610476072263
vm_mconsumototal_rank_tend6	0.000552039999252899	0.00100000878424496	0.00124688279301746
rf_002_017	0.000549768141326251	0.000634550578808607	0.000981708624366685
rf_020_027	0.000548177570157754	0.00071081785591246	0.000863226549012085
vm_Fvencimiento_delta2	0.000546894504444544	0.000403867037080906	0.000490854312183343
rf_014_015	0.000544889932447892	0.000935723811834928	0.000897078570541971
cprestamos_personales_lag2	0.000540900251875581	0.00107061930585343	0.000242606154297514
Master_Fvencimiento_delta2	0.000538163082533186	0.000728785926107034	0.00101556064589657
vmr_msaldopesos2_delta1	0.000537048873691084	0.000783896635582365	0.00143871091502014
mpayroll_rank_tend6	0.000535233807014048	0.0018192712246584	0.0005134223265366
mplazo_fijo_dolares_rank_delta2	0.000535000491057072	0.00173005347969334	0.0002764581758274
mcomisiones_mantenimiento_rank_lag2	0.000530967216589535	0.000702319551959411	0.000722176459304228
vm_mlimitecompra_rank_lag2	0.000530517204855785	0.000674689773689391	0.00130894483248891
cprestamos_personales_delta2	0.000530302167315708	0.000533767378254068	7.33460466480857e-05
rf_011_025	0.000529508804512872	0.000554765510747218	0.000524706333713228
mcaja_ahorro_dolares_rank_tend6	0.000524406471534803	0.00115458755635678	0.000626262398302885
mtransferencias_emitidas_rank_lag2	0.000522683912084234	0.00144895555313336	0.00102120264948489
vm_mpagospesos_rank_lag2	0.000520044962613274	0.000855609553347485	0.00111711671048623
rf_013_022	0.00051948547023192	0.000661471999696912	0.000124124078942914
Visa_fultimo_cierre_delta1	0.000517115446117941	0.000952456799346593	0.00102120264948489
ccallcenter_transacciones_delta2	0.000516721677742693	0.00107823457942779	0.000507780322948285
vm_msaldototal_rank_lag1	0.00051588371647354	0.000878289593235891	0.000829374527482199
mtransferencias_recibidas_rank_delta1	0.000515499520151908	0.000642366583281659	0.000806806513128942
ctransferencias_recibidas_tend6	0.000515410822187696	0.00165351917997644	0.000914004581306914
Master_status_tend6	0.000512018054092587	0.000784665562765303	0.000744744473657485
active_quarter	0.000506521465100949	0.000681604396422701	0.000688324437774342
Visa_fultimo_cierre	0.000505076634420169	0.000733396705571247	0.000846300538247142
tcallcenter_tend6	0.000502457912128391	0.00112120862142652	0.0004344342763002
rf_019_018	0.000501730503531474	0.000864124816844876	0.00113404272125117
Visa_fultimo_cierre_delta2	0.000495135554900237	0.000733807111079708	0.00103812866024983
rf_007_016	0.000493791261322971	0.000765953592314168	0.00128073481454734
rf_007_015	0.00049302020133716	0.000454707034307916	0.000417508265535257
rf_019_020	0.000491621763763718	0.00134983722310658	0.000998634635131628
Master_fultimo_cierre_delta1	0.000490366955601688	0.000753850586182424	0.00133151284684217
mextraccion_autoservicio_rank_tend6	0.000490066520086311	0.00157990073626482	0.000812448516717257
vm_status01	0.000486922732653628	0.00123879236415188	0.000767312488010742
vm_msaldopesos_rank_lag1	0.000486548442091307	0.000865784816014157	0.000840658534658828
ccomisiones_otras_delta1	0.000485766669183384	0.000788954188210157	0.000914004581306914
vmr_msaldopesos_delta1	0.00048491729412131	0.000968374079169268	0.00140485889349026
vm_msaldototal_rank_delta1	0.000483394445032584	0.00105158327407856	0.00123559878584083
Master_cconsumos_delta2	0.000482670525830201	0.000643014680154752	0.00133715485043049
mpagomiscuentas_rank_lag1	0.000482198483636019	0.000655750112334422	0.000519064330124914
mcomisiones_mantenimiento_rank_lag1	0.000481311622734134	0.00111658557335576	0.000733460466480857
mtarjeta_master_consumo_rank_tend6	0.000472126164827232	0.00101522837728069	0.000411866261946943
vm_mconsumospesos_rank_lag1	0.000468730357143958	0.000819821796084142	0.000992992631543314
rf_013_015	0.000467856787932726	0.000665526542190824	0.000688324437774342
Visa_mpagosdolares_rank_delta1	0.000467081577228644	0.000665712530142156	0.0012638088037824
mpagomiscuentas_rank_tend6	0.00045622506414201	0.00218250504924999	0.000643188409067828
rf_005_021	0.000455333390994032	0.000832445960250246	0.000547274348066485
matm_rank_delta2	0.000452472186884616	0.00120916048332039	0.00108890669254466
rf_015_015	0.000450299031887178	0.000813897115872279	0.000423150269123571
ctarjeta_debito_transacciones	0.000449657462387113	0.000417192238703811	0.000152334096884486
Master_mpagado_rank_tend6	0.000449567062028307	0.00122602234274955	0.00105505467101477
vm_fultimo_cierre	0.000447663034829955	0.00096777441236277	0.000981708624366685
rf_020_017	0.000444292490287299	0.000605020171724956	0.00100427663871994
thomebanking_tend6	0.00044236253058015	0.00277078839308014	0.000507780322948285
thomebanking_delta2	0.000441693611838265	0.0010838152231687	0.000756028480834114
mpayroll_sobre_edad_rank_tend6	0.000440996215172393	0.00107592679267802	0.000502138319359971
ccajas_transacciones_delta1	0.000440295811449491	0.0014595580777553	0.000361088229652114
cpagomiscuentas_tend6	0.000438963416800069	0.00125941638146854	0.000428792272711886
rf_009_023	0.000431527466872245	0.000906031773592352	0.00104941266742646
numero_de_cliente	0.000431518636900125	0.00222726043621552	0.000795522505952314
vmr_mconsumospesos_delta2	0.000431231545848382	0.00141225942927235	0.000992992631543314
vm_msaldototal_rank_lag2	0.000430917992416051	0.0005907586125239	0.000897078570541971
rf_018_021	0.00042700617166186	0.000580408779957787	0.000897078570541971
vm_mpagominimo_rank_tend6	0.000425011756130847	0.00107154592071462	0.000976066620778371
mautoservicio_rank_delta1	0.000424394381080516	0.00109851123537802	0.000699608444950971
vm_mconsumospesos_rank_delta1	0.000423981951286273	0.000888473902711171	0.00106069667460309
vm_status02_lag1	0.000422324348353758	0.000744117611936602	0.000626262398302885
mplazo_fijo_dolares_rank_tend6	0.000421544748458833	0.00119453568573268	0.000186186118414371
Visa_Fvencimiento_delta2	0.000421281606756285	0.000515975089354959	0.000524706333713228
mtransferencias_emitidas_rank_delta2	0.000419688061904417	0.0015210853457772	0.000693966441362657
rf_002_015	0.000417029830144507	0.000753875458462501	0.00112840071766286
vmr_Master_mlimitecompra_delta1	0.000416895534002624	0.00109512894035454	0.000823732523893885
vmr_mpagospesos_lag2	0.000416270188803982	0.000566864521849521	0.000981708624366685
Visa_mpagado_rank	0.000414736904911965	0.0015095166426154	0.000772954491599057
rf_001_018	0.000413134209455926	0.000658132567473192	0.000389298247593686
rf_020_025	0.000412209263435654	0.00106628395145129	0.000739102470069171
Visa_mpagado_rank_lag2	0.000410788748269363	0.000893152726547822	0.000722176459304228
rf_002_021	0.000410427854439238	0.000666720772475887	0.00120174676431094
rf_004_021	0.000409080494292373	0.000817664737929075	0.000502138319359971
Visa_Fvencimiento_tend6	0.000407215587921524	0.000604557573089908	0.000586768373184685
mttarjeta_visa_debitos_automaticos_rank_delta1	0.00040262839394683	0.00157356931050695	0.000863226549012085
ctarjeta_debito_transacciones_tend6	0.000401931245716119	0.00152323786764077	0.000620620394714571
rf_003_017	0.000401699737118564	0.000869515013666111	0.000846300538247142
cextraccion_autoservicio_tend6	0.000401005589580817	0.00128088371083891	0.000648830412656142
cpayroll_trx_tend6	0.000399840511534541	0.000860325389198841	0.000248248157885828
vmr_msaldopesos2_lag1	0.000399646451467234	0.000639774479307504	0.000981708624366685
mtarjeta_visa_consumo_rank_lag1	0.000395861178057623	0.000707425611976949	0.000857584545423771
vmr_msaldototal_delta1	0.000395547642054542	0.000608079694143872	0.000919646584895228
rf_004_019	0.00039152335053867	0.000652701466705343	0.000304668193768971
Master_status_delta2	0.000391076250443128	0.000582159350310685	0.000772954491599057
vmr_mpagospesos_delta1	0.000387188431522982	0.00093619836978392	0.000992992631543314
mautoservicio_rank_lag1	0.000387175421095482	0.000955074084893426	0.000767312488010742
ctarjeta_debito_transacciones_delta2	0.000385660591607479	0.00106335092970659	0.000739102470069171
vm_status03_delta2	0.000378592873816883	0.00119991541815421	0.000191828122002686
mcuenta_debitos_automaticos_rank_delta1	0.000378345908527073	0.00122330768158186	0.000502138319359971
mtransferencias_emitidas_rank_lag1	0.000374919204647512	0.00102936838448916	0.000801164509540628
vm_mpagado_rank_tend6	0.000373485163125436	0.000774510868056664	0.000479570305006714
cmobile_app_trx_delta1	0.000372821770353118	0.000890315714381657	0.000609336387537943
rf_002_020	0.000372769804489419	0.00172777440560679	0.000253890161474143
Master_msaldodolares_rank_tend6	0.00037218222692458	0.000940858868033903	0.000812448516717257
ctarjeta_master_descuentos_delta2	0.000371546085760955	0.000660524017871803	0.000637546405479514
ctarjeta_visa_transacciones	0.000369931094969937	0.0010967538348135	0.000468286297830085
rf_018_023	0.000368254900742275	0.000516758656387726	0.000823732523893885
vmr_mconsumospesos_tend6	0.000366862401904373	0.00104127279899605	0.000835016531070514
Master_msaldodolares_rank	0.000366549035588325	0.000521475342793738	0.000705250448539285
Visa_mpagado_rank_delta2	0.000364268760869482	0.000903990210449745	0.000727818462892542
vm_fultimo_cierre_delta2	0.000363130917460536	0.000574201741374687	0.000586768373184685
rf_009_015	0.000362179444647986	0.000678803494167818	0.00110019069972129
thomebanking_delta1	0.000359570203912826	0.000905897360182402	0.000428792272711886
mprestamos_prendarios_rank_lag2	0.00035939663260177	0.00243706252608417	0.000231322147120886
vmr_Master_mlimitecompra_delta2	0.00035885634981681	0.000463533858553048	0.000682682434186028
vm_status01_lag1	0.000357961972456225	0.000722016670896661	0.000490854312183343
rf_004_009	0.000357339073949766	0.000477586619473374	0.000253890161474143
rf_013_017	0.000356447315679923	0.000901696548062131	0.0006713984270094
rf_019_019	0.000354940194281509	0.000628257144492017	0.000806806513128942
ccajeros_propios_descuentos_delta1	0.000354899296927093	0.000443252408567482	0.000440076279888514
catm_trx_other_tend6	0.000352101659505072	0.00118939534578509	0.000378014240417057
rf_005_013	0.000351983741578903	0.000715316851875436	0.000389298247593686
vm_cconsumos_lag2	0.000350054877243611	0.000756685020910239	0.000643188409067828
mcaja_ahorro_dolares_rank_delta1	0.000350022403852298	0.00102920976893311	0.000440076279888514
Visa_msaldodolares_rank_tend6	0.000349713790207309	0.00129994616135687	0.000677040430597714
Master_mpagado_rank_lag1	0.000349597144180854	0.000667398535664388	0.000665756423421085
mextraccion_autoservicio_rank	0.000348609987379636	0.00083444213470351	0.000727818462892542
rf_020_024	0.000344595215242246	0.00104778539289553	0.000733460466480857
ctarjeta_visa_debitos_automaticos_tend6	0.000344518878388128	0.0015594731712992	0.000389298247593686
mpagomiscuentas_rank_lag2	0.000344474421692984	0.000671853689401031	0.000626262398302885
catm_trx_tend6	0.00034380383248411	0.00104464548017448	0.000530348337301543
mpagomiscuentas_rank_delta2	0.000342333528490178	0.00103956331301045	0.000502138319359971
ccomisiones_otras	0.000340787947216653	0.000963972561924687	0.000586768373184685
ctransferencias_emitidas_tend6	0.000340422187269864	0.00147761442521336	0.000603694383949628
cprestamos_personales	0.000339648518649581	0.000377199854711439	3.38520215298857e-05
vmr_mconsumosdolares_lag1	0.000338702804019403	0.00113144937680167	0.000699608444950971
cprestamos_personales_delta1	0.000338602241118962	0.00067952906883771	8.46300538247142e-05
rf_010_020	0.000335109429175997	0.000777379943555903	0.000502138319359971
mcaja_ahorro_dolares_rank_lag1	0.000334550561048273	0.0012899186632308	0.000620620394714571
active_quarter_lag2	0.000332289716219939	0.000605894954300926	0.000761670484422428
vm_mconsumosdolares_rank_lag2	0.000328836942978049	0.000830180958977083	0.000665756423421085
vmr_mconsumosdolares_lag2	0.000328508037826788	0.000734562841778295	0.0007503864772458
vm_status01_tend6	0.000325046411568282	0.000721569253373494	0.000411866261946943
Master_mpagado_rank_lag2	0.000324124950779573	0.000844639434468074	0.000897078570541971
mcuenta_debitos_automaticos_rank_tend6	0.000323117558028318	0.00207834952835838	0.000406224258358628
mtarjeta_visa_descuentos_rank_delta2	0.000316417487845493	0.000773562138774433	0.000744744473657485
vm_mpagado_rank_delta2	0.000314799628854671	0.00097922231098911	0.000361088229652114
mtarjeta_master_descuentos_rank_delta1	0.000313520830379877	0.000560682381320881	0.0007503864772458
vm_mconsumospesos_rank	0.0003123693979643	0.000757713341488716	0.000705250448539285
ccuenta_debitos_automaticos_tend6	0.000312013103709902	0.00128788993573118	0.000253890161474143
rf_012_014	0.000309855914804554	0.000563605299507251	0.000530348337301543
Visa_msaldodolares_rank_delta1	0.000309695720502439	0.000353942262437578	0.000394940251182
mtransferencias_emitidas_rank_delta1	0.000307440770811826	0.00128379167988285	0.000457002290653457
ctarjeta_debito_tend6	0.000307123706112535	0.00242970927489247	0.000327236208122228
ctarjeta_debito_transacciones_lag2	0.000305508016124035	0.000914660599023441	0.000592410376773
matm_rank_tend6	0.000303960203919423	0.000850331088478719	0.000558558355243114
mextraccion_autoservicio_rank_lag1	0.000303909999410137	0.00100860103582587	0.000564200358831428
mtarjeta_master_descuentos_rank_delta2	0.000302487505258634	0.000523944992671886	0.000637546405479514
rf_004_022	0.000302349364486152	0.000627919989781461	0.000727818462892542
vm_cconsumos_lag1	0.000300007688855531	0.000549224765751962	0.000383656244005371
cplazo_fijo_tend6	0.000295419930947035	0.00101753010705034	0.000141050089707857
cextraccion_autoservicio_delta2	0.000291551275406124	0.00126491658335855	0.000535990340889857
rf_015_024	0.000288562921508872	0.000636965818963188	0.0003554462260638
vm_Finiciomora_lag2	0.00028825198389635	0.00100654779688754	0.000191828122002686
rf_004_016	0.000287928179672441	0.000555292390694714	0.000716534455715914
cproductos	0.000286318964644388	0.000175658970242025	1.69260107649428e-05
rf_008_017	0.000284810610292049	0.000498391701834114	0.0005134223265366
Visa_mpagado_rank_lag1	0.000284398645139205	0.000525860622176714	0.000530348337301543
Visa_status_lag1	0.000284365974316723	0.000509499610567713	0.000378014240417057
vm_status03_delta1	0.000284169816770638	0.0006128194743975	7.89880502364e-05
ctransferencias_recibidas_delta2	0.000284037354222205	0.000758908370779667	0.000361088229652114
rf_015_017	0.000279818562935786	0.000491376559005157	0.000541632344478171
vm_status05	0.000277628471340172	0.000453991872488957	0.000428792272711886
rf_006_017	0.000276745035652792	0.000674963368770237	0.000626262398302885
rf_003_028	0.000275533718104412	0.000543304673380362	0.000135408086119543
rf_001_026	0.000273530486890789	0.000691618131027982	0.000479570305006714
rf_014_008	0.000270674782403259	0.000509041728644846	0.000242606154297514
rf_005_015	0.000270066326292472	0.000656096958213174	0.000417508265535257
mtarjeta_master_consumo_rank_lag1	0.000270032198789189	0.00061761760785537	0.000485212308595028
matm_other_rank_delta2	0.00026950718544303	0.000829436208165867	0.000519064330124914
ccajas_otras_delta2	0.000268269404385105	0.000787847023792555	0.000304668193768971
rf_009_018	0.000267635111873377	0.000773551777472266	0.000564200358831428
ccajas_consultas_delta2	0.000266764953666368	0.000581052160118699	0.000186186118414371
vmr_mpagado_tend6	0.000266233724023736	0.000692283110122267	0.000445718283476828
mextraccion_autoservicio_rank_delta1	0.000261420463598008	0.00119478172799756	0.000581126369596371
rf_008_026	0.000261315475126557	0.000445310725059363	0.000547274348066485
Master_mpagado_rank_delta2	0.000257554974833502	0.000771244686630849	0.000682682434186028
vm_status03_tend6	0.000256767750155462	0.000654465568609578	0.0001184820753546
ctarjeta_visa_transacciones_lag1	0.000256176761033366	0.000582225358506827	0.000468286297830085
vm_mconsumosdolares_rank_tend6	0.000251242597414127	0.00089099489516125	0.000524706333713228
ccaja_ahorro_lag2	0.000248919269716193	0.00125919773737331	0.000225680143532571
mpagomiscuentas_rank_delta1	0.000248591176501949	0.00058996764824307	0.000304668193768971
rf_003_023	0.000244544196859947	0.000740971075198991	0.000603694383949628
ccajas_extracciones_tend6	0.00023762152267521	0.00206119430489623	0.0003159522009456
ctarjeta_visa_debitos_automaticos_lag2	0.000237563253008822	0.000613728304934073	0.0003554462260638
active_quarter_lag1	0.000236926835008601	0.000543840136197562	0.000564200358831428
vm_status04_delta1	0.00023549959245112	0.00069184283210333	0.000135408086119543
ctarjeta_master_transacciones_tend6	0.000232161515729118	0.00084613220943721	0.000282100179415714
cprestamos_personales_lag1	0.000231674545361725	0.00097507858912829	0.000124124078942914
vmr_mpagado_lag2	0.000231081065230686	0.000552914059457304	0.000366730233240428
rf_020_015	0.000230771034210907	0.000624874411304018	0.0005134223265366
ccomisiones_mantenimiento_delta2	0.00022892249610379	0.000738004289011906	0.000101556064589657
rf_007_022	0.000226939310318531	0.000162645380915629	5.64200358831428e-05
rf_004_026	0.000225548219132465	0.000656166059335336	0.000445718283476828
rf_015_022	0.000225220867918124	0.000538503962484141	0.000569842362419743
vm_status06_delta1	0.000224383356714539	0.00052058865245259	0.000129766082531228
ccajas_depositos_tend6	0.000222297982413721	0.00162155672784016	0.000214396136355943
vmr_mconsumosdolares_tend6	0.000218740358247753	0.00101082716932871	0.000445718283476828
rf_015_018	0.000217993274755382	0.00107866885201537	0.000135408086119543
ctarjeta_debito_transacciones_delta1	0.000214586863667621	0.00126304031133732	0.000242606154297514
ccomisiones_mantenimiento_delta1	0.000214164104550069	0.000943467055223361	0.000112840071766286
rf_008_016	0.000213845711166356	0.000598978140745019	0.000349804222475486
mforex_sell_rank_tend6	0.000213587200466109	0.00112149123754159	0.000242606154297514
vm_mpagado_rank_lag2	0.000212300150686484	0.000532373989307705	0.000366730233240428
rf_011_016	0.000205268059910522	0.00049733740067707	0.000366730233240428
rf_007_017	0.000204487265712379	0.00056285565156317	0.0003159522009456
cextraccion_autoservicio_lag2	0.00020077033555187	0.000598907054995328	0.0004739283014184
vm_mconsumosdolares_rank_delta2	0.000199264709742237	0.000518891795914905	0.000372372236828743
catm_trx_other_delta2	0.00019915004046885	0.000520778815854049	0.000265174168650771
rf_014_017	0.000196905747899735	0.000422103650577161	0.000445718283476828
vm_Fvencimiento_delta1	0.000195742792974674	0.000357802543403055	0.000406224258358628
rf_004_015	0.00019546345071519	0.000579500825750252	0.000468286297830085
rf_005_016	0.000194161388235221	0.000758482990354393	0.000248248157885828
rf_006_014	0.000193856341516717	0.000602356801580425	0.000107198068177971
catm_trx_lag2	0.000191263100277986	0.00048314798397543	0.000270816172239086
rf_018_015	0.000188797750214456	0.000502068752707293	0.000496496315771657
mpayroll_sobre_edad_rank_lag1	0.000186541509607592	0.00114637527073742	0.000378014240417057
ctarjeta_master_transacciones_delta2	0.000179439955613717	0.000703563449481477	0.000310310197357286
rf_016_022	0.0001773790000224	0.000562594814802156	0.000417508265535257
vmr_mpagado_delta2	0.000176941278918412	0.000973306394067636	0.0003159522009456
cpagomiscuentas_delta2	0.000175483135679816	0.000734513793126496	0.000141050089707857
ctarjeta_visa_transacciones_delta1	0.000174918793261685	0.00146621075542911	0.000242606154297514
ctarjeta_debito_transacciones_lag1	0.00017189925001216	0.00044277769597219	0.000214396136355943
vmr_msaldodolares_tend6	0.000171585620652384	0.000795249942221262	0.000282100179415714
matm_rank_delta1	0.000169738766101922	0.000612592144335035	0.000338520215298857
rf_017_017	0.000168877135068871	0.000429386846994513	9.59140610013428e-05
rf_018_022	0.00016722739760284	0.000741224153870572	0.000270816172239086
rf_001_023	0.000166786385342783	0.000558217370831763	0.000242606154297514
cforex_tend6	0.000166239310865401	0.00139999195679949	0.0002369641507092
rf_007_020	0.000162668640366093	0.000395027093674573	0.000304668193768971
ccajas_depositos_delta2	0.000160830813106783	0.000540723755488646	0.000248248157885828
ctransferencias_emitidas_lag2	0.00016025821210575	0.000588069029831351	0.0001579761004728
vmr_msaldodolares2_lag2	0.000159785627572647	0.00102712163147952	0.000310310197357286
mtarjeta_master_consumo_rank_delta1	0.000158410269436993	0.00106677227292107	0.000293384186592343
vm_mconsumosdolares_rank	0.000158093780000698	0.000302096574540805	0.000344162218887171
mtarjeta_visa_descuentos_rank_lag1	0.000156887532099551	0.00038794805614892	0.000270816172239086
vmr_mconsumosdolares_delta2	0.000154934056391994	0.000556694233638864	0.000327236208122228
vm_status04_tend6	0.000154719981413668	0.0004074222266689	0.000146692093296171
mforex_sell_rank_lag2	0.000153923655028798	0.000490912027291347	0.000186186118414371
mv_status07_rank_lag1	0.000153870029183778	0.000564237106969972	0.0003159522009456
ccajas_consultas_delta1	0.000151037902665226	0.00072923842118375	0.000101556064589657
ctarjeta_debito_delta2	0.00015047105822504	0.00127911919654454	0.000129766082531228
ccallcenter_transacciones_delta1	0.000149424585523053	0.000849847586818653	0.000129766082531228
rf_016_017	0.000146394639713601	0.000343975385661499	0.000231322147120886
mtarjeta_master_descuentos_rank_lag2	0.000146103374354122	0.00035585423197995	0.000253890161474143
ccaja_ahorro_lag1	0.00014610279485562	0.00039100855799441	7.89880502364e-05
cforex_sell_tend6	0.000140378092080554	0.000652595946379296	8.46300538247142e-05
rf_013_020	0.000139994202601734	0.000518710266931919	0.000259532165062457
mtarjeta_visa_descuentos_rank_lag2	0.000138407810967858	0.000589108510717883	0.000394940251182
vm_mpagado_rank_delta1	0.000138244080495174	0.000711205837707277	0.000163618104061114
rf_012_018	0.000137612559191207	0.000568414000462356	0.000248248157885828
rf_008_023	0.000136445226947914	0.000598895250327685	0.000327236208122228
vm_msaldodolares_rank_lag2	0.00013480868985608	0.000620576068916585	0.000287742183004028
cseguro_vida_lag2	0.000134674673839169	0.00107115618626172	0.0001579761004728
mv_status07_rank	0.000131675670924921	0.00108746832963961	0.000310310197357286
mv_status07_rank_lag2	0.000130377666297307	0.000483461348930016	0.000310310197357286
vmr_mpagado_delta1	0.000130339630227743	0.000935751158455821	0.000248248157885828
ctarjeta_master_transacciones_lag2	0.000127322795260237	0.00028099897870173	0.000321594204533914
mttarjeta_master_debitos_automaticos_rank_tend6	0.00012617038547826	0.000617495256856898	0.000152334096884486
mforex_sell_rank_delta2	0.000124228251773998	0.000767872881781454	0.000220038139944257
vmr_mpagado_lag1	0.000124058336619889	0.000460043517313939	0.000270816172239086
active_quarter_delta2	0.000122343384432369	0.000495549844083851	0.000299026190180657
ctarjeta_visa_debitos_automaticos_delta2	0.000122337569042141	0.000405618303342159	0.000253890161474143
ctransferencias_emitidas_delta2	0.000122065113669985	0.000423155271198321	9.02720574130285e-05
vm_status05_tend6	0.00012056096537874	0.000583505082421957	0.0001184820753546
ctransferencias_recibidas_lag1	0.000119970815110066	0.000491302973140266	0.0001184820753546
vm_msaldodolares_rank_tend6	0.000119564646891655	0.000681633804994273	0.000197470125591
cproductos_lag1	0.000119295920702828	0.000356329872453048	7.89880502364e-05
ccajas_otras_delta1	0.000116971607885228	0.00029063442268039	2.82100179415714e-05
minversion2_rank_tend6	0.000116869087119401	0.00139513539281423	0.000129766082531228
mv_status07_rank_tend6	0.000116380697357047	0.000732292866049117	0.000259532165062457
rf_011_021	0.000116327401186404	0.000756514033650104	0.000214396136355943
matm_other_rank_lag1	0.000112335396020102	0.000379244433456915	0.000197470125591
ccajas_consultas_lag2	0.000112012265415869	0.000452848933227058	0.000242606154297514
matm_other_rank_delta1	0.000111668179473008	0.000397587056992503	0.000141050089707857
Master_Finiciomora_lag1	0.00010797932721529	0.000759631393785593	0.000124124078942914
vmr_mconsumosdolares_delta1	0.000107185052454688	0.000388619324192779	0.000191828122002686
cproductos_lag2	0.000106636999191689	0.000527245892192275	0.000163618104061114
rf_009_020	0.000106479182111023	0.000305596220332357	0.000225680143532571
mtarjeta_master_descuentos_rank_lag1	0.000104348973095541	0.000488919822093142	0.000265174168650771
ctarjeta_visa_descuentos_tend6	0.000102914918178287	0.00120791024529998	0.000174902111237743
mplazo_fijo_dolares_rank_lag1	0.000100980171584993	0.000655759700405084	9.59140610013428e-05
vm_msaldodolares_rank_delta2	9.90554321288177e-05	0.000630702901516662	0.000191828122002686
cpagomiscuentas_lag2	9.88904236142954e-05	0.00057497608117816	0.000174902111237743
ctarjeta_debito_lag2	9.70120696122654e-05	0.00047464488598705	0.000107198068177971
vm_cconsumos_delta1	9.62931731498691e-05	0.000462734698018265	0.000141050089707857
ccallcenter_transacciones_lag2	9.47935962455677e-05	0.000353553687831941	0.000231322147120886
vmr_msaldodolares2_delta2	9.46641174930696e-05	0.000674565644258458	0.000174902111237743
mttarjeta_master_debitos_automaticos_rank_delta2	9.00923165347286e-05	0.000581747991150034	0.000169260107649428
vmr_mpagosdolares_tend6	8.96097268855893e-05	0.000437920101011586	0.000146692093296171
Master_Finiciomora_lag2	8.84085829882062e-05	0.000442388940945868	5.64200358831428e-05
mttarjeta_master_debitos_automaticos_rank_lag2	8.78842507608521e-05	0.000501963051960562	0.000197470125591
ctarjeta_visa_tend6	8.35763308064402e-05	0.000142151111845508	5.64200358831428e-05
vmr_mpagado	8.24877327017062e-05	0.000673425926794496	0.000146692093296171
mv_status07_rank_delta1	8.19587962386692e-05	0.00055374579881283	0.000135408086119543
vmr_msaldodolares_delta2	8.15804626564758e-05	0.000364676494159202	0.000129766082531228
rf_015_021	8.12919642597866e-05	0.000283191785926711	0.000191828122002686
rf_017_018	8.04495062658335e-05	0.000389565037872141	0.000169260107649428
ccheques_depositados_tend6	7.93384413219059e-05	0.000924025695493576	0.0001184820753546
mv_status07_rank_delta2	7.83215230760816e-05	0.000867912517146418	0.000214396136355943
mcaja_ahorro_adicional_rank_lag2	7.60626928754318e-05	0.00087617810419085	0.000129766082531228
ccajas_depositos_lag1	7.5523123331954e-05	0.000491764205732988	6.20620394714571e-05
vmr_mpagosdolares_lag2	7.51642164114429e-05	0.0003999193294066	0.000135408086119543
ctarjeta_master_transacciones_delta1	7.51511206964862e-05	0.00113302828976046	0.000141050089707857
ccajas_otras_lag2	7.44257180248951e-05	0.000364233999543284	0.000169260107649428
rf_018_024	7.40714049723429e-05	0.000406967875836572	0.000152334096884486
ctarjeta_debito_lag1	6.92408817359452e-05	0.000349811324670974	7.33460466480857e-05
mforex_sell_rank_lag1	6.82706814398565e-05	0.00102040310025587	0.000180544114826057
ccajas_extracciones_delta2	6.71397267325069e-05	0.000542590362116058	0.000169260107649428
vmr_mpagosdolares_delta2	6.46817564242357e-05	0.000460564056763093	0.0001184820753546
cseguro_vida_tend6	6.42589376743423e-05	0.000685421582618966	9.59140610013428e-05
ctarjeta_visa_debitos_automaticos_lag1	6.37966837856958e-05	0.000286493587550522	8.46300538247142e-05
ctarjeta_master_debitos_automaticos_tend6	6.33160367468666e-05	0.000866301798598388	0.0001184820753546
cpagomiscuentas_delta1	6.23893633645024e-05	0.000376053770974754	6.77040430597714e-05
ctarjeta_master_transacciones_lag1	6.21808502493188e-05	0.00014096744905768	9.02720574130285e-05
rf_005_017	6.16751981773202e-05	0.00048135519518236	0.000135408086119543
ctransferencias_emitidas_delta1	5.96309832353264e-05	0.00086846213010016	0.000101556064589657
rf_016_008	5.8549571054118e-05	0.000450517666013918	0.000124124078942914
ctransferencias_recibidas_delta1	5.79556699564949e-05	0.000745238952265128	0.000107198068177971
ccajas_consultas	5.78585121157915e-05	0.000139924282434308	1.12840071766286e-05
rf_008_020	5.74616589175623e-05	0.000261626281929587	7.33460466480857e-05
ccajas_depositos_delta1	5.6822553365434e-05	0.000463011179830063	5.07780322948285e-05
ccuenta_debitos_automaticos_lag2	5.50488254678961e-05	0.000173236977198967	5.64200358831428e-05
cliente_edad_tend6	5.21785026630373e-05	0.000834921641334133	9.59140610013428e-05
vmr_mpagosdolares_lag1	5.2114273710376e-05	0.000450231209515706	0.000107198068177971
cliente_edad_delta2	5.15483125006423e-05	0.000339727380645041	0.000107198068177971
ccomisiones_mantenimiento	5.09122884987925e-05	0.000419772847302924	3.38520215298857e-05
mttarjeta_master_debitos_automaticos_rank	4.99316337777369e-05	0.000497700278222358	9.59140610013428e-05
mcaja_ahorro_adicional_rank_lag1	4.88844414417179e-05	0.000639952477199952	9.59140610013428e-05
vmr_msaldodolares_delta1	4.77264564132901e-05	0.000647656363104781	0.000107198068177971
rf_011_019	4.69771256270894e-05	0.000242801728971327	6.77040430597714e-05
mttarjeta_master_debitos_automaticos_rank_lag1	4.53222480797283e-05	0.00027552854622466	0.0001184820753546
mtarjeta_visa_descuentos_rank_tend6	4.52298016619534e-05	0.000633490993902945	0.000107198068177971
mttarjeta_master_debitos_automaticos_rank_delta1	4.48815359892492e-05	0.000362705295083549	7.89880502364e-05
vm_mconsumosdolares_rank_delta1	4.4501619719439e-05	0.000220066866969217	0.000135408086119543
vmr_mpagosdolares_delta1	4.42968839129839e-05	0.000452061500036767	9.59140610013428e-05
cplazo_fijo	4.31983933312891e-05	0.000139924282434308	1.12840071766286e-05
ccajeros_propios_descuentos_tend6	4.28356424044086e-05	0.000593301513199954	6.77040430597714e-05
active_quarter_tend6	3.85003337536468e-05	0.000400461828630496	7.89880502364e-05
ccuenta_debitos_automaticos_delta1	3.72910462524407e-05	0.00035068791145379	3.38520215298857e-05
ccomisiones_mantenimiento_lag2	3.69139554837148e-05	0.000307714230296423	7.89880502364e-05
ctransferencias_emitidas_lag1	3.66355093786599e-05	0.000315188002505369	7.33460466480857e-05
ccajeros_propios_descuentos_lag1	3.36841169347899e-05	0.000194682398343367	9.02720574130285e-05
mcaja_ahorro_adicional_rank	2.83098740459264e-05	0.000249939583640125	3.38520215298857e-05
vm_mpagosdolares_rank_delta1	2.77889807477341e-05	0.000324915048642986	5.07780322948285e-05
ccuenta_debitos_automaticos_lag1	2.77193987130598e-05	0.000342701770275258	4.51360287065143e-05
internet_delta1	2.73777351104253e-05	0.000375762262697375	4.51360287065143e-05
rf_012_006	2.29322851033849e-05	7.62413222996687e-05	3.38520215298857e-05
catm_trx_delta1	2.28806694023007e-05	0.000354679358256895	5.64200358831428e-05
cplazo_fijo_lag1	2.02352453060854e-05	0.000140761408635986	2.82100179415714e-05
cpagomiscuentas_lag1	1.98135683871967e-05	0.000315172409003352	4.51360287065143e-05
ccajas_otras	1.85440077465635e-05	0.000209886423651462	1.69260107649428e-05
cseguro_vivienda_lag2	1.81558810998054e-05	0.000138941402093941	3.38520215298857e-05
cextraccion_autoservicio_delta1	1.79990607850389e-05	0.000358076318904586	5.64200358831428e-05
ccuenta_debitos_automaticos_delta2	1.66645957611292e-05	0.000238871264359581	2.82100179415714e-05
rf_011_017	1.65377211472951e-05	0.000448888982720589	3.94940251182e-05
cseguro_vivienda_lag1	1.54503392705724e-05	4.70986134926156e-05	2.25680143532571e-05
ctransferencias_emitidas	1.45817090498294e-05	0.000461613460787272	3.94940251182e-05
ctarjeta_debito	1.29177762786699e-05	0.000209886423651462	1.69260107649428e-05
ctransferencias_recibidas	9.11634263006006e-06	0.000210462455348291	2.82100179415714e-05
cpayroll_trx_lag2	8.93478078158682e-06	1.94967231055419e-05	1.69260107649428e-05
cpagomiscuentas	8.14324802169478e-06	6.9962141217154e-05	5.64200358831428e-06
catm_trx	6.92269477865343e-06	0.000140932653639956	1.69260107649428e-05
rf_012_016	6.36759848329523e-06	0.000119576618057532	1.69260107649428e-05
cseguro_vida	5.19225839051311e-06	0.000162331964412276	1.69260107649428e-05
cpayroll_trx	4.39316980542065e-06	6.9962141217154e-05	5.64200358831428e-06
ccuenta_debitos_automaticos	3.75430818730845e-06	7.73569149406745e-05	1.12840071766286e-05
ctarjeta_visa_debitos_automaticos	3.24314909127661e-06	6.9962141217154e-05	5.64200358831428e-06
rf_002_011	3.05273973580954e-06	5.96947866782386e-05	1.12840071766286e-05
ctarjeta_master_transacciones	3.027063468934e-06	6.6822125398569e-05	1.12840071766286e-05
cpayroll_trx_lag1	1.37040898349284e-06	7.1524403924205e-05	1.12840071766286e-05
