Feature	Gain	Cover	Frequency
rf_015_014	0.0693703133384329	0.00352678110627361	0.000344037990818134
rf_006_015	0.043953054262687	0.00276004801439471	0.000496317101508127
vm_status05_delta2	0.0381006729890345	0.00179049424606177	0.000276358386067025
vm_status01	0.0177022768980199	0.00119795613495742	0.000642956245135528
ctrx_quarter	0.0163820608095552	0.00109559657410125	0.00059783650863479
rf_001_025	0.0158899897494586	0.00129647367287492	0.00261694471704285
mcaja_ahorro_rank	0.0157305655638378	0.00167207915431716	0.000947514466515516
cproductos	0.0127310074432301	0.000284009501203756	4.51197365007388e-05
rf_018_015	0.0122399414003942	0.00066626342866887	0.000682436014573675
mpayroll_rank	0.0111246326907944	0.00156253488775809	0.000355317924943318
Visa_cconsumos	0.0101115128602744	0.00128979631429644	0.00222214702266139
mtarjeta_visa_consumo_rank	0.00942310265624662	0.00102515366833685	0.00102647400539181
mpasivos_margen_rank_lag1	0.00877417952844712	0.00175912790786761	0.00219958715441102
ccomisiones_mantenimiento_tend6	0.00806237956509377	0.00254555075906225	0.000372237826131095
mtarjeta_visa_consumo_rank_lag2	0.00805825115258972	0.00157492642805157	0.00169199011877771
rf_018_025	0.00768483719718729	0.00171787852183776	0.00394797694381465
mprestamos_personales_rank	0.00738148356931455	0.0032298356694173	0.000592196541572197
rf_020_027	0.00677924632496414	0.000973280527236499	0.00102083403832922
vm_status05_tend6	0.0064402086452214	0.000359486847549547	0.000118439308314439
rf_015_023	0.00598101584092497	0.00135905522130118	0.00337270030343023
cdescubierto_preacordado	0.00592349630704593	0.00328146862776501	0.000270718419004433
mcuentas_saldo_rank_delta2	0.00519492148462285	0.0024050973228307	0.00322042119274023
ctrx_quarter_tend6	0.00511259207077839	0.00206543210468576	0.00106031380776736
ctarjeta_debito_transacciones_lag2	0.0048461500578938	0.00127131454884438	0.00124079275377032
mtransferencias_recibidas_rank_lag1	0.00448189249976553	0.00190281720745713	0.00134231216089698
mpayroll_sobre_edad_rank_delta1	0.00443590566061382	0.00146135438246417	0.000377877793193688
matm_rank_lag1	0.00436179323120769	0.000751095982053388	0.000327118089630357
rf_020_015	0.00427687879907417	0.00135086614542319	0.00057527664038442
rf_013_026	0.00404532609358935	0.000950105633535751	0.000609116442759974
mautoservicio_rank_lag1	0.0040281198498239	0.00121751021380297	0.000885474828827
vm_cconsumos_lag1	0.00398989067282274	0.000566267591525917	0.00047939720032035
mpayroll_sobre_edad_rank_lag1	0.00395379636963198	0.00167391573237056	0.000535796870946274
mcaja_ahorro_rank_tend6	0.00387912001134084	0.00273262475148183	0.00141563173271068
vm_Finiciomora_lag1	0.00385224234892819	0.00190843489383963	0.000439917430882204
mcuentas_saldo_rank	0.00373796254024337	0.00280980381927705	0.000750115619324783
mcomisiones_otras_rank_tend6	0.00348923419393032	0.00145348370513929	0.00187810903184325
mprestamos_personales_rank_delta1	0.00343675661048862	0.00356779332181172	0.000626036343947751
rf_008_024	0.00323014860069131	0.00116084199100763	0.00260566478291767
mprestamos_personales_rank_delta2	0.0031883763246066	0.0034647379544304	0.000682436014573675
vmr_mconsumospesos_tend6	0.00313145942119758	0.00119901822726045	0.00126335262202069
foto_mes	0.00307980176635468	0.00298377427075737	0.0009587944006407
rf_012_013	0.00305595560479395	0.00110967958900789	0.000755755586387376
mprestamos_personales_rank_lag2	0.00296466865705959	0.00278031213720373	0.000868554927639223
mrentabilidad_annual_rank_delta1	0.00287807329461153	0.00261730018794258	0.0053861685447757
Visa_mpagospesos_rank	0.00277125190005034	0.00175632130456268	0.00385209750375058
Visa_cconsumos_delta2	0.00274162755413417	0.00101635045167403	0.00143819160096105
mrentabilidad_rank_lag2	0.00271901799317064	0.00312157009474301	0.00561176722727939
Visa_mconsumospesos_rank_delta2	0.00265050518088656	0.00212563538301064	0.00430893483582056
mpasivos_margen_rank_tend6	0.00251933401840311	0.00265677388478279	0.00208678781315917
mactivos_margen_rank_lag1	0.00250981485124388	0.00314416071280986	0.00250414537579101
mrentabilidad_rank_delta1	0.00243882026275602	0.00289673584128066	0.00533540884121237
mcomisiones_otras_rank_delta2	0.00237635123148489	0.00301764081125537	0.00620396376885159
mrentabilidad_annual_rank_delta2	0.00237210101202714	0.00339763925043358	0.00655364172673232
rf_010_026	0.00235636859955433	0.000592511644401624	0.000349677957880726
mrentabilidad_rank_delta2	0.00234848487338224	0.00335722778785402	0.00551024782015273
mpasivos_margen_rank_lag2	0.00233731895966279	0.00199913484231261	0.00358137908474615
mcomisiones_rank_delta1	0.00229341457125367	0.00261513210671381	0.00443301411119759
cdescubierto_preacordado_lag1	0.00226969671868054	0.00275415245337941	0.000468117266195165
mactivos_margen_rank_delta1	0.00219978190373863	0.00258816451906506	0.00451197365007388
Master_msaldopesos_rank_delta2	0.00218468988829503	0.000937381405759187	0.0014776713703992
mcomisiones_rank_tend6	0.00218390713946836	0.00190540273140768	0.00194014866953177
mactivos_margen_rank_delta2	0.00216831476632353	0.00323561581192256	0.00535796870946274
mcomisiones_rank_delta2	0.00210485548432167	0.00274062469856778	0.0058317259427205
vmr_msaldopesos_delta2	0.00210220189729766	0.00157986275131382	0.0018442692294677
mcomisiones_rank_lag1	0.00209100370213379	0.00219408113404372	0.00350241954586985
mcuentas_saldo_rank_tend6	0.00206746037135781	0.00241511782759814	0.00212062761553473
mcuenta_corriente_rank	0.00204080428684485	0.00214589309511054	0.00108287367601773
ctrx_quarter_delta2	0.0020389981598154	0.00176187490959977	0.00217138731909806
mpasivos_margen_rank_delta1	0.00203764843869535	0.00246002041672446	0.00430329486875797
mrentabilidad_annual_rank	0.00203234709671638	0.00192875040530492	0.00204730804372102
mcuenta_corriente_rank_delta2	0.00202333959341729	0.00239589795523905	0.00144947153508624
mcuenta_corriente_rank_lag2	0.00199988579533608	0.00247911609124898	0.00152279110689994
mtarjeta_visa_consumo_rank_delta2	0.00197474466059913	0.00150278321685783	0.00216010738497287
Visa_mpagospesos_rank_tend6	0.00196781798011801	0.00197846661311646	0.00384645753668799
mprestamos_personales_rank_tend6	0.00195220058312024	0.00233507276089177	0.000586556574509605
Visa_mpagominimo_rank	0.00190850833723921	0.00239695574799018	0.00294406280667321
chomebanking_transacciones_lag2	0.00190724641103983	0.00197307922309181	0.00377313796487429
Visa_cconsumos_tend6	0.00190621483866487	0.00227113909350274	0.003541899315308
mrentabilidad_rank_lag1	0.00190440737247309	0.00222631453995615	0.00283690343248395
mcomisiones_otras_rank_lag2	0.00190214457486873	0.00273516177030793	0.00483345177264165
mtransferencias_emitidas_rank_lag2	0.00189829254859753	0.0015964156399486	0.00124079275377032
rf_014_008	0.00189487873160235	0.000842191000130762	0.000265078451941841
Master_status_delta2	0.00189254786595599	0.000594454861640517	0.000874194894701815
Visa_msaldopesos_rank	0.0018847993790042	0.00171470462866797	0.00225598682503694
mrentabilidad_annual_rank_lag2	0.00185652829195664	0.003046707610065	0.00422433532988167
mcomisiones_rank	0.00184790063457836	0.00211736443542577	0.00322606115980283
rf_007_025	0.00184616906658003	0.000647465092616898	0.000496317101508127
rf_003_015	0.00181449401746188	0.00105641928888407	0.00123515278670773
mpayroll_rank_delta1	0.00180833109054901	0.000933080952753656	0.000327118089630357
Master_fechaalta_lag1	0.00177176833020304	0.00228927161690961	0.00377877793193688
rf_009_021	0.00176002176508153	0.000980044417515226	0.00098135426889107
mactivos_margen_rank	0.00174288002210176	0.0031097659195818	0.00191194883421881
ccaja_ahorro_tend6	0.00170030488897584	0.00274585560549985	0.000293278287254802
vmr_msaldopesos2_delta2	0.00169263840517583	0.00128822357940406	0.00185554916359288
Master_mfinanciacion_limite_rank_tend6	0.00168513917800964	0.00281703445552242	0.00401565654856576
rf_004_025	0.00167322279829975	0.00137710934868684	0.00326554092924097
Visa_mpagominimo_rank_lag2	0.00166390974122811	0.00166549684930528	0.00250414537579101
Visa_mpagominimo_rank_lag1	0.00165294457295165	0.00140466056832399	0.00204730804372102
Visa_delinquency_lag1	0.00163930710615519	0.00129762067489156	0.000868554927639223
Master_Fvencimiento_lag2	0.0016372991828235	0.00231251355272504	0.00411153598862983
rf_005_020	0.00163371883792768	0.00135641624902879	0.00217702728616065
vm_mconsumospesos_rank_lag2	0.00163109605141764	0.00135455539266734	0.00107159374189255
mpayroll_sobre_edad_rank	0.0016279875016445	0.00127096154790949	0.000332758056692949
mcomisiones_otras_rank_lag1	0.00162726847747884	0.00167057271491069	0.00238570606747657
Visa_mconsumospesos_rank_tend6	0.0016214840036604	0.00209529465529289	0.0040607762850665
ctrx_quarter_delta1	0.00161824425684291	0.00180607860270257	0.000930594565327739
rf_008_026	0.00160524144712228	0.000736613803957006	0.000631676311010344
mtransferencias_recibidas_rank	0.00159233332634276	0.00168490664857683	0.00076703552051256
mcuentas_saldo_rank_lag1	0.001591618481611	0.00207652556649218	0.00121259291845736
mcuenta_corriente_rank_lag1	0.00158866663320449	0.00220315246767365	0.00153971100808771
vm_msaldopesos_rank	0.00158769449466833	0.00101327670974315	0.00119003305020699
mcuentas_saldo_rank_lag2	0.00158693258199814	0.00254613027171948	0.0019909083730951
Visa_msaldototal_rank_lag1	0.00157201354956449	0.00111331410063921	0.00169199011877771
Visa_msaldopesos_rank_lag1	0.00156677116799516	0.00132031044011035	0.0024308258039773
chomebanking_transacciones_delta2	0.00156372944775101	0.00263508828377254	0.00382389766843762
thomebanking_lag1	0.00156117160351943	0.00122125375898102	0.00266206445354359
rf_009_023	0.00155122408635487	0.000986875324162817	0.00127463255614587
Visa_Fvencimiento_tend6	0.00154625078766566	0.0011778094645782	0.00105467384070477
Visa_cconsumos_delta1	0.00154156474591756	0.00133718350375981	0.00230674652860027
rf_010_023	0.0015407624518978	0.00164930620435468	0.00401001658150316
Master_fechaalta_tend6	0.00153870740708163	0.00127624585167177	0.00157355081046327
Visa_mpagosdolares_rank_delta1	0.00153696927062538	0.000993817324022722	0.00179914949296696
mactivos_margen_rank_lag2	0.00153228183749381	0.00248553045627848	0.00382953763550021
Master_mfinanciacion_limite_rank	0.00152805403482592	0.00206757634528543	0.00357009915062096
Master_mlimitecompra_rank_delta2	0.00151769165964543	0.00215481590110621	0.00432585473700834
Visa_mconsumospesos_rank_delta1	0.0014963671921087	0.00185805181780437	0.00372237826131095
Visa_mconsumototal_rank_tend6	0.00149634352402676	0.00185414602247012	0.00347421971055689
cmobile_app_trx_lag2	0.00149584817344087	0.00246040889539899	0.0022841866603499
rf_006_017	0.00149582054469105	0.00116917351850643	0.000434277463819611
mpasivos_margen_rank_delta2	0.0014796033331584	0.00184285496149696	0.00347421971055689
Master_mfinanciacion_limite_rank_delta1	0.00147479453646809	0.00214810522743695	0.00429201493463278
chomebanking_transacciones_delta1	0.00147438730521955	0.002938237716565	0.00304558221379987
thomebanking_lag2	0.00146731917687845	0.00160058432584854	0.00425253516519464
Visa_mpagominimo_rank_delta2	0.00146411105857781	0.00196770146200376	0.00269026428885655
Master_fechaalta_lag2	0.00146381877113932	0.00206148035306322	0.00319222135742727
mrentabilidad_annual_rank_lag1	0.00145679500672408	0.00247024122396973	0.00265078451941841
mcomisiones_rank_lag2	0.00144741864418199	0.00193122941879908	0.00354753928237059
thomebanking	0.00144435935467283	0.00193181881785111	0.00233494636391323
vm_fechaalta_lag2	0.00144373432393061	0.00149093202982971	0.00261130474998026
Master_fechaalta	0.00144178418655223	0.00216868025676553	0.00300610244436173
chomebanking_transacciones	0.00143935610891852	0.00213637795503939	0.00256618501347952
Visa_Fvencimiento_lag2	0.00143444236380065	0.00210714584232101	0.00329374076455394
Visa_mlimitecompra_rank_delta2	0.00143322248611355	0.00253221934187219	0.00404949635094131
cproductos_tend6	0.00143018543521664	0.00144553185124467	0.000281998353129618
vm_Fvencimiento	0.00141712254596144	0.00207883568740864	0.00305686214792506
Visa_Fvencimiento	0.00141699732676704	0.00162916568722638	0.0022841866603499
Master_mfinanciacion_limite_rank_lag1	0.00141473861961449	0.00181762109735162	0.00351369947999504
Master_Fvencimiento	0.0014117184662365	0.00180581362672548	0.00323170112686542
ctrx_quarter_normalizado_delta2	0.00141159051071776	0.00152125648618937	0.00195706857071955
mpayroll_sobre_edad_rank_delta2	0.00141025217778785	0.00159414864328026	0.000456837332069981
Visa_msaldopesos_rank_tend6	0.00140941390104083	0.00197016798877533	0.00173710985527845
Visa_mfinanciacion_limite_rank_delta2	0.0014086896952748	0.00216759025599386	0.00384081756962539
vm_Finiciomora_tend6	0.00140206837635403	0.00250192042536575	0.000603476475697382
chomebanking_transacciones_lag1	0.00140176498098212	0.002127992515794	0.00300610244436173
Master_mpagospesos_rank_tend6	0.00139729583878278	0.00227347583559684	0.0028030636301084
Visa_mconsumospesos_rank	0.00139269729762864	0.00141295991354807	0.00315274158798913
mcomisiones_otras_rank_delta1	0.00139093576842448	0.00181887540794507	0.0033219405998669
mcuenta_debitos_automaticos_rank	0.00138345641218434	0.00165742540607782	0.000620396376885159
Visa_mpagospesos_rank_delta2	0.00137892273914565	0.00206424970216694	0.00399873664737798
Visa_mlimitecompra_rank	0.00137031294627567	0.0018545904210652	0.00298354257611136
cprestamos_personales_tend6	0.00136566514762353	0.00263678403219179	0.000366597859068503
Master_mfinanciacion_limite_rank_delta2	0.00136353504157879	0.00223883784735522	0.00373365819543614
vmr_mpagospesos	0.00136132240320992	0.000875127292668772	0.0010321139724544
mcomisiones_otras_rank	0.00135824567242433	0.00213204472760529	0.00276922382773285
mpagomiscuentas_rank	0.00135778063104502	0.001149621422089	0.000530156903883681
Master_mlimitecompra_rank_tend6	0.00135222077072009	0.00204499854863682	0.00357573911768355
mttarjeta_visa_debitos_automaticos_rank_tend6	0.00134637109825435	0.00264359377577553	0.00126335262202069
internet	0.00133985868274523	0.000985999193915993	0.000107159374189255
internet_lag2	0.00133222988343946	0.00122956777932237	0.00031019818844258
mrentabilidad_rank	0.00132112779430281	0.0020768098518341	0.00264514455235581
rf_011_018	0.00131795169276255	0.000377104197102782	9.02394730014777e-05
Master_mlimitecompra_rank_lag1	0.00131161161634295	0.00178376127651259	0.00341782003993097
Master_msaldototal_rank	0.00130926046482211	0.00129291784046882	0.00183298929534252
Visa_mfinanciacion_limite_rank_tend6	0.00130471492507586	0.00146173001397464	0.00212062761553473
tcallcenter	0.00130043788032526	0.00115165487842619	0.000710635849886637
Visa_mconsumototal_rank_delta1	0.00129324412984647	0.00152887099260752	0.00338398023755541
rf_010_017	0.00129319253698973	0.000633032681190134	0.000485037167382943
Visa_mconsumospesos_rank_lag1	0.00128986474315638	0.00175716247198625	0.00341218007286837
vm_mpagospesos_rank_lag2	0.00128211907848082	0.000785008015414917	0.000986994235953662
Visa_mfinanciacion_limite_rank	0.00126681624222581	0.00178610239539605	0.00282562349835877
Visa_mfinanciacion_limite_rank_lag2	0.0012661620399664	0.00163342597675307	0.002656424486481
Visa_msaldototal_rank_tend6	0.00126384834664209	0.00169075092391914	0.00245338567222767
Visa_mpagospesos_rank_delta1	0.00126210070360474	0.00169235118109285	0.00375057809662392
vmr_Visa_mlimitecompra	0.00125080575054353	0.00131147516990191	0.00210370771434695
Visa_Fvencimiento_lag1	0.00124617700527113	0.0018156900836313	0.00257746494760471
Visa_mpagospesos_rank_lag1	0.00124590030368865	0.00146408472665094	0.0031753014562395
ccomisiones_otras_delta2	0.00124159017643143	0.00142877819670731	0.00236878616628879
Visa_mlimitecompra_rank_tend6	0.0012413166193154	0.00214862284714345	0.0031019818844258
Visa_mfinanciacion_limite_rank_delta1	0.00122948234346716	0.00179190771731304	0.00288766313604729
Visa_mconsumototal_rank	0.00122886636939537	0.00181812785232218	0.0030963419173632
mautoservicio_rank	0.00122787114334365	0.000999639921384783	0.000518876969758497
rf_007_023	0.00121840181793998	0.00118811250397181	0.00252106527697878
Master_Fvencimiento_tend6	0.00121045581577598	0.00129224505070655	0.00212626758259732
Visa_mconsumototal_rank_lag1	0.00120888956992582	0.00164358172431177	0.00336706033636764
matm_rank_delta1	0.00120045415653182	0.000811019042875873	0.00038351776025628
Visa_mpagospesos_rank_lag2	0.00119978466818775	0.00188580521936419	0.00341782003993097
mcaja_ahorro_rank_delta2	0.00119518818990623	0.00181226671346793	0.00179914949296696
Visa_fechaalta	0.00119209344463462	0.00155135479126814	0.00214882745084769
Visa_msaldototal_rank	0.00119166405679263	0.00142353323255764	0.00223906692384917
Master_mpagominimo_rank_tend6	0.00118752021803907	0.00180368053406577	0.00195706857071955
vm_msaldototal_rank_lag1	0.00118718036658162	0.000950946852450965	0.00101519407126662
Master_mlimitecompra_rank_lag2	0.00118482889746507	0.00138566911287791	0.0030963419173632
Visa_msaldopesos_rank_lag2	0.00118287404212264	0.00129739068748354	0.00177658962471659
rf_014_022	0.00117812753729059	0.00103701780551231	0.00274102399241988
Visa_mpagosdolares_rank_tend6	0.00117293204608564	0.00143151840154305	0.00202474817547066
rf_012_019	0.00116895307922447	0.00111251371459416	0.00195142860365695
mrentabilidad_annual_rank_tend6	0.00116277941988451	0.00244609942026164	0.00235186626510101
Master_mlimitecompra_rank	0.00116231495484081	0.00187661308634789	0.00319786132448987
mpasivos_margen_rank	0.00116107775674253	0.00269292299817008	0.00212062761553473
vmr_msaldototal	0.00115912942921081	0.00120098021320196	0.00173710985527845
rf_002_017	0.00115463786124213	0.000979640723061208	0.00116183321489403
Master_mfinanciacion_limite_rank_lag2	0.00115339129798011	0.00123475126245442	0.00277486379479544
rf_006_021	0.00114280789360993	0.00207893599312247	0.00395361691087724
Master_delinquency_lag1	0.00113980260031819	0.000905571106648883	0.00076703552051256
Master_Fvencimiento_lag1	0.00113813172268656	0.00150021391277373	0.00292714290548543
mcuenta_debitos_automaticos_rank_lag1	0.00113513906564794	0.0012280589970463	0.000552716772134051
Visa_fechaalta_lag1	0.00113471087592148	0.00184991812118471	0.00246466560635286
Master_mpagospesos_rank_lag2	0.00113021953924404	0.00174014427915074	0.0025831049146673
Master_fultimo_cierre	0.00113006512911797	0.00186385345806914	0.00283126346542136
mtransferencias_recibidas_rank_lag2	0.0011294767916029	0.00177528201949995	0.00266770442060618
Visa_mpagominimo_rank_delta1	0.00112697428672076	0.00218247020700572	0.0023575062321636
Visa_fechaalta_tend6	0.00112639228079465	0.0010610694988512	0.000930594565327739
Master_Fvencimiento_delta2	0.00112493820417767	0.000945014680879957	0.00170327005290289
vm_status05	0.00112385283065479	0.000510222005635937	0.000552716772134051
Visa_mlimitecompra_rank_delta1	0.00110601848021973	0.0021254781532893	0.00318094142330209
Master_mpagominimo_rank	0.00110373938454683	0.00122920306403948	0.00201346824134547
mcuenta_corriente_rank_tend6	0.00110345008916459	0.00292506880698934	0.00126335262202069
vm_status06_delta1	0.00110308490923595	0.000546613335695641	0.000101519407126662
internet_lag1	0.00110194823863173	0.00106445219061933	0.000146639143627401
Visa_delinquency_tend6	0.00109945436778919	0.000948119884202596	0.000654236179260713
Visa_mpagominimo_rank_tend6	0.00109761428449695	0.00158007574648079	0.00219958715441102
Visa_mlimitecompra_rank_lag2	0.00109718118976008	0.00150697237068449	0.00234622629803842
Visa_mconsumototal_rank_delta2	0.00108933226534221	0.00120288367889513	0.00262822465116804
rf_015_017	0.00107822324799695	0.000843519149735314	0.000783955421700337
mextraccion_autoservicio_rank_lag1	0.00107688069805492	0.000667254874442451	0.000614756409822567
rf_019_021	0.00107587224648255	0.00117077910506483	0.00263950458529322
vmr_mpagominimo_lag2	0.00107436141259925	0.00150032034599267	0.0023575062321636
vm_fechaalta_lag1	0.00107254475160755	0.00191144311265919	0.00242518583691471
vmr_mpagominimo_delta1	0.00106225164399732	0.00112677476184452	0.00150023123864957
Visa_fechaalta_lag2	0.0010588051522188	0.00156284878079275	0.00205858797784621
mtransferencias_recibidas_rank_tend6	0.00105859319332314	0.00150961239853549	0.00165251034933956
Visa_mfinanciacion_limite_rank_lag1	0.00105785112042577	0.00179810615215213	0.00241954586985212
Visa_mlimitecompra_rank_lag1	0.00105731204873264	0.00158519985975245	0.00254362514522915
Visa_cconsumos_lag1	0.00105616130717119	0.00113013142458887	0.00180478946002955
vm_mfinanciacion_limite_rank_delta2	0.00105270238486899	0.00205515486260356	0.00277486379479544
Master_mpagominimo_rank_lag1	0.00105226937062312	0.00150487331399852	0.00227290672622472
Visa_msaldototal_rank_delta1	0.00105208094563236	0.00124671071065467	0.00207550787903399
ctarjeta_visa_transacciones_delta2	0.00105203499720482	0.00121644809575411	0.00076703552051256
Master_mlimitecompra_rank_delta1	0.00105117497935927	0.00146808289798654	0.00288766313604729
Visa_mconsumosdolares_rank	0.00105059986743801	0.00150914060638818	0.00284254339954655
cmobile_app_trx_delta2	0.00103414609661908	0.00195766749217258	0.00168071018465252
Visa_mconsumosdolares_rank_lag2	0.00102970858778645	0.00161564696919749	0.00276358386067025
rf_011_027	0.00102357947695091	0.00128771479051374	0.00287074323485951
internet_tend6	0.00102051554961125	0.00200938690498308	0.000349677957880726
vm_fechaalta	0.00101886571891574	0.00183503742354408	0.00213190754965991
Visa_mconsumosdolares_rank_tend6	0.00101876826046165	0.0015008817593386	0.00233494636391323
rf_019_024	0.00101170412945165	0.000551293101863865	0.000654236179260713
Visa_mconsumototal_rank_lag2	0.00101023112350794	0.0016700986056396	0.00308506198323802
mcaja_ahorro_rank_delta1	0.0010044928070865	0.00194993434901692	0.00120131298433217
Master_msaldopesos_rank_tend6	0.00099607975379836	0.00194061227684824	0.00239698600160175
cliente_edad_lag2	0.000994548666008229	0.00169825704043605	0.00166943025052734
rf_016_021	0.00098882911554281	0.00123703476219323	0.00215446741791028
mcaja_ahorro_rank_lag1	0.00097629224063039	0.000997464064918435	0.000654236179260713
Master_cconsumos_lag1	0.000976113226599485	0.00149182020912019	0.00226726675916213
ctrx_quarter_normalizado_lag2	0.000972594557372784	0.0014883607433175	0.00194014866953177
Master_msaldototal_rank_delta2	0.00097244603698925	0.00140989505392501	0.00208678781315917
Visa_mconsumosdolares_rank_delta1	0.000966236226890288	0.00150989833160988	0.0029497027737358
Master_fultimo_cierre_tend6	0.000964840250852713	0.00184294844456855	0.00248722547460323
mprestamos_personales_rank_lag1	0.00096085855262749	0.00160438783304084	0.000451197365007388
cliente_antiguedad_lag2	0.000954542051232076	0.00190227471728873	0.00186682909771807
vmr_mpagominimo_lag1	0.000952098374511438	0.00109877499853532	0.00182170936121733
rf_014_021	0.000950484583299425	0.00111970673619683	0.00225598682503694
Visa_msaldototal_rank_delta2	0.000945689549970139	0.00141579375593031	0.00236878616628879
rf_017_019	0.000943152119139257	0.000462341474774107	0.000355317924943318
vm_msaldopesos_rank_delta2	0.000931168069021946	0.00101621780921056	0.00139307186446031
Visa_msaldototal_rank_lag2	0.000929406531550851	0.00129739805078799	0.00203602810959584
tcallcenter_tend6	0.000929009751312014	0.00113924706677462	0.000468117266195165
rf_013_015	0.000925357640375992	0.000735238771214651	0.000936234532390331
Visa_mconsumospesos_rank_lag2	0.000924792521034628	0.00137467273855785	0.00222214702266139
vm_mpagominimo_rank_tend6	0.000923889483357377	0.000967998102919064	0.00142691166683587
mcaja_ahorro_dolares_rank	0.000918967552371326	0.00172883184914716	0.000800875322888114
vmr_mpagominimo_tend6	0.00091823709246219	0.000996230196505886	0.00135923206208476
Visa_fultimo_cierre_tend6	0.000917367237589971	0.00116475435152593	0.00114491331370625
mautoservicio_rank_delta2	0.000914113610291498	0.00159746048255239	0.00174838978940363
Master_msaldototal_rank_lag1	0.000907505051784313	0.0011743608120198	0.00204166807665843
vmr_Master_mlimitecompra	0.000907314573902149	0.00151312752680054	0.00214318748378509
vm_mconsumototal_rank_delta2	0.000905736989942247	0.00122414849022703	0.00168635015171511
ccaja_seguridad_lag1	0.000904778257901476	0.00139194064009933	0.000146639143627401
rf_001_021	0.000904556289667521	0.000661075285543438	0.00050195706857072
mtransferencias_recibidas_rank_delta2	0.000902756262489462	0.00123461329060627	0.001770949657654
Visa_mconsumosdolares_rank_lag1	0.000902231992685917	0.00151899602895925	0.00257182498054211
vm_mlimitecompra_rank_tend6	0.000901833196359348	0.00178372322419097	0.00172018995409067
vm_mlimitecompra_rank_lag2	0.000895893956289801	0.00134202873831171	0.00217702728616065
Master_cconsumos_tend6	0.000893946906780987	0.00150362173246197	0.00217138731909806
Visa_mconsumosdolares_rank_delta2	0.000889281322350303	0.00146482533090249	0.0025097853428536
ccaja_seguridad_lag2	0.000887398576799253	0.00104666404329773	0.000140999176564809
Visa_msaldopesos_rank_delta1	0.000881750128603859	0.00139217652330007	0.00207550787903399
rf_001_017	0.000865217084799953	0.00106162522237096	0.00226726675916213
vmr_Master_mlimitecompra_lag1	0.000864501536720819	0.00152315964293269	0.00203602810959584
cliente_antiguedad_lag1	0.000863209114997455	0.00151909659213128	0.00142127169977327
vm_fultimo_cierre_tend6	0.000863073467709552	0.00173093317146527	0.00149459127158697
rf_017_015	0.000862942888610965	0.000850262649324781	0.00179350952590437
mactivos_margen_rank_tend6	0.000861810355820251	0.00173712506686614	0.00162995048108919
mpayroll_rank_delta2	0.000861420431184145	0.000852305554377829	0.000411717595569242
vm_status02	0.000859470860107079	0.00164427274211444	0.0011787531160818
Master_mpagosdolares_rank_tend6	0.000859333970346158	0.00171733337984992	0.00293278287254802
cmobile_app_trx_tend6	0.000857816869631283	0.0023025577729485	0.00156791084340067
Visa_msaldopesos_rank_delta2	0.000856046698062446	0.00125036772413248	0.00196834850484473
Visa_cconsumos_lag2	0.000851644112186459	0.00134828896311824	0.00216574735203546
tcallcenter_delta2	0.000851543318122098	0.0013842841165033	0.00107159374189255
Master_cconsumos	0.000848967033944654	0.00101090582869203	0.00195142860365695
Master_mpagospesos_rank	0.000842540974424735	0.00149112659098973	0.00167507021758993
vm_msaldototal_rank_tend6	0.000841304462567522	0.00121849038290749	0.00160739061283882
vm_mfinanciacion_limite_rank	0.000838554513088003	0.000989892605510937	0.0016243105140266
vm_msaldopesos_rank_delta1	0.000836086125927544	0.00109149256170057	0.00121259291845736
vmr_mpagospesos_delta1	0.000835662417555714	0.000921250285143901	0.00111671347839329
ctarjeta_visa_transacciones_lag2	0.000835228390836312	0.00120774783662455	0.00185554916359288
mcaja_ahorro_dolares_rank_lag2	0.000832965829981575	0.00129595901393768	0.00119567301726958
rf_020_026	0.000830695586907063	0.000927205164527947	0.00196834850484473
cliente_edad_lag1	0.000830590992887621	0.00207647224689943	0.00131975229264661
vmr_mconsumospesos_lag2	0.000827938429852987	0.000789935713827541	0.00115619324783143
Master_status	0.000826134463392158	0.00146343654989237	0.00122387285258254
Master_mpagominimo_rank_lag2	0.000815983279501485	0.000752034082488402	0.00152279110689994
ccomisiones_mantenimiento_delta2	0.000815519722273702	0.000900952872989913	0.000124079275377032
mtransferencias_emitidas_rank_lag1	0.000814249815694016	0.00106254869918035	0.00103775393951699
rf_020_023	0.000813952260369323	0.00159236355686641	0.00146075146921142
mcaja_ahorro_dolares_rank_delta2	0.000812123533450422	0.00169214220227377	0.000727555751074414
vm_mconsumospesos_rank_tend6	0.000811196760067543	0.00108441174038046	0.00157355081046327
Master_mpagominimo_rank_delta1	0.000810901020552698	0.00144982859685215	0.00155663090927549
vmr_mpagospesos_delta2	0.000810524893911533	0.00135597030568453	0.0013987118315229
Visa_fultimo_cierre_delta1	0.000808236842508103	0.000968497906518288	0.00104903387364218
Master_mpagospesos_rank_delta2	0.000806311717262491	0.00112865593165776	0.00153407104102512
vmr_msaldopesos2_tend6	0.000804675939545102	0.00173687602755149	0.00153407104102512
Master_fultimo_cierre_delta2	0.00080345579450077	0.000829173836416837	0.00163559044815178
vm_fultimo_cierre_lag1	0.000802224043946985	0.00202686535583865	0.00163559044815178
vmr_mpagospesos_tend6	0.000799245504545599	0.00141732457662811	0.00135923206208476
vmr_Master_mlimitecompra_lag2	0.000793630000801485	0.00132024164727992	0.00195706857071955
mautoservicio_rank_lag2	0.000793174077622475	0.00138740180654853	0.00174838978940363
mrentabilidad_rank_tend6	0.000790983596901755	0.00248330357159735	0.00152843107396253
ccajas_consultas_tend6	0.000790384237058592	0.00184725064828982	0.00040607762850665
mtransferencias_emitidas_rank	0.000787454390532627	0.00209937498153938	0.00113363337958106
rf_006_022	0.000784618537196596	0.000606419716462921	0.000411717595569242
vmr_msaldototal_lag1	0.00078457552465776	0.00104162574084337	0.00123515278670773
Master_mconsumototal_rank_lag1	0.000784148245326241	0.00132831986165798	0.00224470689091176
cproductos_delta2	0.000777300624419121	0.00115995293635928	0.000186118913065548
Master_cconsumos_lag2	0.000774092706997893	0.00097830209490801	0.0022165070555988
Master_mconsumototal_rank_tend6	0.00077337216533202	0.00162413006233728	0.0020642279449088
vm_msaldopesos_rank_tend6	0.000773368652051425	0.000931897674876958	0.00134231216089698
vm_mpagominimo_rank_lag2	0.000772644250376392	0.0010961206302627	0.00150023123864957
mcomisiones_mantenimiento_rank_lag2	0.000769801292192671	0.00112003749274344	0.00130847235852143
vm_cconsumos_tend6	0.000762974665126315	0.00110671830481777	0.00069371594869886
Master_mconsumototal_rank_delta2	0.000762931459122896	0.00132391112173449	0.00155663090927549
vm_mfinanciacion_limite_rank_tend6	0.000758513811071184	0.00166650564776139	0.00190066890009362
mcaja_ahorro_dolares_rank_lag1	0.000756485683175614	0.00178106162134299	0.00116747318195662
vm_msaldototal_rank	0.000753627650219116	0.0009128656182731	0.00129719242439624
mcomisiones_mantenimiento_rank_delta1	0.000753606139636986	0.00174300801242974	0.000902394730014777
vmr_mpagominimo	0.000750929052981687	0.000853354052888023	0.00154535097515031
mpayroll_rank_lag2	0.000748748833998953	0.000937507611767707	0.000366597859068503
vm_mpagominimo_rank_lag1	0.000748185348832964	0.000853249344639012	0.0011787531160818
vmr_Master_mlimitecompra_tend6	0.000747463992584122	0.00146045412838423	0.0013987118315229
Master_msaldototal_rank_lag2	0.000747314186760212	0.00120906303608176	0.00197398847190732
vm_mfinanciacion_limite_rank_lag2	0.000746856626451871	0.00110005358743681	0.00172582992115326
chomebanking_transacciones_tend6	0.000746111404849562	0.00110331311120316	0.00137615196327253
Visa_fechaalta_delta1	0.000743523455159576	0.000854631045548689	0.00067115608044849
ctrx_quarter_lag2	0.000741822509299824	0.00124667932650037	0.00149459127158697
rf_005_019	0.000741421805714021	0.00126710953559274	0.00209242778022176
vm_mlimitecompra_rank_lag1	0.000741049728434328	0.00116257733649769	0.00158483074458845
vm_msaldopesos_rank_lag1	0.000739841122705763	0.00117389326793275	0.00119567301726958
Master_mconsumospesos_rank_tend6	0.000737581074186676	0.0018682699732302	0.00186118913065548
ctrx_quarter_normalizado_delta1	0.000736105513305606	0.00176002841940575	0.000857274993514038
vm_msaldototal_rank_lag2	0.000735946791062941	0.00119189173285607	0.00150587120571216
vm_Fvencimiento_lag2	0.000735286144768606	0.00108314836725845	0.00168071018465252
rf_008_021	0.000732265635955081	0.000548815478643975	0.000507597035633312
Master_msaldopesos_rank	0.000729459398556568	0.000932820945719784	0.00148331133746179
rf_002_015	0.000726032427989626	0.0011222416181199	0.00112235344545588
vm_mlimitecompra_rank_delta2	0.000725415085894509	0.00133716427163244	0.00210370771434695
mcuentas_saldo_rank_delta1	0.000724337374236917	0.00200859998400176	0.000851635026451446
vmr_msaldopesos_delta1	0.00072379230944953	0.00103791105672928	0.0015509909422129
vmr_msaldopesos2_lag2	0.000723165112641034	0.00122387522409597	0.00165815031640215
cliente_antiguedad	0.000721180319045096	0.00155313864188265	0.00127463255614587
mcaja_ahorro_rank_lag2	0.000717701775523386	0.00175415793481892	0.00114491331370625
mcomisiones_mantenimiento_rank_lag1	0.000717355693154352	0.00112102494791495	0.00121259291845736
mplazo_fijo_dolares_rank	0.000716824465399045	0.00256183475835534	0.000270718419004433
mcomisiones_mantenimiento_rank	0.00071197452250362	0.00170598750602646	0.00121259291845736
rf_018_021	0.000711971582063178	0.000619550676700236	0.000834715125263669
vm_mfinanciacion_limite_rank_delta1	0.000709062689404322	0.00123403228469148	0.0020642279449088
ccomisiones_otras_tend6	0.000708606690273459	0.00161071105786836	0.00135359209502217
vmr_msaldopesos_lag1	0.00070714068441086	0.00087956656713451	0.0014043517985855
mpayroll_sobre_edad_rank_lag2	0.000706903627758682	0.000820724135605294	0.000485037167382943
vm_mpagominimo_rank_delta2	0.000706065456370617	0.00144843435772825	0.00134231216089698
mtarjeta_visa_consumo_rank_delta1	0.000705563029746318	0.00107359293497936	0.00098135426889107
vmr_Visa_mlimitecompra_lag2	0.000702543411789602	0.00104448275446341	0.0015509909422129
ccomisiones_otras_lag2	0.000700351475590057	0.00122852955339426	0.00157355081046327
mttarjeta_visa_debitos_automaticos_rank_lag2	0.000699433725669991	0.00121315976241544	0.0013310322267718
vm_mlimitecompra_rank	0.000695350064612145	0.00114433863733009	0.00152843107396253
vmr_msaldototal_delta2	0.000694623767874949	0.00112361765494922	0.00144383156802364
Master_msaldototal_rank_delta1	0.000692023762787457	0.00140016565714172	0.00191194883421881
vmr_msaldopesos2_lag1	0.000692010909989028	0.00114099999665958	0.00156227087633808
vmr_mpagominimo_delta2	0.000691190234977773	0.000899641174964195	0.00108851364308032
Master_Finiciomora_lag1	0.00069086451041073	0.000576177363522521	9.587944006407e-05
cliente_edad	0.000689080487796739	0.00144005810974051	0.000755755586387376
vm_Fvencimiento_lag1	0.000686834275536141	0.00122627324124113	0.00150023123864957
vm_msaldototal_rank_delta2	0.000685790766206044	0.00111607940764923	0.00167507021758993
vm_mlimitecompra_rank_delta1	0.000685482294681259	0.00145900767673782	0.00200782827428288
rf_020_025	0.000684693725435074	0.00113967972527588	0.000840355092326261
mttarjeta_visa_debitos_automaticos_rank_delta2	0.000684092948760909	0.0016458225374814	0.00128027252320846
vm_mpagospesos_rank_delta2	0.000680740370692125	0.00101207121322399	0.0015509909422129
Master_msaldopesos_rank_lag1	0.000680456177309958	0.000982165280910541	0.00156227087633808
vm_mpagominimo_rank	0.000678536971580196	0.000765193569094023	0.00112799341251847
Master_msaldototal_rank_tend6	0.000671197529006308	0.00128142807325865	0.00160175064577623
vmr_msaldototal_lag2	0.000666529974888155	0.000916331597768197	0.00164687038227697
numero_de_cliente	0.000665383083754026	0.00227787188283119	0.00114491331370625
rf_010_016	0.000662148901797361	0.000295641720034713	0.000225598682503694
Master_mconsumospesos_rank_delta1	0.000661753278791323	0.00100682799979006	0.00152843107396253
rf_012_020	0.000658414522155373	0.000813844389137596	0.000456837332069981
rf_017_021	0.000655845618676598	0.000721856686251285	0.000896754762952184
rf_020_017	0.000651584119596207	0.000677775208554936	0.00114491331370625
mcomisiones_mantenimiento_rank_tend6	0.000651376882748598	0.0021499159566873	0.000975714301828477
ccajas_transacciones_tend6	0.000651083112875667	0.00109518652042975	0.000366597859068503
vm_mpagospesos_rank_tend6	0.000650828831773077	0.00109297413064514	0.00139307186446031
rf_003_025	0.000646639798772178	0.000787046595170243	0.00129155245733365
vm_Finiciomora	0.000645435841606194	0.00330028462544935	0.000417357562631834
ccomisiones_otras_lag1	0.000642239988095301	0.00112919625917731	0.000868554927639223
ctarjeta_visa_transacciones_tend6	0.000641353098572132	0.00205201948518015	0.000953154433578108
vmr_msaldopesos_lag2	0.000636891905526198	0.00078965858582352	0.00156791084340067
mcuenta_debitos_automaticos_rank_delta2	0.000634930890408133	0.00154950374406403	0.000518876969758497
Master_cconsumos_delta2	0.000634751409698379	0.000983874339918613	0.00186682909771807
ccaja_ahorro	0.000630402517897389	0.00118803833026505	9.587944006407e-05
Master_mconsumospesos_rank_lag2	0.000629546276855205	0.001008863206843	0.0016976300858403
mcomisiones_mantenimiento_rank_delta2	0.000628354124577904	0.00183126591840576	0.00101519407126662
cmobile_app_trx_lag1	0.00062781461015809	0.00133493728396803	0.000992634203016254
cproductos_delta1	0.000626404942037936	0.00135760081419647	0.000146639143627401
vm_mfinanciacion_limite_rank_lag1	0.000624681348603588	0.000945631782434059	0.00136487202914735
vmr_mconsumospesos_lag1	0.000624517194708626	0.00077219398621899	0.00108287367601773
mtransferencias_emitidas_rank_delta2	0.000621435518353593	0.0017500771708935	0.000761395553449968
Master_mconsumototal_rank_lag2	0.000619826241123025	0.00116460590112913	0.00165251034933956
vm_mconsumototal_rank_tend6	0.000617065581994403	0.000573081325711721	0.00100391413714144
mpayroll_sobre_edad_rank_tend6	0.000616123027073929	0.00128834571757306	0.000456837332069981
Master_fultimo_cierre_lag2	0.000612813274855634	0.00117606129766989	0.00156227087633808
Visa_mpagado_rank_tend6	0.000609836908362793	0.00110298613929206	0.00109415361014292
vm_fechaalta_tend6	0.000602376035046677	0.00135175967984418	0.000919314631202554
vmr_msaldototal_delta1	0.000601816204195436	0.000619041759080813	0.000823435191138484
ctarjeta_debito_transacciones	0.000601354630689998	0.000398947722971506	0.000180478946002955
mplazo_fijo_dolares_rank_delta2	0.000601134215246349	0.00196786317149775	0.000276358386067025
vmr_mconsumospesos_delta1	0.000599690029914349	0.000806739212271979	0.000716275816949229
mtransferencias_emitidas_rank_tend6	0.000598468822406278	0.00124313484800079	0.000902394730014777
ccallcenter_transacciones_tend6	0.00059335400931512	0.00154989938007646	0.000738835685199598
cmobile_app_trx	0.000591825220758787	0.00146940710848066	0.00040607762850665
Master_mpagominimo_rank_delta2	0.000591369672730217	0.000835941382601971	0.00162995048108919
mextraccion_autoservicio_rank	0.000588961448043154	0.000552561984591303	0.000524516936821089
Master_fultimo_cierre_delta1	0.000588839179520232	0.000747122809908792	0.00156791084340067
vm_msaldopesos_rank_lag2	0.00058851793313723	0.00111113458826646	0.00106031380776736
ccajas_transacciones_delta1	0.000588375606541989	0.00171834037609864	0.000434277463819611
rf_007_021	0.000588311907420622	0.000947650434924883	0.00185554916359288
rf_009_015	0.000578639210166407	0.00074673430548844	0.00162995048108919
rf_007_016	0.000570117140038546	0.00104000486126802	0.00101519407126662
vm_cconsumos_delta2	0.000570098300228788	0.000515807381014623	0.000214318748378509
vmr_Master_mlimitecompra_delta1	0.000564638312018853	0.00101004558361601	0.000817795224075891
vm_mconsumospesos_rank_delta2	0.000562171152483536	0.000710393514472948	0.00100955410420403
tcallcenter_delta1	0.000560497147752089	0.000965580235746864	0.000518876969758497
Master_mconsumospesos_rank	0.000560405176872887	0.000881502086373291	0.00143255163389846
ccomisiones_otras_delta1	0.000555986684038586	0.000988353983829753	0.00102647400539181
vmr_msaldopesos	0.000551816438993617	0.00100221715518137	0.00135359209502217
Master_msaldopesos_rank_delta1	0.000549899971414916	0.000924334196673589	0.00119003305020699
Master_mconsumototal_rank_delta1	0.000549319657311073	0.000989882204199749	0.00156227087633808
vmr_Visa_mlimitecompra_tend6	0.000549029208991497	0.00164185361339707	0.000924954598265146
vmr_msaldopesos2	0.000548480242385123	0.000836251104813822	0.00126335262202069
cprestamos_personales_delta2	0.000548203115307284	0.000948615027808441	0.000107159374189255
rf_020_024	0.000547389591862115	0.00146506288758152	0.000930594565327739
ctarjeta_visa_transacciones_lag1	0.000546504473407125	0.00082159545138382	0.000586556574509605
vm_Fvencimiento_tend6	0.000546089299532106	0.00110869885349534	0.00100955410420403
ccajas_transacciones	0.000543219538572367	0.00120462352990364	0.000902394730014777
Visa_fultimo_cierre_lag2	0.000539747054078958	0.000916970557523286	0.00109979357720551
mcuenta_debitos_automaticos_rank_tend6	0.000539411346948085	0.00148010900211418	0.000659876146323305
matm_rank_lag2	0.000538898707544255	0.00108567949029183	0.00117311314901921
Master_mconsumospesos_rank_lag1	0.000538363125939423	0.00102333794439747	0.00161303057990141
mautoservicio_rank_tend6	0.000538270034180286	0.00123985691597331	0.0010321139724544
rf_003_026	0.000535517435977627	0.000695602566760047	0.000332758056692949
vm_fultimo_cierre	0.000535115297523217	0.00137002775499214	0.00120131298433217
rf_019_022	0.00053318015705954	0.000932487408624644	0.0011054335442681
cmobile_app_trx_delta1	0.000532989228460461	0.00101830077475918	0.000772675487575153
ctarjeta_visa_debitos_automaticos_tend6	0.000530708420611916	0.00115970927792097	0.00038351776025628
Master_mpagosdolares_rank	0.000527987944378864	0.000766324557210765	0.00150587120571216
Visa_Fvencimiento_delta2	0.000522921779572913	0.000569515684148288	0.000563996706259235
rf_002_020	0.00052191336715837	0.00133242153118906	0.000169199011877771
rf_003_023	0.000521858611723426	0.00103050285156496	0.000755755586387376
rf_019_018	0.000521228521477208	0.000856186968420759	0.000986994235953662
rf_019_016	0.00051833814593719	0.000782629539346968	0.00122951281964513
Master_msaldopesos_rank_lag2	0.000518244433580096	0.000743805512522875	0.00141563173271068
mcuenta_corriente_rank_delta1	0.000512937087607548	0.00177324580836004	0.000783955421700337
thomebanking_tend6	0.000512154963459651	0.00261367651530139	0.000524516936821089
Master_mconsumospesos_rank_delta2	0.000510189628673791	0.000927181761577775	0.00112235344545588
Visa_mpagado_rank_delta1	0.000509760161513777	0.000816419305810402	0.000485037167382943
matm_rank_delta2	0.000504201041447554	0.001143598110316	0.000896754762952184
Master_cconsumos_delta1	0.000503419788439851	0.000843774574013267	0.0014720314033366
mttarjeta_visa_debitos_automaticos_rank_lag1	0.000502666834091859	0.000674011967824757	0.00109415361014292
Master_mpagospesos_rank_delta1	0.000500312095256876	0.000944386457131712	0.00133667219383439
thomebanking_delta1	0.000500218520356519	0.00101892693884184	0.00050195706857072
mtarjeta_visa_consumo_rank_lag1	0.00049959466168753	0.000897528653214485	0.000970074334765885
vm_mpagospesos_rank	0.000499074499906339	0.00067448370848043	0.000874194894701815
rf_017_026	0.000496639336443333	0.000762530781938337	0.00121823288551995
vmr_msaldototal_tend6	0.000494854442809174	0.000977707289233829	0.00122387285258254
Master_Fvencimiento_delta1	0.000494208881428905	0.000608902128405288	0.000857274993514038
mtransferencias_recibidas_rank_delta1	0.000493781459577429	0.0010729665134385	0.00112799341251847
mpagomiscuentas_rank_tend6	0.000490750517125469	0.0017093425982758	0.000547076805071458
Visa_fultimo_cierre_lag1	0.000490017273443163	0.000718711061991604	0.0010321139724544
rf_001_026	0.000488453369534	0.000805015478146638	0.000569636673321828
vmr_mpagospesos_lag1	0.000486554131733417	0.00104091420362235	0.00123515278670773
vmr_mpagospesos_lag2	0.000485808234710424	0.000849853676977711	0.00115055328076884
ctrx_quarter_normalizado	0.000481436661367207	0.00084813223423033	0.000558356739196643
mcaja_ahorro_dolares_rank_tend6	0.00048039314914573	0.00145399815810997	0.000676796047511083
ctrx_quarter_normalizado_tend6	0.000479253203148614	0.00159069628332382	0.000783955421700337
mcaja_ahorro_dolares_rank_delta1	0.000478344679943775	0.0013069943931747	0.00050195706857072
mtarjeta_master_consumo_rank	0.000477903686779464	0.000911517901845522	0.00047939720032035
Master_fultimo_cierre_lag1	0.000476660712448895	0.000950583630425629	0.0012577126549581
rf_015_015	0.000476476332280552	0.00121104587613728	0.000445557397944796
mextraccion_autoservicio_rank_tend6	0.000474738923175941	0.00104837297357671	0.000761395553449968
Master_mpagospesos_rank_lag1	0.000472834994673695	0.000787765032270967	0.0012577126549581
vm_mpagospesos_rank_delta1	0.000472341957385577	0.00116405089849231	0.00127463255614587
rf_019_020	0.000471513355420616	0.00120259334328556	0.000947514466515516
vm_msaldototal_rank_delta1	0.000469599809995137	0.000975192025625434	0.00112799341251847
mpagomiscuentas_rank_lag2	0.00046908024894469	0.00101539296463672	0.000845995059388853
vmr_msaldopesos_tend6	0.000468766591881524	0.000914481709125976	0.0010321139724544
vmr_Visa_mlimitecompra_lag1	0.000466233308427647	0.000717651183829072	0.00098135426889107
ctarjeta_debito_transacciones_delta2	0.000465383402345456	0.00113577256541318	0.00067115608044849
mextraccion_autoservicio_rank_lag2	0.00046463671586649	0.000854618430097001	0.00119567301726958
thomebanking_delta2	0.000463812850776737	0.000994262778196408	0.000795235355825522
rf_011_015	0.000460883658490333	0.000717862351042837	0.0012577126549581
vm_fultimo_cierre_lag2	0.000459877304250781	0.000959235435922378	0.00098135426889107
vmr_mconsumospesos	0.000459217657245621	0.000688946705941082	0.000913674664139961
Visa_fultimo_cierre	0.000454787352636416	0.000880581106908425	0.0011787531160818
Master_status_tend6	0.00045411132977882	0.000838538672392159	0.000699355915761452
internet_delta2	0.000450431182825638	0.000923621114703378	0.000203038814253325
rf_003_017	0.000450198888594113	0.000783399287866495	0.000975714301828477
mtarjeta_visa_consumo_rank_tend6	0.000443885812933932	0.00106618658351406	0.00105467384070477
rf_003_027	0.000438152167622633	0.000909630578781353	0.00100391413714144
vm_mpagominimo_rank_delta1	0.000437146026568129	0.000707204534252772	0.000885474828827
ccallcenter_transacciones_delta2	0.000436541792895353	0.00132406714140231	0.000490677134445535
mextraccion_autoservicio_rank_delta2	0.000429652976415688	0.00112001967663616	0.000812155257013299
ctransferencias_emitidas_lag1	0.000427033937235072	0.000417493827227178	0.000101519407126662
Master_mconsumosdolares_rank_delta1	0.000426286274936714	0.000644767316892142	0.00138179193033513
ctrx_quarter_normalizado_lag1	0.000420766506260968	0.000843198691516618	0.000896754762952184
ctransferencias_recibidas_tend6	0.000418117019403537	0.00147276832823511	0.000834715125263669
ctrx_quarter_lag1	0.000414099024228106	0.000710042161270526	0.000654236179260713
mprestamos_prendarios_rank_lag2	0.000411426273938766	0.00186756435754772	0.000186118913065548
vm_mconsumospesos_rank_delta1	0.000403570431602113	0.000764678729936052	0.000992634203016254
Master_mpagado_rank_lag2	0.000401708359416696	0.000729508807312128	0.00104903387364218
vm_mpagospesos_rank_lag1	0.00039904627369846	0.000669179503199468	0.000896754762952184
matm_other_rank_lag2	0.000398420339310818	0.00100064910602819	0.000795235355825522
rf_017_017	0.000397465538282659	0.000497153530503208	0.000124079275377032
mttarjeta_visa_debitos_automaticos_rank_delta1	0.000394134985281012	0.00117667373923062	0.000823435191138484
ccaja_ahorro_lag1	0.000394027612333244	0.000674841652612713	0.000107159374189255
vmr_msaldopesos2_delta1	0.000391628589159684	0.000979459549727477	0.000975714301828477
rf_004_026	0.000391061219492293	0.000598503675003601	0.000411717595569242
mtransferencias_emitidas_rank_delta1	0.000390036863897829	0.00141003894731171	0.000755755586387376
rf_013_017	0.00038937675385195	0.000826171513390005	0.000688075981636267
rf_002_021	0.000389099858429733	0.000637883039160164	0.00112235344545588
mautoservicio_rank_delta1	0.000389024705940458	0.000973478358115623	0.000451197365007388
mtarjeta_master_consumo_rank_lag2	0.00038891441576881	0.000829326998298658	0.00119003305020699
Visa_mpagado_rank_lag2	0.000388897120262433	0.000884366514789427	0.000778315454637745
ccomisiones_otras	0.000388120156012409	0.00129293478121823	0.000659876146323305
vm_status04_delta2	0.000378478247155075	0.000978791162500389	0.000180478946002955
vm_status02_lag1	0.000374901120311876	0.000472282038771158	0.000580916607447013
rf_015_024	0.000374885008063953	0.000621271424310483	0.000541436838008866
ctransferencias_recibidas_lag2	0.000374870881447776	0.00117329176834543	0.00059783650863479
rf_016_027	0.000374229296111993	0.000903835066021692	0.000975714301828477
cextraccion_autoservicio_delta2	0.000374088392324937	0.000734732016244088	0.000276358386067025
rf_006_014	0.000373200334894467	0.000541866424429453	8.45995059388853e-05
mplazo_fijo_dolares_rank_tend6	0.00037246458093599	0.00128252384109395	0.000169199011877771
vmr_Master_mlimitecompra_delta2	0.000372143248091009	0.00114478702652723	0.000879834861764407
mttarjeta_visa_debitos_automaticos_rank	0.000370468568529571	0.000709931840432806	0.00078959538876293
ctarjeta_master_descuentos_delta2	0.000368597277279806	0.000552703509362587	0.000518876969758497
rf_011_028	0.000366694866650159	0.000588261627457026	0.000417357562631834
active_quarter_lag2	0.000363164079107902	0.000587099486898361	0.00078959538876293
Master_mpagado_rank_tend6	0.000358540173372088	0.00105477034636517	0.00086291496057663
cprestamos_personales_lag1	0.000358493529222848	0.000633976497197137	0.000112799341251847
cpagomiscuentas_tend6	0.000357200205906436	0.00137628244444742	0.000349677957880726
vm_mconsumototal_rank_delta1	0.000357159115043602	0.000792775838189813	0.000896754762952184
rf_017_025	0.000356134758210611	0.000549174092167572	0.00098135426889107
mtarjeta_master_consumo_rank_delta2	0.000353385940286427	0.000740168632276135	0.000659876146323305
vmr_mconsumospesos_delta2	0.000353167896141202	0.00107358268814309	0.000908034697077369
Visa_Finiciomora_tend6	0.000352049890535281	0.0018740682665384	0.00040607762850665
vm_fechaalta_delta1	0.000350882368328487	0.00069895639746422	0.000400437661444057
rf_007_015	0.000350435324855816	0.00157944332616392	0.000400437661444057
vm_mconsumosdolares_rank_lag2	0.000349409515145461	0.000928532490266266	0.000750115619324783
vm_mconsumospesos_rank_lag1	0.000348989951714777	0.00055090493213917	0.000704995882824044
Master_mpagado_rank_delta2	0.000348660164741096	0.000833386779380965	0.000930594565327739
catm_trx_tend6	0.000345525444530555	0.00181647329721457	0.00057527664038442
vm_mconsumospesos_rank	0.000340519428194297	0.000766572592438443	0.00076703552051256
rf_002_023	0.000340310647655081	0.000574747826879709	0.000704995882824044
rf_008_015	0.000339168216707814	0.000695894859051913	0.000637316278072936
ctarjeta_visa_transacciones	0.000337189673222361	0.00100597426840644	0.000603476475697382
ccajas_consultas_delta2	0.000334039913664292	0.000822176302823685	0.000219958715441102
Visa_mpagado_rank_delta2	0.000333886528544882	0.00102395715710879	0.000626036343947751
Visa_fultimo_cierre_delta2	0.000330779156037383	0.000394973031823544	0.000834715125263669
vm_fultimo_cierre_delta1	0.000322701240374415	0.000385400349845208	0.000422997529694427
Master_mpagado_rank_lag1	0.000322653283681322	0.000497662834309927	0.000733195718137006
rf_019_019	0.000322317120521459	0.000660071790726205	0.00069371594869886
vm_status04_delta1	0.000321984183454118	0.000446437046101909	7.33195718137006e-05
rf_001_018	0.000321132483354753	0.0006270335447419	0.000360957892005911
Master_mpagado_rank_delta1	0.00032095414785292	0.000841781796071314	0.000795235355825522
rf_018_023	0.000318605018226538	0.00062799919320407	0.00098135426889107
ccajas_extracciones_tend6	0.000318459746198119	0.00229162362627483	0.000428637496757019
Visa_mpagado_rank_lag1	0.000314127011469293	0.000556781338264553	0.000558356739196643
rf_006_016	0.00031388482184967	0.000706317745236563	0.00019175888012814
mtarjeta_visa_descuentos_rank_delta2	0.000312502594159299	0.000541753966688691	0.000744475652262191
ctarjeta_debito_transacciones_tend6	0.000312196731518278	0.00140648828981539	0.000563996706259235
matm_rank_tend6	0.000308429943616317	0.000945373500370112	0.00050195706857072
vm_status03_delta2	0.000308016643216425	0.000902995134397467	0.000163559044815178
Visa_msaldodolares_rank_delta1	0.000307665717991733	0.000726873671166876	0.000524516936821089
mcuenta_debitos_automaticos_rank_delta1	0.000307199450059153	0.00101333463783763	0.000372237826131095
rf_005_013	0.000305550175614949	0.00115085969303673	0.000360957892005911
vm_status05_delta1	0.000304881644903284	0.000384033838969197	0.000107159374189255
vmr_mpagado_tend6	0.00030271926886489	0.000517171806479233	0.000411717595569242
ctransferencias_emitidas_tend6	0.000298573900800275	0.00118109560952219	0.000462477299132573
Master_msaldodolares_rank_tend6	0.000293706822417782	0.000745846254927062	0.000761395553449968
rf_011_016	0.000291589688388366	0.000347850972812182	0.000281998353129618
rf_009_018	0.000291451926540736	0.000540073331065647	0.000485037167382943
rf_011_025	0.000291155929920597	0.000547909508992036	0.00059783650863479
Visa_mpagado_rank	0.00028953103156965	0.000830658906792896	0.000626036343947751
vm_Fvencimiento_delta2	0.000287332364734491	0.000522400267558427	0.000530156903883681
ctransferencias_recibidas_delta2	0.000286568499380885	0.00129054783477557	0.00050195706857072
ccajas_transacciones_delta2	0.000286459592232352	0.000856422491180028	0.000738835685199598
vm_fultimo_cierre_delta2	0.000284957072771545	0.00049295188995396	0.000626036343947751
mcuenta_debitos_automaticos_rank_lag2	0.000284897217467192	0.000907821085330353	0.00057527664038442
cproductos_lag2	0.000283206818233518	0.000593083587787848	0.000180478946002955
cpayroll_trx_lag2	0.000282989276580102	0.000123145757398523	3.38398023755541e-05
vmr_mconsumosdolares_lag1	0.000282542726387617	0.000836873973431554	0.000637316278072936
rf_014_015	0.000281602618383734	0.000451911997659595	0.000563996706259235
mv_status07_rank_delta1	0.0002787558212534	0.000955129106397925	0.000293278287254802
rf_004_015	0.000278624422119534	0.000684630470748031	0.000535796870946274
Visa_msaldodolares_rank_tend6	0.000278007612370772	0.00144252569209069	0.000654236179260713
cextraccion_autoservicio_tend6	0.000275821529575646	0.00113378537431412	0.000490677134445535
rf_004_016	0.000275579498625559	0.000712761949671187	0.000795235355825522
ctarjeta_visa_debitos_automaticos_lag2	0.00027360518935249	0.000686571345117325	0.000507597035633312
mtarjeta_master_consumo_rank_tend6	0.000272688921332043	0.00109902156625127	0.00038351776025628
vm_cconsumos_lag2	0.000270657863150069	0.000583990679160953	0.00047939720032035
mtarjeta_master_consumo_rank_lag1	0.000270056714143896	0.000657431299450441	0.000513237002695904
cprestamos_personales	0.00026697913556918	0.000127618578667424	2.25598682503694e-05
rf_008_016	0.000264714958029313	0.000470590049241596	0.000355317924943318
vmr_mconsumosdolares_lag2	0.000258538872541187	0.000523091542819292	0.000580916607447013
ccajas_otras_tend6	0.000256745035973775	0.00163480821832496	0.000231238649566287
mpagomiscuentas_rank_delta2	0.00025629588645155	0.000906187023895277	0.000377877793193688
matm_other_rank_delta2	0.000255599979419608	0.000809619448621455	0.000518876969758497
mpagomiscuentas_rank_delta1	0.000254636164434996	0.000840133394214624	0.000411717595569242
ctarjeta_master_transacciones_lag2	0.00025440531561103	0.000726072358272308	0.000552716772134051
rf_016_022	0.000253473323728292	0.000729874990106738	0.000355317924943318
rf_015_022	0.000250421715702602	0.000580721037287433	0.000642956245135528
vm_mconsumosdolares_rank	0.000249137185200816	0.000627150636730221	0.000513237002695904
mtarjeta_master_descuentos_rank_delta2	0.000248060406735888	0.00047548157477744	0.00057527664038442
ctarjeta_debito_transacciones_lag1	0.000247890500504604	0.000566090434540069	0.000473757233257758
vmr_mconsumosdolares_tend6	0.000241046694373557	0.000875868720786551	0.000468117266195165
rf_004_009	0.000240624017881583	0.000627656748055289	0.000236878616628879
cprestamos_personales_delta1	0.000239130444413413	0.000752335437308827	7.8959538876293e-05
rf_004_021	0.000236370566104434	0.000691392790531751	0.000496317101508127
rf_005_021	0.000235695112041729	0.000628657436578167	0.000445557397944796
vm_Fvencimiento_delta1	0.000233922247928669	0.000469768345657769	0.000400437661444057
mpagomiscuentas_rank_lag1	0.000233724860997164	0.00101514768421176	0.000518876969758497
ccajas_otras_delta2	0.000232256233023997	0.000521112461653457	0.000219958715441102
matm_rank	0.000231822874748941	0.000690470395046798	0.00050195706857072
rf_001_023	0.00023177459164765	0.000596060679911304	0.000315838155505172
Master_msaldodolares_rank	0.000230675435464831	0.000276277130422686	0.000609116442759974
rf_018_018	0.00022972912749047	0.000779398516203105	0.000445557397944796
mpayroll_rank_lag1	0.000228501473202856	0.000672540722953915	0.000332758056692949
cplazo_fijo_tend6	0.000225121998645549	0.000644544615551119	0.000129719242439624
active_quarter_lag1	0.000222331182739975	0.000656117155571845	0.000496317101508127
vm_mpagado_rank_tend6	0.000221764999840195	0.00103864532750917	0.000411717595569242
rf_010_022	0.000220571624926292	0.000407356642404532	0.000208678781315917
ccajas_depositos_tend6	0.000220534260246886	0.00205402037305533	0.000265078451941841
vm_mconsumosdolares_rank_tend6	0.000220179923557258	0.0007342890336691	0.000411717595569242
mpayroll_rank_tend6	0.00021849285927807	0.00131690617334524	0.000360957892005911
rf_013_022	0.000217679218885763	0.000716183672102097	0.000135359209502217
mextraccion_autoservicio_rank_delta1	0.000214590940571404	0.0007179477241812	0.000422997529694427
ctarjeta_debito_delta2	0.000213491279478467	0.00127028180677588	0.000152279110689994
ctarjeta_debito_transacciones_delta1	0.000213034458317385	0.00160759099920771	0.000276358386067025
ctarjeta_debito_tend6	0.000212771282189611	0.00191109762950368	0.000231238649566287
rf_005_015	0.000212565738821166	0.000628231008565292	0.000439917430882204
vm_status01_tend6	0.0002125388699779	0.000753833895511167	0.000422997529694427
mtarjeta_master_descuentos_rank_delta1	0.000210497278006321	0.000402106786549108	0.000552716772134051
vm_status04_tend6	0.000208358940566375	0.000494945054083209	0.000146639143627401
cproductos_lag1	0.000205600862599992	0.000550924215758179	0.000107159374189255
rf_007_017	0.000204862086585324	0.000578903202190828	0.000355317924943318
mforex_sell_rank_tend6	0.000200778162579111	0.00174977707761824	0.000321478122567764
ccuenta_debitos_automaticos_tend6	0.00019960293540878	0.00115042337862906	0.000236878616628879
vmr_msaldodolares_tend6	0.000198759304120908	0.00104098227556982	0.00038351776025628
vmr_mpagado_delta2	0.00019816474618997	0.000713789439592447	0.00028763832019221
vm_mpagado_rank_delta2	0.000197806710114693	0.000738394230377484	0.000259438484879248
cextraccion_autoservicio_lag2	0.00019651866294146	0.000798368448143855	0.00038351776025628
vm_cconsumos_delta1	0.000196413144823245	0.00066509619043789	0.000186118913065548
rf_010_021	0.000194859651505747	0.000581396890802255	0.000451197365007388
rf_004_022	0.000194554702027078	0.000612614598378878	0.000586556574509605
rf_012_006	0.000191469095349445	0.000250500570142389	5.63996706259236e-05
vm_msaldodolares_rank_tend6	0.000188911390485156	0.00102108114307376	0.000281998353129618
ccajeros_propios_descuentos_delta1	0.000187297505085535	0.000401896108505918	0.000434277463819611
rf_018_024	0.000185868451281358	0.000164973291557158	8.45995059388853e-05
rf_014_017	0.000184832082456489	0.000424226925505458	0.00040607762850665
active_quarter	0.000183299478070694	0.000434578418531881	0.000524516936821089
rf_010_025	0.000182262150438672	0.000417004682397339	0.000118439308314439
mv_status07_rank_delta2	0.000182119349697004	0.00051551477977292	0.000248158550754064
vmr_mpagosdolares_tend6	0.000180650974830983	0.0011989503097879	0.000293278287254802
vmr_mpagado_lag2	0.000180209971047002	0.000667799836209554	0.000360957892005911
vm_status01_lag2	0.000178938445368464	0.0011016113640079	0.00040607762850665
Master_msaldodolares_rank_delta1	0.00017840538732775	0.000305903334404314	0.000462477299132573
mtarjeta_visa_descuentos_rank_lag2	0.000175408796411715	0.000368488873432648	0.000265078451941841
rf_004_019	0.000171881092303343	0.000786844541976677	0.000355317924943318
ctarjeta_master_transacciones_delta2	0.000171350552356729	0.000701889541473326	0.000321478122567764
rf_012_014	0.000169468972735709	0.000673458509937129	0.000462477299132573
ctarjeta_master_transacciones_tend6	0.000168203598404817	0.000805363690359047	0.000304558221379987
vm_mconsumosdolares_rank_delta2	0.000167719685088997	0.00069182562925375	0.000321478122567764
Visa_status_lag1	0.000166388870176461	0.000424394350571431	0.000327118089630357
ctarjeta_visa_transacciones_delta1	0.000165192828867458	0.00129346136047001	0.000231238649566287
rf_008_017	0.000161113881941958	0.000573509143998863	0.00040607762850665
ccaja_ahorro_lag2	0.000160339029877665	0.000921873771661307	0.000174838978940363
cpayroll_trx_tend6	0.000159793630646159	0.00122067689814322	0.000270718419004433
catm_trx_other_tend6	0.000159477764375176	0.000793642777178978	0.000298918254317395
cpagomiscuentas_delta2	0.000150957442240698	0.000914052191614728	0.000118439308314439
rf_008_023	0.000150514415812298	0.000610597207433223	0.000276358386067025
vmr_msaldodolares2_lag2	0.000149476321553289	0.00123278538889413	0.000338398023755541
matm_other_rank_tend6	0.00014894539912299	0.00094789525192509	0.000236878616628879
Visa_Finiciomora_lag2	0.000147687207754994	0.00115101123293191	0.000214318748378509
mtarjeta_master_consumo_rank_delta1	0.000147074655663034	0.00111088112067081	0.000236878616628879
ctarjeta_visa_debitos_automaticos_delta2	0.000146589900390297	0.000612298156508066	0.000276358386067025
vmr_mconsumosdolares_delta2	0.000146119068641021	0.000607315748228428	0.000259438484879248
cpagomiscuentas_lag2	0.000144113864082574	0.000391690182344482	0.000140999176564809
ccajeros_propios_descuentos_lag1	0.000141665687746384	0.000387802821017185	0.000265078451941841
ccajas_depositos_delta2	0.000139974694785868	0.000492448430448329	0.000219958715441102
rf_016_017	0.000139606076183388	0.000531484602827338	0.000321478122567764
mtarjeta_master_descuentos_rank_lag2	0.000139080826935017	0.000319487240848869	0.000276358386067025
catm_trx_lag2	0.000138199852357136	0.000423910612363745	0.000259438484879248
active_quarter_delta2	0.000137865257044083	0.000451024178810595	0.000265078451941841
ccallcenter_transacciones_delta1	0.000135871816106763	0.000923763154391057	0.000135359209502217
ctarjeta_visa_descuentos_tend6	0.000135135991551191	0.00178522363907561	0.000225598682503694
vm_mpagado_rank_delta1	0.000134466165435507	0.000868515482947435	0.000208678781315917
vm_cconsumos	0.00013348073031335	0.000348151555258015	0.00028763832019221
mforex_sell_rank_lag2	0.000131933974978712	0.000658245536746534	0.000214318748378509
minversion2_rank_tend6	0.000131186070116086	0.00145498203461253	0.000140999176564809
mttarjeta_master_debitos_automaticos_rank_tend6	0.000127426101982931	0.00101256303561908	0.000219958715441102
rf_011_021	0.000126474972633131	0.000926653071168768	0.000186118913065548
mplazo_fijo_dolares_rank_lag1	0.000123602633493382	0.000937367786220528	0.000169199011877771
cforex_tend6	0.000122379415109916	0.00056076452553304	0.000135359209502217
vmr_mpagado_lag1	0.000122353870271537	0.000829125871954603	0.00028763832019221
ctarjeta_master_debitos_automaticos_tend6	0.000118828839527657	0.00162418593076618	0.000214318748378509
vm_mpagado_rank_lag2	0.000118782265976454	0.000280554103240585	0.000208678781315917
cseguro_vida_lag2	0.000118386483907139	0.00113801590167315	0.000169199011877771
ccajas_otras	0.000114722515661368	0.000512443277728362	4.51197365007388e-05
vm_mconsumosdolares_rank_delta1	0.000113652216397212	0.000415531583827474	0.000242518583691471
ccheques_depositados_tend6	0.00011238564329873	0.00123123873451718	0.000157919077752586
vm_Finiciomora_lag2	0.000111250883106101	0.000700935221171856	0.000146639143627401
rf_010_020	0.000109069531237796	0.000693598331928296	0.000259438484879248
ccallcenter_transacciones_lag2	0.000106135798696164	0.000276078552914788	0.000242518583691471
vm_status01_lag1	0.000105226242034141	0.000420284210665652	0.00028763832019221
ccajas_consultas_delta1	0.000105017919066874	0.000485153455399356	5.07597035633312e-05
ctarjeta_visa_tend6	0.000105008523240721	0.000363114819742646	7.8959538876293e-05
vmr_mpagado	0.000104952326266759	0.000673404907140365	0.000214318748378509
rf_007_022	0.000103781860923207	0.000122015799114573	7.8959538876293e-05
ctarjeta_debito_lag2	0.00010343902348439	0.000692762416651955	0.000146639143627401
vm_status03_delta1	0.000101966745381724	0.00102513021389504	0.000135359209502217
rf_018_022	0.000100968035456054	0.000429331883887208	0.000180478946002955
rf_017_018	0.000100963957141623	0.00057037059983962	0.000208678781315917
mtarjeta_master_descuentos_rank_lag1	9.9952831775906e-05	0.000234034702378434	0.000174838978940363
vmr_mpagosdolares_lag2	9.94414472937785e-05	0.000249284440599663	0.000169199011877771
mv_status07_rank_tend6	9.92570833098949e-05	0.000422310715631505	0.00019175888012814
rf_007_020	9.83240508858022e-05	0.000428885631593109	0.000169199011877771
ccajas_extracciones_delta2	9.67307300136346e-05	0.000503295273047156	0.000146639143627401
ctransferencias_emitidas_delta2	9.64770369272743e-05	0.000672742647418383	0.000146639143627401
matm_other_rank_lag1	9.39497736133786e-05	0.000518825460483156	0.000174838978940363
rf_012_018	9.27950124432068e-05	0.000352977531936721	0.000219958715441102
catm_trx_other_delta2	9.26222032244375e-05	0.000432476272347539	0.00028763832019221
matm_other_rank_delta1	9.24247167984431e-05	0.000525077884306301	0.000180478946002955
mtarjeta_visa_descuentos_rank_lag1	9.17215043999385e-05	0.000214615737595049	0.000197398847190732
rf_015_018	9.093852432435e-05	0.000876712334063003	0.000146639143627401
rf_009_020	9.03205765294925e-05	0.000436478408539378	0.000208678781315917
vmr_mconsumosdolares_delta1	8.9354246322963e-05	0.000384750267895978	0.000214318748378509
vm_msaldodolares_rank_delta2	8.83406961953833e-05	0.000498277953435908	0.000163559044815178
mv_status07_rank	8.77457873261324e-05	0.000746115607693512	0.000186118913065548
rf_015_021	8.72865742782525e-05	0.000373920108588362	0.000219958715441102
mv_status07_rank_lag2	8.7213867885729e-05	0.000382158024286466	0.000259438484879248
vm_status03_tend6	8.48523104827072e-05	0.000457503552035026	8.45995059388853e-05
ctransferencias_recibidas_lag1	8.41439992108576e-05	0.000730432902021186	0.000135359209502217
rf_013_020	8.37428991255558e-05	0.000620632619030313	0.000219958715441102
vm_msaldodolares_rank_lag2	8.37390340248903e-05	0.00049178802442537	0.000163559044815178
mttarjeta_master_debitos_automaticos_rank_delta2	8.35093797463052e-05	0.000454996037918382	0.000152279110689994
mttarjeta_master_debitos_automaticos_rank_lag2	8.21582564126489e-05	0.000279982520295838	0.000174838978940363
ccomisiones_mantenimiento_delta1	8.1971415757716e-05	0.000949150540859688	9.587944006407e-05
ctarjeta_debito_lag1	7.92837564523524e-05	0.000688011489037883	9.02394730014777e-05
mtarjeta_visa_descuentos_rank_tend6	7.80974085234655e-05	0.000711460678702476	0.000140999176564809
cpayroll_trx_lag1	7.74897537776136e-05	7.02235256341218e-05	1.69199011877771e-05
mforex_sell_rank_delta2	7.748772774634e-05	0.000755424008831894	0.000157919077752586
cprestamos_personales_lag2	7.66214592965676e-05	0.000368326623276448	9.587944006407e-05
mttarjeta_master_debitos_automaticos_rank_delta1	7.59946997272856e-05	0.000585218317085117	0.000152279110689994
ctransferencias_emitidas_lag2	7.36759641649183e-05	0.000555027533021719	0.000135359209502217
rf_013_018	7.27931849360812e-05	0.000439470330255023	0.000135359209502217
rf_005_017	7.19112894805222e-05	0.000480146717320034	0.000135359209502217
mforex_sell_rank_lag1	7.16084116328868e-05	0.000601231830795687	0.000140999176564809
ccajas_depositos_lag1	7.0522406055988e-05	0.000453596804105441	4.51197365007388e-05
ccajas_otras_lag2	6.97716860175187e-05	0.000352654936814984	0.000174838978940363
cextraccion_autoservicio_lag1	6.87455256154564e-05	0.000606195496118531	0.000118439308314439
vmr_msaldodolares2_delta2	6.85769978094788e-05	0.000761516937301555	0.000169199011877771
mcaja_ahorro_adicional_rank_lag2	6.64575335528295e-05	0.000868287992883935	0.000112799341251847
vmr_msaldodolares_delta2	6.55595924461915e-05	0.000326659974745566	0.000135359209502217
ccomisiones_mantenimiento_lag2	6.39314537488143e-05	0.000152324807982361	9.587944006407e-05
vmr_mpagosdolares_delta2	6.37371455844934e-05	0.000447184344266596	0.000118439308314439
vmr_mpagosdolares_delta1	6.37281130398552e-05	0.000387671826286187	9.587944006407e-05
rf_005_016	5.99021845200011e-05	0.000574245088257031	0.000152279110689994
cforex_sell_tend6	5.89313368745693e-05	0.000963374565621221	0.000129719242439624
ccajas_consultas	5.84913771599158e-05	0.000211544235550491	2.25598682503694e-05
cpagomiscuentas_lag1	5.70115431810714e-05	0.000437858564699868	7.8959538876293e-05
rf_011_019	5.64799010505328e-05	0.000306362279387561	0.000101519407126662
ccajas_consultas_lag2	5.49582159318073e-05	0.000261169689347334	0.000157919077752586
mttarjeta_master_debitos_automaticos_rank	5.3937163131766e-05	0.000810296306223247	0.000118439308314439
vmr_mpagosdolares_lag1	5.37709964599493e-05	0.00031759317237992	9.587944006407e-05
ctarjeta_visa_debitos_automaticos_lag1	5.14366301737821e-05	0.000462357153978348	0.000101519407126662
vmr_mpagado_delta1	5.13517866746598e-05	0.000402791934304867	0.000118439308314439
mttarjeta_master_debitos_automaticos_rank_lag1	5.11784112265419e-05	0.000237428052915956	0.000124079275377032
vmr_msaldodolares_delta1	5.04002493368696e-05	0.000482067999120481	0.000129719242439624
ctransferencias_recibidas_delta1	4.85799580498575e-05	0.000677029764089272	9.02394730014777e-05
ctarjeta_master_transacciones_delta1	4.69991293412748e-05	0.000480119401005257	8.45995059388853e-05
rf_016_008	4.66355530347395e-05	0.000489679519023544	9.02394730014777e-05
ctarjeta_master_delta2	4.6223849258159e-05	0.000244259191275925	7.33195718137006e-05
ccajeros_propios_descuentos_tend6	4.58805140270278e-05	0.000685971441770829	9.02394730014777e-05
mv_status07_rank_lag1	4.4147321003496e-05	0.000202151027681782	0.000163559044815178
cliente_edad_tend6	4.27817211107097e-05	0.000666693229384136	7.8959538876293e-05
cliente_edad_delta2	4.19087745068568e-05	0.000225266551522137	6.20396376885159e-05
ccomisiones_mantenimiento_lag1	4.17460139717948e-05	0.000242720183407445	7.33195718137006e-05
ctransferencias_emitidas_delta1	4.1557177007116e-05	0.000431636598181512	6.76796047511083e-05
cseguro_vida_tend6	4.13967775685831e-05	0.000374785116641045	7.33195718137006e-05
ccuenta_debitos_automaticos_delta2	4.08356874552184e-05	0.000351021081346466	5.63996706259236e-05
rf_012_016	4.06998995264641e-05	0.000340512616056895	4.51197365007388e-05
active_quarter_tend6	3.90951807607455e-05	0.000659126635936574	9.587944006407e-05
rf_003_028	3.87001572263644e-05	0.000137439862281474	5.07597035633312e-05
ctarjeta_master_transacciones_lag1	3.75900843413118e-05	0.00022868114236097	6.76796047511083e-05
ctarjeta_visa_debitos_automaticos_delta1	3.60899869187723e-05	0.000101509717091337	1.69199011877771e-05
ccuenta_debitos_automaticos_lag1	3.55450953541408e-05	0.000239324284033766	5.07597035633312e-05
cextraccion_autoservicio_delta1	3.38529444488486e-05	0.000335155116929006	6.20396376885159e-05
ccuenta_debitos_automaticos_lag2	3.22271381952135e-05	9.28775299092531e-05	5.63996706259236e-05
vm_mpagosdolares_rank_delta1	3.0738215735951e-05	0.00022674443881448	5.63996706259236e-05
mcaja_ahorro_adicional_rank_lag1	3.03777026810446e-05	0.00037032406121178	6.20396376885159e-05
rf_008_020	2.79267096468083e-05	0.000253747632931969	6.20396376885159e-05
ctarjeta_master	2.7732541502569e-05	0.000206566564501691	3.94797694381465e-05
cplazo_fijo	2.72122219419426e-05	0.00020965382298795	1.69199011877771e-05
cseguro_vivienda_lag2	2.58793059078102e-05	6.01378067051989e-05	4.51197365007388e-05
ctransferencias_emitidas	2.58344994214771e-05	0.000659012092784411	5.63996706259236e-05
Master_Finiciomora_lag2	2.49159723221967e-05	0.000333150444418319	3.38398023755541e-05
ccajas_depositos_delta1	2.02720730985951e-05	0.000226403976093821	2.81998353129618e-05
cpagomiscuentas_delta1	2.00919914381907e-05	0.000172702675823134	2.81998353129618e-05
mcaja_ahorro_adicional_rank	2.00804075536562e-05	0.000442836776410883	4.51197365007388e-05
ccajas_otras_delta1	1.99671838414885e-05	0.000152861119154021	2.81998353129618e-05
catm_trx_delta1	1.73284956188829e-05	0.000131892153037114	2.81998353129618e-05
ctarjeta_visa_debitos_automaticos	1.43967460578446e-05	0.000282568250212948	2.81998353129618e-05
cseguro_vivienda_lag1	1.3109785361117e-05	9.80351384924361e-05	2.81998353129618e-05
ctransferencias_recibidas	1.28422943509051e-05	0.000451273552820902	4.51197365007388e-05
ccuenta_debitos_automaticos_delta1	1.15194799934596e-05	0.000139773849572859	1.69199011877771e-05
ccomisiones_mantenimiento	1.11400287634056e-05	6.98846076626499e-05	5.63996706259235e-06
rf_011_017	9.96803406699538e-06	0.00037391472771203	3.38398023755541e-05
ccuenta_debitos_automaticos	9.57352479256577e-06	0.000277887119516276	2.25598682503694e-05
ctarjeta_master_debitos_automaticos_lag1	9.29488898465881e-06	0.000152384280826033	2.25598682503694e-05
internet_delta1	9.12862237806229e-06	0.000251601023716882	2.81998353129618e-05
ccallcenter_transacciones	8.60071945505307e-06	0.00012878180055052	1.69199011877771e-05
cplazo_fijo_lag1	8.05021058941278e-06	0.000221449707995194	2.25598682503694e-05
rf_002_011	7.13654261747178e-06	9.62689237644724e-05	1.69199011877771e-05
catm_trx	5.78016805659473e-06	0.000113617229501095	1.12799341251847e-05
ctarjeta_debito	4.9885392516276e-06	0.0001397692153253	1.12799341251847e-05
cpayroll_trx	4.95033481299649e-06	0.000129252382644303	1.12799341251847e-05
cseguro_vida	3.27509541936555e-06	0.00020965382298795	1.69199011877771e-05
cforex_sell_delta1	7.84635914283061e-08	1.302892955356e-06	5.63996706259235e-06
