Feature	Gain	Cover	Frequency
rf_013_015	0.0398748132973612	0.00208599378760601	0.000356352981769434
active_quarter	0.037729715069186	0.00272357085584023	0.000316758206017275
ctrx_quarter_normalizado_lag1	0.0226704757294273	0.00117013012046748	0.000780582721971141
vm_status01_tend6	0.0223381034837597	0.00155262625906931	0.000746644342755005
mpasivos_margen_rank	0.019466448146722	0.00195546606994941	0.00160076021969444
Master_status	0.0160433226900917	0.00134113387817713	0.00135753516864546
mcaja_ahorro_rank	0.0157991958172742	0.00110952260778099	0.000418573343665684
rf_011_015	0.0135488122023832	0.000823443496741271	0.00129531480674921
mautoservicio_rank_lag1	0.0120244703294379	0.00107800488634892	0.000774926325435118
vm_msaldototal_rank_lag1	0.0109662994274185	0.000816528171952944	0.000933305428443756
mcuentas_saldo_rank	0.0105585975229662	0.00252028541194124	0.000933305428443756
rf_009_023	0.00958180201794419	0.00166759902920359	0.000831490290795346
ctarjeta_visa_transacciones	0.00880058287962135	0.00144698091268729	0.000475137309025912
rf_002_015	0.0080879896034468	0.00151819523625797	0.00163469859891058
vm_status05_delta2	0.00761436180063948	0.000794422145434977	0.000237568654512956
ctrx_quarter_delta1	0.00700562011901556	0.00130060139306971	0.00075795713582705
vm_status01	0.00687592861630407	0.00125358839167847	0.000803208308115232
mautoservicio_rank	0.00665045074281882	0.0016775002896958	0.00085977227347546
ctrx_quarter_normalizado_delta2	0.00647283028584553	0.00141600863922744	0.00182701608113535
Visa_mfinanciacion_limite_rank_delta1	0.00644472596057852	0.00306677949746421	0.00432714335005741
mcaja_ahorro_rank_lag2	0.00620053902081504	0.00112491377001639	0.000893710652691596
ctarjeta_master_delta2	0.00612939527130928	0.000214289006993657	5.65639653602276e-05
rf_002_020	0.0056942259950776	0.00105860553701706	0.000214943068368865
Visa_Finiciomora_tend6	0.00567336942566362	0.00233698108250864	0.00042988613673773
cdescubierto_preacordado	0.00535594969594651	0.00402296874418687	0.000339383792161366
rf_019_016	0.00515427869588789	0.000680415386242631	0.00075795713582705
rf_005_019	0.00477122894061863	0.000667327320333319	0.00128965841021319
mpayroll_rank_delta1	0.00465441085719332	0.00141423950748916	0.00032807099908932
rf_001_025	0.0044201640580792	0.0015842501954134	0.00309970530174047
Visa_cconsumos_lag1	0.00440599296495355	0.00140529661087443	0.00266981916500274
rf_003_026	0.00432854198001814	0.000372013956965475	0.000316758206017275
vmr_mpagospesos_lag1	0.00430018789334391	0.00114261495952927	0.00145935030629387
mtarjeta_visa_consumo_rank_lag1	0.00412396782169196	0.0010315272050452	0.00105208975570023
rf_015_014	0.00408330847021839	0.000620584293565548	0.000746644342755005
rf_019_024	0.00393568831430257	0.000701625734351299	0.000740987946218982
mprestamos_personales_rank_delta1	0.0038612744875551	0.00307779017053854	0.000644829205106595
rf_012_020	0.00376410021457447	0.00130755423706726	0.000458168119417844
rf_012_013	0.00367363276265808	0.000784491626609189	0.000746644342755005
rf_020_017	0.00351849928645105	0.000618573627122446	0.00109734092798842
rf_013_026	0.00349917592633907	0.000860664751787489	0.000927649031907733
mpagomiscuentas_rank	0.00347941017711878	0.000898765214642636	0.000526044877850117
mpayroll_sobre_edad_rank_lag2	0.00344980989716404	0.00100062892140968	0.000311101809481252
Visa_mfinanciacion_limite_rank	0.00343803653296644	0.00209034990334758	0.00301485935370013
rf_011_027	0.00342023040890269	0.00132994857581812	0.00251144006199411
mcomisiones_rank_tend6	0.00339800249036952	0.00202797448654519	0.00286779304376354
rf_018_025	0.00324723398440808	0.00173079150543152	0.00414613866090468
mrentabilidad_annual_rank_delta2	0.0031646520698674	0.00293650152423715	0.00645960484413799
mtransferencias_emitidas_rank_lag2	0.00315803493185779	0.00169502562230162	0.0014423811166858
mcomisiones_rank_lag2	0.00309550206611509	0.00231363712668982	0.00433845614312946
mcuentas_saldo_rank_delta2	0.00308812735519161	0.0022860923493615	0.00238699933820161
Visa_mpagospesos_rank_tend6	0.00299887567307534	0.00175098507529742	0.00294698259526786
Visa_mconsumototal_rank_lag2	0.00295396125936767	0.00165504999182443	0.00343908909390184
mactivos_margen_rank	0.00295363134061262	0.00295443215125923	0.00169126256427081
vmr_msaldopesos	0.00292785041163241	0.000975218135423511	0.00149894508204603
mcuenta_debitos_automaticos_rank	0.00282654317286516	0.00202281054412146	0.000678767584322731
mprestamos_personales_rank_lag2	0.00279985015987554	0.00206601937391182	0.000616547222426481
mprestamos_personales_rank_delta2	0.0027978041556355	0.00495285894339932	0.000825833894259323
mcaja_ahorro_rank_lag1	0.00274631915462322	0.00155277416199158	0.00103512056609217
rf_017_015	0.00270452205696593	0.00112915645856441	0.00190620563263967
rf_007_021	0.00270381451194144	0.000837582791046614	0.0021381178906166
mcomisiones_otras_rank_delta2	0.00261694398345483	0.00195891085509624	0.00390291360985571
vm_status03_delta2	0.00258505926316246	0.00130079758247257	0.000152722706472615
mprestamos_personales_rank	0.00257495130356032	0.00283851608119718	0.000475137309025912
mprestamos_personales_rank_tend6	0.00257337104506407	0.00234042822059838	0.000480793705561935
Visa_cconsumos_tend6	0.00247950505913286	0.00234133047190255	0.00332596116318138
mcomisiones_otras_rank_lag2	0.00241118094686408	0.00229647378923564	0.00458733759071446
cpayroll_trx_lag2	0.00236582026185131	0.000230980835149025	6.22203618962504e-05
mpayroll_rank_lag1	0.00234788258827272	0.000953026124187458	0.00032807099908932
thomebanking	0.00233916074743933	0.00155591674742725	0.00239265573473763
mcuenta_corriente_rank_lag2	0.00230361800873097	0.00206972331525982	0.00169126256427081
mcuenta_corriente_rank_delta2	0.00229774403630039	0.00209036744811754	0.0011934996691008
ccaja_ahorro_tend6	0.00227783284186387	0.00326425294219598	0.000333727395625343
cprestamos_personales_tend6	0.00227127015238912	0.00306463489230349	0.000373322171377502
Visa_msaldototal_rank	0.00226239500696613	0.00191488317559768	0.00261891159617854
mtransferencias_recibidas_rank	0.00217799998355205	0.00174417668153417	0.000899367049227619
mrentabilidad_rank_lag1	0.00217156439525299	0.00234741784211664	0.00343908909390184
mrentabilidad_annual_rank	0.00212015254153763	0.00260166488366659	0.00253972204467422
Visa_mpagominimo_rank	0.00211117276659395	0.00180249961453226	0.00231912257976933
mcomisiones_otras_rank_tend6	0.00207773489497735	0.00178123463722733	0.0024605324931699
vm_msaldopesos_rank_lag2	0.00204543769587324	0.000885342826236355	0.00109168453145239
Master_fechaalta_lag2	0.00202849781415438	0.00284906429868781	0.0043497689362015
mactivos_margen_rank_delta2	0.00202359825276522	0.00333290061425918	0.00476834227986719
mrentabilidad_annual_rank_delta1	0.00200150556972931	0.0023673682915988	0.00413482586783264
mrentabilidad_annual_rank_lag2	0.00199697893536097	0.00232562585675078	0.00368797054148684
Visa_mconsumospesos_rank	0.00197628776898102	0.00224233589768427	0.00396513397175196
vmr_msaldopesos_lag1	0.0019693708436136	0.000845647835352135	0.00110865372106046
rf_007_020	0.00195268812669374	0.000684514417395802	0.000305445412945229
matm_rank_lag1	0.00190909116819819	0.000586225009937502	0.000367665774841479
mrentabilidad_rank_lag2	0.0019011910682767	0.00214542876745927	0.00364271936919866
mtarjeta_visa_consumo_rank_lag2	0.00188179676108834	0.00157254857553841	0.00227952780401717
ctrx_quarter_normalizado_tend6	0.00185515805016331	0.00133776149717573	0.00130662759982126
mactivos_margen_rank_tend6	0.00185195822842044	0.00205382747234567	0.00230215339016126
mpasivos_margen_rank_delta1	0.00184828305340986	0.00214850009964551	0.00396513397175196
rf_006_016	0.00183477945986856	0.00104704327785856	0.000254537844121024
mactivos_margen_rank_lag2	0.00181386148975267	0.00316393790664673	0.00415745145397673
internet_lag1	0.00181097072419936	0.00101338568272706	0.000158379103008637
chomebanking_transacciones	0.0018009064940679	0.00256311066088632	0.00342777630082979
internet_tend6	0.00179842663474418	0.00202130821564881	0.000401604154057616
mactivos_margen_rank_delta1	0.00179797937781451	0.00271101322510435	0.00402735433364821
mcomisiones_otras_rank_delta1	0.00179643086194872	0.00272433835001186	0.00461561957339457
Visa_mpagominimo_rank_lag1	0.00178658132177483	0.00150825512663227	0.00220033825251285
mrentabilidad_rank_delta1	0.00177497141131868	0.00215224465483418	0.00388028802371161
Visa_mconsumototal_rank_lag1	0.00176296932108737	0.00169288134962196	0.0038520060410315
mrentabilidad_rank_delta2	0.00175696405412418	0.00280374513486173	0.00441198929809775
ctrx_quarter_lag2	0.00173892089564373	0.0021634493689722	0.00259062961349842
Master_fechaalta	0.00172772826160396	0.00212997584047248	0.00316192566363672
mrentabilidad_annual_rank_lag1	0.00171774122189627	0.00208860918595248	0.00242659411395377
Visa_mconsumototal_rank_delta1	0.00171015145527306	0.00159359304117192	0.00363706297266264
mcuentas_saldo_rank_tend6	0.00170147929598178	0.0024084580661194	0.00170257535734285
mpasivos_margen_rank_delta2	0.00169817489461071	0.00237616556150777	0.00480793705561935
Visa_msaldototal_rank_delta1	0.00168603721667607	0.00264393698642406	0.00321283323246093
rf_016_021	0.00166995553537939	0.00130919825362385	0.00191751842571172
tcallcenter_delta2	0.00165972685410629	0.00127101789301162	0.00104643335916421
vm_fechaalta_lag1	0.00165924827605248	0.00203651001713087	0.0029073878195157
Visa_mlimitecompra_rank_delta1	0.00165299099704563	0.00254150212834104	0.00388594442024764
vmr_mpagominimo_lag2	0.00165156752234656	0.00112279231065278	0.00128965841021319
Master_mfinanciacion_limite_rank_lag1	0.00164501172711249	0.00204286968933588	0.00401038514404014
mpayroll_rank	0.00162937933886997	0.00170102631726003	0.000390291360985571
chomebanking_transacciones_lag2	0.00162447741458316	0.00181411391976491	0.00339383792161366
mcomisiones_rank_delta1	0.00161528474739923	0.0023816274069643	0.00382372405835139
Master_mlimitecompra_rank_delta1	0.00160645864814198	0.00207744089127864	0.00447986605653003
mcomisiones_rank_lag1	0.00160442011772282	0.00202915269713197	0.00313364368095661
mactivos_margen_rank_lag1	0.00160079940971864	0.0028880656573474	0.00207589752872035
Visa_mconsumospesos_rank_delta2	0.00159793848311937	0.00161638518072738	0.00301485935370013
mcomisiones_rank	0.00158315258383805	0.00183356866555703	0.00280557268186729
vm_Finiciomora_lag1	0.0015765451705799	0.0019390251115441	0.000418573343665684
mcuenta_corriente_rank_lag1	0.00156494568266568	0.00263434350109468	0.00130662759982126
mtransferencias_emitidas_rank	0.00155267003148624	0.00174097051548899	0.000786239118507164
mcuenta_corriente_rank_tend6	0.00153699565008062	0.00292836072540011	0.00149894508204603
mcuenta_corriente_rank	0.0015315218137085	0.00250867279468937	0.00127834561714114
rf_010_023	0.00151684024006235	0.001374760731598	0.00380675486874332
rf_020_027	0.00151025946514874	0.00121571731518159	0.00134622237557342
rf_011_018	0.00150949185534838	0.000471863416724122	0.000192317482224774
Visa_mconsumosdolares_rank_lag2	0.00150198079511531	0.00240921502319886	0.00376716009299116
Visa_mconsumototal_rank	0.00149595019339	0.00196305277630658	0.00376716009299116
vm_mpagominimo_rank	0.00148943284057468	0.00140011463774687	0.0017647957192391
Visa_mconsumospesos_rank_lag2	0.00148455702489581	0.00188766755452211	0.00304314133638025
chomebanking_transacciones_delta2	0.00148170540392109	0.00234249070293644	0.00281688547493934
vm_fechaalta_lag2	0.00147862972937181	0.00159715877269941	0.00212680509754456
Visa_fechaalta_lag1	0.00146808083333081	0.00159223055934962	0.00246618888970592
ccaja_seguridad_lag1	0.00146554501701453	0.0015592980031155	0.000158379103008637
mcomisiones_mantenimiento_rank	0.00145932643091282	0.00177986164388834	0.00126137642753308
Master_fechaalta_lag1	0.00145437881718631	0.00242219209158394	0.00331464837010934
vm_Finiciomora_tend6	0.00144472798974526	0.00148156822717389	0.000378978567913525
mpayroll_sobre_edad_rank	0.00144207202287409	0.00141706644051834	0.000305445412945229
Master_mlimitecompra_rank_lag2	0.00144105412941488	0.00160260806060193	0.00341646350775775
chomebanking_transacciones_delta1	0.00143966580086447	0.00209568034205767	0.00222296383865695
Visa_mpagospesos_rank_lag2	0.00143710323655259	0.0019426991295964	0.00369928333455889
Visa_msaldopesos_rank_delta1	0.00143656736069583	0.00144709927594586	0.00259062961349842
Master_msaldopesos_rank_lag1	0.00143335069561056	0.00127058998988304	0.00237003014859354
rf_003_015	0.00142022537702235	0.00068882631315594	0.00110865372106046
rf_006_021	0.00141621260535979	0.00150986236566816	0.00371625252416695
Master_mlimitecompra_rank_lag1	0.00140987347089345	0.00158189206068359	0.00345605828350991
Master_Fvencimiento_lag1	0.00140166028147207	0.00175225487162943	0.00332030476664536
Master_mfinanciacion_limite_rank_delta2	0.00139444871148512	0.00232650726404982	0.00395947757521593
thomebanking_lag2	0.00139027021953228	0.001592374958433	0.00367665774841479
Visa_mpagospesos_rank_delta1	0.00138463942242962	0.00196807459586345	0.00413482586783264
vm_status04_delta2	0.00137608498684277	0.00032935159816599	0.000147066309936592
Master_mpagospesos_rank	0.00137528957946192	0.00124021789589354	0.00130097120328524
rf_006_022	0.00137405275949692	0.000665814224589309	0.00049210649863398
Master_mfinanciacion_limite_rank	0.00137068902048695	0.00196146753217182	0.00313364368095661
rf_005_020	0.00136844782580066	0.00142658565469325	0.00243225051048979
mpayroll_sobre_edad_rank_delta1	0.00136160145656554	0.0009256672549245	0.000294132619873184
mcomisiones_rank_delta2	0.0013587992663236	0.00197085549305309	0.00415745145397673
Visa_mconsumototal_rank_delta2	0.00135205106754741	0.00171760934738127	0.00363140657612661
vmr_Master_mlimitecompra	0.00134549498107255	0.00144612722919385	0.00218336906290479
Master_mlimitecompra_rank	0.00133538386701297	0.0017400128421491	0.00324111521514104
Master_mfinanciacion_limite_rank_delta1	0.00133088344333782	0.00215342588332599	0.00445158407384991
vm_fechaalta	0.00133030553893794	0.00166994967032174	0.00231912257976933
Visa_cconsumos_lag2	0.00132330786457688	0.00166948458046499	0.00317889485324479
Master_Fvencimiento	0.00131992831108551	0.00191359353270374	0.00337686873200559
mttarjeta_visa_debitos_automaticos_rank_tend6	0.0013173443864814	0.00194463987271432	0.000967243807659892
Visa_mconsumototal_rank_tend6	0.00131698715414129	0.00178832589564912	0.00399907235096809
Visa_msaldopesos_rank_tend6	0.00131627845286011	0.00160428386746327	0.00239265573473763
Visa_fechaalta_lag2	0.00131311663420288	0.00172038295556298	0.00251709645853013
Visa_mlimitecompra_rank_lag1	0.00130952969619744	0.00164845673888466	0.00296960818141195
Visa_mconsumospesos_rank_lag1	0.00130007463085644	0.00192898515529753	0.00324111521514104
rf_007_023	0.00129905315680149	0.00148131523466012	0.00316192566363672
vm_mpagominimo_rank_lag2	0.00129891538984566	0.00125938655451834	0.00170257535734285
Visa_mlimitecompra_rank	0.00128340412387821	0.00178461914099982	0.002980920974484
mcomisiones_otras_rank_lag1	0.00128258336271521	0.00191860151593328	0.0029073878195157
Visa_mpagominimo_rank_lag2	0.00128197033349176	0.00142334273670284	0.00237568654512956
thomebanking_lag1	0.00128074316182404	0.00152905839004202	0.00321848962899695
Master_fechaalta_tend6	0.00127681727384661	0.000710470932684325	0.00121612525524489
rf_020_025	0.00126643347548833	0.00103406429131351	0.000763613532363073
Master_mfinanciacion_limite_rank_lag2	0.00126113600226599	0.00139726604229763	0.00300920295716411
Master_mfinanciacion_limite_rank_tend6	0.00125588826024265	0.00190359953557031	0.00307142331906036
mcomisiones_otras_rank	0.00125472254992494	0.00187113728658808	0.00275466511304309
Visa_Fvencimiento_lag1	0.00124812418128067	0.00232894672876282	0.00291870061258775
Visa_fultimo_cierre_tend6	0.00124356753709832	0.00110018285665391	0.00151025787511808
Visa_mpagominimo_rank_delta1	0.00124314988299873	0.0020504311527077	0.00265284997539468
Visa_mpagospesos_rank_delta2	0.0012404787984948	0.00151378339157508	0.00294698259526786
vm_msaldototal_rank	0.00123679511668198	0.000764801228469529	0.000905023445763642
Visa_mfinanciacion_limite_rank_lag2	0.00123664120810763	0.00153529524885731	0.00260759880310649
Master_msaldopesos_rank	0.00122814725422599	0.00150329745034517	0.00236437375205751
mcuentas_saldo_rank_delta1	0.00122582312593775	0.00214633114664077	0.00153288346126217
Visa_msaldopesos_rank_delta2	0.00122441018989837	0.00155558994411741	0.00315061287056468
Visa_mpagospesos_rank	0.00122031763715123	0.00152743416889644	0.00327505359435718
Visa_mfinanciacion_limite_rank_lag1	0.00121878940523997	0.00197414797629742	0.00269810114768286
mcuenta_debitos_automaticos_rank_lag2	0.00121401137238558	0.00131806866936676	0.000724018756610913
ctrx_quarter_tend6	0.00121162265707214	0.00216286548107396	0.00179307770191922
mcuentas_saldo_rank_lag2	0.00120690001010414	0.00233254637335878	0.00206458473564831
Master_Fvencimiento_lag2	0.00120378010034357	0.00158280103833543	0.00296960818141195
Master_mlimitecompra_rank_delta2	0.0012015175607804	0.00181198371359179	0.00343343269736582
Visa_mconsumospesos_rank_tend6	0.00119662375131293	0.00156452061565919	0.00285648025069149
Master_mlimitecompra_rank_tend6	0.001193568255592	0.00158450438997409	0.00300354656062809
Visa_Fvencimiento_delta2	0.00119073297980266	0.0002969906791817	0.00032807099908932
Master_mconsumospesos_rank_tend6	0.00118675271462674	0.00206602162455286	0.00276597790611513
Visa_Fvencimiento	0.00118332317428211	0.00172703858706534	0.00237568654512956
cdescubierto_preacordado_lag1	0.0011814624424025	0.00243482235664443	0.000446855326345798
cmobile_app_trx_lag2	0.00118062790551222	0.00265029333381843	0.00215508708022467
mtransferencias_recibidas_rank_lag2	0.00117971233985018	0.00179466963433855	0.00260759880310649
vmr_msaldototal_delta2	0.00117941266698392	0.00128638419589367	0.00194014401185581
mtarjeta_visa_consumo_rank_tend6	0.00117938719538495	0.00123057901411127	0.00137450435825353
Visa_Fvencimiento_lag2	0.00117340580830722	0.00197434130124804	0.00287344944029956
cmobile_app_trx_lag1	0.00116830532789396	0.00147764773835176	0.00118218687602876
mtarjeta_visa_consumo_rank_delta2	0.00116724660418178	0.00173487022966436	0.00202498995989615
Visa_mlimitecompra_rank_lag2	0.00116226885743457	0.00144516799575051	0.00252840925160217
vm_status02	0.00116161467309983	0.00181511018648362	0.00100683858341205
Visa_mconsumosdolares_rank_delta2	0.00115800998024571	0.00160048649893646	0.003229802422069
mtransferencias_recibidas_rank_lag1	0.00115630371838553	0.00215825665414875	0.00157247823701433
Visa_cconsumos	0.00115507042286355	0.00153342207612165	0.00244356330356183
vm_Fvencimiento_lag1	0.00115465996292553	0.00153160557861957	0.00241528132088172
rf_004_025	0.00115131352489741	0.00117150579923045	0.00282819826801138
Visa_mconsumospesos_rank_delta1	0.00114354842422285	0.0015309806676732	0.00344474549043786
Visa_mpagado_rank_lag1	0.00114242552944967	0.000815368119947319	0.000740987946218982
ccomisiones_mantenimiento_tend6	0.00113975070132394	0.00239061122432529	0.000333727395625343
Visa_msaldototal_rank_delta2	0.00113918775572374	0.00142630580793974	0.00252275285506615
Visa_mfinanciacion_limite_rank_tend6	0.00113578839149859	0.00150402335880841	0.00248881447585002
Visa_mpagospesos_rank_lag1	0.00112786692756619	0.00166678552476788	0.00238699933820161
mrentabilidad_rank_tend6	0.00112554652326301	0.00231906994399197	0.0018892364430316
Master_mpagominimo_rank	0.00112500907461861	0.0010468100807558	0.00225690221787308
rf_008_021	0.00112421392729464	0.000637764536403032	0.000480793705561935
ctrx_quarter_delta2	0.00112344397415137	0.00204638723668465	0.00217205626983274
mpayroll_rank_tend6	0.00112170092393016	0.00150429980402489	0.000435542533273753
rf_018_018	0.00111808116664646	0.000620948155726226	0.000373322171377502
ctrx_quarter_normalizado_lag2	0.00111678044722026	0.00218387524079954	0.0022851842005532
internet	0.00111504468078704	0.0014733107274836	0.000152722706472615
foto_mes	0.0011119471103256	0.00301048367593412	0.000701393170466823
vm_Fvencimiento_lag2	0.00110126322207628	0.00148484314007279	0.00250578366545808
Visa_msaldopesos_rank_lag1	0.00109858078272273	0.00127191799597661	0.00217771266636876
Master_cconsumos_delta1	0.00109829587918526	0.00115002504171538	0.00225690221787308
vmr_Master_mlimitecompra_lag2	0.00109329584433463	0.00172462377710195	0.00237568654512956
internet_lag2	0.00108785168012401	0.00120531168091622	0.000316758206017275
mrentabilidad_annual_rank_tend6	0.00108396442327404	0.00210474096254431	0.00217771266636876
ccomisiones_otras_lag2	0.00108288086737393	0.00165531081043092	0.00185529806381547
vmr_mconsumospesos_tend6	0.00106686907404953	0.00107829757198657	0.00104077696262819
Visa_cconsumos_delta2	0.0010583982798483	0.00182202522994181	0.00213246149408058
catm_trx_lag2	0.00105444854505599	0.000775498269599224	0.000452511722881821
Visa_msaldopesos_rank_lag2	0.00105229385568058	0.00130621666574926	0.00214377428715263
mpasivos_margen_rank_tend6	0.00104588027435402	0.00222691153849347	0.00199105158068001
rf_001_017	0.00104501977852379	0.00122174197435203	0.00231912257976933
mcomisiones_mantenimiento_rank_delta2	0.00104195333069769	0.00250932783353518	0.0016403549954466
rf_014_021	0.00103989044140094	0.000958728455754683	0.00215508708022467
Visa_msaldototal_rank_lag1	0.00103864552127233	0.000958473724109195	0.00153288346126217
Visa_msaldototal_rank_tend6	0.00102807397072226	0.00144170367094734	0.00219468185597683
Visa_msaldopesos_rank	0.00102773845315123	0.00147493819671341	0.00224558942480104
rf_001_021	0.00102636593793402	0.000468290191584965	0.000458168119417844
rf_003_025	0.00102571205060144	0.00110540922879116	0.00171954454695092
vmr_Visa_mlimitecompra	0.00101081457861352	0.00141729488058435	0.00214943068368865
rf_014_022	0.00100954179747776	0.00104742417327987	0.00282819826801138
Master_msaldototal_rank_lag1	0.00100400398966572	0.00170423307154093	0.00268113195807479
ctrx_quarter_normalizado_delta1	0.000999044530880861	0.00151093108768322	0.000712705963538868
mcaja_ahorro_rank_delta2	0.000997049371219078	0.00183724682683488	0.00135187877210944
Visa_fechaalta	0.000988597088313054	0.00132255660106223	0.00205327194257626
vmr_mpagominimo_delta2	0.00098708970698397	0.000961937383950232	0.00141975553054171
vmr_msaldototal_lag1	0.000983783114033541	0.000873175528268895	0.00139712994439762
vm_mconsumototal_rank_delta2	0.000981504112204628	0.00109040440955142	0.00123309444485296
vm_Fvencimiento_tend6	0.000978523611084765	0.00127809303888957	0.00105774615223626
ccomisiones_otras_delta2	0.000974708245254419	0.00139652882947824	0.00230780978669729
Master_mpagospesos_rank_tend6	0.000972922713605226	0.00202401957314527	0.00239831213127365
Visa_mconsumosdolares_rank_lag1	0.000961544891475608	0.00216468711924479	0.00272638313036297
cmobile_app_trx_delta2	0.000960801926264165	0.00236075736601174	0.00205327194257626
Master_Fvencimiento_delta1	0.000958373642762943	0.00101756103107201	0.00132359678942933
ctarjeta_visa_debitos_automaticos_tend6	0.000950815053176033	0.00137567641002204	0.000497762895170003
mrentabilidad_rank	0.000946180890904068	0.00199857574365649	0.00203064635643217
vm_msaldopesos_rank_tend6	0.000942928052118949	0.00135156457639959	0.00187792364995956
Master_msaldopesos_rank_tend6	0.000934886758429287	0.00159637866982284	0.00239265573473763
Master_cconsumos	0.000933389071912238	0.00114935933790008	0.00273769592343502
rf_012_019	0.000932692385043794	0.00128235941031949	0.00275466511304309
mcomisiones_mantenimiento_rank_lag1	0.000932045340562588	0.00122852906375176	0.0011934996691008
Master_mpagominimo_rank_tend6	0.000930962156315796	0.00172340086059988	0.00183267247767137
Master_msaldototal_rank	0.000929666508752307	0.00129485568551144	0.00204761554604024
cproductos_tend6	0.00092427792818739	0.00158286259848308	0.000248881447585002
rf_008_024	0.000920969593723894	0.00118019667519913	0.0023360917693774
Visa_mpagominimo_rank_delta2	0.000919942406784898	0.00174806727263606	0.00224558942480104
cproductos_delta1	0.000918492316047541	0.00123618293128374	0.000147066309936592
vmr_mpagominimo_lag1	0.000915014728823775	0.00126890643365538	0.00191751842571172
vm_status03_tend6	0.000914795275617645	0.000358803614751236	0.000113127930720455
Visa_mlimitecompra_rank_tend6	0.000912287619987573	0.00170838174467442	0.00221730744212092
vm_fechaalta_tend6	0.000909929094833879	0.00187696711185538	0.000927649031907733
mpasivos_margen_rank_lag2	0.000909718404015146	0.00132630312556181	0.00224558942480104
mcuentas_saldo_rank_lag1	0.00090941887235937	0.00197245817965595	0.00108602813491637
Master_fultimo_cierre	0.000907433844835264	0.00140442302966811	0.00213246149408058
mtarjeta_visa_consumo_rank	0.000907346717198726	0.000732461255792233	0.00092199263537171
ccajas_transacciones_delta1	0.000905970926372596	0.00123267042230185	0.000418573343665684
rf_009_015	0.000903956342401633	0.00124740319530534	0.00270375754421888
chomebanking_transacciones_lag1	0.00089531577608923	0.00159853350517012	0.00225690221787308
vm_mconsumototal_rank_tend6	0.0008850164373044	0.00114796148520773	0.00148763228897399
vm_msaldototal_rank_delta2	0.000884362436915012	0.00124538406338285	0.00145369390975785
Visa_mpagominimo_rank_tend6	0.000878663755891754	0.00132723333085077	0.00205327194257626
vmr_msaldopesos_tend6	0.000877315089266071	0.00168446413114392	0.00178742130538319
Visa_mpagosdolares_rank_tend6	0.00087682779480503	0.00163567322562941	0.00193448761531978
Master_fultimo_cierre_tend6	0.000876267778810805	0.00145020782043573	0.00231346618323331
Visa_mfinanciacion_limite_rank_delta2	0.000874165586060294	0.00129354545436703	0.00221730744212092
Visa_mlimitecompra_rank_delta2	0.000873005334781792	0.00154552909271477	0.00243225051048979
mttarjeta_visa_debitos_automaticos_rank_delta1	0.000871160281138871	0.00138809999973844	0.000950274618051824
Master_mpagominimo_rank_lag2	0.000870861861561786	0.00144493344314802	0.00218902545944081
cliente_edad_lag1	0.000868178187317504	0.00170119184167866	0.00105774615223626
Master_mpagominimo_rank_lag1	0.000866810707844306	0.00116345863217595	0.00157247823701433
rf_017_019	0.000864003367008653	0.000669028677085605	0.000452511722881821
ccallcenter_transacciones_delta2	0.000861623522868135	0.000830671686210246	0.000390291360985571
Master_msaldopesos_rank_lag2	0.00086132976989861	0.00120853523827856	0.00217771266636876
Visa_mconsumosdolares_rank_delta1	0.000857240489045453	0.00132237557791095	0.00223427663172899
Master_msaldototal_rank_lag2	0.000854996078111232	0.00128957529798912	0.00222296383865695
Visa_Fvencimiento_tend6	0.000854157002145569	0.0012097712749949	0.000865428670011483
Master_mconsumototal_rank_tend6	0.000853611390195243	0.00194267140579081	0.0021607434767607
mtransferencias_recibidas_rank_delta2	0.000851243432317752	0.00176385828171338	0.00173085734002297
Master_mconsumototal_rank_lag1	0.000849839991266528	0.00163418204806012	0.0024605324931699
Master_mconsumototal_rank_lag2	0.000844043615710075	0.00160024171614741	0.0021607434767607
rf_017_025	0.000844004535213974	0.000832546470200288	0.00161207301276649
vmr_mpagominimo	0.000843380172721959	0.00135220915487963	0.00200236437375206
vm_mpagominimo_rank_lag1	0.000838254791875769	0.00137134988509511	0.00153853985779819
mcaja_ahorro_rank_tend6	0.000837878019302437	0.00201184173808564	0.00149328868551001
cliente_antiguedad_lag2	0.000837462910126028	0.00148422958463351	0.00167429337466274
Master_Fvencimiento_tend6	0.000837349755523918	0.00104729550310834	0.00149894508204603
Visa_status_lag1	0.00083651507639896	0.000584524676203872	0.000407260550593639
vm_msaldopesos_rank_delta2	0.000830832984414891	0.00133790180418448	0.00186661085688751
mpayroll_rank_delta2	0.000830594779837909	0.00172008477120006	0.000480793705561935
vm_mfinanciacion_limite_rank_lag2	0.000826367633789841	0.00123252282628517	0.00179873409845524
Visa_mpagado_rank_tend6	0.000823667012681447	0.0010760539386199	0.00106340254877228
vm_fultimo_cierre_tend6	0.000816578815019718	0.00159252362861926	0.00138016075478955
vmr_msaldototal	0.000816229798983671	0.00101185476088296	0.00149328868551001
mcomisiones_mantenimiento_rank_delta1	0.000809817150826611	0.00224008824896937	0.00111431011759648
mcaja_ahorro_rank_delta1	0.000805565472856869	0.00214720887107264	0.00127834561714114
vm_mlimitecompra_rank_delta2	0.000803413268407615	0.00185390348872393	0.00204195914950422
vm_status05	0.000800374394296723	0.000742753744194185	0.000701393170466823
vm_Finiciomora	0.000796437818619956	0.00312380890009746	0.000345040188697388
rf_019_021	0.000794444574324467	0.00111933371475409	0.00232477897630535
ccomisiones_otras_tend6	0.000792895516939103	0.00169314311452072	0.00156682184047831
mplazo_fijo_dolares_rank	0.00079229612090657	0.00196701185850754	0.000248881447585002
cliente_edad_lag2	0.000790527915019535	0.00156150805589477	0.00118784327256478
vmr_msaldototal_tend6	0.000790288332367617	0.00122346003188389	0.00139712994439762
rf_003_028	0.0007886407816661	0.000716450911514944	0.000141409913400569
vmr_msaldopesos2_tend6	0.000787663387296576	0.00174328555555789	0.00159510382315842
vm_mfinanciacion_limite_rank_lag1	0.0007872833537426	0.00112898822314634	0.00149894508204603
Visa_mconsumosdolares_rank_tend6	0.000786958439510747	0.00160438018466979	0.00222862023519297
vm_msaldopesos_rank	0.000784113842365887	0.0012231615150399	0.00141975553054171
vm_msaldopesos_rank_lag1	0.000783398675306668	0.00114022498334377	0.00132925318596535
cliente_antiguedad_lag1	0.000780135252682394	0.00200543989193652	0.00173085734002297
tcallcenter	0.000775650915930794	0.00118893762793105	0.000972900204195915
mextraccion_autoservicio_rank	0.000775538398021163	0.000683192191357643	0.000503419291706026
mcaja_ahorro_dolares_rank_delta2	0.00077398526802191	0.00167074025913954	0.000684423980858754
active_quarter_lag2	0.000773357925111023	0.00100663549872537	0.000803208308115232
Master_fultimo_cierre_lag2	0.000768256860189675	0.00113294894217714	0.00187226725342353
vmr_Visa_mlimitecompra_lag1	0.000768244619633053	0.00102545998829864	0.00174782652963103
rf_020_023	0.000767804569838673	0.00160256194803599	0.00165732418505467
rf_015_023	0.000767603627699488	0.00105678735153419	0.00277163430265115
mextraccion_autoservicio_rank_delta2	0.000766584995671422	0.00185777873454597	0.00151025787511808
cliente_antiguedad	0.000766465493427324	0.0016944863380168	0.00144803751322183
ctarjeta_visa_transacciones_delta2	0.000764828589277975	0.00136073373916569	0.000769269928899096
cmobile_app_trx_tend6	0.000763712331629739	0.00222657821343969	0.00140844273746967
vmr_mpagospesos_tend6	0.00076353965945947	0.00102508763508311	0.00129531480674921
vm_mpagominimo_rank_tend6	0.000757994101865164	0.0011417195624501	0.00162904220237456
vm_cconsumos_delta2	0.00075718778695624	0.000768696730060974	0.000271507033729093
Visa_cconsumos_delta1	0.000751773636031649	0.00106628162962935	0.00197973878760797
Visa_fechaalta_tend6	0.000748961923620917	0.00114141360314538	0.000803208308115232
Master_msaldototal_rank_tend6	0.000745872518655732	0.0012278217486526	0.00179307770191922
vm_Fvencimiento	0.000743122068594604	0.00136818221012689	0.00161207301276649
vm_mfinanciacion_limite_rank_delta2	0.000743087882367412	0.0013638009792773	0.0016403549954466
Master_cconsumos_tend6	0.000739327918265518	0.00170425936312041	0.0018892364430316
mtransferencias_recibidas_rank_delta1	0.000738458278849014	0.0009726979545385	0.00134056597903739
vmr_Master_mlimitecompra_tend6	0.000737523206962643	0.00182687702379796	0.0013914735478616
vmr_Master_mlimitecompra_lag1	0.000735531646379369	0.00119893231560207	0.00196842599453592
Master_mconsumototal_rank_delta2	0.000732173368558964	0.00134044374979141	0.00188358004649558
rf_015_017	0.000727680891906427	0.000651583191085937	0.000667454791250686
vm_fechaalta_delta1	0.00072699083201055	0.000879903998699598	0.000718362360074891
mpayroll_sobre_edad_rank_tend6	0.000726895046541163	0.0013443952616543	0.000401604154057616
vm_mpagospesos_rank_delta2	0.000726294891130377	0.00126228952340918	0.00171954454695092
mtransferencias_recibidas_rank_tend6	0.000724538030204498	0.00132447046436495	0.00124440723792501
rf_004_026	0.000721698233167172	0.000730297571333574	0.000441198929809775
Visa_fultimo_cierre_lag2	0.000721341231804435	0.00118969783309475	0.00118784327256478
Master_mpagosdolares_rank	0.000718871213387244	0.00106656896999451	0.00230215339016126
vmr_msaldopesos2	0.000718867123646446	0.000906948545480323	0.00149894508204603
vm_mlimitecompra_rank_tend6	0.000715090827614147	0.00188296929019085	0.00140844273746967
vm_mfinanciacion_limite_rank	0.000713399940676579	0.000963179686655846	0.00128400201367717
Visa_delinquency_lag1	0.000712910095558723	0.000695818031862447	0.000571296050138299
mpasivos_margen_rank_lag1	0.000712250288300707	0.00113644106751229	0.00154419625433421
Master_mpagospesos_rank_delta1	0.000711827871062372	0.00108740796233084	0.00152157066819012
mcomisiones_mantenimiento_rank_tend6	0.000711303700163881	0.00283666398264585	0.00115956128988467
cliente_edad	0.000709862129086248	0.00202101842003887	0.00105774615223626
rf_006_015	0.000709539677663321	0.00169178830533835	0.00119915606563683
mautoservicio_rank_lag2	0.000709009921266779	0.00122791778452899	0.00156116544394228
cprestamos_personales_lag1	0.000702146174058226	0.000859592730537263	0.000147066309936592
Visa_mconsumosdolares_rank	0.000699544665226048	0.00127929257941534	0.0020872103217924
vm_mpagominimo_rank_delta2	0.000696960324177169	0.00118933657963165	0.00142541192707774
vm_fultimo_cierre_delta2	0.000696354120934241	0.000781861726973261	0.000791895515043187
Master_msaldopesos_rank_delta1	0.000693155480337818	0.000802640207756055	0.00148197589243796
mcaja_ahorro_dolares_rank_lag1	0.000692773860411783	0.00133484617533462	0.00109168453145239
Master_mconsumospesos_rank_lag2	0.00069123815722682	0.00122981113630765	0.00162338580583853
vm_mfinanciacion_limite_rank_tend6	0.00069070698481918	0.000969471532723923	0.00108602813491637
mcaja_ahorro_dolares_rank_tend6	0.000690469529070901	0.00136385348570985	0.000746644342755005
Master_mpagosdolares_rank_tend6	0.00068973134263738	0.00131689667361832	0.0023360917693774
vmr_Visa_mlimitecompra_lag2	0.000689321747728491	0.00127476694948238	0.00167994977119876
Master_mpagospesos_rank_lag2	0.000687646599498428	0.00136373259048011	0.00166298058159069
vm_mlimitecompra_rank_delta1	0.000687404009439098	0.00141774779651909	0.00207589752872035
ccaja_seguridad_lag2	0.000687096981312504	0.000730339208192896	8.48459480403414e-05
mcuenta_corriente_rank_delta1	0.000686848264864494	0.00129560629987524	0.00092199263537171
vmr_msaldototal_lag2	0.000684489652214275	0.00108805609580072	0.00134622237557342
mpagomiscuentas_rank_lag2	0.000681297870842163	0.00115940136575944	0.000933305428443756
Master_mconsumospesos_rank_delta1	0.000680194583958283	0.00125751179610377	0.00162904220237456
cprestamos_personales_delta1	0.000679564827671106	0.00100856411907222	0.000113127930720455
vmr_msaldopesos2_lag2	0.000677982578095164	0.00109294093315947	0.00170823175387887
vm_mpagospesos_rank_tend6	0.000676507151581439	0.00117086817727727	0.00123309444485296
Master_cconsumos_delta2	0.000675460700551148	0.00082475723172458	0.0017647957192391
vmr_msaldototal_delta1	0.000671338777622316	0.00109511315982391	0.00163469859891058
mprestamos_personales_rank_lag1	0.000671165848947782	0.00227234814486132	0.000650485601642618
ctrx_quarter	0.000671122351437219	0.00100806654837313	0.000639172808570572
vm_fultimo_cierre_delta1	0.000668312233841756	0.000820269197727246	0.0006957367739308
mextraccion_autoservicio_rank_lag2	0.000666907623133447	0.00103340362586509	0.00148763228897399
rf_006_017	0.000666305848763543	0.000578236333974694	0.000639172808570572
Visa_fechaalta_delta1	0.000666131002877222	0.000872406985503142	0.000797551911579209
chomebanking_transacciones_tend6	0.000662348755552634	0.00122182381584456	0.00104643335916421
Visa_msaldototal_rank_lag2	0.000660914734900284	0.00106776406038913	0.00190054923610365
mttarjeta_visa_debitos_automaticos_rank_lag2	0.00065905693607921	0.00113619917475095	0.0012670328240691
vm_cconsumos_tend6	0.000654982501201299	0.00109452093432362	0.000950274618051824
Master_fultimo_cierre_delta1	0.000653219625907402	0.000936770281008057	0.00166863697812671
vmr_mpagominimo_delta1	0.00065296747237489	0.000820884415571845	0.00098421299726796
vm_msaldototal_rank_tend6	0.000651215376227832	0.000931043294691209	0.00120481246217285
Visa_fultimo_cierre_delta1	0.000642191868664239	0.0010380192302889	0.00102946416955614
rf_014_008	0.000635337023868619	0.00054377211420795	0.000226255861440911
rf_006_014	0.000633116271616636	0.000575380142611932	0.000113127930720455
Master_msaldototal_rank_delta2	0.000630962668939227	0.00101759768071539	0.00172520094348694
ctarjeta_visa_transacciones_lag2	0.000629136431030358	0.000931696645556232	0.0013914735478616
Master_delinquency_lag1	0.000628368728315631	0.000809859215632587	0.000746644342755005
Master_msaldototal_rank_delta1	0.000627435383851002	0.00134165756142743	0.00169126256427081
ctrx_quarter_normalizado	0.000623765770682943	0.00126416801584185	0.000905023445763642
matm_other_rank_delta2	0.000623566032242602	0.000837879824513552	0.000740987946218982
ctarjeta_visa_transacciones_tend6	0.000623001089023564	0.00180422810685441	0.000842803083867391
rf_017_021	0.000620844188254468	0.00059743266525416	0.00085977227347546
vmr_msaldopesos_delta2	0.000620731367902948	0.000952812364439166	0.00150460147858205
cproductos_delta2	0.000617336523640485	0.00108823154350032	0.00016403549954466
cprestamos_personales	0.000615619427122484	0.000543232676470337	5.65639653602276e-05
Master_mpagospesos_rank_lag1	0.000615064627050077	0.00117013395678745	0.00160076021969444
vm_mpagospesos_rank_delta1	0.000614627974624704	0.00109849321346524	0.00132925318596535
vmr_mconsumospesos_delta2	0.000610436890938421	0.00120834876755293	0.000763613532363073
Master_cconsumos_lag2	0.000605690048760287	0.000931133243606589	0.00164601139198262
Master_mconsumospesos_rank_lag1	0.00060281666725754	0.000985629447442423	0.00151025787511808
vmr_msaldopesos_delta1	0.000602704106065729	0.000843450800485272	0.00134622237557342
Master_mpagominimo_rank_delta1	0.000601385965380932	0.00111162519245039	0.0014423811166858
rf_002_017	0.000600349226184429	0.00101088547628132	0.00141409913400569
vm_fultimo_cierre_lag1	0.000599514357521878	0.00136410936825132	0.00135187877210944
rf_011_025	0.000596738289616201	0.000581585722631793	0.00065614199817864
mtarjeta_visa_consumo_rank_delta1	0.000596170202938762	0.00105248883174299	0.000989869393803983
Visa_fultimo_cierre_delta2	0.000595973621353354	0.000583135288990909	0.00100683858341205
mttarjeta_visa_debitos_automaticos_rank	0.000595111141885684	0.00108781872989693	0.00118784327256478
Master_mpagominimo_rank_delta2	0.000593172299723309	0.00118754097728563	0.0016403549954466
Master_mconsumospesos_rank	0.000591404595483759	0.00103947109836631	0.0015159142716541
mcaja_ahorro_dolares_rank	0.000590731859043411	0.00209086235896813	0.000837146687331369
vm_msaldototal_rank_lag2	0.000589964850047607	0.000794743859227004	0.00111431011759648
rf_002_021	0.000589277945220644	0.00102223522888938	0.00154419625433421
mcomisiones_mantenimiento_rank_lag2	0.000587673611793292	0.00100717286485021	0.00109168453145239
Master_fultimo_cierre_lag1	0.000587285899396942	0.00101133624387688	0.00141975553054171
vmr_msaldopesos_lag2	0.000586403470103958	0.000630048878544198	0.00105208975570023
ccajas_transacciones_tend6	0.000583174825257249	0.0012249291122502	0.00042988613673773
Master_mconsumosdolares_rank_delta1	0.000583056253365828	0.000877590186253086	0.00187226725342353
Master_msaldopesos_rank_delta2	0.000583021768468042	0.00103513700310133	0.00160076021969444
Master_mconsumototal_rank_delta1	0.000580383579772179	0.00092592339322064	0.00149328868551001
Master_mpagospesos_rank_delta2	0.000579560625577032	0.00145274454864751	0.00165166778851865
ccajas_otras_tend6	0.000578227424343804	0.00182133438544303	0.000282819826801138
mtarjeta_master_consumo_rank_lag2	0.000577292760442407	0.00124341536628014	0.00126137642753308
vm_mlimitecompra_rank_lag2	0.000576704408998812	0.000987496456490676	0.00135753516864546
vm_mlimitecompra_rank	0.000576515431813419	0.00108778786030896	0.00153288346126217
rf_019_020	0.000575625291725049	0.00128500757083844	0.00112562291066853
Master_mpagado_rank_lag1	0.000575614572055339	0.000542375310109727	0.0006957367739308
mcuenta_debitos_automaticos_rank_delta2	0.000575432065799511	0.00139452143669484	0.000582608843210344
vm_msaldopesos_rank_delta1	0.000573210089532222	0.000850856458115696	0.00108602813491637
mtransferencias_emitidas_rank_tend6	0.00057144722667391	0.00182444234169717	0.000955931014587847
rf_014_015	0.000569252921407035	0.00100439519016934	0.000888054256155574
vmr_msaldopesos2_delta2	0.000569040876462054	0.00119964515500198	0.00147631949590194
Visa_fultimo_cierre	0.000566947258634122	0.00094943036706239	0.00120481246217285
mpagomiscuentas_rank_tend6	0.000564791883933342	0.00176734851446402	0.000661798394714663
ccajas_consultas_tend6	0.000560446449612365	0.00200899905056915	0.000316758206017275
vm_fultimo_cierre	0.000558914826622771	0.00112319512424881	0.00133490958250137
mtransferencias_emitidas_rank_delta2	0.000558843242004604	0.00140701804436785	0.000905023445763642
rf_005_013	0.000558458285321701	0.00099118617787935	0.000548670463994208
mautoservicio_rank_delta2	0.00055561744293236	0.00115248207677381	0.00132359678942933
thomebanking_delta2	0.000554906766174274	0.00105007537727932	0.000876741463083528
mcaja_ahorro_dolares_rank_lag2	0.000554256610730653	0.00155722063585599	0.00113127930720455
matm_rank_delta2	0.000548828970613547	0.00128878944063261	0.00104643335916421
rf_003_017	0.000546409450594716	0.000715975258990569	0.000955931014587847
vm_mconsumospesos_rank_delta2	0.000546360122501305	0.000699561564032458	0.000961587411123869
rf_020_024	0.000545255643611034	0.00122042338003011	0.000831490290795346
active_quarter_delta2	0.000539503369018102	0.00198690302405855	0.000418573343665684
ccomisiones_mantenimiento_delta1	0.000536569715136151	0.000479043754495435	5.65639653602276e-05
rf_020_026	0.000536302546210461	0.000882124204939034	0.0017138881504149
mcuenta_debitos_automaticos_rank_tend6	0.000535038666522877	0.00223389765617283	0.000633516412034549
rf_005_021	0.000532278919228438	0.000719167307378285	0.000424229740201707
rf_019_022	0.000531415509581841	0.000808807399000828	0.00117653047949273
Master_fultimo_cierre_delta2	0.000531042393605924	0.000486867698879068	0.00105208975570023
rf_013_017	0.000530861281288935	0.00084028596439382	0.000644829205106595
Master_cconsumos_lag1	0.000529812924966081	0.00078529377553781	0.00141409913400569
Master_Fvencimiento_delta2	0.000526465428261574	0.000812907478748122	0.0012670328240691
cplazo_fijo_tend6	0.00052596773866076	0.00145368703016035	0.000203630275296819
vmr_msaldopesos2_delta1	0.000524212933765652	0.000793284292934199	0.00135753516864546
mtransferencias_emitidas_rank_lag1	0.000520165481163222	0.00141300088765071	0.00105774615223626
ccajas_transacciones	0.00052013844008743	0.00124080319044243	0.000893710652691596
mpayroll_sobre_edad_rank_lag1	0.000519794898388486	0.00119065931717914	0.000299789016409206
vm_mpagospesos_rank_lag1	0.000518481901341712	0.00071771295848063	0.000746644342755005
Master_mconsumospesos_rank_delta2	0.000518088584796086	0.00155444053150581	0.00142541192707774
vmr_mconsumospesos_lag2	0.000513935634715976	0.000804051564294668	0.00125006363446103
rf_003_027	0.000513355350274054	0.00104001889928144	0.00125572003099705
ccomisiones_otras	0.000513133903781457	0.00123436589669686	0.000537357670922162
vmr_mconsumospesos_lag1	0.000503139335012809	0.000817475973162796	0.00117087408295671
tcallcenter_delta1	0.000502712424393955	0.000677207046282808	0.000412916947129662
mttarjeta_visa_debitos_automaticos_rank_delta2	0.000499881658295175	0.00117287917620144	0.00102380777302012
vmr_Master_mlimitecompra_delta2	0.000498550030490102	0.00127282528564766	0.00116521768642069
mpayroll_sobre_edad_rank_delta2	0.000493239755556823	0.000720201911721148	0.000316758206017275
vmr_mpagospesos_delta2	0.000493109644519679	0.00104209693150308	0.00110865372106046
vmr_mconsumospesos	0.00049102597493479	0.00102852086011912	0.00109734092798842
Master_mpagado_rank_tend6	0.000489410384212276	0.00135328329889357	0.00111996651413251
vm_mconsumospesos_rank_lag1	0.000487449331419432	0.000608219629723768	0.000871085066547505
Visa_delinquency_tend6	0.00048606716380561	0.000960135106407475	0.000486450102097957
vmr_mpagominimo_tend6	0.000485347897817738	0.00103106239651858	0.00123309444485296
vmr_mpagospesos_lag2	0.000482420254793908	0.000731250896844171	0.00108602813491637
Master_status_tend6	0.000482333207410069	0.000598954942590612	0.000746644342755005
matm_other_rank_lag2	0.000481591141604439	0.000710909884414395	0.000509075688242049
vmr_mpagospesos	0.000477792531682404	0.000808960800648381	0.000927649031907733
mautoservicio_rank_tend6	0.000476515404550446	0.00115261473671811	0.000814521101187278
vm_mfinanciacion_limite_rank_delta1	0.000476129875037377	0.000862081248994852	0.00148763228897399
ccomisiones_otras_lag1	0.000472654464998372	0.00119300747747704	0.000916336238835687
rf_015_024	0.000471701192097592	0.000741770520963349	0.000401604154057616
rf_010_017	0.000471131598489645	0.000644076817268773	0.000622203618962504
rf_019_019	0.000469908389539314	0.000725256774780625	0.000814521101187278
rf_018_023	0.000469543586222392	0.000771510133668426	0.00104077696262819
mextraccion_autoservicio_rank_tend6	0.000468651153414587	0.00129169069596719	0.000740987946218982
rf_009_021	0.000467079889448548	0.000623408566746225	0.000763613532363073
vm_fultimo_cierre_lag2	0.000466562019142522	0.00103511434323808	0.00092199263537171
vm_mconsumototal_rank_delta1	0.00046642741144555	0.000945465555956962	0.00120481246217285
ctarjeta_debito_transacciones_delta2	0.0004630625721684	0.00127354981303572	0.00085977227347546
vm_status01_lag1	0.000458953213097416	0.000935809692064998	0.000520388481314094
vm_msaldototal_rank_delta1	0.000458120511896549	0.000752832293819579	0.00100683858341205
rf_011_028	0.000455724492719971	0.000594853456192666	0.000480793705561935
cmobile_app_trx_delta1	0.000455437427472442	0.00136944313177205	0.000882397859619551
vmr_msaldopesos2_lag1	0.000455221031666295	0.000785125437817871	0.00122743804831694
rf_004_016	0.000454262055609149	0.000816827865268388	0.000871085066547505
vmr_mpagospesos_delta1	0.000451832781457045	0.00110233805005772	0.0011425921002766
ccaja_ahorro	0.00044886464933496	0.0014578661892498	0.000118784327256478
mtarjeta_master_consumo_rank_delta2	0.000447249634913595	0.00117526188895447	0.000893710652691596
rf_010_026	0.000447243184528164	0.00078258842827596	0.000418573343665684
rf_019_018	0.000445098914146563	0.00095717436253801	0.00116521768642069
mttarjeta_visa_debitos_automaticos_rank_lag1	0.000442353190059416	0.000756776005165216	0.00085977227347546
rf_016_027	0.000441515129466494	0.00079860746821183	0.000967243807659892
rf_001_018	0.000438428994224689	0.000990973159819585	0.000452511722881821
Visa_mpagosdolares_rank_delta1	0.000436282414329541	0.000727888567001067	0.00143672472014978
rf_004_021	0.000435535282537904	0.000992904925948798	0.000661798394714663
ccallcenter_transacciones_tend6	0.000434949695201283	0.00151874756403065	0.000559983257066253
rf_015_015	0.000433814227458315	0.000600198472918614	0.000509075688242049
rf_004_009	0.000433339379709825	0.000887199068013247	0.000339383792161366
vmr_Master_mlimitecompra_delta1	0.000431281756069294	0.00130735589932522	0.00111431011759648
Visa_msaldodolares_rank_tend6	0.000428158130947154	0.00113682431587651	0.0006957367739308
rf_015_022	0.000427718909905872	0.000542493187434431	0.000520388481314094
rf_007_016	0.000426736454617378	0.000707989958989328	0.00111431011759648
vm_status04_delta1	0.000425628729191306	0.000568385943085182	0.000141409913400569
rf_004_022	0.000424247256359401	0.000766140283164589	0.000724018756610913
vm_mpagominimo_rank_delta1	0.000418624200669869	0.000911146221207455	0.00104077696262819
Visa_fultimo_cierre_lag1	0.00041833386077193	0.000691268693472117	0.000814521101187278
ctarjeta_debito_transacciones_lag2	0.000417159791243718	0.000858543087820149	0.000899367049227619
cpayroll_trx_tend6	0.000414826322654144	0.000888937662644632	0.000209286671832842
mpayroll_rank_lag2	0.000410985415478837	0.000849677352387592	0.000497762895170003
vmr_Visa_mlimitecompra_tend6	0.000405451686495073	0.00116321781358419	0.000791895515043187
active_quarter_lag1	0.000404781209628975	0.00112441727348689	0.000509075688242049
matm_rank	0.000403992312983105	0.00074046719519487	0.000412916947129662
mtransferencias_emitidas_rank_delta1	0.000398619205331954	0.00113956472710282	0.000469480912489889
ctarjeta_debito_transacciones_tend6	0.00039695164394842	0.00161503397768578	0.000690080377394777
ctrx_quarter_lag1	0.00039594548500166	0.00123571019436253	0.000871085066547505
rf_017_026	0.00039519225040973	0.000496210979420514	0.00105774615223626
rf_008_015	0.000394622580549588	0.000588813272714107	0.000684423980858754
matm_rank_tend6	0.000392638045616961	0.000727341865830993	0.000475137309025912
rf_020_015	0.000391083756922509	0.000751027637758446	0.000576952446674322
mcuenta_debitos_automaticos_rank_lag1	0.000390822815393943	0.00101495583733664	0.000599578032818413
vm_mlimitecompra_rank_lag1	0.000386933727689747	0.00072694401387545	0.0010690589453083
thomebanking_tend6	0.000383202905773843	0.00214734413971451	0.000412916947129662
vm_mconsumospesos_rank_tend6	0.000380015088041291	0.000768863251922799	0.000989869393803983
vm_mconsumosdolares_rank_lag2	0.000379120641033869	0.00134273697398746	0.000718362360074891
rf_018_024	0.000376442350866992	0.000231305643572488	0.00010181513764841
ctransferencias_recibidas_tend6	0.000375415997971576	0.00142262762108642	0.000661798394714663
Master_mpagado_rank_delta1	0.000373123119254513	0.0006759371732244	0.000644829205106595
thomebanking_delta1	0.000370869252968746	0.000561836398617514	0.000311101809481252
mtarjeta_master_descuentos_rank_delta2	0.000370169274104021	0.000485702864261223	0.000633516412034549
mextraccion_autoservicio_rank_lag1	0.000368681306134192	0.000890976692279988	0.00065614199817864
vmr_mconsumosdolares_lag2	0.000367150907121194	0.000759300073521121	0.000842803083867391
rf_008_026	0.00036542667729106	0.000437990910948342	0.000435542533273753
rf_007_025	0.000363874624709224	0.000739330698193813	0.000367665774841479
Master_status_delta2	0.00036266482781294	0.000728071533887796	0.000814521101187278
mautoservicio_rank_delta1	0.00035850856488962	0.000962344391922752	0.000588265239746367
Visa_mpagado_rank_delta2	0.000357348847197774	0.0011251592689185	0.000786239118507164
numero_de_cliente	0.000356979354930779	0.00228356649072294	0.000610890825890458
vm_mpagospesos_rank_lag2	0.000356546127333114	0.000571189142081534	0.000825833894259323
rf_018_015	0.000355208221759167	0.00048849874867418	0.000780582721971141
vm_mconsumospesos_rank_lag2	0.000354586142760389	0.000643603594413707	0.000701393170466823
rf_002_023	0.000353169838200449	0.000717005131872144	0.000763613532363073
vm_Fvencimiento_delta2	0.000352114745421997	0.000493473637250179	0.000378978567913525
ctransferencias_emitidas_tend6	0.000352047779569546	0.00121506941189091	0.000509075688242049
cextraccion_autoservicio_tend6	0.000349858922855765	0.00129623614688663	0.000610890825890458
rf_010_020	0.000344706359927335	0.000662501357698251	0.000446855326345798
vm_mconsumospesos_rank_delta1	0.000343115572851609	0.00092308965711739	0.000989869393803983
ctarjeta_visa_transacciones_lag1	0.000341537974904462	0.000814508809851261	0.000627860015498527
mprestamos_prendarios_rank_lag2	0.000339988318493206	0.00171174519983804	0.000169691896080683
matm_rank_lag2	0.000338051833442233	0.000845948474959837	0.000837146687331369
cprestamos_personales_delta2	0.00033395903182424	0.000511221220659134	7.35331549682959e-05
vm_cconsumos_delta1	0.000333308533455969	0.000342178052629348	0.000186661085688751
rf_004_015	0.000332144271743923	0.000434099015497661	0.000390291360985571
catm_trx_tend6	0.000330649057972796	0.00201282626566527	0.000588265239746367
mcaja_ahorro_dolares_rank_delta1	0.000330585909582874	0.00134198037496452	0.00053170127438614
ccomisiones_otras_delta1	0.00032959464060717	0.000629213225754574	0.000774926325435118
vm_status01_lag2	0.000327636168419204	0.00212718913765197	0.000588265239746367
vm_Fvencimiento_delta1	0.000327390506141347	0.000621127056113794	0.000469480912489889
vm_mpagado_rank_tend6	0.000325509107861402	0.0011286400131711	0.000458168119417844
Master_mpagado_rank_delta2	0.000325334460136913	0.000769716423906917	0.000718362360074891
mplazo_fijo_dolares_rank_delta2	0.000324229707658137	0.00156535895387279	0.000237568654512956
ctransferencias_recibidas_delta2	0.000315055090832885	0.00112254174780832	0.00049210649863398
vm_status06_delta1	0.000315013649005229	0.000652647411818908	0.000107471534184432
cprestamos_personales_lag2	0.000312841495183664	0.000659407800431696	0.000141409913400569
ccajas_otras_delta2	0.000311369246740052	0.000458652844330685	0.000141409913400569
mpagomiscuentas_rank_delta1	0.000309963571624755	0.000869815909425231	0.000469480912489889
vmr_mpagado_tend6	0.000307988844822179	0.000625669898335655	0.000520388481314094
rf_010_022	0.000307630774031371	0.000534127477945742	0.000231912257976933
ccaja_ahorro_lag1	0.000306540124361874	0.000437817611587917	9.05023445763642e-05
vm_mconsumospesos_rank	0.000305019240041315	0.000667873356541267	0.000650485601642618
rf_014_017	0.000304895032473503	0.000510182677694444	0.000537357670922162
ctransferencias_recibidas_lag2	0.000303747267833941	0.000854637023561075	0.000520388481314094
mpagomiscuentas_rank_delta2	0.000302512546138286	0.00104825067005252	0.00053170127438614
vmr_mconsumospesos_delta1	0.000300685875772131	0.00141751534110485	0.000831490290795346
Visa_mpagado_rank_lag2	0.000300271365269959	0.000785253596480073	0.000554326860530231
ctarjeta_visa_debitos_automaticos_lag2	0.000300208115912581	0.000570415356345166	0.000475137309025912
Visa_mpagado_rank_delta1	0.000300080322724424	0.000598407090524549	0.000435542533273753
Visa_mpagado_rank	0.000298085341381067	0.000971225447059691	0.000684423980858754
mplazo_fijo_dolares_rank_lag1	0.000294450732703169	0.000969870612301854	0.000169691896080683
vmr_mconsumosdolares_tend6	0.000291548865630941	0.000911275428463781	0.000543014067458185
Master_msaldodolares_rank_delta1	0.000288767684050424	0.000460467219069057	0.000740987946218982
ccajas_transacciones_delta2	0.000288106739340544	0.00064258571642588	0.000520388481314094
rf_008_017	0.000285675921896629	0.000422790337088666	0.000435542533273753
Master_msaldodolares_rank_tend6	0.000284842108308578	0.000648015950605921	0.000673111187786709
vm_mpagospesos_rank	0.000283977271122785	0.000629457369156966	0.000808864704651255
tcallcenter_tend6	0.000282628315189632	0.000936372326750649	0.000322414602553297
mtarjeta_master_descuentos_rank_delta1	0.000280058536812033	0.000480566671218548	0.000633516412034549
rf_016_022	0.000277472992222539	0.000856803342292775	0.000526044877850117
cproductos	0.000276425377779206	0.000286201336193716	3.39383792161366e-05
ccallcenter_transacciones_delta1	0.00027640028984181	0.00110378654217357	0.00016403549954466
mtarjeta_visa_descuentos_rank_delta2	0.000275955784851644	0.000691482402069476	0.000803208308115232
ccajas_depositos_tend6	0.000274700636196523	0.00142658013039251	0.000209286671832842
vm_status02_lag1	0.000274543196480613	0.000480451300289553	0.000718362360074891
ctarjeta_debito_tend6	0.000270999747726559	0.00171097064683768	0.000220599464904888
active_quarter_tend6	0.000264400964092934	0.00115020586026293	0.000175348292616706
Visa_msaldodolares_rank_delta1	0.000263458344337673	0.000820600272139981	0.000576952446674322
rf_010_021	0.000262267358135586	0.000536849142355165	0.000441198929809775
ccuenta_debitos_automaticos_tend6	0.00026108979479346	0.00131476979225583	0.000288476223337161
cpagomiscuentas_delta2	0.000260960014440884	0.000976001358506986	0.00016403549954466
ccajas_extracciones_tend6	0.000258399888939676	0.00212262547700044	0.000350696585233411
mpagomiscuentas_rank_lag1	0.000255647181404326	0.000852530730449049	0.000554326860530231
vm_mconsumosdolares_rank_tend6	0.000250268517842442	0.00086543163509514	0.000526044877850117
rf_001_023	0.000248546525096527	0.000664537139249372	0.000458168119417844
ctarjeta_debito_delta2	0.000246338929480829	0.00122599167057785	0.000152722706472615
matm_other_rank_tend6	0.000239215890122858	0.00134465945622236	0.000412916947129662
cmobile_app_trx	0.000237800587149672	0.00125044000061192	0.000367665774841479
mcuenta_debitos_automaticos_rank_delta1	0.00023502780545213	0.000860118485400344	0.000452511722881821
ctarjeta_master_transacciones_lag2	0.000234683323706372	0.000494794328760353	0.000463824515953866
catm_trx_other_tend6	0.000234101571034507	0.00120103584656373	0.000458168119417844
vmr_mconsumosdolares_delta2	0.000233477227379684	0.000716524517707285	0.000401604154057616
vm_mconsumosdolares_rank_delta1	0.000231518483483616	0.000382486471075518	0.000209286671832842
rf_004_019	0.000230352148507891	0.000645076025166118	0.000395947757521593
rf_018_021	0.000227257071660469	0.000561894429350809	0.000616547222426481
vm_mconsumosdolares_rank_delta2	0.0002261121831947	0.000810957477311355	0.00042988613673773
cextraccion_autoservicio_lag2	0.000226084690841432	0.000643219323030831	0.000497762895170003
rf_012_014	0.000223661559126119	0.000675373924727555	0.000435542533273753
cproductos_lag1	0.000223095141744776	0.000396338450591162	9.05023445763642e-05
ccaja_ahorro_lag2	0.000221452955255252	0.000743199882630318	0.000135753516864546
cpagomiscuentas_tend6	0.000219892346526101	0.00147181016371813	0.000305445412945229
mplazo_fijo_dolares_rank_tend6	0.000219398256897564	0.00105435901214907	0.000186661085688751
vm_cconsumos_lag1	0.000219008549650293	0.000784381396348942	0.000401604154057616
vmr_mconsumosdolares_lag1	0.000218905184143135	0.000724564523631186	0.000537357670922162
Master_mpagado_rank_lag2	0.000218598297572126	0.000576344542299487	0.000543014067458185
rf_003_023	0.00021765599703887	0.000527908445230547	0.000469480912489889
rf_001_026	0.000213887512640042	0.000550420840334373	0.000418573343665684
vm_status05_tend6	0.000213762516829824	0.000495949649304692	0.000141409913400569
ctarjeta_master_descuentos_delta2	0.000212758365932419	0.000450250561925024	0.000497762895170003
mextraccion_autoservicio_rank_delta1	0.000209847138084367	0.000685104596858781	0.000333727395625343
mtarjeta_master_consumo_rank_tend6	0.000206781841346726	0.000908409953206709	0.000339383792161366
vm_status03_delta1	0.00020491033283693	0.00075921298905798	0.000118784327256478
ccajas_consultas_delta1	0.000203822579412664	0.000594296192354962	7.35331549682959e-05
mforex_sell_rank_tend6	0.000203517098452415	0.0011733525525093	0.000186661085688751
rf_009_018	0.000203211655912425	0.000433917097205055	0.000407260550593639
rf_005_015	0.000203051621695755	0.000458782588671806	0.000418573343665684
vm_cconsumos_lag2	0.000200282062581414	0.000541021958728941	0.000350696585233411
ccajeros_propios_descuentos_delta1	0.000196375524568843	0.000593564248081648	0.000412916947129662
mtarjeta_master_consumo_rank_lag1	0.000192870724166977	0.000298890041194967	0.000446855326345798
rf_011_016	0.000192559639854697	0.00048773197061561	0.000412916947129662
vm_mconsumosdolares_rank	0.000190688088932508	0.000480385059831539	0.000373322171377502
mtarjeta_master_consumo_rank	0.000190107809082225	0.000570920088174855	0.000401604154057616
ctarjeta_visa_debitos_automaticos_delta2	0.000187726939485449	0.000563827806734406	0.000277163430265115
mtarjeta_master_consumo_rank_delta1	0.000186034141487541	0.00114034546936605	0.000282819826801138
cproductos_lag2	0.000185571640181533	0.000595398904164886	0.000203630275296819
vm_mpagado_rank_delta2	0.000184871826786475	0.00111463798239401	0.000350696585233411
ctarjeta_master_transacciones_delta2	0.000181688757243884	0.000937394757171498	0.000339383792161366
rf_008_023	0.000177275776481906	0.000376725213633675	0.000299789016409206
vmr_mpagado	0.000174603828487183	0.00089738490672025	0.000237568654512956
rf_008_016	0.000174091954716669	0.000425041873274459	0.000305445412945229
vm_status05_delta1	0.00017298142366297	0.000385145117535695	7.91895515043187e-05
ctarjeta_visa_transacciones_delta1	0.000172790654788756	0.00102793415891957	0.000147066309936592
rf_010_025	0.000169940802219779	0.000540331574588551	0.000175348292616706
vmr_mpagado_delta2	0.000169842639208454	0.000658299794500225	0.000237568654512956
mtarjeta_visa_descuentos_rank_lag1	0.000167002813918827	0.000579765184206015	0.000299789016409206
ctarjeta_master_transacciones_tend6	0.000166091960743624	0.00131809721158728	0.000339383792161366
ccallcenter_transacciones_lag2	0.00016295596508984	0.000469605461096259	0.000282819826801138
ccajas_otras_lag2	0.000162699760203449	0.00048894591012897	0.000226255861440911
mv_status07_rank_delta1	0.000162205838208125	0.000857712140916344	0.000237568654512956
internet_delta2	0.000157194060202335	0.000458131488447827	0.000147066309936592
rf_016_017	0.000156545553627886	0.000554273451868641	0.000356352981769434
rf_012_018	0.00015573938682338	0.000485666854004511	0.000237568654512956
cextraccion_autoservicio_delta2	0.000155385912334554	0.000810633410576418	0.000373322171377502
rf_013_020	0.000154170976053325	0.000394282975930902	0.000254537844121024
Visa_Finiciomora_lag2	0.000153630488114676	0.000707081313818557	0.000169691896080683
vmr_msaldodolares_tend6	0.000150278505152627	0.000875113304632716	0.00026585063719307
Master_msaldodolares_rank	0.000149776743562631	0.000243750818982541	0.000480793705561935
rf_005_016	0.000149364936243185	0.000715772598994701	0.00016403549954466
ctarjeta_debito_transacciones_delta1	0.000148519393162202	0.00116778664047993	0.000192317482224774
mv_status07_rank_tend6	0.000147933890333149	0.000549941121310838	0.000243225051048979
mttarjeta_master_debitos_automaticos_rank_tend6	0.000147261111758784	0.000765714605101587	0.000237568654512956
vm_cconsumos	0.000145420566576958	0.00058292764177909	0.000282819826801138
rf_007_015	0.000143794064625675	0.000429762823044429	0.000378978567913525
rf_013_018	0.00013499400846201	0.000614535823635871	0.000158379103008637
mttarjeta_master_debitos_automaticos_rank_lag2	0.000134795894941576	0.000315233838403367	0.000254537844121024
minversion2_rank_tend6	0.000132921188740524	0.00131253247602936	0.000124440723792501
rf_007_017	0.000132439452779991	0.000485559334743705	0.00026585063719307
rf_010_016	0.000132231369831596	0.000602295763466462	0.000316758206017275
vm_mpagado_rank_lag2	0.000131983767461985	0.000471636843667157	0.000237568654512956
ctarjeta_debito_transacciones_lag1	0.000129952241894301	0.000413389537323253	0.000254537844121024
cpayroll_trx_lag1	0.000129835735049545	3.83474451343107e-05	2.2625586144091e-05
cforex_tend6	0.00012888743340326	0.00103961281202572	0.000203630275296819
mv_status07_rank_lag2	0.000128550050558276	0.000469191701200607	0.000305445412945229
ccallcenter_transacciones	0.000127347761176065	7.23160635128766e-05	1.13127930720455e-05
ccomisiones_mantenimiento_delta2	0.000126822652763769	0.000849991316813295	0.000124440723792501
rf_013_022	0.00012620715137456	0.000632943867889511	0.000107471534184432
vmr_msaldodolares2_lag2	0.000123042800289655	0.00076394514088224	0.000248881447585002
matm_rank_delta1	0.000121799326605251	0.000649704775379664	0.000277163430265115
vmr_mpagado_lag2	0.000116579493867759	0.00024146994773677	0.000243225051048979
mtarjeta_visa_descuentos_rank_lag2	0.000114496385291833	0.000321471541209044	0.000282819826801138
vm_msaldodolares_rank_tend6	0.000114496378008229	0.000643777507585325	0.000192317482224774
mforex_sell_rank_lag2	0.000111736168869799	0.00040978339655882	0.00016403549954466
vmr_mpagosdolares_lag2	0.000110069846872388	0.000851432647798546	0.000186661085688751
vm_mpagado_rank_delta1	0.000109538955640807	0.000582181221791786	0.000158379103008637
rf_015_018	0.000109354804963934	0.00085731579791332	9.61587411123869e-05
ccajas_depositos_delta2	0.000107771194717623	0.000698549363798175	0.000203630275296819
mtarjeta_master_descuentos_rank_lag2	0.000107407817209185	0.000366486868494123	0.000305445412945229
vm_Finiciomora_lag2	0.000106754425670578	0.000657443579035603	0.000124440723792501
rf_011_021	0.000106635198505328	0.000747950627818661	0.000158379103008637
mv_status07_rank	0.000105899819866502	0.0006746461236798	0.000220599464904888
ccheques_depositados_tend6	0.000105170491878094	0.00114651598542146	0.000135753516864546
ctarjeta_master	0.000104972397148453	0.000127151525910698	3.39383792161366e-05
vmr_mpagado_lag1	0.00010485004852046	0.000607980550263726	0.000220599464904888
ccajas_extracciones_delta2	0.00010439728669509	0.000540149681871411	0.000181004689152728
matm_other_rank_lag1	0.000104183054284058	0.000316633404651963	0.00016403549954466
mv_status07_rank_delta2	0.000103663354930316	0.000460535940347312	0.000237568654512956
ccajas_consultas_delta2	0.000102523367869438	0.000749876306986868	0.000186661085688751
rf_015_021	0.000101652922886851	0.000422757958548185	0.000226255861440911
ccajas_consultas_lag2	0.00010138312966304	0.000509642523843772	0.000192317482224774
cforex_sell_tend6	9.98546874288839e-05	0.00111570412128696	0.000169691896080683
rf_009_020	9.90515673857858e-05	0.000540034310942416	0.000231912257976933
mttarjeta_master_debitos_automaticos_rank_delta2	9.66754775792897e-05	0.000420201946434728	0.000158379103008637
ccomisiones_mantenimiento	9.58404126282405e-05	0.000416533196928513	3.39383792161366e-05
mttarjeta_master_debitos_automaticos_rank_lag1	9.42439345043898e-05	0.000212008263625219	0.00016403549954466
ctarjeta_visa_descuentos_tend6	9.34407643364551e-05	0.00132369036148838	0.00016403549954466
ctarjeta_debito_lag2	9.14578241733241e-05	0.000734305400373511	0.000130097120328524
ccajas_consultas	9.05161291265238e-05	0.000208266598464257	1.69691896080683e-05
vm_status04_tend6	8.82833382399033e-05	0.000315429951079833	0.000107471534184432
mcaja_ahorro_adicional_rank_lag2	8.72537711291206e-05	0.000880450623143274	0.000141409913400569
rf_017_018	8.71909766664642e-05	0.00050338502562709	0.000124440723792501
vm_msaldodolares_rank_delta2	8.63668597285043e-05	0.00024283097175748	0.000130097120328524
vmr_mpagado_delta1	8.61413021530718e-05	0.000494053151743664	0.00016403549954466
rf_018_022	8.60018136019558e-05	0.000474377331619861	0.000141409913400569
ccajeros_propios_descuentos_lag1	8.58434159145007e-05	0.000338884392913567	0.000203630275296819
mforex_sell_rank_lag1	8.40160872938891e-05	0.000929147717846972	0.000186661085688751
vm_msaldodolares_rank_lag2	8.33793533155123e-05	0.000420948238544701	0.000186661085688751
ccajas_depositos_lag1	8.1591813316702e-05	0.000561063303418739	6.22203618962504e-05
ctransferencias_recibidas_lag1	8.09216807232211e-05	0.000685206770847107	0.000107471534184432
vmr_msaldodolares2_delta2	8.06922476657584e-05	0.000542707407541118	0.000158379103008637
vmr_mpagosdolares_lag1	7.85544110617653e-05	0.000437016332225154	0.000135753516864546
rf_005_017	7.80535759552064e-05	0.000525302075023721	0.000158379103008637
vmr_mpagosdolares_tend6	7.77117186190753e-05	0.000816732417627729	0.000175348292616706
mtarjeta_master_descuentos_rank_lag1	7.7020873184696e-05	0.000287097526112343	0.000214943068368865
rf_017_017	7.62821158827324e-05	0.000397516916932605	0.00010181513764841
ccomisiones_mantenimiento_lag1	7.50260924420361e-05	0.000372740453664443	7.35331549682959e-05
ctransferencias_emitidas_lag1	7.49816179068724e-05	0.000710592134819663	0.000124440723792501
cpagomiscuentas_lag2	7.19972117763706e-05	0.000324898449104845	0.000113127930720455
vmr_msaldodolares_delta2	6.81975522538865e-05	0.000603939319664651	0.000147066309936592
mttarjeta_master_debitos_automaticos_rank	6.7735582805895e-05	0.0005017685026969	0.000130097120328524
ctransferencias_recibidas_delta1	6.67341778576006e-05	0.000972655166783189	0.000141409913400569
ctarjeta_master_debitos_automaticos_tend6	6.60238025333795e-05	0.00095093054719586	0.000113127930720455
cseguro_vida_lag2	6.59345959679893e-05	0.000761073041579367	0.000118784327256478
rf_011_019	6.4756582331562e-05	0.000388781539652363	0.000135753516864546
mforex_sell_rank_delta2	6.37265598467486e-05	0.000407813190503586	9.61587411123869e-05
catm_trx_other_delta2	5.91603210982089e-05	0.000273744498370978	0.00016403549954466
ctransferencias_emitidas_delta1	5.88353727650938e-05	0.00033800874009447	6.78767584322731e-05
cextraccion_autoservicio_lag1	5.81375633812736e-05	0.000411132297808449	0.000107471534184432
ctransferencias_emitidas_delta2	5.78227954324253e-05	0.00082072710087793	9.61587411123869e-05
ctarjeta_visa_tend6	5.74481022775257e-05	0.000379044627107332	6.22203618962504e-05
ctarjeta_debito_lag1	5.72426487802361e-05	0.00051250858733657	0.00010181513764841
ctarjeta_visa_debitos_automaticos_lag1	5.54630294991818e-05	0.00027967253342931	9.05023445763642e-05
Master_Finiciomora_lag1	5.54603186685297e-05	0.000508775873588853	0.000107471534184432
ctransferencias_emitidas_lag2	5.54145056425981e-05	0.000549687566136806	0.000124440723792501
vmr_msaldodolares_delta1	5.54012462184283e-05	0.000589787186475168	0.000124440723792501
vmr_mconsumosdolares_delta1	5.53647523642012e-05	0.000151300827591446	0.00010181513764841
Master_Finiciomora_lag2	5.47422031998764e-05	0.000532318346177986	6.22203618962504e-05
cpagomiscuentas_lag1	5.45489230234617e-05	0.000522484144558714	9.61587411123869e-05
mv_status07_rank_lag1	5.44985191251949e-05	0.000242589820684658	0.000158379103008637
ccuenta_debitos_automaticos_delta2	5.41068115259599e-05	0.000194530450236004	2.82819826801138e-05
ccajeros_propios_descuentos_tend6	4.91544286270529e-05	0.000473542164764098	6.22203618962504e-05
rf_016_008	4.74229441190802e-05	0.000367757815722121	9.61587411123869e-05
matm_other_rank_delta1	4.52126210064786e-05	0.00024851207568758	0.000113127930720455
mttarjeta_master_debitos_automaticos_rank_delta1	4.37320301978896e-05	0.000444518716269558	0.00010181513764841
cseguro_vivienda_lag2	4.36631261510862e-05	0.000121880729188285	5.65639653602276e-05
ccomisiones_mantenimiento_lag2	4.3506589462353e-05	0.000159666460353735	6.22203618962504e-05
cliente_edad_tend6	4.18119104887007e-05	0.000446253525731914	8.48459480403414e-05
mtarjeta_visa_descuentos_rank_tend6	3.97342750655362e-05	0.000555839565554528	8.48459480403414e-05
cplazo_fijo	3.8749607296326e-05	0.000138844398976171	1.13127930720455e-05
cliente_edad_delta2	3.86879685392098e-05	0.000281645118002921	7.35331549682959e-05
cextraccion_autoservicio_delta1	3.83145358752487e-05	0.00062893171659575	9.05023445763642e-05
cplazo_fijo_lag1	3.46890916108773e-05	0.000128454826103711	1.69691896080683e-05
rf_007_022	3.41132656774865e-05	0.000291071007300886	8.48459480403414e-05
cseguro_vida_tend6	3.39194224875124e-05	0.000671742822307902	7.35331549682959e-05
vmr_mpagosdolares_delta2	3.33123657576891e-05	0.00070021491489748	0.00010181513764841
vm_mpagosdolares_rank_delta1	3.2653727205854e-05	0.000194189964051629	5.09075688242049e-05
ctarjeta_master_transacciones_delta1	3.17797865448019e-05	0.000745365024890563	7.35331549682959e-05
rf_008_020	3.0488834805505e-05	0.000207556981573122	5.65639653602276e-05
mcaja_ahorro_adicional_rank_lag1	2.89691697255795e-05	0.000659822020685744	7.35331549682959e-05
ccajas_depositos_delta1	2.88936831741194e-05	0.000357730468180487	4.52511722881821e-05
internet_delta1	2.79942092784588e-05	0.00029291517745763	4.52511722881821e-05
rf_012_006	2.6558958454402e-05	0.000196700017051938	3.95947757521593e-05
rf_012_016	2.53810182154955e-05	0.000258741929772283	4.52511722881821e-05
vmr_mpagosdolares_delta1	2.14028144535726e-05	0.000296042468764386	4.52511722881821e-05
mcaja_ahorro_adicional_rank	2.04061898467194e-05	0.00036067888467514	3.39383792161366e-05
ccuenta_debitos_automaticos_delta1	1.9787228730272e-05	0.000263342828302904	5.09075688242049e-05
cseguro_vivienda_lag1	1.84527511830726e-05	7.67639440279403e-05	2.82819826801138e-05
ccuenta_debitos_automaticos	1.55813677654809e-05	0.000389763739864542	3.39383792161366e-05
ctarjeta_debito_transacciones	1.48594664393994e-05	0.000228370040386509	5.65639653602276e-05
cpagomiscuentas_delta1	1.42594885722333e-05	0.000144265988648564	2.2625586144091e-05
ctarjeta_debito	1.23269849825331e-05	0.000138844398976171	1.13127930720455e-05
ctarjeta_master_transacciones_lag1	1.17672049204722e-05	0.000160629453390637	3.95947757521593e-05
ctarjeta_visa_debitos_automaticos	9.46129075515362e-06	0.000276153144646955	2.2625586144091e-05
ccuenta_debitos_automaticos_lag1	9.04762016156787e-06	0.000230287688858262	3.39383792161366e-05
ctarjeta_visa_debitos_automaticos_delta1	8.81842815816869e-06	0.000259774667106097	3.39383792161366e-05
rf_011_017	8.09755915457648e-06	0.000346877084224602	2.82819826801138e-05
rf_002_011	7.75315990092775e-06	4.01454259987104e-05	1.13127930720455e-05
ctarjeta_master_transacciones	7.47507695936818e-06	4.65683207566945e-06	1.13127930720455e-05
ccajas_otras_delta1	6.68732026607129e-06	0.000256238168336711	3.39383792161366e-05
ccuenta_debitos_automaticos_lag2	6.38093093305467e-06	0.000100336646818375	2.2625586144091e-05
catm_trx_delta1	5.8847384909775e-06	6.13722702832157e-05	1.13127930720455e-05
ccajas_otras	3.97152557306791e-06	0.000204673987121557	1.69691896080683e-05
ctransferencias_emitidas	3.05376021943911e-06	0.000138844398976171	1.13127930720455e-05
ctransferencias_recibidas	2.98096418916137e-06	5.75039042616363e-05	1.13127930720455e-05
cpagomiscuentas	2.91024788485239e-06	0.000134811761733812	1.13127930720455e-05
cseguro_vida	1.69792625235195e-06	0.000138844398976171	1.13127930720455e-05
catm_trx_other	1.38609072497745e-06	6.94221994880856e-05	5.65639653602276e-06
catm_trx	8.66610030481578e-07	6.94221994880856e-05	5.65639653602276e-06
