Feature	Gain	Cover	Frequency
rf_006_015	0.093330313887758	0.00308355746686232	0.000372309219730132
rf_017_015	0.0364134305145973	0.00198150391183275	0.000648720610135837
ctrx_quarter_normalizado	0.0179045360674455	0.00109253806891948	0.000671284805270996
mcaja_ahorro_rank_lag1	0.0148988816201739	0.00184152733440273	0.00110000451283903
mcuenta_corriente_rank_lag2	0.0145072866010538	0.00280719690955811	0.00114513290310935
rf_001_025	0.0138334976368888	0.00119300773927282	0.00200257231824541
rf_010_026	0.0115548049252201	0.000927339802238162	0.000535899634460039
mautoservicio_rank_lag2	0.0111817689504565	0.00134975930438937	0.00177693036689381
Master_status_tend6	0.0109717570584777	0.00128471817698051	0.000834875220000903
rf_011_028	0.0107980138620761	0.000883491451558832	0.000389232366081502
mv_status07_rank_delta2	0.0105997879275958	0.000340470621354264	0.000197436707432646
mv_status07_rank_delta1	0.00832754486104696	0.00068803982007246	0.000208718805000226
mtarjeta_visa_consumo_rank_tend6	0.00798192739586577	0.00141905231533393	0.00129180017148788
ctarjeta_visa_transacciones_tend6	0.00766079277644396	0.00164415878195605	0.00112820975675798
Master_status_delta2	0.00726343964390201	0.00143641628305728	0.000891285707838801
rf_019_024	0.00719087524933267	0.00077513755299491	0.000885644659055012
Visa_mconsumospesos_rank_lag2	0.00712351516700004	0.00178818742331419	0.00333950088000361
rf_007_023	0.00674129513328745	0.00114929199943613	0.00238052258675933
mcuenta_debitos_automaticos_rank_lag1	0.00626180668472307	0.00162064642530239	0.000885644659055012
Master_delinquency_lag1	0.00531645261916319	0.00056357225877745	0.000676925854054786
rf_002_020	0.00522058270722745	0.00122679787499832	0.000214359853784016
rf_008_024	0.00504580130371441	0.00105737572843336	0.00231847105013764
Visa_delinquency_tend6	0.00484031719116122	0.00146145415478788	0.000643079561352047
mpagomiscuentas_rank_lag1	0.00441153575743258	0.000898666979041099	0.000631797463784467
rf_007_015	0.00424824477008511	0.000520753126193124	0.000361027122162552
mprestamos_personales_rank_lag2	0.00424676967060739	0.00290046442774963	0.000812311024865743
Visa_mpagospesos_rank_lag1	0.00416001558896689	0.00143947608854914	0.00275847285527325
rf_010_023	0.00412700047352096	0.00150923537965782	0.00352001444108489
mactivos_margen_rank_delta2	0.00384712650212429	0.00337352661181466	0.00616002527189855
mpasivos_margen_rank_lag1	0.00379639298107546	0.00223649923120646	0.00261744663567851
mcuenta_corriente_rank_tend6	0.00375512315392973	0.00282593372728751	0.00174308407419107
mpasivos_margen_rank_lag2	0.00361438694535189	0.00175141991865412	0.00292206327000316
vm_Finiciomora_tend6	0.00359844789060672	0.00193549809269342	0.000547181732027619
rf_005_015	0.00353434297536882	0.00125140203855457	0.000423078658784241
vm_Finiciomora	0.00347821686399781	0.00314098369150688	0.000575386975946568
mprestamos_personales_rank_tend6	0.00347255296225813	0.00185435623327206	0.000609233268649307
mcomisiones_mantenimiento_rank_delta2	0.00346804217688247	0.00243869362591183	0.0016189810009477
mprestamos_personales_rank	0.00343279816599072	0.0030179735847999	0.000648720610135837
cdescubierto_preacordado_lag1	0.0033640953289586	0.0030734722290295	0.00047384809783835
rf_007_025	0.00333074832385949	0.00052988763358615	0.000349745024594973
mcuentas_saldo_rank_tend6	0.00317668306161693	0.00320830191588016	0.00207590595243468
rf_002_015	0.00310349837953432	0.000940099014600076	0.00138769800081231
rf_020_027	0.00306558137286312	0.000925751053108185	0.000998465634730809
mprestamos_personales_rank_delta2	0.00299508144492108	0.00495988010033558	0.000925132000541541
rf_014_021	0.00296130772205881	0.000879218171684374	0.00183334085473171
rf_005_020	0.00295562335480283	0.00173851759085382	0.00326052619703055
mcomisiones_otras_rank_delta2	0.00293196088567571	0.00255989714862859	0.00523489327135701
mprestamos_personales_rank_delta1	0.00292353192156994	0.00289649877509072	0.00048513019540593
mcomisiones_rank_delta2	0.00291655168622086	0.00234865630962773	0.00473283992959971
rf_017_026	0.00289306575036123	0.00108984876335875	0.00137077485446094
vm_status05_delta1	0.00287572458094185	0.0012101719131984	0.000203077756216436
Visa_mpagospesos_rank_delta2	0.00282733544943442	0.0022290076735603	0.00467078839297802
cdescubierto_preacordado	0.00281579740447847	0.00322268288812871	0.000259488244054335
mprestamos_personales_rank_lag1	0.00262962811467603	0.00224118822981242	0.000547181732027619
vmr_mconsumospesos_delta2	0.00261551884417197	0.00131630472210202	0.00100974773229839
mcomisiones_rank_delta1	0.00256028438224811	0.00292183074969246	0.00499796922243784
internet_tend6	0.00254904674491866	0.0021067208095611	0.000400514463649082
rf_012_019	0.00253239607979242	0.00145027899416915	0.00254411300148924
rf_017_019	0.00251468651874938	0.00104899711316734	0.000377950268513922
foto_mes	0.00248539850809241	0.00276147912798279	0.000885644659055012
mcuentas_saldo_rank_delta2	0.00248470545119544	0.00257115219063268	0.00249898461121892
rf_001_017	0.00245804299098331	0.00128199475084096	0.00276411390405704
vm_mconsumosdolares_rank	0.0024316969048965	0.000419542533406973	0.00046256600027077
mcomisiones_otras_rank_lag2	0.0023609915887133	0.00240263617514277	0.00482309671014035
Visa_delinquency_lag1	0.00232296932400302	0.00106206495932768	0.000772823683379214
vm_status02	0.00230965831021658	0.00115671472229885	0.00106615822013629
mrentabilidad_rank_delta1	0.00230439072216119	0.00262724120862925	0.00466514734419423
Visa_mpagospesos_rank	0.00229372331248325	0.00198576139609886	0.0038471952705447
mcomisiones_mantenimiento_rank_tend6	0.00228538815031433	0.00232395577221269	0.000992824585947019
mtransferencias_recibidas_rank_lag2	0.00228473393974755	0.00189676852570213	0.00290514012365179
rf_003_027	0.00221247212779876	0.00104074388199504	0.00119026129337967
rf_015_023	0.00215484420020687	0.00119779724130837	0.00283744753824631
vmr_mpagominimo_delta2	0.00215103991872456	0.000949456131669592	0.00125231283000135
Visa_mconsumototal_rank	0.00213350234361038	0.00143729613973804	0.00298975585540864
mcomisiones_rank_lag2	0.00213337955117031	0.00231923371123043	0.00438309490500474
mactivos_margen_rank_delta1	0.00210359682064173	0.00304823017583215	0.00494719978338373
ctrx_quarter_delta2	0.0020912124764377	0.00180308916025174	0.00192923868405614
mrentabilidad_annual_rank_delta2	0.0020452529002278	0.00257532042454965	0.00533643214946523
vmr_mpagominimo	0.002019791134732	0.00109315657538759	0.00157949365946117
rf_007_020	0.00201677819237539	0.000971083339248365	0.000276411390405704
vm_status01_tend6	0.00198751199614601	0.000887676590906307	0.00049077124418972
Visa_mconsumospesos_rank_delta1	0.00198125700340478	0.00176308280739537	0.00332257773365224
rf_020_023	0.00197648552768934	0.00160951126990088	0.00141590324473126
mrentabilidad_rank_delta2	0.00197570256522444	0.00329937389613077	0.0050713028566271
ctarjeta_debito_transacciones_delta2	0.00197507736453654	0.000960142454343661	0.000722054244325105
vm_status01	0.00197193282549542	0.00117957592306518	0.000631797463784467
Master_mlimitecompra_rank_lag1	0.0019710022014007	0.00200784507611107	0.00436053070986958
rf_006_021	0.00195275511754908	0.002026578848282	0.00265129292838124
mrentabilidad_rank_lag2	0.00195077642796483	0.00296402541374083	0.00451283902703191
mrentabilidad_annual_rank_delta1	0.00192906971565224	0.00243001190014833	0.00443386434405885
Master_mfinanciacion_limite_rank_tend6	0.00192826313354943	0.00310091255600842	0.00453540322216707
mtransferencias_recibidas_rank_delta2	0.00191329006396446	0.00217774483335005	0.00258924139175956
Visa_msaldopesos_rank_lag1	0.00190718236893271	0.00181757714000391	0.00254411300148924
thomebanking_lag2	0.00189400899873474	0.00190984762494293	0.00379642583149059
thomebanking	0.00189328308804309	0.00187046519861636	0.0026738571235164
Visa_Fvencimiento_tend6	0.00187819521633467	0.000987429445196436	0.00093641409810912
mcuentas_saldo_rank_delta1	0.00187321623129514	0.00217101969823645	0.0013933390495961
rf_013_026	0.00186635051236833	0.000962441902610084	0.00097590143959565
Master_mfinanciacion_limite_rank	0.00184011202865919	0.0021635371224068	0.00414052980730177
mrentabilidad_annual_rank_lag2	0.00183980879623464	0.00236761870516264	0.00384155422176091
Master_fechaalta_lag1	0.00182852396792063	0.00233406183856828	0.00350873234351731
mcuentas_saldo_rank_lag2	0.00182470667686782	0.00216212573834313	0.00218308587932668
mrentabilidad_rank_lag1	0.00181893943551025	0.00196600978796247	0.00305744844081412
Visa_mconsumototal_rank_tend6	0.00181665225377616	0.00222807245482086	0.00455232636851844
mtarjeta_visa_consumo_rank	0.00180806984329487	0.00119622562989726	0.000817952073649533
chomebanking_transacciones_delta2	0.00179737028781343	0.0019818648879412	0.00335078297757119
Master_Fvencimiento	0.00179636813595929	0.00246387099970636	0.00486258405162688
Visa_mpagospesos_rank_tend6	0.00173630214225735	0.0019476036456157	0.00367232275824721
mextraccion_autoservicio_rank	0.00173589811518313	0.000860874566525563	0.000626156415000677
Visa_mconsumospesos_rank_delta2	0.0017345834897202	0.00206787127853777	0.00417437610000451
mpayroll_rank_lag1	0.00173168172106822	0.00106135854462095	0.000366668170946342
mcuenta_corriente_rank	0.00173010793211695	0.0022750297528847	0.0011733381470283
mpasivos_margen_rank_delta2	0.00171994541376377	0.0021869030341556	0.00522361117378943
Visa_mconsumospesos_rank_lag1	0.00171987790996171	0.00155932379573945	0.00282052439189494
Visa_cconsumos_lag1	0.0016978638978729	0.00177456298843807	0.00340719346540909
Master_mfinanciacion_limite_rank_delta1	0.00168117204085905	0.00188902958095461	0.00440001805135611
rf_012_013	0.00166589023284035	0.00104213420524758	0.000744618439460264
ctrx_quarter_normalizado_delta2	0.00165425431687275	0.00183346659284982	0.00218872692811047
mttarjeta_visa_debitos_automaticos_rank_tend6	0.00165098164125952	0.0021591504858136	0.000778464732163004
mcaja_ahorro_rank_delta1	0.00164460398736331	0.00217887458068447	0.0012805180739203
mactivos_margen_rank	0.001644500455836	0.00321601861256493	0.00182205875716413
mpasivos_margen_rank_delta1	0.00163453565427144	0.0019563510573649	0.00385283631932849
mcomisiones_rank_tend6	0.0016328781770986	0.00135418191986826	0.00208154700121847
ccomisiones_mantenimiento_delta2	0.0016309087807367	0.000644128183720462	0.000101538878108218
chomebanking_transacciones_delta1	0.00162868346030663	0.00251032660653639	0.00296155061148969
Visa_Fvencimiento	0.00162787594925893	0.00206136199092846	0.00313078207500338
Master_mfinanciacion_limite_rank_delta2	0.00162250949453678	0.0024341566213215	0.00415181190486935
matm_other_rank_delta2	0.00159441030337833	0.000795405693010209	0.000733336341892685
Visa_msaldototal_rank_lag1	0.00159332298126192	0.00132664452216548	0.00216052168419153
vm_fechaalta	0.00159250972525189	0.00172041427509653	0.00212667539148879
Master_mfinanciacion_limite_rank_lag2	0.00158407640292478	0.00217303097988977	0.00443386434405885
mpasivos_margen_rank	0.00157569974705996	0.00208612666574015	0.00164718624486665
vmr_mpagominimo_lag1	0.00156532207720502	0.0010209438546409	0.00137641590324473
Master_mfinanciacion_limite_rank_lag1	0.00155779186542175	0.00204452049134207	0.00407847827068009
mcomisiones_rank	0.00155575329918612	0.00190044430829997	0.00292770431878695
Visa_mconsumototal_rank_lag1	0.00154456392942858	0.00158404782008847	0.00341283451419288
mpayroll_sobre_edad_rank	0.00154450917154245	0.00102864694955182	0.000225641951351595
chomebanking_transacciones	0.00154017961983402	0.00222215694787443	0.00242000992824586
mcomisiones_mantenimiento_rank_delta1	0.00153816179460599	0.00211839631930313	0.00111128661040661
mactivos_margen_rank_lag2	0.00153555297000216	0.00255680546801203	0.00381899002662575
chomebanking_transacciones_lag2	0.00152394330997023	0.00198867294999863	0.00386975946567986
mcaja_ahorro_rank_delta2	0.00152193476799224	0.00181075495997627	0.0013933390495961
ctrx_quarter_tend6	0.00150762249555092	0.00132010575974451	0.00108308136648766
mtransferencias_recibidas_rank_lag1	0.00150642072893316	0.00149494079286865	0.00119026129337967
rf_020_015	0.0014967580518478	0.000607787315344732	0.00049641229297351
Visa_mpagominimo_rank_lag1	0.0014944205442405	0.00185039458113488	0.00265129292838124
Visa_mpagominimo_rank	0.00148860627263429	0.00201900343453857	0.00280360124554357
mrentabilidad_annual_rank_lag1	0.00147562311312201	0.00216542841421827	0.00191231553770477
mextraccion_autoservicio_rank_lag2	0.0014677079606123	0.000958999131045205	0.001449749537434
Visa_msaldopesos_rank	0.00146661168398471	0.00187148207961856	0.00260052348932714
Master_mpagominimo_rank	0.00146479794548223	0.00148574645831851	0.00218872692811047
vm_mconsumospesos_rank_tend6	0.00146140764629678	0.000911556995558428	0.0010605171713525
Master_Fvencimiento_lag1	0.00145958679452263	0.00196199744534359	0.00349745024594973
internet_lag2	0.00145931866311289	0.00125823209057657	0.000321539780676023
mcuentas_saldo_rank_lag1	0.00145595787265689	0.00249542174661091	0.00118462024459588
mrentabilidad_rank	0.00145406363813809	0.0021969844263256	0.00264565187959746
Master_mlimitecompra_rank_delta1	0.00145003768931798	0.00222611147650197	0.00448463378311296
mcomisiones_otras_rank_delta1	0.00143496930294148	0.00203112754471968	0.00352565548986868
mcuenta_corriente_rank_delta1	0.00142157086370365	0.0012831166003712	0.0009476961956767
Master_mlimitecompra_rank	0.00141779968124244	0.00191017128005518	0.00358770702649037
mactivos_margen_rank_lag1	0.00141452508710553	0.00281456261853383	0.00230718895257006
cmobile_app_trx_delta2	0.00140256815715031	0.00200582362538963	0.00246513831851618
Visa_mfinanciacion_limite_rank	0.00139708436570163	0.00166275331016122	0.00253847195270545
mcomisiones_otras_rank	0.00139572396484346	0.00182132635153273	0.00292206327000316
Visa_cconsumos_tend6	0.00136048200476512	0.00217105079906662	0.00296719166027348
vm_fechaalta_tend6	0.00135787625907712	0.00147914575233539	0.00107179926892008
vm_fechaalta_lag1	0.00134826023177212	0.00167417203802831	0.00248206146486755
rf_003_015	0.0013355749718436	0.00103181489817928	0.00107744031770387
Master_mlimitecompra_rank_tend6	0.00132602439184282	0.00167590116675601	0.00335078297757119
cproductos_delta2	0.00132467775864384	0.00138638624878298	0.000259488244054335
Master_mlimitecompra_rank_delta2	0.00130985267644299	0.00205540921460547	0.00380770792905817
vm_fechaalta_lag2	0.00130792843448015	0.00185086511991889	0.00236359944040796
Visa_mpagominimo_rank_lag2	0.0013039467072585	0.00125226498980483	0.00229026580621869
mpayroll_rank	0.00130292727936065	0.00144831099557989	0.000428719707568031
rf_018_025	0.0012851518343642	0.00142668830471919	0.00354257863622005
vm_mpagominimo_rank_lag1	0.00128158127302878	0.00153581732372419	0.00174308407419107
Visa_mpagospesos_rank_lag2	0.00128109994504167	0.00168416072133362	0.00308565368473307
rf_010_017	0.00127964934199228	0.000599206505967909	0.000603592219865517
Master_fultimo_cierre_lag2	0.00127850351412386	0.00194138505398162	0.00290514012365179
mautoservicio_rank	0.0012696448161519	0.00101843075270468	0.000524617536892459
ccomisiones_mantenimiento_tend6	0.00126945743460766	0.00219277001864501	0.000327180829459813
Visa_mfinanciacion_limite_rank_delta2	0.00126317563199876	0.00168589387639286	0.00302924319689517
internet	0.00125657116342581	0.000949777721996441	0.000107179926892008
ccaja_seguridad_lag2	0.00125425920163542	0.000946546281217778	0.000107179926892008
vm_Fvencimiento_lag2	0.00125237500357534	0.00192719048023551	0.00299539690419243
Visa_fechaalta_lag1	0.00125044322658537	0.00150261720042821	0.00248770251365134
Master_mlimitecompra_rank_lag2	0.0012443318392844	0.00157651272128007	0.00301796109932759
Visa_mpagominimo_rank_delta1	0.00124163551148454	0.00135609318847852	0.00209847014756984
Visa_fultimo_cierre_tend6	0.00123761959713087	0.00175900976008557	0.00164154519608286
chomebanking_transacciones_lag1	0.00123114163675581	0.00165076901176185	0.00223949636716458
ccaja_ahorro_tend6	0.00122589432729049	0.00262804784285758	0.000253847195270545
vmr_msaldototal_lag1	0.00122290868971147	0.00121005192335654	0.0017825714156776
Visa_mconsumototal_rank_lag2	0.00121302410101551	0.00142171619822436	0.00302924319689517
Visa_mlimitecompra_rank	0.00121080394337177	0.0017264183097172	0.00257231824540819
vmr_Master_mlimitecompra	0.0012107014463851	0.00187220088303773	0.00291078117243558
Visa_mpagospesos_rank_delta1	0.00120887732702188	0.00155509441836466	0.00336770612392256
mcuenta_corriente_rank_lag1	0.00119793724544111	0.00227812589859969	0.00132000541540683
Visa_mconsumospesos_rank	0.00119570927660867	0.00200560808760315	0.00326616724581434
Visa_Fvencimiento_lag1	0.0011951766622331	0.00165485849992543	0.00269078026986777
Master_fechaalta_lag2	0.00119003695415179	0.00209361690708562	0.00300103795297622
Visa_cconsumos_lag2	0.00118789135223954	0.00160324229750292	0.00279231914797599
tcallcenter	0.00118470213632952	0.00153664045042595	0.00106615822013629
ctrx_quarter_normalizado_delta1	0.00118390575476016	0.00178061389368744	0.000930773049325331
Visa_Fvencimiento_lag2	0.0011827879643493	0.00181266532524292	0.00268513922108398
ccomisiones_otras	0.00117937024793903	0.00136783567469713	0.00094205514689291
Visa_msaldopesos_rank_delta1	0.00117525952609636	0.00159522158697705	0.00252154880635408
Visa_msaldototal_rank_delta2	0.00117359289898092	0.00116922259865732	0.00238616363554312
Master_cconsumos_delta1	0.00116654486524151	0.000860105433962152	0.00177128931811002
ctrx_quarter_lag2	0.00116636579954947	0.00213195986881961	0.00244821517216481
mcomisiones_otras_rank_tend6	0.0011661117464361	0.00188943133657481	0.00290514012365179
mactivos_margen_rank_tend6	0.00115768978117239	0.00176166551288347	0.00177128931811002
rf_005_019	0.00115199572851138	0.00146805491239064	0.00261744663567851
rf_019_018	0.00115160192925877	0.00120108943839758	0.00128615912270409
Visa_mfinanciacion_limite_rank_delta1	0.00114996045301068	0.00184540639512371	0.00317026941648991
rf_014_015	0.00114863798548455	0.000901340463183662	0.000581028024730358
Master_Fvencimiento_tend6	0.00114254241057675	0.000861108893859227	0.00105487612256871
Master_fultimo_cierre_tend6	0.00114100608695599	0.00162074587052947	0.00258360034297577
Master_Fvencimiento_lag2	0.0011396666451573	0.0015238729531126	0.00284872963581389
Visa_mconsumosdolares_rank_tend6	0.00113293538961466	0.00146352257937729	0.00250462566000271
mtarjeta_visa_consumo_rank_delta2	0.00113189436441897	0.00162160030453993	0.00181641770838034
cmobile_app_trx_lag2	0.0011171450504236	0.00202940159059953	0.00229590685500248
ctrx_quarter_normalizado_lag2	0.00111697922530375	0.00192681639273974	0.00242000992824586
Visa_mfinanciacion_limite_rank_tend6	0.00111562015959707	0.00218159400630229	0.00275847285527325
Visa_mfinanciacion_limite_rank_lag1	0.00111488121392769	0.00148680383492448	0.00209282909878605
vm_mpagominimo_rank	0.0011125208275612	0.00152672243440113	0.00185590504986687
Master_mpagominimo_rank_lag2	0.00110148536857361	0.00138727537118825	0.00249898461121892
Visa_mlimitecompra_rank_lag1	0.00110040384817304	0.00134164764006641	0.00243693307459723
mcomisiones_otras_rank_lag1	0.00109674147162239	0.00185126310730573	0.00262872873324609
Master_mpagominimo_rank_tend6	0.00108179063223131	0.00186361516979557	0.00219436797689426
Visa_mconsumospesos_rank_tend6	0.00106629237770405	0.00160830907440856	0.00297847375784106
mttarjeta_visa_debitos_automaticos_rank_delta2	0.00106548587474796	0.00100452416490295	0.000874362561487432
mrentabilidad_annual_rank	0.00106503277005942	0.00236815185856406	0.00191231553770477
Visa_mconsumototal_rank_delta1	0.00106361562233319	0.00169016666588079	0.00344103975811183
mrentabilidad_annual_rank_tend6	0.00106114502280134	0.00192518712219618	0.00191795658648856
Master_msaldopesos_rank_lag2	0.00106072547202532	0.00173666591711231	0.00255539509905682
ctrx_quarter_delta1	0.00106043150613131	0.00150798166776964	0.00103231192743355
Master_mpagospesos_rank_tend6	0.00105797577717424	0.00209170008936458	0.00253283090392166
Visa_fechaalta_lag2	0.00105745758749738	0.00145274669663627	0.00237488153797554
cprestamos_personales_tend6	0.00105680926402672	0.0028038288832249	0.000400514463649082
Master_msaldopesos_rank	0.00105262436765487	0.00148750307450192	0.00200257231824541
rf_016_021	0.00104678995879516	0.00106468272007412	0.00157949365946117
Master_cconsumos_tend6	0.00104415882963622	0.00144803702436644	0.00234667629405659
vm_Finiciomora_lag1	0.00104178837753154	0.0019781390601071	0.000411796561216661
ccaja_seguridad_lag1	0.00103980557133532	0.0014361397566719	0.000146667268378537
cliente_edad_lag2	0.00103635545291603	0.00169898355765887	0.00144410848865021
Visa_mconsumototal_rank_delta2	0.00103305805932581	0.00138099764926213	0.00302924319689517
Visa_mpagominimo_rank_delta2	0.00103289549025394	0.00180760306505534	0.00242000992824586
Visa_msaldopesos_rank_lag2	0.00102722986258221	0.00157379520558875	0.00231847105013764
vm_Fvencimiento_lag1	0.0010235474023533	0.00167374387896473	0.00230154790378627
Master_mconsumospesos_rank_tend6	0.00102353529001835	0.00177456128499011	0.0025102667087865
mcaja_ahorro_dolares_rank_lag2	0.00102181297154334	0.00126533588152365	0.00102667087864976
vmr_Master_mlimitecompra_lag1	0.00102018273729677	0.00169759346669468	0.00235231734284038
active_quarter_lag1	0.00101155726620239	0.000693059287582514	0.0005020533417573
Master_fultimo_cierre_lag1	0.00100972221649175	0.0017768123398486	0.00230718895257006
Visa_fechaalta	0.00100946187381379	0.00188191092355261	0.00234667629405659
vm_msaldototal_rank_lag2	0.00100785320099814	0.000977567797813176	0.00138205695202852
mcuenta_corriente_rank_delta2	0.00100634737077408	0.0023483823642241	0.000840516268784693
ccomisiones_otras_tend6	0.00100630910006235	0.00172580096469088	0.00169795568392075
ctrx_quarter_lag1	0.00100381863333593	0.00114966355756978	0.00095897829324428
rf_008_026	0.00100146778092622	0.000525588182556682	0.00046256600027077
Master_msaldodolares_rank_delta1	0.000995081517426571	0.00029139469860586	0.000603592219865517
rf_003_025	0.000988484627511528	0.000948408382125577	0.00128615912270409
Visa_mlimitecompra_rank_delta2	0.000986805905220207	0.00182357010221285	0.00282052439189494
internet_lag1	0.000985585048492408	0.00164554812443553	0.000174872512297486
Visa_mconsumosdolares_rank_lag2	0.000984952147342081	0.00146081980109179	0.00239180468432691
vmr_msaldototal	0.000980820464987534	0.00120551747393816	0.00181077665959655
vm_Fvencimiento	0.000977256046750927	0.00142474428345044	0.00208154700121847
rf_010_022	0.00097495317615271	0.000991897072997151	0.000282052439189494
vmr_msaldopesos_lag1	0.000970273895871793	0.00115926496456254	0.00137077485446094
rf_019_021	0.00096341972342984	0.00134161576494172	0.00223949636716458
cliente_antiguedad_lag2	0.00096282895146978	0.00179682504009947	0.0018953923913534
Visa_msaldopesos_rank_delta2	0.00095798361985597	0.0014706277382447	0.00232975314770522
vmr_Visa_mlimitecompra_lag2	0.000956686687211375	0.00127880935477683	0.00177693036689381
mplazo_fijo_dolares_rank	0.000956249269787688	0.00230317799153977	0.000265129292838125
Master_msaldototal_rank_lag1	0.00095134180202227	0.00152789234181168	0.0021718037817591
ccaja_ahorro	0.000950514238881037	0.00140116647309944	0.000112820975675798
Visa_cconsumos	0.000946952328768174	0.00121204805464695	0.00246513831851618
vm_status04_tend6	0.000946434843910615	0.000322158839700509	0.000141026219594747
cliente_edad_lag1	0.0009447257077917	0.00225267122412525	0.00154564736675843
Master_fultimo_cierre_delta1	0.000944192455625385	0.00103679980634361	0.00184462295229929
Visa_mconsumosdolares_rank_lag1	0.000943901509535932	0.00131582540798004	0.00253283090392166
vm_msaldototal_rank_lag1	0.000942035450572372	0.00101181814839566	0.00112256870797419
mcuenta_debitos_automaticos_rank	0.000941257282325856	0.00127626362923121	0.00046820704905456
Master_msaldototal_rank_lag2	0.000940586203161719	0.00151802620352016	0.00208154700121847
Master_fultimo_cierre	0.000939353818986625	0.00132111358150075	0.00208154700121847
Master_mpagominimo_rank_delta2	0.000937735619076214	0.00135053966422343	0.00191231553770477
Master_fechaalta	0.000937577071975415	0.00144870420815047	0.00216052168419153
Visa_mlimitecompra_rank_delta1	0.000936853471811163	0.00191284644183589	0.00253847195270545
vm_mlimitecompra_rank_delta2	0.000936001304292851	0.00159768322413705	0.00233539419648901
Visa_mpagosdolares_rank_tend6	0.000931748034920889	0.00119906076092723	0.00182205875716413
Master_fechaalta_tend6	0.000930615529354033	0.00134009990273655	0.00162462204973149
Visa_mfinanciacion_limite_rank_lag2	0.000928739071773632	0.00140994800542746	0.00208718805000226
Visa_msaldopesos_rank_tend6	0.000924598749482453	0.00218212630797974	0.0021718037817591
Visa_msaldototal_rank_lag2	0.000924570973839893	0.00102049486705456	0.00224513741594837
mcomisiones_rank_lag1	0.000922263103069965	0.00151516792108384	0.0022846247574349
thomebanking_delta2	0.000914981277054673	0.00149306565800298	0.00148923687892053
vm_msaldototal_rank	0.000913248945797309	0.00076149249607456	0.000987183537163229
Visa_mconsumosdolares_rank_delta1	0.000911620579935703	0.00140225492472575	0.0027302676113543
Master_mconsumototal_rank_delta1	0.000911293422764764	0.00122962624385608	0.00181641770838034
Visa_mlimitecompra_rank_tend6	0.000909891176299359	0.00187158795149021	0.00218308587932668
vm_mfinanciacion_limite_rank_delta2	0.000906947717510539	0.00190682003010339	0.00202513651338057
Master_mpagospesos_rank_delta2	0.000905126961392267	0.001740420522893	0.00181641770838034
Visa_mconsumosdolares_rank_delta2	0.000900547325948058	0.00124915433897237	0.00220565007446184
Master_msaldopesos_rank_delta2	0.000897700759863818	0.00152725744610942	0.00226770161108353
Visa_msaldototal_rank_delta1	0.000895912092106519	0.0013592044587466	0.00174872512297486
vmr_msaldototal_delta2	0.000895533245347816	0.00106837200120656	0.00158513470824496
vm_msaldopesos_rank	0.000890052383856648	0.0008100263868443	0.00104359402500113
vm_mlimitecompra_rank_delta1	0.000889786328683083	0.00165653110515268	0.00230154790378627
cpayroll_trx_tend6	0.000889321939792921	0.00111936040562665	0.000236924048919175
vmr_msaldototal_delta1	0.00088507391908914	0.00101287805436375	0.00150051897648811
thomebanking_lag1	0.000877764982665765	0.00157224803607486	0.00289385802608421
Visa_mpagominimo_rank_tend6	0.000877468357111982	0.0014989551486533	0.00188411029378582
vm_mpagospesos_rank_delta2	0.000875766721948704	0.00105377613641696	0.00165846834243423
Master_mpagospesos_rank	0.000873800617479083	0.00153951039889981	0.00192359763527235
cmobile_app_trx_tend6	0.000873314126889495	0.00220468886334703	0.00144410848865021
ctarjeta_visa_transacciones_delta2	0.00087203011600448	0.00133630740814367	0.000851798366352272
Master_msaldototal_rank_delta1	0.000868562209589378	0.00125580996824726	0.00184462295229929
mcuentas_saldo_rank	0.000863698303480347	0.00308309051564295	0.000665643756487206
Master_Fvencimiento_delta1	0.000855285358144892	0.000867152185212415	0.00128615912270409
Visa_mlimitecompra_rank_lag2	0.000854603653905899	0.00126388596340235	0.00182205875716413
Visa_cconsumos_delta2	0.000849903270398693	0.00160021849670656	0.00243129202581344
Master_mconsumototal_rank_delta2	0.00084958890023797	0.0013949427969313	0.00193487973283993
mpayroll_sobre_edad_rank_lag1	0.00084770813963594	0.0012226983468157	0.000366668170946342
mcaja_ahorro_rank_tend6	0.000846559800609144	0.00214620841089425	0.00162462204973149
rf_020_026	0.000843233535995786	0.00078602253383477	0.00168103253756939
Master_cconsumos_lag2	0.000839932604857855	0.000872059663924058	0.00209847014756984
ccomisiones_mantenimiento_delta1	0.000836453625856062	0.000688143833637243	8.46157317568482e-05
Master_msaldototal_rank_tend6	0.000835226352765126	0.00171375717466203	0.00207026490365089
cliente_antiguedad	0.000834197351175167	0.00170204532469687	0.00164718624486665
Master_status	0.000827112496980196	0.00111211300885464	0.000738977390676475
Master_mpagospesos_rank_lag2	0.000825147141118061	0.00139533389309685	0.00214359853784016
ctarjeta_debito_transacciones	0.000821743343877603	0.000558225884118129	0.000107179926892008
Master_mpagospesos_rank_lag1	0.000819529822059865	0.00143970388599897	0.00216616273297531
ctrx_quarter_normalizado_tend6	0.000819052841869285	0.00174833683270682	0.00124103073243377
vmr_mpagospesos_lag2	0.000818950338373762	0.000834766284231124	0.0013369285617582
cliente_antiguedad_lag1	0.000818864362890027	0.00149163951072366	0.00166975044000181
mcomisiones_mantenimiento_rank_lag2	0.000817298158308363	0.00117672961638421	0.00117897919581209
vm_mfinanciacion_limite_rank_tend6	0.000813851802613913	0.00149654291148413	0.00163026309851528
Master_msaldototal_rank	0.000811562429060368	0.00111193355319312	0.00183334085473171
vm_mlimitecompra_rank_tend6	0.000811490346438227	0.00203092640881141	0.00164718624486665
ccomisiones_otras_lag2	0.0008068569477972	0.00136727281419569	0.00175436617175865
vmr_msaldopesos2_tend6	0.000805662395836632	0.00142911027218959	0.00139898009837989
vm_Fvencimiento_tend6	0.000804637884856978	0.00115700252757451	0.00102102982986597
Visa_msaldototal_rank_tend6	0.000798907263104143	0.000985357845999469	0.00193487973283993
ccajas_transacciones_delta1	0.000798554906076874	0.00135877862256661	0.000389232366081502
rf_004_025	0.000798388500463951	0.00106513872793085	0.00277539600162462
mttarjeta_visa_debitos_automaticos_rank_delta1	0.000797919983602375	0.00130902988949394	0.00112820975675798
rf_019_022	0.000797263080878073	0.00117281243456268	0.00123538968364998
Visa_msaldototal_rank	0.000790609554798826	0.00108272437617725	0.00164718624486665
Visa_cconsumos_delta1	0.000790012036227259	0.00100263395710383	0.00165282729365044
vmr_mpagominimo_delta1	0.000787386112307542	0.00130533709822632	0.00163026309851528
ctarjeta_visa_transacciones_lag2	0.000785079765446417	0.00107977867588884	0.00148359583013674
rf_018_021	0.000784866478160296	0.00073907535321942	0.00093641409810912
mcaja_ahorro_dolares_rank_delta2	0.000781372800460683	0.00186618680839802	0.000705131097973735
Master_mpagosdolares_rank_tend6	0.000780033285134242	0.00148741963136174	0.00264565187959746
cproductos_tend6	0.000778727666031223	0.00183150948600357	0.000332821878243603
vm_mpagominimo_rank_delta2	0.000772709590919376	0.00118363565250911	0.00125231283000135
vmr_mpagospesos	0.000770346072490465	0.00117381300376019	0.00121282548851482
vm_mfinanciacion_limite_rank_delta1	0.000769798115225235	0.00123444842112068	0.00229026580621869
vm_msaldopesos_rank_tend6	0.000767989525663787	0.00151186694865666	0.00168667358635317
Master_mpagospesos_rank_delta1	0.000766526217718637	0.00115942157853552	0.00182769980594792
vmr_Visa_mlimitecompra	0.000761973288117628	0.00100766475512379	0.00160205785459633
rf_001_021	0.00076162703590121	0.000646883846322148	0.000569745927162778
mcaja_ahorro_dolares_rank_lag1	0.000760800652574606	0.0013755998356364	0.000778464732163004
mpagomiscuentas_rank	0.000759706971863418	0.00114824401760376	0.000569745927162778
vmr_Visa_mlimitecompra_lag1	0.000759108397951444	0.00104698219232974	0.00173744302540728
vm_msaldopesos_rank_delta2	0.000757978483575506	0.000870978232568121	0.0015061600252719
ccallcenter_transacciones_tend6	0.000756041675409953	0.00193488676135459	0.000750259488244054
vm_fultimo_cierre	0.000753938452951335	0.00147199780079046	0.00141590324473126
vm_mlimitecompra_rank_lag2	0.000753696018076134	0.000915633294905236	0.00173180197662349
vmr_msaldopesos_lag2	0.000753614495104988	0.000824273586808421	0.00134256961054199
vmr_mpagominimo_lag2	0.000749682495052373	0.00154108639797991	0.00166410939121802
Master_mconsumototal_rank_tend6	0.000746386545512966	0.00166728295895354	0.00156821156189359
Master_msaldopesos_rank_lag1	0.000745393946203416	0.000881588519519646	0.00179385351324518
vm_mfinanciacion_limite_rank_lag2	0.00074370879955178	0.00107433017178142	0.00150051897648811
mrentabilidad_rank_tend6	0.000742391264390272	0.00240896414878369	0.00131436436662304
vmr_msaldototal_tend6	0.000740023032775683	0.00143502629533237	0.00165282729365044
vm_cconsumos_tend6	0.000737635345051428	0.0013445991733736	0.00095897829324428
rf_014_022	0.000737268366210434	0.00106355945100392	0.0023974457331107
Visa_fechaalta_tend6	0.00072956930955587	0.000694391874273167	0.000558463829595198
Master_mconsumototal_rank_lag2	0.000728216329005338	0.00135313835151469	0.00191795658648856
rf_004_026	0.000727289660196118	0.000664172423568391	0.00049077124418972
vm_mpagominimo_rank_tend6	0.000724648420111586	0.00125979554608533	0.0015625705131098
vmr_msaldopesos2_delta2	0.000723953790233408	0.00108898382475254	0.00164154519608286
Visa_mconsumosdolares_rank	0.000717943340278545	0.00143210723077568	0.00218872692811047
Visa_fechaalta_delta1	0.000714387480489564	0.000814727412825248	0.000750259488244054
mextraccion_autoservicio_rank_delta2	0.000713900477116649	0.00152233657210246	0.00138205695202852
Visa_fultimo_cierre_lag2	0.000712508519837662	0.00114428430120289	0.00142154429351505
Visa_mpagado_rank_tend6	0.000708851272704681	0.00111027896321853	0.00119026129337967
rf_016_022	0.000708108827394631	0.000770840682947199	0.000349745024594973
vm_mpagospesos_rank_tend6	0.000703848050443303	0.00139741545488339	0.00157385261067738
rf_015_014	0.000700771899560418	0.00145983391768048	0.00100974773229839
Master_msaldototal_rank_delta2	0.000700388965807493	0.00119891560651325	0.00174308407419107
Master_mpagominimo_rank_lag1	0.000700307444652857	0.00121230468166299	0.00164154519608286
vmr_Master_mlimitecompra_lag2	0.000697094535487702	0.00125845617141266	0.00176000722054244
rf_006_016	0.000696277911467698	0.00151569671262609	0.000383591317297712
vm_msaldopesos_rank_lag2	0.000693285696893816	0.000896623538355095	0.00141590324473126
vm_mfinanciacion_limite_rank_lag1	0.00069275080418744	0.000962483817753809	0.00151744212283948
ccallcenter_transacciones_delta2	0.000686941370359369	0.00124952873618595	0.00049077124418972
Master_msaldopesos_rank_tend6	0.000686936480686835	0.00112971948562382	0.00140462114716368
Master_mconsumospesos_rank_lag2	0.000685121001219013	0.00115553420705328	0.00170359673270454
Master_cconsumos_lag1	0.000682354141266026	0.000877713846467649	0.002121034342705
mcaja_ahorro_dolares_rank_tend6	0.000675502096312105	0.00146465227509207	0.000722054244325105
rf_009_015	0.000674898787299089	0.000940830387400391	0.00207590595243468
vm_mconsumototal_rank_tend6	0.000672787339462685	0.00129959456867721	0.00151180107405569
mcomisiones_mantenimiento_rank	0.00067205109599199	0.00163096255776314	0.00137641590324473
vmr_Master_mlimitecompra_tend6	0.000669943905052883	0.00206971675792306	0.00152872422040706
mautoservicio_rank_delta2	0.000669598518415688	0.00160285194982208	0.00138769800081231
mpasivos_margen_rank_tend6	0.000668407049746996	0.00140593579185766	0.00151180107405569
Master_mconsumospesos_rank_delta1	0.000667152343681895	0.00166147084613628	0.0019518028791913
Master_mconsumospesos_rank_delta2	0.000665776144351253	0.00145135041131587	0.00165846834243423
Visa_fultimo_cierre_delta1	0.00066540188859651	0.000915446948022423	0.00120718443973104
tcallcenter_delta2	0.000664560354705589	0.00123448109634971	0.00102667087864976
cmobile_app_trx	0.000660732225351238	0.00106842225292136	0.000242565097702965
vm_mlimitecompra_rank	0.000659788552141805	0.00126751446241442	0.0015625705131098
mcaja_ahorro_dolares_rank_delta1	0.000657492663525592	0.00175088005470013	0.000795387878514373
vm_fultimo_cierre_lag2	0.000654981686661439	0.0012441066355219	0.00141026219594747
vmr_mpagospesos_tend6	0.000652728808549707	0.00114436993817756	0.00136513380567715
mcuenta_debitos_automaticos_rank_delta2	0.000651160372640887	0.00143024241983704	0.000710772146757525
mtarjeta_visa_consumo_rank_lag2	0.000650812457566656	0.0012668333413289	0.00142154429351505
Master_mconsumospesos_rank	0.000646813511015238	0.000946966852194985	0.00141026219594747
vm_fultimo_cierre_lag1	0.000645622003151485	0.00162126413166616	0.00143282639108263
Master_cconsumos	0.000639209574832384	0.000898878051729139	0.00173180197662349
mcomisiones_mantenimiento_rank_lag1	0.000638658982721902	0.00115716835565236	0.00109436346405524
tcallcenter_delta1	0.000638114068421598	0.000909018729050084	0.000434360756351821
vmr_mpagominimo_tend6	0.00063700945282007	0.00114601712073451	0.00125795387878514
ccajas_transacciones_delta2	0.000629487899730469	0.00110555992198493	0.000812311024865743
Master_mconsumospesos_rank_lag1	0.000627775540558737	0.00112861487705171	0.0017825714156776
cmobile_app_trx_lag1	0.000627075964414898	0.00137183291857274	0.00101538878108218
Master_mconsumototal_rank_lag1	0.00062498537553793	0.00105047335730255	0.00147795478135295
vmr_msaldopesos_tend6	0.0006188641596763	0.00121358941695188	0.00142154429351505
vmr_msaldopesos2_lag1	0.000616502616112811	0.00111432947855759	0.00137077485446094
vm_msaldototal_rank_delta1	0.000614963496857467	0.00108473111530268	0.00140462114716368
mtransferencias_recibidas_rank_tend6	0.000614765202855332	0.00106722604530671	0.000880003610271222
rf_017_025	0.000611765886915147	0.00108439223239807	0.00156821156189359
vm_mpagominimo_rank_lag2	0.000609743523565771	0.00107460303317271	0.00126923597635272
vm_mconsumototal_rank_delta2	0.000607693998156174	0.000709012774585799	0.000987183537163229
vmr_msaldototal_lag2	0.000605329474309943	0.000704957510240306	0.00135949275689336
Master_mpagosdolares_rank	0.000603688534742114	0.000702648434911931	0.00146103163500158
vm_status05_tend6	0.000603208271691567	0.000747613086010728	0.000214359853784016
rf_003_017	0.000603138034529586	0.000923975776426671	0.000868721512703642
rf_019_020	0.000603036973936179	0.00115814659935767	0.00107744031770387
ctransferencias_recibidas_lag2	0.000601521176560703	0.00123431668781183	0.000524617536892459
vm_fultimo_cierre_tend6	0.000601338353782055	0.00125464527441986	0.00124667178121756
rf_007_021	0.000598112600770376	0.000939677101512356	0.00202513651338057
mtransferencias_emitidas_rank_lag1	0.000596299545457039	0.00113777018715769	0.00119026129337967
ccomisiones_otras_delta2	0.000596036446166272	0.00110132259518634	0.00176564826932623
Master_msaldopesos_rank_delta1	0.000593511680033011	0.00137326776376058	0.00152308317162327
ccajeros_propios_descuentos_delta1	0.000592665256262791	0.000513023137452303	0.000552822780811409
rf_018_018	0.000592370664139166	0.000629266271331416	0.000434360756351821
mpayroll_rank_delta2	0.000591022899310738	0.00123291234982835	0.000389232366081502
rf_009_021	0.00058995085484876	0.000979575956478571	0.00103231192743355
Visa_Finiciomora_tend6	0.000588710486832513	0.00188918905981734	0.00047948914662214
vmr_mconsumospesos	0.000588327867087537	0.00100384456659667	0.00112820975675798
rf_006_022	0.000585631383535703	0.000544746758514899	0.000423078658784241
ccomisiones_otras_delta1	0.000581384306596324	0.000926111125873022	0.00104359402500113
vmr_mconsumospesos_lag1	0.000581070218286416	0.000864856582608809	0.0012805180739203
Visa_fultimo_cierre	0.000580683921965633	0.00101039847938055	0.00111128661040661
vm_mpagospesos_rank_delta1	0.000580359708161441	0.00120964157306709	0.00141026219594747
mtransferencias_recibidas_rank_delta1	0.000580217717453059	0.0010930487419698	0.00120154339094724
Visa_mpagosdolares_rank_delta1	0.00057720969059148	0.00101726311655808	0.00185026400108308
Master_mpagominimo_rank_delta1	0.000576954534535561	0.00147720175687646	0.00146103163500158
cliente_edad	0.000576521000549414	0.00180624484921585	0.000801028927298163
rf_002_021	0.000576319212176289	0.000742390830764073	0.00105487612256871
mttarjeta_visa_debitos_automaticos_rank_lag2	0.000572413653771959	0.000940581993716154	0.00137641590324473
tcallcenter_tend6	0.000571508734525864	0.00106006807955256	0.000327180829459813
Visa_Finiciomora_lag2	0.000571231687674797	0.00062953949406015	0.000141026219594747
thomebanking_tend6	0.0005703696001426	0.00256849112101237	0.000586669073514148
cpagomiscuentas_tend6	0.000568842870135614	0.00138250308430101	0.000440001805135611
vmr_mpagospesos_delta2	0.000567175880958784	0.000869645387779292	0.00139898009837989
ctransferencias_emitidas_tend6	0.000564830190918682	0.0019222182446916	0.000806669976081953
vm_msaldototal_rank_delta2	0.000564364978846792	0.00114134626643029	0.00122974863486619
mpagomiscuentas_rank_delta1	0.000563418016332684	0.000911548994514983	0.00050769439054109
vm_mconsumospesos_rank_delta2	0.000562301951071076	0.000853245778079411	0.00112256870797419
ccajas_otras_tend6	0.000557330378053109	0.00183752363807273	0.000276411390405704
vm_mlimitecompra_rank_lag1	0.000555905461930845	0.000913727549595936	0.00143282639108263
cprestamos_personales_delta2	0.000552109297601764	0.000545816704502019	7.33336341892685e-05
Master_Fvencimiento_delta2	0.000545667311834866	0.000613126798782763	0.00104923507378492
rf_003_023	0.000541326152390071	0.000814230806125496	0.0005020533417573
Visa_mpagado_rank_lag2	0.000541153938328549	0.00101014745309492	0.000682566902838576
vm_mfinanciacion_limite_rank	0.000539968376414261	0.000656497564597887	0.00101538878108218
mpayroll_sobre_edad_rank_tend6	0.000534825811658075	0.00117501633488448	0.000417437610000451
rf_015_017	0.000533489058690142	0.000704918718084507	0.000614874317433097
ccajas_consultas_tend6	0.000530734099326604	0.00291727402640152	0.00048513019540593
vmr_msaldopesos_delta1	0.000529931488645096	0.000790357421743753	0.00106615822013629
vmr_mpagospesos_lag1	0.00052988916096571	0.000985687876136661	0.00131436436662304
vmr_mconsumospesos_delta1	0.000529346571647316	0.00107494214836568	0.00116769709824451
vmr_msaldopesos2_lag2	0.000527803478730427	0.00137065459716166	0.00131436436662304
mautoservicio_rank_tend6	0.000525581830177887	0.00132377826449553	0.000930773049325331
mcuenta_debitos_automaticos_rank_tend6	0.000523878779761232	0.00199135789370019	0.000575386975946568
mpagomiscuentas_rank_delta2	0.000523410241864817	0.00084674627239096	0.000547181732027619
vm_msaldopesos_rank_delta1	0.000523042917998538	0.00126648175999404	0.00150051897648811
Master_mconsumosdolares_rank_delta1	0.000522765634712103	0.000613592846658519	0.00185026400108308
vmr_msaldopesos	0.000522067400537413	0.000610333608706338	0.000913849902973961
rf_011_027	0.000521315164518855	0.000950280445622956	0.00147795478135295
Master_fultimo_cierre_delta2	0.000519130346428889	0.000699470343026172	0.00125795387878514
rf_017_021	0.000512192245499134	0.000775880333734588	0.000880003610271222
rf_002_017	0.000512086692967823	0.000991150962791007	0.00120718443973104
vmr_msaldopesos_delta2	0.000508929472644463	0.00095060304253269	0.00112820975675798
vmr_mconsumospesos_lag2	0.000508893399574721	0.000792781918576275	0.00113949185432556
vm_mpagospesos_rank_lag2	0.00050842489869456	0.000766024570989733	0.00097590143959565
ccomisiones_otras_lag1	0.000503708129852875	0.00127517522922453	0.000896926756622591
mtransferencias_emitidas_rank	0.000502954772976842	0.00211670719579265	0.000716413195541315
rf_011_015	0.000502609677183394	0.000673173571634063	0.00131436436662304
mpayroll_sobre_edad_rank_lag2	0.000500913212152288	0.000844429634786039	0.000406155512432872
mttarjeta_visa_debitos_automaticos_rank_lag1	0.00050037703474546	0.00122247385302253	0.0010605171713525
vm_mpagominimo_rank_delta1	0.000498905905137539	0.00122838822433698	0.00126923597635272
mcaja_ahorro_rank_lag2	0.000498413733200743	0.0015404922817894	0.000868721512703642
mcuenta_debitos_automaticos_rank_lag2	0.00049753538040883	0.000943208374941662	0.000597951171081728
vm_status03_tend6	0.000497484499345632	0.000785531243957437	0.000129744122027167
ctarjeta_visa_tend6	0.000496686025702083	0.000341742193636196	8.46157317568482e-05
mtransferencias_emitidas_rank_lag2	0.000494396179491121	0.00112177788218879	0.000868721512703642
vm_mconsumototal_rank_delta1	0.000492743075794209	0.000804802299100598	0.00119026129337967
cplazo_fijo_tend6	0.000490440232502806	0.00118142630631581	0.000174872512297486
rf_013_017	0.000486825665640054	0.000905966021258052	0.000518976488108669
Visa_Fvencimiento_delta2	0.000486802903630316	0.000728922106517321	0.000518976488108669
rf_004_022	0.000485576171482279	0.000422015939843779	0.000451283902703191
numero_de_cliente	0.000485334189382534	0.00227996536429749	0.000829234171217113
rf_009_023	0.00048393924731396	0.000685191319556995	0.00104359402500113
mtarjeta_master_consumo_rank_lag2	0.000472806006741329	0.000967248361695782	0.00124103073243377
rf_020_024	0.000471492895621618	0.00117519966201864	0.000913849902973961
mautoservicio_rank_delta1	0.0004665983585373	0.00102249742498954	0.000817952073649533
chomebanking_transacciones_tend6	0.000466246364081811	0.00108259728863557	0.00095333724446049
vmr_mpagospesos_delta1	0.000465220847564752	0.0010248517449281	0.00116205604946072
mtransferencias_emitidas_rank_tend6	0.000465083033304313	0.00111658489527525	0.000744618439460264
mpayroll_sobre_edad_rank_delta2	0.000464147755927815	0.00136878508883622	0.000361027122162552
mtarjeta_visa_consumo_rank_delta1	0.000463902118943459	0.000776996195387156	0.000795387878514373
vmr_Visa_mlimitecompra_tend6	0.00046279383259963	0.00108128191709323	0.000806669976081953
Visa_fultimo_cierre_lag1	0.000462323326789587	0.000694738680791776	0.00107744031770387
ctrx_quarter	0.000455157906393586	0.00127782290354953	0.000733336341892685
mextraccion_autoservicio_rank_lag1	0.000452421519708798	0.000536359471150172	0.000541540683243829
mtransferencias_emitidas_rank_delta2	0.000450982809790404	0.00187817446207367	0.000772823683379214
vmr_Master_mlimitecompra_delta1	0.000449873733993202	0.00105143069505564	0.000795387878514373
Visa_mpagado_rank	0.000447604578418184	0.0010604294686181	0.00046256600027077
vmr_msaldopesos2	0.000444880232905769	0.000961438313663921	0.00101538878108218
vm_msaldopesos_rank_lag1	0.000443297523861428	0.000671446146354314	0.0009476961956767
mautoservicio_rank_lag1	0.000442117377572166	0.000721613592097322	0.000705131097973735
mpayroll_rank_delta1	0.000441277217871065	0.00118284362663752	0.000321539780676023
rf_013_015	0.000438623521828964	0.000787329749474758	0.000908208854190171
vm_fultimo_cierre_delta2	0.00043841421974124	0.000433346914331147	0.000620515366216887
vm_status05_delta2	0.000437498681611518	0.00076774386617695	0.000214359853784016
cprestamos_personales_delta1	0.000435663149081645	0.000640447961833993	6.20515366216887e-05
cproductos_delta1	0.000433290585213227	0.00121328416423955	0.000129744122027167
ctarjeta_debito_transacciones_tend6	0.000432275124824227	0.00207281432317802	0.000744618439460264
vmr_mpagado_tend6	0.000431858323849031	0.00104759352366856	0.000626156415000677
vm_mpagado_rank_tend6	0.000430399886029784	0.000763748996804557	0.000524617536892459
vmr_msaldopesos2_delta1	0.000427597508191344	0.000761639482985588	0.00118462024459588
thomebanking_delta1	0.000420806138363792	0.000695219904840259	0.000423078658784241
mpagomiscuentas_rank_lag2	0.000420450351961622	0.00110594977927923	0.000902567805406381
rf_012_020	0.000420165644653844	0.000789329210231633	0.00046820704905456
vm_msaldototal_rank_tend6	0.000418418549133498	0.000747422841845463	0.00116205604946072
ctrx_quarter_normalizado_lag1	0.000418246065856605	0.000879392284713662	0.000744618439460264
mcaja_ahorro_rank	0.000415062824542112	0.00184774559050918	0.000744618439460264
ctarjeta_visa_transacciones	0.000412165854611324	0.00158987123760583	0.000592310122297938
Visa_mpagado_rank_delta1	0.000411699250189655	0.00127106418986328	0.000812311024865743
vm_status03_delta1	0.000411636596761466	0.000788305515437587	0.000141026219594747
ctarjeta_debito_transacciones_lag2	0.000410626200830873	0.00109315745292138	0.00095897829324428
mplazo_fijo_dolares_rank_delta2	0.000407126938417522	0.00208369416786418	0.000270770341621914
mtransferencias_recibidas_rank	0.000405361238324936	0.00158788785636529	0.000874362561487432
vm_mconsumospesos_rank_lag2	0.000405184477241416	0.00076264160077215	0.00095333724446049
ctarjeta_debito_transacciones_delta1	0.000403461117159991	0.00131740527853277	0.000270770341621914
rf_015_024	0.000403126151689762	0.000884119714137978	0.000733336341892685
rf_018_023	0.000402985732133033	0.000766119318830011	0.00102102982986597
ctarjeta_master_delta2	0.00040230197729288	0.000318887419514438	9.5897829324428e-05
cpagomiscuentas_delta2	0.000400079328311558	0.000554405231014293	0.000118462024459588
rf_020_017	0.000398042310386028	0.000629733325790056	0.00097026039081186
Master_cconsumos_delta2	0.000396350171137915	0.000563059908088984	0.00121846653729861
vmr_mconsumospesos_tend6	0.000393901592042879	0.000892571164709169	0.000925132000541541
rf_001_026	0.000393092611164902	0.000878479314036966	0.000400514463649082
mcaja_ahorro_dolares_rank	0.000391040711664621	0.00180300558806246	0.000558463829595198
Visa_fultimo_cierre_delta2	0.000390262227606605	0.000445489220433643	0.000710772146757525
Master_mpagado_rank_tend6	0.00038958267225805	0.00088812222321637	0.000880003610271222
mprestamos_prendarios_rank_lag2	0.000388251342334887	0.00208588779587859	0.000191795658648856
ccajas_transacciones	0.000386785764956146	0.0011269143972215	0.000795387878514373
rf_004_016	0.00038324505686242	0.000806608908900634	0.000925132000541541
ctransferencias_recibidas_tend6	0.000382951427509218	0.00128198747247241	0.000772823683379214
vmr_Master_mlimitecompra_delta2	0.000379239193315244	0.000716023056563844	0.000834875220000903
rf_007_016	0.000377933871630864	0.000718261464611728	0.00108872241527145
rf_018_015	0.000377661870102931	0.000647425387914279	0.000654361658919626
vm_mconsumosdolares_rank_lag2	0.000373846974802617	0.00102228988824651	0.000682566902838576
Master_mpagado_rank_lag2	0.000369710812659094	0.000664144936112685	0.000789746829730584
mtarjeta_master_consumo_rank_delta2	0.000369234264802093	0.000708167322391851	0.000637438512568257
mextraccion_autoservicio_rank_tend6	0.000368264880904834	0.00105276168153761	0.000705131097973735
rf_020_025	0.000366029644556183	0.000743656002211249	0.000597951171081728
mpayroll_rank_tend6	0.000365797269719566	0.00100687040636862	0.000332821878243603
matm_other_rank_lag2	0.000364295187648535	0.00067587286559419	0.000688207951622366
vm_fultimo_cierre_delta1	0.000364068775295687	0.000777276335146997	0.000626156415000677
ccajas_transacciones_tend6	0.000363745043678216	0.00129276923985183	0.000428719707568031
Master_mpagado_rank_delta1	0.000363300754550289	0.00094587914905338	0.000806669976081953
rf_016_027	0.000358887427187581	0.000883120770958976	0.000902567805406381
ccajas_consultas_delta2	0.000358543634933805	0.000329546745119335	0.000169231463513696
vm_Fvencimiento_delta1	0.000355799505663098	0.000558993829429932	0.000513335439324879
rf_008_015	0.000354967680007485	0.000896141178674639	0.000784105780946794
vm_status01_lag1	0.000353598442108157	0.000553792325276598	0.000451283902703191
vmr_mconsumosdolares_lag2	0.000349683458911406	0.000772270469410799	0.000710772146757525
vm_cconsumos_lag2	0.000349002235937241	0.000830432531954114	0.000558463829595198
matm_rank_lag2	0.000348482883816568	0.00100957599792423	0.000857439415136062
cmobile_app_trx_delta1	0.000343033182619414	0.00102965668123456	0.000682566902838576
vm_mconsumospesos_rank_lag1	0.000340923230056278	0.000577157307871963	0.000857439415136062
cprestamos_personales	0.000339778060288302	0.000210174970964916	1.69231463513696e-05
matm_rank_tend6	0.000339523838750358	0.00102844176150219	0.000631797463784467
cextraccion_autoservicio_tend6	0.000339263882359368	0.00118839482800903	0.000609233268649307
mpayroll_rank_lag2	0.000338425918951928	0.000981228430048114	0.000569745927162778
mpagomiscuentas_rank_tend6	0.000338044599451817	0.00178287235596357	0.000513335439324879
vm_mpagospesos_rank_lag1	0.000337630753993093	0.000774139926116604	0.000705131097973735
matm_rank_lag1	0.000335955227015217	0.000585019804216159	0.000417437610000451
Visa_mpagado_rank_delta2	0.000335690227994804	0.00115829756098061	0.000626156415000677
mcuenta_debitos_automaticos_rank_delta1	0.000335230846762858	0.00145907448960847	0.00050769439054109
rf_005_021	0.000330140893165066	0.000830811703983948	0.00047384809783835
mttarjeta_visa_debitos_automaticos_rank	0.000327863163369235	0.000777759391692527	0.000716413195541315
rf_010_016	0.000324539551430204	0.000410557490667462	0.000298975585540864
ctarjeta_master_descuentos_delta2	0.000322518767857572	0.00048484439159287	0.000513335439324879
vm_mconsumospesos_rank_delta1	0.000322516243442251	0.000654824778701921	0.000772823683379214
rf_016_017	0.000321827495076637	0.000495943077722161	0.000293334536757074
ccaja_ahorro_lag2	0.000321257661824929	0.000707877374901336	0.000174872512297486
rf_001_018	0.000320893862054395	0.000587222930243432	0.000451283902703191
ctarjeta_visa_debitos_automaticos_tend6	0.00031797840258112	0.00111634037306365	0.000332821878243603
rf_008_021	0.000314672963799952	0.000653009393563913	0.000547181732027619
vm_status05	0.000313311307953248	0.000399959102041834	0.000423078658784241
mpayroll_sobre_edad_rank_delta1	0.000308188320996665	0.000846683606153914	0.000327180829459813
rf_006_014	0.000304982482206632	0.000334903727613675	9.02567805406381e-05
Visa_msaldodolares_rank_tend6	0.000303257842060483	0.00162147646903526	0.000755900537027844
Visa_mpagado_rank_lag1	0.00029712586611754	0.000785685948003916	0.000727695293108895
vm_mpagospesos_rank	0.000297075676864309	0.000541863182457364	0.000693849000406156
rf_010_021	0.000295343269398	0.000591269574109859	0.00049077124418972
vm_cconsumos_lag1	0.000294769131264036	0.000953060988888774	0.000513335439324879
mtransferencias_emitidas_rank_delta1	0.000294533431904375	0.000998083892745813	0.000440001805135611
ctransferencias_recibidas_delta2	0.000291192939717283	0.00101243812602337	0.00050769439054109
rf_011_025	0.000289519706284457	0.000515760655752242	0.00046256600027077
rf_019_016	0.000287834609731072	0.000584776288587441	0.000812311024865743
vm_status02_lag1	0.000287469559733445	0.000505790607135213	0.000637438512568257
vm_fechaalta_delta1	0.00028476257977197	0.000494366485016256	0.000411796561216661
active_quarter_lag2	0.000284328246694151	0.000528490470731951	0.000699490049189945
mplazo_fijo_dolares_rank_tend6	0.000283643577619934	0.00132369964779123	0.000180513561081276
matm_rank	0.000279665148602168	0.000578348689050723	0.000456924951486981
rf_004_015	0.000278940122391434	0.000561914494195306	0.000394873414865292
ctarjeta_visa_transacciones_lag1	0.000278663397811104	0.000577101171518761	0.000541540683243829
rf_002_023	0.000278169248808291	0.000612831121512749	0.000654361658919626
rf_013_018	0.000277467014648454	0.000386855225376169	0.000135385170810957
mtarjeta_visa_consumo_rank_lag1	0.00027679975825535	0.00068697431337396	0.000772823683379214
rf_005_013	0.000276251167987339	0.000671110670345615	0.000372309219730132
mtarjeta_visa_descuentos_rank_delta2	0.000275087684847977	0.000445559242468695	0.000603592219865517
ccajas_consultas_delta1	0.000273995269405553	0.000482177359904699	6.20515366216887e-05
vm_cconsumos_delta2	0.000272629428061961	0.000780837160817414	0.000270770341621914
rf_004_021	0.000270335258477833	0.000914979480606702	0.00049077124418972
Master_msaldodolares_rank	0.000270192475515208	0.000357083291098137	0.000597951171081728
vm_mconsumospesos_rank	0.000269809931556221	0.000451705076227065	0.000558463829595198
Visa_msaldodolares_rank_delta1	0.000267511464686906	0.000620349030982645	0.000524617536892459
Master_mpagado_rank_delta2	0.000264720353363224	0.000737046495080339	0.000620515366216887
rf_015_015	0.000264516003331803	0.000601834900359187	0.000338462927027393
ctarjeta_debito_tend6	0.000264188617086193	0.00175784867963263	0.000242565097702965
mv_status07_rank_tend6	0.000261613576853402	0.00155845485661151	0.000417437610000451
rf_010_020	0.000258389306719032	0.000605659141027664	0.000389232366081502
rf_007_017	0.0002545396054861	0.000540366290468097	0.000338462927027393
matm_rank_delta2	0.000253154697255409	0.000840241269211367	0.000552822780811409
ctarjeta_master	0.000253143386190964	0.000109118566028894	3.38462927027393e-05
vm_Fvencimiento_delta2	0.000253115951682298	0.000630408536427351	0.000518976488108669
vmr_mconsumosdolares_tend6	0.000252730004921652	0.000994054876984783	0.000513335439324879
cprestamos_personales_lag2	0.000249620013550695	0.000434845664627278	0.000129744122027167
rf_006_017	0.000249057690800224	0.00165745545795892	0.000355386073378763
ccaja_ahorro_lag1	0.0002485877546734	0.00058016048662409	0.000118462024459588
rf_014_017	0.000247067908639284	0.000515428251111834	0.000513335439324879
mtarjeta_master_consumo_rank_tend6	0.000244836398539127	0.000920900820571899	0.000304616634324654
Master_msaldodolares_rank_tend6	0.000244470240474754	0.000828672792782774	0.000564104878378988
rf_014_008	0.000240613499382337	0.000730224598960695	0.000298975585540864
mtarjeta_master_descuentos_rank_delta2	0.000236830534065881	0.000477002130145645	0.000558463829595198
cextraccion_autoservicio_lag2	0.00023551845387354	0.000486883263941166	0.000434360756351821
cproductos_lag1	0.000234757936461869	0.000624810154709334	0.000135385170810957
rf_008_017	0.000232292991321056	0.00058780359951899	0.000603592219865517
rf_015_022	0.000229742634334131	0.000516731388800647	0.000524617536892459
mextraccion_autoservicio_rank_delta1	0.000229160724387563	0.000893456776979246	0.000423078658784241
rf_013_022	0.00022852087012363	0.000617330701867608	0.000169231463513696
active_quarter_delta2	0.000228425957499222	0.000517710510039759	0.000338462927027393
rf_004_009	0.000228047406925437	0.000732188132451521	0.000282052439189494
rf_011_018	0.000228033032366688	0.000886110864133597	0.000186154609865066
ctarjeta_visa_debitos_automaticos_lag2	0.0002274396115837	0.000526043364499243	0.000383591317297712
mtarjeta_master_consumo_rank_delta1	0.000226508376467981	0.00125115501279067	0.000355386073378763
ccajas_extracciones_tend6	0.000225215683816	0.00137933738112768	0.000287693487973284
Master_mpagado_rank_lag1	0.00022478405823074	0.000561637942000106	0.000648720610135837
ccajas_depositos_tend6	0.000220823996396341	0.00147386723168645	0.000265129292838125
Visa_status_lag1	0.000219187555326717	0.000360234644012899	0.000310257683108444
matm_other_rank_tend6	0.000218197187723401	0.00109989962251457	0.000400514463649082
ctarjeta_debito_delta2	0.000217224938671613	0.000999488643686376	0.000141026219594747
vm_mconsumosdolares_rank_tend6	0.000216133732555435	0.000818091567685826	0.000456924951486981
catm_trx_tend6	0.000210702901835166	0.00115624307369268	0.000383591317297712
rf_012_018	0.000206848485769409	0.000578867956770296	0.000248206146486755
vmr_mpagado	0.000203747919665301	0.00100902142237423	0.000332821878243603
vm_status06_delta1	0.00020246216077246	0.000497004403230215	9.02567805406381e-05
rf_009_018	0.000202084651085848	0.000532745141727944	0.000428719707568031
cproductos_lag2	0.000201014117049848	0.000246560283846492	0.000135385170810957
vmr_mpagado_lag2	0.000199095076793261	0.000602974945810812	0.000406155512432872
rf_011_021	0.000198820055727442	0.000391061373915142	0.000157949365946117
rf_004_019	0.000197492534004133	0.000554612845186779	0.000298975585540864
catm_trx_other_tend6	0.00019636686187333	0.00089770053042241	0.000344103975811183
mtarjeta_master_descuentos_rank_lag2	0.000196301958544794	0.000342944982754319	0.000270770341621914
Master_Finiciomora_lag1	0.000195437405434519	0.000469851700858227	0.000101538878108218
vm_status03_delta2	0.00019403808056815	0.000577864832400849	0.000129744122027167
ctarjeta_master_transacciones_lag2	0.000186830396108275	0.000468904377314353	0.000394873414865292
cextraccion_autoservicio_delta2	0.000186111287994699	0.000761892883774433	0.000406155512432872
vm_mconsumosdolares_rank_delta2	0.000185504746367205	0.000732330705883745	0.000377950268513922
ctarjeta_visa_transacciones_delta1	0.000182577673848965	0.00104413051720672	0.000157949365946117
mtarjeta_master_descuentos_rank_delta1	0.000182080020990185	0.000423492880844068	0.00046256600027077
vm_mpagado_rank_delta2	0.000180754475111029	0.000466728506454427	0.000186154609865066
vm_cconsumos	0.000180343093825984	0.000261642018451731	0.000242565097702965
active_quarter	0.0001802740973192	0.000673971714432416	0.000434360756351821
vm_msaldodolares_rank_tend6	0.000179838288490532	0.000766687625202956	0.000287693487973284
ccajas_otras_delta2	0.000174142538446679	0.000570930276427537	0.000197436707432646
ctarjeta_master_transacciones_tend6	0.000172657285650815	0.00070126030549388	0.000259488244054335
rf_010_025	0.00017193481268101	0.000733429920203984	0.000141026219594747
rf_011_016	0.000170903232285208	0.000561212492967379	0.000411796561216661
rf_015_018	0.000169484354603138	0.00117099312633241	0.000174872512297486
mtarjeta_master_descuentos_rank_lag1	0.000168913905930439	0.000420088798195718	0.000265129292838125
vmr_mconsumosdolares_lag1	0.000168205424209018	0.000499490895244526	0.00046256600027077
mforex_sell_rank_tend6	0.000166869728213921	0.00161778476177997	0.000248206146486755
mv_status07_rank	0.000163507487000357	0.000775484333703702	0.000321539780676023
rf_012_014	0.000163283292594634	0.000475910374862683	0.000355386073378763
mplazo_fijo_dolares_rank_lag1	0.000162186835849277	0.000577171787179617	0.000146667268378537
ccuenta_debitos_automaticos_tend6	0.000161447898473733	0.00104924909441622	0.000169231463513696
vm_status01_lag2	0.000160060787817542	0.00158897597246398	0.000394873414865292
ctarjeta_visa_debitos_automaticos_delta2	0.000157861512679865	0.000469213527309136	0.000287693487973284
cprestamos_personales_lag1	0.000157507666831438	0.000521014089258515	8.46157317568482e-05
matm_other_rank_lag1	0.000156904391099861	0.000497135671962346	0.000315898731892233
rf_003_026	0.000156092079939127	0.000530361553456262	0.000344103975811183
minversion2_rank_tend6	0.000154432772254053	0.00150030208560252	0.000169231463513696
mtarjeta_master_consumo_rank_lag1	0.000150908688544083	0.000359110471599076	0.000327180829459813
rf_001_023	0.000149169960626068	0.000490355845845331	0.000236924048919175
ccomisiones_mantenimiento_lag2	0.000148801521304201	0.000290348136313452	0.000101538878108218
ctarjeta_debito_transacciones_lag1	0.000148609990417764	0.000595587866306148	0.000231283000135385
internet_delta2	0.000148168446391362	0.000584646026438195	0.000146667268378537
vmr_mconsumosdolares_delta2	0.000147548992712941	0.000532739566807351	0.000293334536757074
vm_Finiciomora_lag2	0.000147120485901923	0.00105592568126297	0.000169231463513696
vm_status04_delta2	0.000146055780932384	0.000409110592294817	0.000169231463513696
mtarjeta_visa_descuentos_rank_lag2	0.000146035350175034	0.000488720716473191	0.000315898731892233
vmr_msaldodolares2_lag2	0.00014245031317104	0.000750589448362406	0.000265129292838125
rf_018_024	0.000142112301870461	0.000260178343697669	0.000107179926892008
mv_status07_rank_lag2	0.000139289987776927	0.000570771133092436	0.000344103975811183
rf_017_017	0.000139128485403764	0.000543765701539469	0.000124103073243377
vm_msaldodolares_rank_lag2	0.000138352430002555	0.000883238799254696	0.000287693487973284
cproductos	0.000136238305420464	0.000181908084578502	2.82052439189494e-05
cpayroll_trx_lag2	0.000135775086323812	6.69939240155832e-05	5.07694390541089e-05
rf_019_019	0.000134853742395387	0.000435893233502571	0.000423078658784241
vmr_mpagado_delta1	0.000129978153867161	0.000557308448342994	0.000208718805000226
vmr_mconsumosdolares_delta1	0.000127964282721412	0.000648888133514908	0.000242565097702965
ccallcenter_transacciones_lag2	0.000126140515671788	0.000360928411909023	0.000287693487973284
catm_trx_lag2	0.000125843815978024	0.000260221730000995	0.000180513561081276
cforex_sell_tend6	0.000125571099366943	0.00127846321931348	0.000186154609865066
ctransferencias_emitidas_delta2	0.000125287367619693	0.000731084685321202	0.000129744122027167
mttarjeta_master_debitos_automaticos_rank_tend6	0.00012138339069453	0.000518212562611017	0.000180513561081276
vmr_mpagado_lag1	0.000120581867868938	0.00078794946900429	0.000248206146486755
cforex_tend6	0.000117066697486102	0.0011329030491909	0.000231283000135385
rf_003_028	0.000116558574678472	0.000452223956799374	0.000118462024459588
mtarjeta_master_consumo_rank	0.000115804256257139	0.000388230372455985	0.000259488244054335
vm_status04_delta1	0.000114001855489266	0.000273997049070591	7.33336341892685e-05
ccheques_depositados_tend6	0.00011345864751192	0.00124963535654231	0.000135385170810957
ccajas_depositos_delta2	0.000113134731500048	0.000762310331763715	0.000225641951351595
vm_mpagado_rank_lag2	0.000112076619214456	0.000181315594406499	0.000214359853784016
vmr_mpagado_delta2	0.000111551476470969	0.000597904374861982	0.000208718805000226
vmr_msaldodolares_tend6	0.000110034573880203	0.000823574192372069	0.000248206146486755
ccajas_extracciones_delta2	0.000109691245581644	0.000539331600691769	0.000203077756216436
ctarjeta_visa_descuentos_tend6	0.000108674321145289	0.00123357321020708	0.000186154609865066
matm_rank_delta1	0.000105886526505151	0.000405234164175225	0.000186154609865066
rf_005_016	0.000105704150900243	0.00031203006070546	0.000129744122027167
cextraccion_autoservicio_lag1	0.000104455437650463	0.000956824499056522	0.000152308317162327
mttarjeta_master_debitos_automaticos_rank_delta2	0.000104383062789544	0.000617738961561838	0.000197436707432646
rf_008_016	0.000104204235064235	0.000426483903172122	0.000236924048919175
mforex_sell_rank_lag2	0.000103851292323925	0.000497703100801494	0.000208718805000226
ctarjeta_visa_debitos_automaticos_lag1	0.00010281078347875	0.000455070882915967	0.000124103073243377
rf_015_021	0.000101996716156433	0.000346674811110146	0.000236924048919175
ctarjeta_master_transacciones_delta2	0.000100570884906936	0.000240734956402633	0.000174872512297486
mforex_sell_rank_delta2	0.00010035153988663	0.00085791224471464	0.000203077756216436
ccajeros_propios_descuentos_lag1	9.94248172229954e-05	0.00039073789947161	0.000135385170810957
ctransferencias_emitidas_lag2	9.84697162090858e-05	0.000685320962270619	0.000163590414729907
rf_018_022	9.82682445922309e-05	0.000521310721491779	0.000180513561081276
rf_009_020	9.82550965530724e-05	0.000376365625131574	0.000174872512297486
rf_013_020	9.74907096011696e-05	0.000471910756483858	0.000220000902567805
vmr_mpagosdolares_tend6	9.67655416326007e-05	0.000788637687789638	0.000203077756216436
rf_008_023	9.62940244500987e-05	0.000704132344562963	0.000225641951351595
rf_017_018	9.4605289810335e-05	0.000401336959152495	0.000214359853784016
vmr_mpagosdolares_lag2	9.27047173007533e-05	0.000442551469569042	0.000163590414729907
mttarjeta_master_debitos_automaticos_rank_lag2	9.12777767494106e-05	0.000415316124161213	0.000203077756216436
mttarjeta_master_debitos_automaticos_rank	8.8718404581649e-05	0.00108887211986212	0.000174872512297486
vmr_mpagosdolares_lag1	8.82029985124629e-05	0.000643142558407323	0.000163590414729907
ctarjeta_master_debitos_automaticos_tend6	8.70278834188515e-05	0.00106171786890108	0.000157949365946117
cseguro_vida_lag2	8.44350383201533e-05	0.00127364333912265	0.000152308317162327
vm_msaldodolares_rank_delta2	8.42947488383257e-05	0.000373704607130895	0.000141026219594747
vm_mconsumosdolares_rank_delta1	8.40973578985407e-05	0.000382627370780624	0.000208718805000226
ctarjeta_debito_lag1	8.37660490478452e-05	0.000777121398812159	0.000129744122027167
mv_status07_rank_lag1	8.27588775074933e-05	0.000377225040436824	0.000231283000135385
vmr_msaldodolares_delta2	7.89878138532632e-05	0.00053114067441907	0.000135385170810957
ccajas_consultas_lag2	7.74116584799743e-05	0.000562851880959418	0.000180513561081276
ctarjeta_master_transacciones_delta1	7.71916997065061e-05	0.000420436895205206	6.20515366216887e-05
mcaja_ahorro_adicional_rank_lag2	7.55795326812649e-05	0.00115237229792314	0.000157949365946117
mttarjeta_master_debitos_automaticos_rank_lag1	7.46463291134169e-05	0.000422086632934087	0.000152308317162327
rf_005_017	7.23060286459278e-05	0.00028112161692081	0.000152308317162327
catm_trx_other_delta2	6.96357179134466e-05	0.000135481952560136	0.000152308317162327
ctransferencias_emitidas_delta1	6.89977684935312e-05	0.000756731307408871	0.000112820975675798
mtarjeta_visa_descuentos_rank_lag1	6.84904847618746e-05	0.000263663804700799	0.000163590414729907
ccuenta_debitos_automaticos_delta2	6.64253997948248e-05	0.000300182528529364	5.64104878378988e-05
active_quarter_tend6	6.43859254816049e-05	0.000478517347105382	6.76925854054786e-05
vmr_msaldodolares2_delta2	6.3990299681059e-05	0.000581544563900784	0.000157949365946117
vm_cconsumos_delta1	6.23346415574356e-05	0.000474630259531137	0.000135385170810957
vm_mpagado_rank_delta1	6.1036487727139e-05	0.000506654952115618	0.000112820975675798
ctarjeta_debito_lag2	6.07305567512908e-05	0.000315246402740849	7.89746829730584e-05
ccajas_otras_lag2	6.03900466707814e-05	0.00022830334805506	0.000124103073243377
cplazo_fijo	5.95802457770492e-05	0.000210174970964916	1.69231463513696e-05
ctransferencias_emitidas_lag1	5.68762922399708e-05	0.000507983512474732	9.5897829324428e-05
ctransferencias_recibidas_delta1	5.63127247917156e-05	0.000665510456130551	9.02567805406381e-05
vmr_msaldodolares_delta1	5.60996179689133e-05	0.000550562639565529	0.000118462024459588
mttarjeta_master_debitos_automaticos_rank_delta1	5.6075933784736e-05	0.000390474561903004	0.000112820975675798
ccajeros_propios_descuentos_tend6	5.38712814676557e-05	0.000610226704441988	9.5897829324428e-05
mtarjeta_visa_descuentos_rank_tend6	5.37909080054428e-05	0.000639855368422721	0.000107179926892008
matm_other_rank_delta1	5.20936220718401e-05	0.000340228473645877	0.000124103073243377
rf_007_022	5.10540210533773e-05	0.000313301142600858	0.000118462024459588
mforex_sell_rank_lag1	5.10010870448269e-05	0.000514863893640977	8.46157317568482e-05
ccajas_depositos_lag1	5.0503885265604e-05	0.0004157135953517	3.94873414865292e-05
ctarjeta_master_transacciones_lag1	5.02795051328935e-05	0.000338247312049655	7.33336341892685e-05
ctransferencias_recibidas_lag1	4.88186224853106e-05	0.000415929442855989	6.76925854054786e-05
rf_016_008	4.80105376243517e-05	0.000408302925673783	0.000101538878108218
ccomisiones_mantenimiento	4.75943484552617e-05	0.000280233294619888	2.25641951351595e-05
rf_008_020	4.62184064622044e-05	0.000213449643188	7.33336341892685e-05
rf_011_019	4.50371222463382e-05	0.000310857314214982	9.5897829324428e-05
cextraccion_autoservicio_delta1	4.4787707486842e-05	0.000643775750661624	0.000101538878108218
ccajas_consultas	4.46558423326158e-05	0.00013560630426116	1.69231463513696e-05
cpagomiscuentas_lag2	4.15734065463369e-05	0.000368702045051345	8.46157317568482e-05
ccallcenter_transacciones_delta1	3.92203002689419e-05	0.00047509124868265	5.64104878378988e-05
vmr_mpagosdolares_delta2	3.80803867609516e-05	0.000308679197900927	6.76925854054786e-05
ccajas_otras_delta1	3.78657829983581e-05	0.00026336807581115	3.38462927027393e-05
cliente_edad_tend6	3.66178788489277e-05	0.000417383361499011	4.51283902703191e-05
cpagomiscuentas_delta1	3.51846494841431e-05	0.000404286892250987	6.20515366216887e-05
vm_mpagosdolares_rank_delta1	3.48116410615832e-05	0.000211142684264665	6.76925854054786e-05
cliente_edad_delta2	3.4406363653512e-05	0.000177266988993938	6.20515366216887e-05
ctarjeta_visa_debitos_automaticos_delta1	3.42097238249792e-05	0.000311978182972156	6.76925854054786e-05
ccomisiones_mantenimiento_lag1	3.32432927233148e-05	0.000427947242398556	7.33336341892685e-05
cseguro_vida_tend6	3.00613184253619e-05	0.000363472330767414	5.64104878378988e-05
cpagomiscuentas_lag1	2.96211165175222e-05	0.000133989809577301	5.07694390541089e-05
mcaja_ahorro_adicional_rank_lag1	2.8423144120186e-05	0.000651007661543092	7.33336341892685e-05
ctarjeta_master_transacciones	2.77902579360484e-05	0.000111961130286319	2.82052439189494e-05
mcaja_ahorro_adicional_rank	2.76744117190006e-05	0.000207843570144348	1.69231463513696e-05
ccuenta_debitos_automaticos_delta1	2.76159584675697e-05	0.000278360147110172	3.38462927027393e-05
cpayroll_trx_lag1	2.50144360747766e-05	0.000110366160990308	2.82052439189494e-05
ctransferencias_emitidas	2.46711903676648e-05	0.000545552618448703	5.07694390541089e-05
ccuenta_debitos_automaticos_lag2	2.00869617577679e-05	0.000129841965416206	3.94873414865292e-05
ccuenta_debitos_automaticos_lag1	1.748953959563e-05	0.000158394540673237	2.25641951351595e-05
rf_012_016	1.70354061166141e-05	0.000234747130347391	3.38462927027393e-05
vmr_mpagosdolares_delta1	1.60309701123037e-05	0.000309740910556245	5.07694390541089e-05
rf_012_006	1.36360740720371e-05	0.000132398118128122	2.82052439189494e-05
cplazo_fijo_lag1	1.31449109471472e-05	0.000180842990837083	2.25641951351595e-05
catm_trx_delta1	1.28493528050135e-05	5.88535333656751e-05	2.82052439189494e-05
ccajas_depositos_delta1	1.1908891543941e-05	0.000183728889778198	3.94873414865292e-05
ccallcenter_transacciones	1.0832324226882e-05	0.000138758715378443	1.12820975675798e-05
Master_Finiciomora_lag2	1.03101249508004e-05	0.000421287638411754	3.94873414865292e-05
ctransferencias_recibidas	1.01831589545825e-05	0.000270893005551424	2.25641951351595e-05
ctarjeta_debito	1.00242224612409e-05	0.000173098780886784	1.69231463513696e-05
cpayroll_trx	8.04746017187624e-06	0.00021635275727743	2.25641951351595e-05
cseguro_vivienda_lag2	7.90144791177637e-06	3.87017440079559e-05	1.12820975675798e-05
rf_011_017	6.95199818970972e-06	0.000420349941929832	3.38462927027393e-05
cpagomiscuentas	6.21653300569204e-06	0.000210174970964916	1.69231463513696e-05
ctarjeta_master_debitos_automaticos_lag1	5.76632787293826e-06	5.23051955023926e-05	1.69231463513696e-05
internet_delta1	5.56192056181317e-06	5.8064862770368e-06	5.64104878378988e-06
ctarjeta_visa_debitos_automaticos	4.39544629648234e-06	0.000140116647309944	1.12820975675798e-05
rf_002_011	4.21574626504786e-06	9.94254825641452e-05	1.69231463513696e-05
cseguro_vivienda_lag1	1.98216227876872e-06	4.89885048963144e-05	1.12820975675798e-05
cforex_sell_delta1	1.78100353437486e-06	2.55876208447175e-05	5.64104878378988e-06
ccajas_otras	1.65368326431825e-06	7.0058323654972e-05	5.64104878378988e-06
cseguro_vida	1.25180173520838e-06	7.0058323654972e-05	5.64104878378988e-06
catm_trx	1.15045321506713e-06	7.0058323654972e-05	5.64104878378988e-06
