Feature	Gain	Cover	Frequency
rf_011_015	0.0672822801170347	0.00176527586300512	0.000670637894985996
vm_status04_delta1	0.0338779806359631	0.00108735193587278	0.000208517664827578
rf_018_025	0.0230944798941405	0.00174936902842004	0.00357861397744628
rf_012_013	0.0215411640563411	0.00130950111990439	0.000450849005032602
ctrx_quarter_lag1	0.020626613789185	0.00108655312591022	0.000715722795489256
mcaja_ahorro_rank_lag1	0.0155480825248885	0.00159264021957319	0.000856613109561944
ctrx_quarter_normalizado	0.0136164700140295	0.00132033396636855	0.000788985758807054
rf_008_026	0.0102966881852564	0.000725735685328153	0.00056919686885366
vmr_mpagospesos	0.00977871110392359	0.00135193120135648	0.00150470855429631
vm_msaldopesos_rank	0.00910034818159061	0.000824327383276903	0.00106513077438952
mrentabilidad_rank	0.00821026789702141	0.00229334147063996	0.00240077095179861
rf_005_020	0.00708812804564769	0.00133057676408338	0.00286852679451993
mcuenta_corriente_rank_lag2	0.007016988679465	0.00220761408260488	0.00114966496283314
mcaja_ahorro_rank	0.00686805185547122	0.0014016711330346	0.000715722795489256
active_quarter	0.00678274768629096	0.00146920909368873	0.000580468093979475
vm_status03_delta1	0.00676497817471105	0.00189184320590142	0.000202882052264671
rf_006_022	0.00673317481032441	0.00108803216125436	0.0005241119683504
mpasivos_margen_rank	0.00652987052420182	0.00205688707523657	0.00179212479500459
mpayroll_rank	0.00561638951252754	0.00183520763601236	0.000467755842721325
mextraccion_autoservicio_rank	0.00540399854506248	0.00068777270890765	0.000552290031164938
mpayroll_sobre_edad_rank_delta2	0.00539086043717062	0.00140982683185919	0.000529747580913307
cdescubierto_preacordado	0.00534133149037864	0.00312975036702065	0.000253602565330839
rf_002_015	0.00489478047959592	0.000829660045402655	0.0011214869000186
Visa_msaldopesos_rank	0.00485881356556845	0.00181235365937431	0.00256420371612292
ctrx_quarter_normalizado_lag1	0.00478856081310124	0.000993979062957972	0.000845341884436129
mprestamos_personales_rank	0.00472023627207444	0.00269021278110324	0.000541018806039122
mcuenta_corriente_rank	0.00465349247572279	0.00272073600572901	0.00169631938143517
mprestamos_personales_rank_delta1	0.00452554146262918	0.00303484305427991	0.000580468093979475
Master_status	0.00443387181703269	0.00105104626943051	0.000839706271873221
rf_003_017	0.00421092344552646	0.00267134151162819	0.000309958690959914
mprestamos_personales_rank_lag2	0.00417305617093415	0.00302981997977265	0.000896062397502297
ctarjeta_visa_transacciones_lag1	0.00414651746948949	0.00048637179759871	0.000405764104529342
rf_019_022	0.00401422186980482	0.00105288552372364	0.000918604847753927
mpagomiscuentas_rank_lag2	0.00391316499067824	0.00119690964094156	0.000839706271873221
mrentabilidad_annual_rank_lag2	0.00383364206351264	0.00320602663323865	0.00538764561013959
mcomisiones_mantenimiento_rank_tend6	0.00367553412166642	0.00206853017696152	0.00111585128745569
mtarjeta_visa_consumo_rank	0.00365204757899677	0.000921015286741825	0.0010482239367008
vm_mfinanciacion_limite_rank_tend6	0.00351035949227822	0.0010987581507189	0.00158360713017701
mtarjeta_visa_consumo_rank_lag1	0.00348002965556869	0.000644702050024136	0.000839706271873221
mprestamos_personales_rank_tend6	0.00347029173787351	0.00290288341052896	0.000557925643727845
mcuentas_saldo_rank	0.00343877546907339	0.00302336352280365	0.000879155559813574
vm_msaldopesos_rank_lag2	0.00339147261990509	0.000776933609425412	0.00126237721409129
rf_014_008	0.00318188256450936	0.00177205291663507	0.000242331340205024
mcuenta_corriente_rank_delta1	0.00314377652616542	0.00173774371053292	0.00103131709901208
mrentabilidad_rank_delta1	0.00313890527192968	0.00277088101371332	0.00483535557897466
mpasivos_margen_rank_lag1	0.00310672758950875	0.00181804795186476	0.00226551625028883
mcaja_ahorro_rank_lag2	0.003044127968069	0.00149019232863246	0.000997503423634632
vm_mlimitecompra_rank_lag1	0.00300646152532003	0.000642478223445629	0.00112712251258151
mtarjeta_visa_consumo_rank_delta2	0.00293292005227967	0.00126107544720284	0.00176958234475296
mrentabilidad_annual_rank_delta1	0.00292623486801175	0.002458513804466	0.00495370344279572
mtransferencias_recibidas_rank	0.00290930215596667	0.00197549886664636	0.00122292792615093
vmr_msaldopesos2_tend6	0.00276100867393633	0.00143130601261815	0.00184848092063367
mcomisiones_rank	0.00261991078668725	0.00174806172387356	0.00278399260607632
Visa_mconsumospesos_rank_lag2	0.00259955160839564	0.00207041711144325	0.00416471768398866
Visa_delinquency_tend6	0.00259428962451966	0.00103839693095915	0.000535383193476215
mcomisiones_otras_rank_delta2	0.0025923874384792	0.0026986476579535	0.0051678567201862
mcomisiones_rank_lag2	0.00258997193788219	0.00281160079294313	0.0056187057252188
mcuentas_saldo_rank_delta2	0.00250961186732578	0.00237214532575742	0.00248530514024222
cprestamos_personales_tend6	0.00246263246321473	0.00243529242348992	0.000343772366337359
Visa_cconsumos_tend6	0.00245101554453963	0.00206204100081037	0.00324611283623473
mactivos_margen_rank_delta2	0.00242503097968515	0.00338590994761946	0.00610336840562885
vm_status05_delta1	0.00236785397276302	0.000701983047482217	0.000146525926635596
mrentabilidad_rank_delta2	0.00236549137858694	0.00331180428477699	0.00603010544231105
mrentabilidad_annual_rank_delta2	0.00235741041420167	0.00279918197714891	0.00516222110762329
rf_010_017	0.002352418055408	0.000720985450306947	0.00047902706784714
Visa_delinquency_lag1	0.00234342613047935	0.00153414386488602	0.00103131709901208
mactivos_margen_rank_delta1	0.00233486786105032	0.00262511587673506	0.00457611740108091
ctarjeta_visa_transacciones_tend6	0.00231737961712077	0.00162079313833279	0.000777714533681239
mcaja_ahorro_rank_delta1	0.00230232023485153	0.0019998386020997	0.00126801282665419
rf_018_018	0.0022995133649985	0.000594266495702249	0.000518476355787492
mactivos_margen_rank_lag1	0.00229739813176719	0.00306793392634895	0.00261492422918909
mprestamos_personales_rank_lag1	0.0022147320055688	0.00193396526512334	0.000574832481416568
ctarjeta_visa_transacciones_delta2	0.00221301873579988	0.00132476940436423	0.000608646156794013
Visa_mconsumospesos_rank_tend6	0.0021803686246217	0.00149224611811215	0.00276708576838759
rf_006_017	0.0021653660538191	0.000856638307029568	0.000766443308555423
mcomisiones_otras_rank_delta1	0.00216012757168391	0.00254913482735751	0.00503260201867642
Visa_mpagospesos_rank_lag1	0.00215738313751025	0.0016005348321552	0.00316721426035403
mpayroll_rank_lag1	0.00214373558496085	0.00090511532960053	0.000383221654277712
mpasivos_margen_rank_delta2	0.00213731298072424	0.002904783047752	0.00552853592421228
vm_mfinanciacion_limite_rank	0.00213455737370329	0.00125297705185571	0.00161742080555446
rf_006_016	0.00212401866629691	0.00109607753869534	0.000366314816588989
rf_011_028	0.00211792030743477	0.000532296954920148	0.000281780628145376
Visa_fultimo_cierre_delta1	0.00208582092369841	0.000819851039888004	0.00107076638695243
mcomisiones_rank_delta1	0.00208368455249508	0.00237896854551185	0.00393365756890945
rf_017_021	0.00207322838574915	0.000837590046025608	0.000879155559813574
rf_014_022	0.00206704137994868	0.00159741637331908	0.0037476823543335
mcomisiones_otras_rank_lag1	0.00205385121165808	0.00211347624804223	0.00362369887794954
Visa_mpagado_rank_lag1	0.00204534234393957	0.000644714034226542	0.000574832481416568
internet_tend6	0.00203466585059171	0.00281326852173544	0.000411399717092249
mactivos_margen_rank_lag2	0.00201819185231819	0.0030969873283258	0.00441268463675659
rf_016_027	0.00201819115546857	0.00072980061387126	0.000918604847753927
mprestamos_personales_rank_delta2	0.00201259631698029	0.00303442252938732	0.000574832481416568
Visa_mpagospesos_rank_delta2	0.00197903487789379	0.00176303905140216	0.00360115642769791
rf_007_021	0.00195996852088411	0.00122216972208038	0.00257547494124874
Visa_cconsumos_lag1	0.00193907256884566	0.00109129147937743	0.00183720969550785
mcomisiones_rank_delta2	0.00193417128036757	0.00196951618343503	0.00394492879403527
rf_006_021	0.00193127762265197	0.00141446492348743	0.00368005500357861
mcomisiones_otras_rank_lag2	0.00192016131777915	0.0017510125321865	0.00393929318147236
mrentabilidad_rank_lag2	0.00190589435912153	0.00289074467093402	0.00420416697192901
rf_001_025	0.00190274551156248	0.000977586598723337	0.00236695727642116
vm_mpagominimo_rank_lag1	0.00188380412224431	0.00185811432261132	0.00182030285781913
ctarjeta_debito_transacciones_delta2	0.00187309144243099	0.0012407676131652	0.000642459832171458
mpasivos_margen_rank_delta1	0.00185623035154287	0.00178417053631871	0.00300941710859262
Master_Fvencimiento_lag2	0.0018508631616825	0.00263551503364746	0.00481281312872303
Visa_mconsumospesos_rank	0.00184951925699272	0.00168845237808879	0.00362369887794954
mcomisiones_otras_rank	0.00184081476108986	0.00226599028732273	0.00372513990408187
internet_lag2	0.00181885134645011	0.00108943367138335	0.000321229916085729
rf_010_016	0.00180704588902122	0.000500818638120559	0.000366314816588989
ccaja_ahorro_tend6	0.00178913336739039	0.00261581823995993	0.000270509403019561
Visa_cconsumos_delta2	0.0017498411091057	0.0018653830621473	0.00308831568447332
internet_lag1	0.00174429213091299	0.00108106610623099	0.000174703989450133
rf_003_026	0.00172904560238594	0.000661100852798374	0.000439577779906787
Visa_msaldototal_rank	0.00172800898895001	0.00158439865534976	0.00265437351712944
vm_status01	0.00171871411895872	0.00218681820667993	0.0011214869000186
Visa_msaldototal_rank_delta1	0.00168951791385553	0.00184411533712245	0.00312776497241368
Master_mfinanciacion_limite_rank_delta2	0.00167808751627448	0.00285740408093432	0.00440141341163078
rf_001_017	0.00167276426081261	0.000941967111270682	0.00198373562214345
Visa_mconsumototal_rank_lag2	0.00166572887363544	0.00200526813866675	0.00417035329655157
Visa_mconsumospesos_rank_lag1	0.00166323320605969	0.00161123331184463	0.00349971540156557
thomebanking_lag2	0.0016560185066593	0.00183857196346359	0.00388857266840619
mcomisiones_rank_tend6	0.00165578329046656	0.00147548340104598	0.00197246439701763
mttarjeta_visa_debitos_automaticos_rank_tend6	0.00163737301143584	0.00223622755913877	0.000969325360820094
Visa_mfinanciacion_limite_rank_delta1	0.00162855755786317	0.00242964132031992	0.0038942082809691
cmobile_app_trx_lag2	0.00162121698001948	0.0022118693726329	0.00216407522415649
Master_mlimitecompra_rank	0.00161152785267279	0.00225743500388213	0.00399001369453853
chomebanking_transacciones_delta2	0.00160920218281846	0.00239417393215563	0.00357297836488337
Visa_fechaalta	0.00160851998712928	0.00196175252456797	0.00277835699351341
mcuentas_saldo_rank_tend6	0.00160406140708977	0.00193586775083989	0.00183157408294495
thomebanking_lag1	0.00160115949117866	0.00189988635073939	0.00383785215534002
rf_012_020	0.00160057265486236	0.0013222982464307	0.000326865528648636
vm_mpagospesos_rank_lag1	0.00158771336297109	0.000844266940464998	0.00102568148644917
mpayroll_sobre_edad_rank_tend6	0.00158161092162674	0.00118928027186292	0.000405764104529342
Master_delinquency_lag1	0.0015804838232219	0.000960711789588408	0.000980596585945909
mcomisiones_mantenimiento_rank_delta1	0.00156776901304561	0.00138527315144768	0.000867884334687759
Master_mfinanciacion_limite_rank_lag2	0.00156025709714769	0.00177877548961897	0.00380403847996258
Visa_mfinanciacion_limite_rank	0.00155727816439792	0.00231247218398296	0.00318412109804275
Visa_mpagominimo_rank_lag1	0.0015468734089943	0.00220380536450466	0.00323484161110892
ccomisiones_otras_tend6	0.0015361773064823	0.00125842765700986	0.00141453875328979
Master_mfinanciacion_limite_rank	0.00153190154880056	0.00204901460905001	0.00351098662669139
Master_fechaalta_lag2	0.00152843535059843	0.00281413123033611	0.00343208805081068
Visa_mpagospesos_rank_delta1	0.00152066792685931	0.00183389188863378	0.00362369887794954
mcuenta_debitos_automaticos_rank_lag2	0.00151514980904129	0.00155025091520381	0.000929876072879742
rf_012_019	0.00151280966164359	0.00137738261914014	0.00236695727642116
chomebanking_transacciones_delta1	0.00151041601487238	0.00292509219055693	0.00313903619753949
Master_Fvencimiento_tend6	0.0015015649777497	0.00110495770436821	0.00136381824022362
vm_mpagominimo_rank	0.00150130121592798	0.00101480899249447	0.00128491966434292
Master_mfinanciacion_limite_rank_lag1	0.0014996017709754	0.00191329426099478	0.003595520815135
mpasivos_margen_rank_lag2	0.00147748474530792	0.00201751399188235	0.00356734275232046
rf_017_025	0.00146896118213153	0.00108120717081478	0.00146525926635596
Visa_mconsumosdolares_rank	0.00146258369333872	0.00180570858594345	0.00265437351712944
rf_016_021	0.00146247307048597	0.00107954719197777	0.00160051396786574
Visa_mfinanciacion_limite_rank_delta2	0.00146237503113756	0.00203267326372586	0.00322920599854601
Visa_mlimitecompra_rank_delta2	0.00145995120528827	0.00231411584172204	0.00383221654277712
Visa_mconsumospesos_rank_delta2	0.00145521269160049	0.00183631054190323	0.00396183563172399
Master_Fvencimiento	0.00144982304895218	0.00209771825365835	0.00341518121312196
vmr_mconsumospesos_delta1	0.00144582490343681	0.00110419918390839	0.000912969235191019
Visa_fechaalta_lag2	0.00144568035450953	0.00197228012030916	0.00272763648044724
Master_mlimitecompra_rank_tend6	0.0014449715000516	0.00219093281705571	0.00406327665785633
mtarjeta_visa_consumo_rank_lag2	0.00143951823761393	0.00146015524689832	0.00187665898344821
mpasivos_margen_rank_tend6	0.00143890121083225	0.00192501414373387	0.00184848092063367
Visa_mpagominimo_rank_lag2	0.0014353578338176	0.00188931623289244	0.00282907750657958
Visa_mlimitecompra_rank_delta1	0.00143146963824462	0.002346162676766	0.0039674712442869
Master_mlimitecompra_rank_lag2	0.00142958888902728	0.00197762273933113	0.00380403847996258
mcuenta_debitos_automaticos_rank	0.00142908891260323	0.00191059966312473	0.000518476355787492
chomebanking_transacciones	0.00142846894769652	0.00227748901405253	0.00233877921360662
vm_Fvencimiento_tend6	0.00142502265626472	0.00155809407526799	0.00105385954926371
ccomisiones_otras	0.0014219748525719	0.00150566580727311	0.000788985758807054
ctarjeta_master_delta2	0.00142023296711076	0.000358282230037816	9.58054135694279e-05
Visa_msaldopesos_rank_lag1	0.00141527630238946	0.00130952678200805	0.00225988063772592
vm_fechaalta_lag1	0.00141255182388677	0.00189396235675912	0.00216407522415649
Visa_msaldototal_rank_lag2	0.00140940508829174	0.00147435945223011	0.00245712707742768
Master_mfinanciacion_limite_rank_delta1	0.00140274141577767	0.00205011335768009	0.00361806326538663
Visa_mconsumototal_rank	0.00137570517884232	0.00173213112618051	0.00344899488849941
mautoservicio_rank_lag1	0.00136681909027729	0.00117279462852992	0.00063682421960855
mcuentas_saldo_rank_delta1	0.00136207689612915	0.00233273641810649	0.00116093618795895
Visa_mconsumototal_rank_delta1	0.00136132937743586	0.00160983716509529	0.00393365756890945
matm_rank	0.00135804672020478	0.000829859132002808	0.000518476355787492
Visa_mlimitecompra_rank_lag2	0.0013540535691088	0.00155282739041074	0.00288543363220865
Visa_mfinanciacion_limite_rank_tend6	0.00135235641834651	0.00202596028836873	0.00311085813472495
vmr_mpagominimo_tend6	0.00135228479683742	0.00121782517925585	0.00135818262766071
chomebanking_transacciones_lag2	0.00135083039602208	0.00212438325798595	0.00325738406136055
tcallcenter	0.00134602726071016	0.00108255717710174	0.000834070659310314
mcaja_ahorro_rank_delta2	0.00134423683568747	0.00158760739346654	0.00166814131862063
Visa_msaldopesos_rank_lag2	0.00134364775983404	0.001570224166734	0.00260365300406328
Visa_mconsumosdolares_rank_lag1	0.00134056598305865	0.00118442921043646	0.00227115186285173
Visa_Fvencimiento	0.00133974457727937	0.00191632960027716	0.00293051853271191
mcaja_ahorro_rank_tend6	0.00133720013557539	0.00266647941549715	0.00146525926635596
Visa_mpagominimo_rank_delta2	0.00133453687339283	0.00187957515496617	0.00289106924477156
tcallcenter_delta2	0.00132794605987944	0.00120363937365238	0.00108203761207824
mrentabilidad_annual_rank_lag1	0.00132538251445708	0.00210802962051414	0.00250784759049385
mcuenta_corriente_rank_tend6	0.00132412161383808	0.00254935477724793	0.00139199630303816
Master_mlimitecompra_rank_delta2	0.00132333248021071	0.00207442188801539	0.00403509859504179
rf_018_015	0.00131928614975898	0.000588322690577961	0.000648095444734365
Visa_Fvencimiento_lag1	0.00131768667795398	0.00221382130922318	0.00256983932868583
Master_mpagominimo_rank_lag1	0.00131620715022862	0.00175932371769714	0.00252475442818257
vmr_mpagominimo_delta2	0.00131441372821353	0.00129643333517084	0.00160051396786574
cprestamos_personales_delta1	0.00130683483274434	0.000899714765548509	0.000101441026132335
Visa_mconsumototal_rank_delta2	0.0013063374420952	0.00169621980928509	0.00392802195634655
mactivos_margen_rank_tend6	0.00130085320357664	0.00152534663913216	0.00207954103571288
mactivos_margen_rank	0.0012974306778748	0.00306080309495802	0.00186538775832239
foto_mes	0.00129033687523935	0.00351294726628209	0.000766443308555423
mcuenta_corriente_rank_lag1	0.0012879274996242	0.00231886602541904	0.00144835242866723
mtransferencias_recibidas_rank_lag1	0.00128127434657977	0.00158816372221167	0.00113839373770732
vmr_mpagominimo_lag2	0.00126646720209941	0.00140379539065092	0.00185975214575948
rf_014_021	0.00126435245606927	0.00126245055102718	0.00250221197793094
vmr_mpagominimo	0.00126404146902618	0.00136043051574901	0.00193301510907728
rf_009_023	0.00125144860976551	0.000955297008730962	0.00136381824022362
Visa_mpagospesos_rank_lag2	0.0012512545613926	0.00166097303822592	0.00342645243824778
mrentabilidad_rank_lag1	0.00125109463099489	0.00192380086513518	0.00249657636536803
ctrx_quarter_delta1	0.00124154055144459	0.0020463581963902	0.000817163821621591
rf_010_023	0.00123991384085263	0.00159006207632952	0.00446904076238567
ctrx_quarter_lag2	0.00122105613991804	0.0012658934815019	0.00180339602013041
cliente_edad_lag2	0.00121829580319563	0.00242880234916514	0.00162869203068027
Visa_Fvencimiento_lag2	0.00121435810810582	0.00155484178856132	0.00266564474225526
Visa_mconsumototal_rank_tend6	0.00120386521011636	0.00153140148417896	0.00313340058497658
Master_fultimo_cierre_tend6	0.00120200516208442	0.00231992941167028	0.00294742537040064
Visa_mpagominimo_rank	0.00120187912334324	0.00193193888277036	0.00225988063772592
Visa_mpagospesos_rank_tend6	0.00119679946173559	0.00196635509984475	0.00334191824980416
cproductos_delta2	0.00118919424710008	0.000890093067728433	0.000180339602013041
Visa_mconsumospesos_rank_delta1	0.00118869030534595	0.00155846527759736	0.00385475899302875
Master_mlimitecompra_rank_lag1	0.00118841820119464	0.0015285747777993	0.00315030742266531
Master_mlimitecompra_rank_delta1	0.00118723669579092	0.00161983358095293	0.00387166583071747
Visa_msaldopesos_rank_delta2	0.00118343450621301	0.00131681779625	0.00237822850154698
vm_msaldototal_rank_tend6	0.00117972586972087	0.00118738838459519	0.00179212479500459
Master_fechaalta_tend6	0.0011774715717327	0.00134272882231012	0.0017244974442497
Visa_mpagospesos_rank	0.00117593975580335	0.00150524623187836	0.00318412109804275
mtarjeta_master_consumo_rank	0.0011719150868531	0.000564044056593416	0.000388857266840619
Master_mconsumototal_rank_tend6	0.00116879316338721	0.00210039827545352	0.00260365300406328
Visa_mfinanciacion_limite_rank_lag1	0.00115773629022342	0.00158835369876502	0.00234441482616953
ctrx_quarter	0.00114785268927104	0.00098411963140964	0.000670637894985996
mrentabilidad_annual_rank	0.00113602214988611	0.00210882327239387	0.00198937123470636
Visa_mconsumosdolares_rank_tend6	0.00113356581149041	0.00147879953506655	0.00251348320305676
vmr_msaldototal_delta1	0.00112657436210145	0.00125339521583476	0.00126237721409129
mcuentas_saldo_rank_lag2	0.00111730657221703	0.00252912611080006	0.00171322621912389
chomebanking_transacciones_lag1	0.00111565346527455	0.00176028286448334	0.0025472968784342
Master_fechaalta	0.00111506176445131	0.00126207277919928	0.00227115186285173
Visa_Fvencimiento_tend6	0.00111416135196246	0.00108324471618285	0.00102004587388626
ccaja_seguridad_lag2	0.00111373729688185	0.000727120617738188	8.45341884436129e-05
mpayroll_sobre_edad_rank	0.00111247429337901	0.00098720070056073	0.000315594303522821
Visa_mfinanciacion_limite_rank_lag2	0.0011103162515831	0.0012971380165372	0.00211899032365323
vm_fultimo_cierre	0.00110723570604989	0.00150382629635894	0.0013469114025349
vm_Finiciomora_tend6	0.00110369648644002	0.0019745772121936	0.000495933905535862
vm_Fvencimiento	0.00110272126208787	0.00166799285535644	0.00238949972667279
vm_mconsumospesos_rank_delta2	0.00109873540920309	0.000834895319845038	0.00122856353871384
Master_mfinanciacion_limite_rank_tend6	0.00109006735969389	0.00173692357536222	0.00251911881561966
mtransferencias_recibidas_rank_lag2	0.00108933948014027	0.00187137739595368	0.00251348320305676
mcomisiones_otras_rank_tend6	0.00108866451983222	0.00154542546455679	0.00207390542314997
rf_004_025	0.00108734978599177	0.00119053804854935	0.00280089944376504
Master_cconsumos_tend6	0.00107930550502853	0.00189848129924009	0.00272763648044724
vm_mpagominimo_rank_tend6	0.00107661869426874	0.00111046381665256	0.00155542906736248
vm_mfinanciacion_limite_rank_delta2	0.00107552732222575	0.00214034110883309	0.00240640656436151
rf_005_013	0.00107442674631203	0.000696467440219511	0.000326865528648636
vm_status02	0.00107390994799327	0.00141303646814959	0.000873519947250666
cmobile_app_trx_tend6	0.00107073387300705	0.00299251608316031	0.00170759060656098
vm_fultimo_cierre_tend6	0.00106733124819369	0.00146981156289623	0.00175267550706424
Visa_mlimitecompra_rank	0.00106239598548841	0.00134047030056747	0.00236695727642116
Visa_msaldototal_rank_delta2	0.00104711979991129	0.00129320360545328	0.00233877921360662
vm_fechaalta	0.00104511979382983	0.00183359120576526	0.00233314360104372
ctrx_quarter_delta2	0.00104063741810623	0.00184171672595595	0.00201754929752089
vm_fechaalta_lag2	0.00103035465408838	0.00166250691348556	0.00222043134978557
ctrx_quarter_tend6	0.00103002859113511	0.00172659319288762	0.00128491966434292
rf_015_023	0.00102563900663966	0.00139530205552854	0.00346026611362522
Master_mpagominimo_rank	0.00101782045607011	0.0012324229899335	0.00214153277390486
Visa_mpagado_rank_delta1	0.00101766940424543	0.00114127394359719	0.00063682421960855
Master_Fvencimiento_lag1	0.00101543163763836	0.00145810517842366	0.00237259288898407
Visa_mlimitecompra_rank_lag1	0.00101318729159325	0.00162946030854533	0.00222043134978557
vm_Finiciomora	0.00100687544394552	0.00291589694557539	0.000360679204026082
Visa_cconsumos_lag2	0.00100637827324286	0.00154251030090583	0.00262619545431491
Visa_msaldopesos_rank_tend6	0.00100617887550499	0.00185251308090872	0.00223733818747429
vm_Fvencimiento_lag2	0.00100334433355973	0.00147099153208437	0.00214153277390486
ctrx_quarter_normalizado_delta2	0.00100153173902167	0.00134031114420061	0.00162305641811737
rf_015_014	0.000998120967840983	0.000853629630672887	0.000788985758807054
mrentabilidad_annual_rank_tend6	0.000984398528190412	0.00226335561046472	0.00213026154877904
Master_msaldototal_rank_lag1	0.000983193255759172	0.00125046480889423	0.00192737949651437
vm_mlimitecompra_rank_tend6	0.000977150343390172	0.00222905482153256	0.00196119317189182
Master_fechaalta_lag1	0.000975901303719419	0.00127848046106138	0.00227678747541464
Visa_mconsumosdolares_rank_lag2	0.000964379197673918	0.00178974678313235	0.00271072964275852
vmr_msaldototal_lag1	0.000959464055198071	0.00126447657411071	0.00153288661711085
mrentabilidad_rank_tend6	0.000957459217988555	0.00264688077935611	0.00161178519299155
Visa_mpagominimo_rank_tend6	0.000951538285107356	0.00165236473687916	0.00205136297289834
vmr_msaldopesos_lag1	0.000948716725940581	0.00126420150202164	0.00163996325580609
thomebanking	0.000946062020456679	0.00197689824682075	0.00249657636536803
vm_msaldototal_rank_delta2	0.000942449675019603	0.00114667622701016	0.00162869203068027
vmr_msaldopesos_delta2	0.000939286861092766	0.00106974216408919	0.00167941254374644
ctrx_quarter_normalizado_tend6	0.000935670864818326	0.00199963594846714	0.00125110598896547
cproductos_tend6	0.000933539448409596	0.00229536066760392	0.000332501141211544
vmr_Master_mlimitecompra	0.000932484355151494	0.00173503048197562	0.00231060115079209
cliente_antiguedad_lag2	0.000930143082830152	0.00159021864082392	0.00185411653319658
Visa_mconsumototal_rank_lag1	0.000930117842804619	0.00114189383737308	0.0026994584176327
mcomisiones_rank_lag1	0.00092563195347107	0.00118416566063192	0.00199500684726926
Master_msaldopesos_rank_delta2	0.000925503484563312	0.00107541713301559	0.00186538775832239
rf_019_018	0.000924827975263197	0.00100627470065466	0.00121729231358803
mttarjeta_visa_debitos_automaticos_rank	0.00091885816026032	0.00102474684743157	0.0011947498633364
Master_mpagominimo_rank_lag2	0.000915738834026629	0.00119470180185363	0.00225988063772592
vmr_Master_mlimitecompra_lag2	0.000915498714603798	0.00164741903361442	0.00227678747541464
rf_009_021	0.000914878260092909	0.000622392751536154	0.000772078921118331
ctarjeta_debito_transacciones	0.000908798240966694	0.000501642263337356	0.000140890314072688
ctrx_quarter_normalizado_lag2	0.000900577625605132	0.0014734324600598	0.00196682878445473
mpayroll_sobre_edad_rank_lag2	0.000898225085745767	0.000615754889156422	0.000445213392469695
ccallcenter_transacciones_tend6	0.000892031766000871	0.0019396202689331	0.000738265245740886
rf_005_019	0.000892017350053522	0.00131195110660241	0.00259238177893746
mtarjeta_visa_consumo_rank_tend6	0.000891091086364839	0.00125896212164267	0.00103695271157498
cliente_antiguedad_lag1	0.000889480825568365	0.00140758901943419	0.00162305641811737
Master_mconsumospesos_rank_delta2	0.000888145860724518	0.00220627919129697	0.00222043134978557
vmr_mpagominimo_lag1	0.000880598101491031	0.00122901008412005	0.00163432764324318
rf_007_023	0.000878569656296254	0.00096590464457345	0.00210771909852741
rf_011_027	0.000876277890379172	0.000851616746586422	0.00213589716134195
vm_status04_delta2	0.000873966238135436	0.00120617738136593	0.000281780628145376
Visa_mlimitecompra_rank_tend6	0.000872649442951582	0.00146232679977168	0.00201754929752089
mpayroll_rank_delta1	0.000868222195165396	0.0014183505509123	0.00050156951809877
cliente_edad_lag1	0.000867743822493146	0.0018622555959128	0.00133000456484618
vm_fultimo_cierre_lag2	0.0008671749325466	0.00179614860548266	0.00177521795731587
ccaja_seguridad_lag1	0.000860958446731044	0.00171974215541283	0.000174703989450133
Visa_fultimo_cierre_tend6	0.000856454788525043	0.000769569714809082	0.00101441026132335
Master_fultimo_cierre_lag1	0.000847743607400884	0.00133880400885297	0.00182593847038204
mpayroll_rank_tend6	0.000845565703140118	0.00120562941846659	0.000394492879403527
mcomisiones_mantenimiento_rank_lag2	0.000843719429413321	0.00130936872911164	0.00144835242866723
rf_010_026	0.000842635938382848	0.000822569606162869	0.000535383193476215
Visa_mpagominimo_rank_delta1	0.000842207339236575	0.00109756955906393	0.00175267550706424
vm_mlimitecompra_rank	0.000837194695378653	0.00126766054829746	0.00180339602013041
mcuentas_saldo_rank_lag1	0.00083695707605362	0.00213596838901875	0.000935511685442649
Master_mconsumospesos_rank_tend6	0.000834347420329817	0.00186966655482723	0.00181466724525622
vm_msaldototal_rank	0.000833164799572588	0.000835557992347712	0.00102004587388626
Master_msaldopesos_rank_lag1	0.000830991341654719	0.00110726051890177	0.00207954103571288
mautoservicio_rank_lag2	0.000826769187467599	0.00150497557367111	0.00153852222967375
rf_017_026	0.000823725142338492	0.00109099302911193	0.00171322621912389
cmobile_app_trx_lag1	0.000822916532725341	0.00176711760652231	0.00140326752816397
vm_mconsumototal_rank_tend6	0.000820124320273282	0.00132311473758268	0.00163432764324318
Master_mpagospesos_rank_lag1	0.000818969667353896	0.00131553884832806	0.00186538775832239
Master_msaldopesos_rank_delta1	0.000811038662914997	0.000998364074919964	0.00131309772715745
rf_008_021	0.000810891979305695	0.000663079734597496	0.000659366669860181
mttarjeta_visa_debitos_automaticos_rank_lag1	0.000801200714893828	0.000779519682259108	0.00112712251258151
Master_fultimo_cierre_lag2	0.000797169679325949	0.00126624169058639	0.00207954103571288
rf_020_023	0.000796679537565463	0.00143907724180579	0.00147653049148177
ccomisiones_otras_lag2	0.000796594348507509	0.00182055598624124	0.00213026154877904
vm_mlimitecompra_rank_delta2	0.000795709027916381	0.00133381562950985	0.00196682878445473
Master_mpagosdolares_rank_tend6	0.000790367970460911	0.00149912184253065	0.00238386411410988
Master_mpagominimo_rank_tend6	0.000786546224367776	0.00147689574058272	0.00135254701509781
Visa_cconsumos	0.000786404121945557	0.00131053153035244	0.0021697108367194
vm_mpagospesos_rank_delta2	0.000786102143536754	0.00131840312402747	0.00165123448093191
matm_rank_lag2	0.000785660127218952	0.00130093482742132	0.00133564017740908
vmr_msaldototal_lag2	0.000784639326966978	0.00104929606263705	0.00166250570605772
vm_mpagospesos_rank_tend6	0.000783633231700875	0.00149248587914659	0.00169631938143517
Master_mconsumototal_rank_lag2	0.000783243600849	0.00114367234946686	0.00182593847038204
mtarjeta_visa_consumo_rank_delta1	0.000781269306760899	0.00132127047917933	0.00133000456484618
rf_003_025	0.000779609583750119	0.00121735322750754	0.00121729231358803
Visa_Finiciomora_tend6	0.000777147733508849	0.00181317130532095	0.000422670942218064
vm_Fvencimiento_lag1	0.000776637864539066	0.00119261601173068	0.00175831111962715
Master_msaldopesos_rank_lag2	0.000775338580789137	0.00111639738259749	0.00185411653319658
vmr_msaldopesos_lag2	0.000770144512757233	0.000881884145700858	0.00139763191560107
vm_Fvencimiento_delta1	0.000769157181584908	0.000250633811143051	0.000349407978900267
Master_msaldototal_rank_lag2	0.000767206258444719	0.00115110548043885	0.00193301510907728
Visa_fechaalta_lag1	0.00076401105705264	0.00125587019742174	0.00157797151761411
vm_msaldopesos_rank_tend6	0.000762671546295109	0.000874120461171692	0.00135818262766071
thomebanking_tend6	0.000759193108799689	0.00239321699231034	0.000557925643727845
Master_msaldopesos_rank_tend6	0.000758229827136	0.00103635930860476	0.00165687009349481
Master_msaldototal_rank_tend6	0.000755646427176047	0.00131521560847042	0.00165687009349481
rf_008_024	0.000755002431969853	0.0011433243200171	0.00246276268999059
mtarjeta_master_consumo_rank_delta2	0.000754415896813719	0.00104212966357045	0.000732629633177978
Master_msaldototal_rank	0.000752917911352712	0.00134393093789372	0.00182030285781913
vmr_mpagospesos_delta2	0.000752136520911232	0.00116891192658486	0.0014201743658527
Visa_mpagado_rank_tend6	0.000750654236423139	0.00126070288478198	0.00129055527690582
vm_msaldototal_rank_lag1	0.000750168524214835	0.00109994951388107	0.00109894444976697
Visa_fechaalta_tend6	0.000749056246416207	0.000766841063327481	0.000642459832171458
vmr_Master_mlimitecompra_lag1	0.000748171833242199	0.00130769017091159	0.00192737949651437
ccomisiones_otras_delta2	0.00074743299257084	0.00115436212970315	0.00211899032365323
mautoservicio_rank_delta2	0.000744615962032649	0.00173410105190545	0.00145962365379305
Master_mpagominimo_rank_delta1	0.000743788378292101	0.0014395807322795	0.00169631938143517
mtransferencias_emitidas_rank	0.000743256972227936	0.00203856564199442	0.000896062397502297
vmr_Visa_mlimitecompra_lag2	0.000738765631237264	0.00115820007693943	0.00163996325580609
vmr_Visa_mlimitecompra	0.000738687289894705	0.00127317307610773	0.00169068376887226
Master_mconsumototal_rank_lag1	0.000737754114155136	0.0010779457227371	0.00192174388395147
vm_mfinanciacion_limite_rank_delta1	0.000735372318500368	0.00101954447180607	0.00187665898344821
vm_mlimitecompra_rank_delta1	0.000732049486997603	0.00129985594125947	0.00198373562214345
vm_mlimitecompra_rank_lag2	0.000728304986617184	0.00101973660397614	0.00166250570605772
Master_msaldopesos_rank	0.000726337806620197	0.00121426512694004	0.00207390542314997
mtransferencias_recibidas_rank_delta2	0.00072590773684773	0.0009567170725609	0.00139199630303816
mextraccion_autoservicio_rank_lag2	0.000725189504987592	0.00111374864290667	0.0014990729417334
vm_msaldototal_rank_delta1	0.000722906916286807	0.00127446893535598	0.00145398804123014
Master_mpagospesos_rank	0.000720814960703293	0.00154459288326582	0.00170759060656098
Visa_mpagado_rank_delta2	0.000718569685961844	0.00110408991467102	0.000766443308555423
vm_mfinanciacion_limite_rank_lag2	0.000713736535422477	0.00104688300370619	0.00148216610404468
Master_fultimo_cierre_delta1	0.000712592753404328	0.000838472668418706	0.00138636069047525
cmobile_app_trx_delta2	0.000710868530199047	0.00163861685507456	0.00143708120354142
vm_mpagominimo_rank_lag2	0.000709242056565576	0.00122132520791121	0.00133564017740908
Master_msaldototal_rank_delta1	0.000708085164686914	0.000965459304426627	0.00149343732917049
Visa_msaldototal_rank_lag1	0.000707539396227312	0.000999368900250666	0.00171322621912389
Visa_cconsumos_delta1	0.00070708021638666	0.00104901803940606	0.00188229459601111
cliente_edad	0.000699939773968471	0.00123314668691866	0.000766443308555423
rf_008_015	0.00069841228432372	0.000895685379018963	0.000783350146244146
Master_mconsumospesos_rank_delta1	0.0006968769672188	0.00110437399415848	0.00181466724525622
rf_019_021	0.000695315888596909	0.00108097272183579	0.00189356582113693
Visa_msaldototal_rank_tend6	0.000694838949338641	0.00128437035010589	0.0018710233708853
Visa_mpagosdolares_rank_tend6	0.000694067255786483	0.00119444589935599	0.00140326752816397
mcomisiones_mantenimiento_rank_lag1	0.000692832663898317	0.00167315322211826	0.00134127578997199
vmr_Visa_mlimitecompra_lag1	0.000692057513768518	0.00113968202065908	0.00152725100454794
Visa_msaldopesos_rank_delta1	0.000688042742035876	0.00134652843036354	0.00180903163269332
vmr_msaldototal	0.000687305536543357	0.00103121906093221	0.00162869203068027
Master_mconsumototal_rank_delta2	0.000685007575757779	0.00115884876359561	0.00117220741308477
mcomisiones_mantenimiento_rank_delta2	0.000684659965365457	0.0015295199130769	0.00111021567489278
Visa_fechaalta_delta1	0.00068248766657865	0.000636102217171589	0.000563561256290753
rf_013_017	0.000680817560147551	0.000866114141452471	0.000698815957800533
vmr_mconsumospesos_tend6	0.000678376551510053	0.00124620074242676	0.00107076638695243
vmr_mpagospesos_tend6	0.000669162518887009	0.00136136831166497	0.00137508946534944
rf_020_025	0.000666912602592798	0.00127104656022628	0.00118347863821058
rf_013_026	0.000663010227504291	0.00115274156785736	0.000845341884436129
ctrx_quarter_normalizado_delta1	0.000658232502929415	0.00170566572169513	0.000710087182926348
rf_002_017	0.000657888383017364	0.000786058617229252	0.00113275812514441
rf_009_015	0.000651527959308847	0.00087871595370786	0.00198373562214345
Visa_mconsumosdolares_rank_delta1	0.000649177087603621	0.00128268050058023	0.00190483704626274
mcaja_ahorro_dolares_rank_delta2	0.000649089772080468	0.00221060271685861	0.000738265245740886
mtransferencias_recibidas_rank_tend6	0.000649003468588318	0.00125631353592447	0.00122292792615093
Master_Fvencimiento_delta1	0.000647912297341697	0.000949849534353459	0.00152161539198503
thomebanking_delta2	0.00064713950233412	0.00109162991120043	0.000783350146244146
rf_003_027	0.000646586202922459	0.000956948750032695	0.000941147298005557
vmr_mpagospesos_lag1	0.000643907436837476	0.000762867491873384	0.00122856353871384
Master_mconsumototal_rank_delta1	0.000643739890282421	0.00133232188978031	0.00178085356987878
Master_mconsumospesos_rank_lag2	0.000643029929781418	0.0014456601616216	0.00162869203068027
vm_status01_tend6	0.000642670710824057	0.000811446957562136	0.000490298292972955
Master_msaldototal_rank_delta2	0.00064099930978953	0.000744150733924434	0.00132436895228327
Master_mpagospesos_rank_lag2	0.00063984357924487	0.00117183768868463	0.00147089487891886
rf_020_015	0.000639368582196489	0.00067044842802721	0.00059173931910529
mttarjeta_visa_debitos_automaticos_rank_delta2	0.000639237147383922	0.00108935047484331	0.00105949516182661
vmr_mconsumospesos_delta2	0.000637038715266777	0.00132512182203372	0.00107640199951534
Master_cconsumos_lag2	0.000635025609209574	0.000981063788106441	0.00215280399903067
Master_mconsumospesos_rank_lag1	0.000634833647821591	0.00106062264797553	0.00155542906736248
rf_019_019	0.000634552487146731	0.000836973719282133	0.000980596585945909
ccuenta_debitos_automaticos_tend6	0.000634281341783989	0.000780496227951583	0.000208517664827578
Master_Fvencimiento_delta2	0.000631340736837479	0.00104176156635562	0.00136945385278653
vmr_msaldototal_tend6	0.000630290804006589	0.00124804009936831	0.00136381824022362
cprestamos_personales_delta2	0.000628625512644608	0.000609961566607965	8.45341884436129e-05
Master_fultimo_cierre	0.00062613133521355	0.00107997071933649	0.00152161539198503
vmr_msaldopesos_delta1	0.000626088803159274	0.000914603943751053	0.00122292792615093
mttarjeta_visa_debitos_automaticos_rank_delta1	0.000624909497859692	0.001403548084958	0.000890426784939389
vmr_mconsumospesos_lag2	0.000622773826077548	0.000706162403345521	0.00148216610404468
mcomisiones_mantenimiento_rank	0.000622744765486561	0.00158682505857452	0.0011947498633364
vm_mpagominimo_rank_delta2	0.000622389356025263	0.00116510341378147	0.0011214869000186
mpagomiscuentas_rank	0.000621811288543039	0.000760792094902416	0.000586103706542383
Master_mpagospesos_rank_tend6	0.00061880379504297	0.00141655892548354	0.00152725100454794
mcuenta_debitos_automaticos_rank_delta2	0.000616712381993035	0.00140311429275783	0.000574832481416568
Master_mconsumospesos_rank	0.000616357773699373	0.00105978519088486	0.00154415784223666
vm_mfinanciacion_limite_rank_lag1	0.000612263740908206	0.00101187155413753	0.00129619088946873
mextraccion_autoservicio_rank_lag1	0.000610158649526097	0.000850280238565983	0.000743900858303793
ctarjeta_debito_transacciones_tend6	0.000604119777888213	0.00214275398812922	0.000873519947250666
rf_001_018	0.000603606928688807	0.0007763759975751	0.000552290031164938
Visa_mpagado_rank	0.000603424902661449	0.00103278611729188	0.000777714533681239
Visa_fultimo_cierre_delta2	0.000599200021664764	0.000695470544478838	0.000879155559813574
mplazo_fijo_dolares_rank	0.000598201395656446	0.00259002538788714	0.000264873790456654
ccajas_transacciones_delta1	0.000597956359714324	0.0016593235038651	0.000405764104529342
vm_msaldototal_rank_lag2	0.000597309701467081	0.000888015566464965	0.00100877464876045
Master_mconsumosdolares_rank_delta1	0.000594936470072534	0.000653052780836506	0.00165687009349481
vmr_msaldototal_delta2	0.000592055744805911	0.000852453536462394	0.00107076638695243
Master_cconsumos_delta2	0.000591877898642042	0.000957111524756176	0.00170195499399807
rf_004_021	0.000591807982708177	0.000770366394817042	0.000473391455284232
mpayroll_rank_delta2	0.000589935908203245	0.00102888691461418	0.000422670942218064
vmr_Master_mlimitecompra_tend6	0.000588741431875607	0.00163982854262282	0.00120602108846221
ctransferencias_recibidas_tend6	0.000587896644512709	0.0017757233929829	0.0011214869000186
mtransferencias_emitidas_rank_lag1	0.000587380818181288	0.00122298380099461	0.000946782910568464
Master_fultimo_cierre_delta2	0.000584518907662253	0.000880105094702894	0.00149343732917049
vmr_msaldopesos2_lag1	0.000583733767314669	0.000931403793881206	0.00109330883720406
mcaja_ahorro_dolares_rank	0.000583686448348179	0.00172328496279498	0.000631188607045643
vmr_msaldopesos2_delta2	0.000581593496083228	0.00112065901116512	0.00144835242866723
rf_011_018	0.000581492905047601	0.000648774574549925	0.000163432764324318
rf_020_026	0.000581212846391406	0.000869288620660865	0.00161742080555446
Master_mpagosdolares_rank	0.000580495705120578	0.00121146282522095	0.00175831111962715
Visa_fultimo_cierre_lag2	0.000575991909700828	0.00104819690341331	0.00121729231358803
mcaja_ahorro_dolares_rank_delta1	0.00057124942327912	0.00185118676074343	0.000608646156794013
ccomisiones_otras_delta1	0.00056940833620206	0.00108756631708671	0.00107076638695243
mpagomiscuentas_rank_delta2	0.00056925096406748	0.00145408713454393	0.000721358408052163
vmr_msaldopesos2_lag2	0.000568893992354285	0.00135592425034725	0.00154415784223666
vm_mconsumospesos_rank_delta1	0.000567825097422717	0.000968960949794514	0.00130182650203164
mttarjeta_visa_debitos_automaticos_rank_lag2	0.000566447148575925	0.000854748216109091	0.0011947498633364
Visa_msaldodolares_rank_delta1	0.000566275330466913	0.00106030744035634	0.000586103706542383
matm_other_rank_lag2	0.000565176848392032	0.000599308893773563	0.000648095444734365
ctarjeta_visa_debitos_automaticos_tend6	0.000560310511595285	0.00151487798924307	0.000507205130661677
Master_cconsumos_delta1	0.000557833862137446	0.000813884395491464	0.00175267550706424
Master_mpagominimo_rank_delta2	0.000553860391422138	0.00102669588420414	0.00138636069047525
Master_cconsumos	0.000552924791447011	0.000754593362440423	0.0017244974442497
mcaja_ahorro_dolares_rank_lag1	0.000551966825084041	0.00191605432289125	0.000896062397502297
vm_msaldopesos_rank_delta1	0.000551152515479332	0.00126473640291022	0.00128491966434292
mcaja_ahorro_dolares_rank_tend6	0.000548199673631991	0.00187866137877923	0.000693180345237626
Visa_mconsumosdolares_rank_delta2	0.000547966372311897	0.000873071933278466	0.00175267550706424
vmr_msaldopesos2	0.000546303755554968	0.000948180676428588	0.00123983476383966
rf_017_015	0.000542814660709547	0.000827576513544829	0.00158924274273992
vm_mpagominimo_rank_delta1	0.000542189595914698	0.00101105501166135	0.00127928405178001
mpagomiscuentas_rank_lag1	0.000540423232592114	0.0011574717351135	0.000625552994482735
ctransferencias_emitidas_tend6	0.000540278726447892	0.00204310460091624	0.000805892596495776
mpagomiscuentas_rank_tend6	0.000538460567626702	0.00169498997862954	0.000574832481416568
ccajas_consultas_delta1	0.000537847021788374	0.00105765736623613	0.000112712251258151
tcallcenter_tend6	0.000537579134826275	0.00144172885565222	0.000428306554780972
mtarjeta_master_consumo_rank_lag2	0.000533882136155183	0.00085816666493693	0.000912969235191019
cpayroll_trx_tend6	0.000533797117870424	0.00139021551863894	0.000304323078397006
Master_mpagospesos_rank_delta2	0.000532004073438736	0.00102421279339241	0.00125110598896547
chomebanking_transacciones_tend6	0.000531030821641342	0.000994196882893793	0.000924240460316834
ctarjeta_debito_transacciones_lag2	0.000529868646352137	0.00111857912332601	0.00114966496283314
vmr_mpagospesos_lag2	0.000526466853602313	0.000928740991357583	0.00143144559097851
vmr_mconsumospesos_lag1	0.000525050409586531	0.000883626525552699	0.00111021567489278
mcuenta_corriente_rank_delta2	0.000524420429216318	0.00212921430297156	0.000873519947250666
rf_010_022	0.000524146033161644	0.000485896869046373	0.000197246439701763
rf_015_022	0.000521412824064298	0.000667481786196315	0.000715722795489256
Master_cconsumos_lag1	0.000519674356323862	0.00110620726918147	0.00182030285781913
vm_mconsumototal_rank_delta2	0.00051854089780845	0.00114644662816876	0.00131873333972036
numero_de_cliente	0.000514921252556805	0.00194737756359846	0.000659366669860181
rf_007_025	0.00051327473754608	0.000836132720821162	0.000383221654277712
cdescubierto_preacordado_lag1	0.000510102483787704	0.00154437136798707	0.000293051853271191
vm_mconsumospesos_rank_tend6	0.00050979413210285	0.000786721931284518	0.000980596585945909
internet	0.000506988767977123	0.00116602668494676	0.000107076638695243
cplazo_fijo_tend6	0.000506466824543357	0.00167571404344196	0.000191610827138856
vm_Finiciomora_lag1	0.000502392488210623	0.00151961318627153	0.000338136753774452
Master_mpagospesos_rank_delta1	0.000500790817250585	0.00105402050724408	0.0014201743658527
rf_002_020	0.000499293016881119	0.00138019269647664	0.000287416240708284
vm_status02_lag1	0.000496760600722237	0.000563568768771628	0.000822799434184499
vm_mconsumototal_rank_delta1	0.000495767910965784	0.000714953264897673	0.0011214869000186
Visa_status_lag1	0.000494293513289844	0.000424408928963559	0.000326865528648636
Master_mpagado_rank_tend6	0.000492395159356923	0.00146951193217395	0.00118911425077349
vm_fechaalta_tend6	0.000489936748369985	0.00149731838687211	0.000811528209058684
ctarjeta_visa_transacciones_lag2	0.000488792964389773	0.000915291174886925	0.00116093618795895
mcaja_ahorro_dolares_rank_lag2	0.000488186393934344	0.00103730449520657	0.000772078921118331
rf_012_014	0.000486635037213355	0.00107847905823735	0.000529747580913307
vm_msaldopesos_rank_delta2	0.000485182658804528	0.000632864378229272	0.00118347863821058
matm_rank_delta2	0.000480931293406059	0.00141772937403123	0.000946782910568464
mautoservicio_rank_delta1	0.00047936024783898	0.00102754899517804	0.000710087182926348
mtransferencias_emitidas_rank_tend6	0.000479167076635583	0.00164373156895397	0.000805892596495776
cliente_antiguedad	0.000477976350827198	0.0011527973316086	0.000986232198508817
cpagomiscuentas_tend6	0.000474800650540433	0.00117735401448624	0.000315594303522821
vmr_Master_mlimitecompra_delta2	0.000473161618542524	0.00116278833276237	0.00101441026132335
Visa_fultimo_cierre	0.000473048631440507	0.000836415055285571	0.000918604847753927
rf_019_016	0.000467184419834878	0.000707025317243013	0.00118347863821058
mtransferencias_emitidas_rank_lag2	0.000467059230123301	0.00117936882323048	0.000760807695992516
vm_fultimo_cierre_lag1	0.000467035832139445	0.00110787027614671	0.00102004587388626
vm_Finiciomora_lag2	0.000465183036614947	0.00082403588744149	0.000174703989450133
rf_019_020	0.000462902195030892	0.00112359172769498	0.00100313903619754
vm_cconsumos_tend6	0.000462736407232589	0.00134705535033788	0.00100877464876045
ccajas_consultas_tend6	0.000462673972282731	0.0021318441810162	0.000417035329655157
mautoservicio_rank	0.00046156282942402	0.00107618871548617	0.000648095444734365
vmr_mpagominimo_delta1	0.000457137266836715	0.00120041131197155	0.000873519947250666
ccajas_transacciones_delta2	0.000454579396923894	0.000754090564843517	0.000625552994482735
vm_fultimo_cierre_delta1	0.00045445482550734	0.000661176119748393	0.000755172083429608
ccajas_transacciones	0.000453845625598638	0.00115583572468131	0.000884791172376482
vmr_msaldopesos2_delta1	0.000447366744002793	0.000802250147192271	0.0011947498633364
tcallcenter_delta1	0.000444048719023981	0.000838643783325876	0.000417035329655157
rf_004_026	0.000442947297968966	0.000569591536188861	0.000495933905535862
vmr_Master_mlimitecompra_delta1	0.000442365208610983	0.00139903560932716	0.00109330883720406
Visa_fultimo_cierre_lag1	0.000440639313513201	0.00102389009243896	0.00108767322464115
cpagomiscuentas_lag1	0.000440308650521523	0.000204301652857649	7.88985758807054e-05
rf_015_024	0.00044016713642909	0.00063531326145683	0.000473391455284232
vm_mconsumospesos_rank_lag2	0.000439612805632517	0.000675370855763938	0.000698815957800533
vmr_msaldopesos	0.000436836939625687	0.000616652292921225	0.000991867811071725
rf_007_016	0.000436157885969833	0.000885475865052573	0.00137508946534944
vmr_msaldopesos_tend6	0.000434800880485129	0.000905740253148729	0.00116657180052186
ccajas_otras_tend6	0.000433572668713901	0.00149981117795903	0.000236695727642116
Visa_msaldodolares_rank_tend6	0.000433489786795945	0.00163831997019738	0.000676273507548903
mextraccion_autoservicio_rank_delta2	0.000430926695900356	0.00103320109917008	0.000850977496999036
Visa_mpagosdolares_rank_delta1	0.000427585560202336	0.000696954429960566	0.00129619088946873
mtransferencias_recibidas_rank_delta1	0.000427338877647004	0.000779035079093694	0.000867884334687759
rf_020_017	0.000426019012535737	0.000717300551856862	0.00106513077438952
rf_011_016	0.000425403169606828	0.00069075413211025	0.000507205130661677
vm_mpagospesos_rank_delta1	0.000425283447368542	0.000701830511938094	0.00108203761207824
vm_fultimo_cierre_delta2	0.000418288549960828	0.000548408213822935	0.000817163821621591
rf_004_016	0.000417857297401136	0.000774566280363269	0.000788985758807054
ccajas_transacciones_tend6	0.000415951245070966	0.00126644026394447	0.000349407978900267
rf_020_024	0.000415198907583199	0.000969895255664373	0.000676273507548903
cmobile_app_trx_delta1	0.00041333111067063	0.00120316788382193	0.000766443308555423
rf_006_015	0.000410818916903763	0.000909836540782503	0.00111585128745569
Master_status_tend6	0.000409631462283731	0.000977806163682206	0.000743900858303793
mpagomiscuentas_rank_delta1	0.000407446651898625	0.00072064091090328	0.000349407978900267
cproductos_delta1	0.000406440891124417	0.00091011795141118	0.000101441026132335
thomebanking_delta1	0.000404904963481747	0.000770257587497546	0.00045648461759551
mpayroll_sobre_edad_rank_delta1	0.000404838133141029	0.000840235141697709	0.000270509403019561
vmr_mpagado_tend6	0.000404783863914771	0.00111561217354987	0.000704451570363441
rf_016_017	0.000402356199235044	0.000466902780743227	0.000293051853271191
rf_015_017	0.000401666918751262	0.000755243922430172	0.000794621371369961
vmr_mpagospesos_delta1	0.000399929296648107	0.00106018118280636	0.00117220741308477
vmr_mconsumospesos	0.000397595009690058	0.000760716109413495	0.000732629633177978
rf_004_022	0.000397313341975829	0.000818181848355786	0.000890426784939389
rf_003_015	0.000396336389041203	0.000785798146877157	0.00104258832413789
matm_other_rank_tend6	0.000395920234046092	0.00112570017745545	0.000467755842721325
ccomisiones_otras_lag1	0.000393843861900329	0.00131031889416155	0.000805892596495776
ccomisiones_mantenimiento_tend6	0.000393263432377867	0.0022699095577655	0.000315594303522821
cprestamos_personales_lag2	0.000392935194464448	0.000631852624130583	0.000123983476383966
vm_status05	0.000389529925040551	0.000496076871593559	0.000659366669860181
cextraccion_autoservicio_tend6	0.00038845849006875	0.0011389400009319	0.0005241119683504
rf_020_027	0.000387580191744332	0.000662573934534463	0.000738265245740886
mcuenta_debitos_automaticos_rank_delta1	0.000386289874798668	0.00106665814379617	0.000529747580913307
rf_013_015	0.000384713558704921	0.000609616334327498	0.000631188607045643
mtransferencias_emitidas_rank_delta1	0.000382955411814107	0.00157269699270427	0.000653731057297273
vmr_mconsumosdolares_lag2	0.000382494818698221	0.000699727887475148	0.000867884334687759
rf_019_024	0.000380651487151561	0.000708031348692587	0.000811528209058684
Master_mpagado_rank_lag2	0.000369122156682094	0.000739046233562276	0.000873519947250666
vmr_mconsumosdolares_tend6	0.000367978021204661	0.00116515830502119	0.00059173931910529
mcuenta_debitos_automaticos_rank_tend6	0.000366723792481904	0.0018456512910125	0.000557925643727845
mtransferencias_emitidas_rank_delta2	0.000364466355694779	0.00131277868378317	0.000574832481416568
vmr_Visa_mlimitecompra_tend6	0.000364141115360745	0.00126987100491996	0.000608646156794013
Visa_mpagado_rank_lag2	0.000364064708764512	0.00140637345690828	0.000850977496999036
rf_005_021	0.00036311118245401	0.000780087071370913	0.000360679204026082
Master_status_delta2	0.000362187053132333	0.000688746919348692	0.000805892596495776
vm_mpagospesos_rank_lag2	0.000361450576461842	0.000689521658258027	0.000839706271873221
Visa_Fvencimiento_delta2	0.000357680555295483	0.000519743541392252	0.000642459832171458
vm_msaldopesos_rank_lag1	0.000357527299296475	0.000645724838827396	0.000659366669860181
mplazo_fijo_dolares_rank_delta2	0.000357015692904214	0.00129366814085364	0.000169068376887226
mtarjeta_visa_descuentos_rank_delta2	0.00035596059674489	0.000582386224815318	0.000805892596495776
mplazo_fijo_dolares_rank_tend6	0.000354019690404226	0.00125916772641715	0.000231060115079209
ccallcenter_transacciones_delta2	0.00035354490321919	0.000899372458747859	0.000411399717092249
rf_010_021	0.00035292126987474	0.000920592298287285	0.000653731057297273
mautoservicio_rank_tend6	0.000349393354031321	0.000999134271636952	0.000743900858303793
rf_018_023	0.000348235850741691	0.000879605735827878	0.000952418523131372
rf_014_015	0.000347306475178998	0.000696902797808013	0.000862248722124851
mpayroll_sobre_edad_rank_lag1	0.000340281343977313	0.00122963051680011	0.000450849005032602
rf_015_015	0.000338801021767018	0.00062130134226772	0.000417035329655157
rf_017_019	0.000337366776855339	0.000657712377307603	0.000439577779906787
rf_002_021	0.000336942963826664	0.000656351798233936	0.000974960973383002
ccaja_ahorro_lag1	0.000335923037800348	0.000784286700296104	0.000101441026132335
rf_001_021	0.000331507601724347	0.000676719784242546	0.000625552994482735
vm_fechaalta_delta1	0.000330187351303266	0.000710859569136368	0.000417035329655157
vm_cconsumos_lag2	0.000329834219585767	0.000930190104688858	0.000603010544231105
mprestamos_prendarios_rank_lag2	0.000329785502014601	0.00217252284955596	0.000225424502516301
vm_cconsumos_delta2	0.000328029867241254	0.000965917809232625	0.000355043591463174
vm_mconsumosdolares_rank_lag2	0.000327556834539955	0.000889934167982603	0.000738265245740886
rf_004_009	0.000326300038256772	0.000600022890483547	0.000219788889953393
ctransferencias_recibidas_delta2	0.000322335207750203	0.000971854454629993	0.000445213392469695
vm_status01_lag1	0.000321185375132524	0.000449216484566531	0.00045648461759551
ctransferencias_recibidas_lag2	0.000320347108709507	0.00120064298944335	0.000574832481416568
ccaja_ahorro	0.000319881822724484	0.00139314736265728	0.000112712251258151
matm_rank_lag1	0.0003172045970994	0.0011408245745001	0.000529747580913307
cproductos_lag1	0.000315192747468995	0.000674596039868293	0.000202882052264671
rf_009_018	0.000315004380435983	0.000787289217747908	0.000659366669860181
vm_mpagospesos_rank	0.000312804658939813	0.000432484177093197	0.000580468093979475
active_quarter_lag1	0.000309926956925716	0.000376133353906286	0.000529747580913307
rf_008_017	0.000308349883557849	0.000552991927453525	0.000535383193476215
vm_mconsumospesos_rank_lag1	0.000308142972965448	0.000479541058847909	0.00059173931910529
Master_mpagado_rank_lag1	0.000307747954415936	0.000657886930936662	0.000834070659310314
internet_delta2	0.000307355655104996	0.00073579302301987	0.000129619088946873
rf_018_021	0.000303762478178755	0.00069942055812178	0.000997503423634632
matm_rank_tend6	0.000302901302621668	0.000755366587285642	0.000586103706542383
rf_003_023	0.00030140190394373	0.000631580272224496	0.000529747580913307
rf_007_017	0.000300354740056141	0.00054756262184541	0.000433942167343879
cextraccion_autoservicio_delta2	0.000296115731796494	0.000935226035910051	0.000484662680410047
rf_014_017	0.000294932863819397	0.000461112178377758	0.000484662680410047
rf_002_023	0.000290362810580393	0.000486953916758013	0.00059173931910529
mextraccion_autoservicio_rank_tend6	0.000289437134759947	0.000936191367263229	0.000529747580913307
cmobile_app_trx	0.000287687186074449	0.00101140065453547	0.000326865528648636
vmr_mconsumosdolares_lag1	0.000287533205901106	0.000765129914255787	0.000541018806039122
ctarjeta_visa_transacciones	0.000286822380963321	0.000883229738105991	0.000439577779906787
cprestamos_personales_lag1	0.000283004532649353	0.000760054258098137	0.000135254701509781
cproductos	0.000282430786008473	0.000212932742152447	2.81780628145376e-05
vm_mpagado_rank_tend6	0.000278027991391544	0.00132547685723778	0.000495933905535862
ctarjeta_debito_tend6	0.000275896057096079	0.00192000120575755	0.000247966952767931
rf_003_028	0.000275518575919742	0.000431209925336224	0.000118347863821058
rf_007_015	0.000274073490165709	0.000470915230284361	0.000405764104529342
vm_status01_lag2	0.000271168166556097	0.00167823965635944	0.000467755842721325
mtarjeta_master_descuentos_rank_delta2	0.000268250514902508	0.000326940127684426	0.000462120230158417
ctarjeta_master_transacciones_lag2	0.000267888395321041	0.000579521461535933	0.000484662680410047
active_quarter_lag2	0.000267558325616469	0.000537438742318916	0.000749536470866701
mcuenta_debitos_automaticos_rank_lag1	0.00026628390918089	0.000770707213215679	0.000433942167343879
Master_msaldodolares_rank_tend6	0.000266169487962123	0.000807505207116571	0.000732629633177978
vm_mconsumospesos_rank	0.000264529958064439	0.0006044343087502	0.000681909120111811
ccaja_ahorro_lag2	0.000262185119031894	0.000946961033628193	0.000152161539198503
ccajas_extracciones_tend6	0.000255535063611098	0.00208995854675525	0.000338136753774452
vm_mpagado_rank_delta2	0.000255404967827327	0.000800048826278669	0.000293051853271191
cextraccion_autoservicio_lag2	0.000253547217753074	0.00068189875602951	0.000518476355787492
mtarjeta_master_consumo_rank_lag1	0.00024877181122903	0.000377052262513952	0.00050156951809877
ccajas_consultas_delta2	0.000244465477297695	0.000657895502079283	0.000214153277390486
ctarjeta_master_transacciones_tend6	0.000244066208617698	0.000998859250872085	0.000349407978900267
catm_trx_tend6	0.000238073796311035	0.00141674654112336	0.000450849005032602
vm_mconsumosdolares_rank	0.000237391899502098	0.000462908782254621	0.000557925643727845
cpagomiscuentas_delta2	0.00023649708977172	0.000607553794070461	0.000107076638695243
Master_mpagado_rank_delta1	0.000236261976734799	0.000887345990856408	0.0005241119683504
Master_msaldodolares_rank	0.000235623922383349	0.000261808399841581	0.0005241119683504
ctarjeta_master_transacciones_delta2	0.000232446178001279	0.000450232549898634	0.000259238177893746
rf_016_022	0.000228237162179413	0.000984343122670368	0.000445213392469695
vm_mconsumosdolares_rank_tend6	0.000227892922673294	0.000780466639546069	0.000439577779906787
mextraccion_autoservicio_rank_delta1	0.000226316952673613	0.000873960714576442	0.000394492879403527
vm_status03_delta2	0.000224044935820256	0.00110717242089992	0.000146525926635596
mtarjeta_master_consumo_rank_delta1	0.000217748655506954	0.00123753139093541	0.000388857266840619
vm_status04_tend6	0.000211427037289311	0.000263696591766388	0.000101441026132335
ctarjeta_visa_debitos_automaticos_delta2	0.000207007702483945	0.00064000265163027	0.000377586041714804
Master_mpagado_rank_delta2	0.000206334491642445	0.000413173777700403	0.000445213392469695
ccajas_otras_delta2	0.000203409819342466	0.000672777417906493	0.000219788889953393
ctarjeta_visa_debitos_automaticos_lag2	0.000202222150376301	0.000725129135846171	0.000462120230158417
mv_status07_rank_tend6	0.000199499200136148	0.000722145351730035	0.000270509403019561
vm_status06_delta1	0.000199460419721892	0.000506545547144757	0.000123983476383966
rf_010_025	0.000199226446589907	0.00069568682468844	0.000214153277390486
ctarjeta_master_descuentos_delta2	0.000198918244710941	0.000375160657529359	0.000512840743224585
mpayroll_rank_lag2	0.000198285006213724	0.000716194925783004	0.000377586041714804
rf_011_025	0.000197842961123547	0.000489821939124562	0.000462120230158417
vmr_mpagado_delta2	0.000196207026326565	0.000753969645011096	0.000281780628145376
vm_mconsumosdolares_rank_delta2	0.000195435820011413	0.0007135238343999	0.000355043591463174
rf_005_015	0.000195148057225194	0.000596146296119161	0.000377586041714804
catm_trx_lag2	0.000194593212869183	0.000671460644043765	0.000462120230158417
rf_013_022	0.000193169566736381	0.000821543712245067	0.000112712251258151
matm_other_rank_delta2	0.000192605952559527	0.000712921031585052	0.000411399717092249
ctarjeta_debito_transacciones_delta1	0.000191550977131848	0.00150653821614896	0.000281780628145376
rf_010_020	0.000188568676932184	0.000795884354435485	0.000422670942218064
mv_status07_rank_delta1	0.000188095736084576	0.000848831176558915	0.000309958690959914
vm_cconsumos_lag1	0.000186325322393981	0.000487994643371728	0.000332501141211544
rf_008_016	0.000183844628755957	0.000541589921192407	0.000287416240708284
mtarjeta_visa_descuentos_rank_lag2	0.000183339649133259	0.000581306774087188	0.00045648461759551
vmr_mpagado_lag2	0.000181551683645543	0.000478449290310025	0.000338136753774452
vm_Fvencimiento_delta2	0.000180231518444913	0.000509319979819279	0.000394492879403527
rf_006_014	0.000179245298179686	0.000383328006949014	6.19917381919828e-05
vm_status03_tend6	0.000179199758816612	0.00061972699787061	0.000152161539198503
mtarjeta_master_consumo_rank_tend6	0.000178870639163737	0.000843127927994286	0.000326865528648636
mplazo_fijo_dolares_rank_lag1	0.000177264933378158	0.000548277157459571	0.000140890314072688
rf_012_018	0.000174441695565217	0.000703468575338579	0.000321229916085729
mtarjeta_master_descuentos_rank_delta1	0.000172860714635444	0.000256741263502344	0.000388857266840619
vm_status05_delta2	0.000169509501807489	0.000808976749126441	0.000208517664827578
mforex_sell_rank_tend6	0.000169447614790127	0.00114811358709796	0.000236695727642116
catm_trx_other_tend6	0.000169297846051451	0.000793435804815275	0.000281780628145376
rf_013_020	0.000167470578350341	0.000643631991625943	0.000270509403019561
cforex_tend6	0.000166575037899575	0.00119058919312193	0.000259238177893746
mtarjeta_master_descuentos_rank_lag2	0.000166151339592605	0.000356815666476055	0.000298687465834099
Master_Finiciomora_lag1	0.000166017664442456	0.000851946838225732	0.000112712251258151
mtarjeta_visa_descuentos_rank_lag1	0.000165925299806684	0.000423653616266691	0.000309958690959914
ccajeros_propios_descuentos_delta1	0.000165136323174163	0.000517952223908741	0.000467755842721325
rf_017_018	0.000162333797650696	0.000726230938266584	0.000247966952767931
ccajas_depositos_tend6	0.00016215460327605	0.00212822197508534	0.000276145015582469
rf_001_026	0.000160194822769802	0.000462681031084686	0.000332501141211544
vm_status05_tend6	0.000159554180886341	0.000428141866871686	0.000118347863821058
rf_001_023	0.000157940335240032	0.000580541016914133	0.000326865528648636
rf_007_020	0.000157000916033239	0.000519420943087209	0.000208517664827578
mv_status07_rank	0.000156976448000844	0.00068568676481208	0.000293051853271191
vm_cconsumos_delta1	0.000152720098462332	0.000199632433097682	0.000101441026132335
rf_004_019	0.000150265833759034	0.000575868820350141	0.000281780628145376
ccheques_depositados_tend6	0.000150072010000648	0.00132145537463616	0.000163432764324318
vmr_mpagado_delta1	0.000149059959487251	0.000777570234892877	0.000253602565330839
rf_015_018	0.000148695342451214	0.00110054330929753	0.000163432764324318
vmr_msaldodolares2_lag2	0.000148379874940593	0.000837731957458818	0.000298687465834099
rf_018_024	0.000146493223456354	0.000362405385894115	0.000129619088946873
vmr_mpagado	0.000146205603734334	0.00104604616250602	0.000309958690959914
ctarjeta_visa_transacciones_delta1	0.000143203545516587	0.000858071997436548	0.000191610827138856
vmr_mconsumosdolares_delta2	0.000142883760241415	0.000402906524000791	0.000259238177893746
ctarjeta_debito_lag2	0.000141489183200908	0.000661319724880444	0.000174703989450133
minversion2_rank_tend6	0.000141407432157195	0.00170591395122378	0.000169068376887226
active_quarter_delta2	0.000140077622374743	0.000527597530864179	0.000281780628145376
ccallcenter_transacciones_delta1	0.000139384774352399	0.000714929732748621	0.000107076638695243
ctarjeta_debito_delta2	0.000135294612973151	0.000966520919992717	0.000112712251258151
rf_008_023	0.000134943907899816	0.000400967444124437	0.000321229916085729
rf_004_015	0.00013426964136398	0.000254209543004189	0.000349407978900267
mtarjeta_master_descuentos_rank_lag1	0.000134226047820745	0.000366268251033046	0.000231060115079209
cpayroll_trx_lag2	0.000132422482735289	0.000115189125405276	2.81780628145376e-05
cforex_sell_tend6	0.000129389762428706	0.00138938093570389	0.000236695727642116
ccomisiones_mantenimiento_delta1	0.000129323534119114	0.00082960846457431	8.45341884436129e-05
vm_mpagado_rank_delta1	0.000126478120950173	0.000826221965065521	0.000225424502516301
mforex_sell_rank_lag1	0.000125633093661365	0.000669603657237002	0.000163432764324318
matm_other_rank_lag1	0.000125513291095874	0.000383035099697899	0.000219788889953393
mttarjeta_master_debitos_automaticos_rank_tend6	0.000124508259046386	0.000641307903208458	0.000180339602013041
vmr_mconsumosdolares_delta1	0.000124364210330989	0.00032157520829438	0.000191610827138856
Master_msaldodolares_rank_delta1	0.000124150809844483	0.000202675471011157	0.000366314816588989
rf_017_017	0.000123756586075129	0.000167342654918428	6.76273507548903e-05
vm_mpagado_rank_lag2	0.000123415672634909	0.000570938847954939	0.000247966952767931
ccajas_otras_delta1	0.000122437063349125	0.000300113888359563	2.81780628145376e-05
matm_rank_delta1	0.000122346473083382	0.000785310028003541	0.000270509403019561
vm_cconsumos	0.000121717174642944	0.000619551392095301	0.000225424502516301
vmr_mpagosdolares_tend6	0.000117392980212657	0.000684786820499014	0.000202882052264671
ccajas_depositos_delta2	0.000117032820618153	0.0005648317805272	0.000180339602013041
rf_013_018	0.000116241991609717	0.000409786354355883	0.000152161539198503
ccomisiones_mantenimiento_delta2	0.000115172265748416	0.000579253369539052	8.45341884436129e-05
vmr_msaldodolares_tend6	0.000110068030648775	0.000681093325244205	0.000214153277390486
cseguro_vida_lag2	0.000107702316194664	0.00123292378588632	0.000174703989450133
ccallcenter_transacciones_lag2	0.00010760035963585	0.000403996932447182	0.000202882052264671
vmr_mpagado_lag1	0.00010728625820935	0.00051888681206174	0.000236695727642116
ctarjeta_visa_descuentos_tend6	0.000105379879822605	0.000904305459271293	0.000135254701509781
rf_018_022	0.000105315888697108	0.000523496803686473	0.000214153277390486
vm_msaldodolares_rank_tend6	0.000102577607030369	0.000587756815530272	0.000169068376887226
mv_status07_rank_delta2	0.000102195428046399	0.000581732534048923	0.000185975214575948
rf_011_021	9.98581222941825e-05	0.000738085085131994	0.000152161539198503
mv_status07_rank_lag2	9.92489190505706e-05	0.000452219438274097	0.000219788889953393
ctransferencias_emitidas_lag2	9.18160725017744e-05	0.000465078949374386	0.000140890314072688
rf_005_016	9.16649898622854e-05	0.000600243250967629	0.000202882052264671
ccajas_extracciones_delta2	8.74288518890244e-05	0.000494460338698041	0.000191610827138856
mttarjeta_master_debitos_automaticos_rank_lag2	8.56371858905669e-05	0.000356911719730034	0.000174703989450133
cproductos_lag2	8.33927625677877e-05	0.000284211211035281	0.000112712251258151
vm_mconsumosdolares_rank_delta1	8.22793081415728e-05	0.000405995086486149	0.000197246439701763
vmr_mpagosdolares_lag2	8.15570111497265e-05	0.000510450780416822	0.000163432764324318
catm_trx_other_delta2	8.12645652639742e-05	0.000296903584854467	0.000219788889953393
ctarjeta_debito_transacciones_lag1	8.09675335989668e-05	0.000327787849616554	0.000231060115079209
rf_011_019	8.06451094807276e-05	0.000353970765664898	0.000140890314072688
matm_other_rank_delta1	7.96928356713734e-05	0.000423757214179145	0.000140890314072688
rf_009_020	7.94495316242992e-05	0.000293719328384581	0.000191610827138856
ccomisiones_mantenimiento_lag2	7.86624855469943e-05	0.000168290895310572	9.58054135694279e-05
vmr_msaldodolares_delta2	7.82096738764103e-05	0.000443222073773836	0.000112712251258151
ccajas_consultas_lag2	7.78998516033087e-05	0.00068545595985181	0.000214153277390486
mttarjeta_master_debitos_automaticos_rank_delta2	7.66836276931302e-05	0.000471389850891454	0.000146525926635596
vm_msaldodolares_rank_lag2	7.53858241100789e-05	0.00033825770562452	0.000180339602013041
ccajas_otras_lag2	7.35151348763087e-05	0.000274911367319242	0.000191610827138856
ccajeros_propios_descuentos_lag1	7.17476694087138e-05	0.000251561983770136	0.000157797151761411
ctarjeta_master_transacciones_lag1	7.03131034790805e-05	0.00041926685928165	0.000107076638695243
vm_msaldodolares_rank_delta2	6.99833685854996e-05	0.00042611851264693	0.000163432764324318
ctransferencias_emitidas_delta1	6.96892546811616e-05	0.000725735043775561	0.000112712251258151
mttarjeta_master_debitos_automaticos_rank_lag1	6.94507906072783e-05	0.000167415586617015	0.000107076638695243
ccomisiones_mantenimiento	6.65499974844249e-05	0.000272487042724882	2.25424502516301e-05
cpagomiscuentas_lag2	6.56654550192154e-05	0.000313117415185562	0.000112712251258151
vmr_mpagosdolares_lag1	6.53017440382127e-05	0.000524567554961464	0.000123983476383966
vmr_msaldodolares2_delta2	6.51274626848104e-05	0.000823282294105567	0.000169068376887226
ctransferencias_emitidas_delta2	6.51256416929566e-05	0.000429438726941978	0.000107076638695243
ccajas_depositos_delta1	6.31447910925416e-05	0.000249092160265996	3.94492879403527e-05
mforex_sell_rank_delta2	6.11117524881419e-05	0.000463386174368909	0.000112712251258151
rf_015_021	6.08118909613996e-05	0.000193466240183123	0.000135254701509781
Visa_Finiciomora_lag2	6.0310194398069e-05	0.000518205714168642	9.01698010065204e-05
ctransferencias_emitidas_lag1	6.02782335934047e-05	0.00049698569499449	0.000107076638695243
mttarjeta_master_debitos_automaticos_rank	6.02098195281091e-05	0.000340048047948092	0.000140890314072688
ctarjeta_debito_lag1	5.97725003800092e-05	0.000511467615612034	9.01698010065204e-05
cextraccion_autoservicio_lag1	5.8294140357802e-05	0.000553676951648483	0.000107076638695243
mforex_sell_rank_lag2	5.76378422043364e-05	0.000472787563029109	0.000140890314072688
ctarjeta_master_transacciones_delta1	5.6561397665718e-05	0.00110613346497136	0.000123983476383966
rf_005_017	5.3794165907883e-05	0.000221099039425852	0.000123983476383966
ccajeros_propios_descuentos_tend6	5.3400135299418e-05	0.000370748905655359	5.63561256290753e-05
ctransferencias_recibidas_lag1	5.27347725015368e-05	0.000649581160129895	8.45341884436129e-05
active_quarter_tend6	4.90641150483667e-05	0.000742574772814794	0.000107076638695243
mv_status07_rank_lag1	4.90349661675141e-05	0.000190352708470909	0.000140890314072688
mtarjeta_visa_descuentos_rank_tend6	4.85991157421246e-05	0.000492324943728728	0.000101441026132335
cliente_edad_delta2	4.72098443045018e-05	0.000245390145192773	9.01698010065204e-05
cseguro_vida_tend6	4.50365219298478e-05	0.000754432384064197	0.000101441026132335
ccajas_depositos_lag1	4.44316564442253e-05	0.000406330618491434	4.50849005032602e-05
ccuenta_debitos_automaticos_delta2	4.20374646089618e-05	0.000409227074468833	5.63561256290753e-05
mttarjeta_master_debitos_automaticos_rank_delta1	4.14533625471573e-05	0.000402126421711793	9.01698010065204e-05
vm_mpagosdolares_rank_delta1	4.06843212101393e-05	0.000283870572271369	6.76273507548903e-05
mcaja_ahorro_adicional_rank_lag2	4.05505502377583e-05	0.00074856238315002	0.000101441026132335
rf_016_008	3.92437437228547e-05	0.000320675751561284	9.01698010065204e-05
cseguro_vivienda_lag2	3.89874616480929e-05	0.000119899584165817	6.19917381919828e-05
ccajas_otras	3.76680575670368e-05	0.000348286840664321	2.81780628145376e-05
ccuenta_debitos_automaticos_lag1	3.75697931310319e-05	0.000366747696115626	5.07205130661677e-05
vmr_mpagosdolares_delta2	3.73054569522536e-05	0.000459075531183308	9.01698010065204e-05
cextraccion_autoservicio_delta1	3.63276980256335e-05	0.000261038331435112	4.50849005032602e-05
vmr_msaldodolares_delta1	3.59033914220344e-05	0.00050283016211553	9.58054135694279e-05
mcaja_ahorro_adicional_rank	3.47582884710517e-05	0.000676206259886312	5.63561256290753e-05
ctarjeta_master_debitos_automaticos_tend6	3.30055294654628e-05	0.000609187520575429	7.32629633177978e-05
cliente_edad_tend6	3.27106325316117e-05	0.000352239369193421	5.63561256290753e-05
ctransferencias_recibidas_delta1	3.22185806881739e-05	0.000383096252490908	5.07205130661677e-05
cpagomiscuentas_delta1	3.08713678176905e-05	0.000399742155661237	5.07205130661677e-05
internet_delta1	2.98682266230505e-05	0.000224356766498501	6.19917381919828e-05
Master_Finiciomora_lag2	2.89464380132897e-05	0.000281127062431751	4.50849005032602e-05
vmr_mpagosdolares_delta1	2.823452966235e-05	0.000369324761550939	6.19917381919828e-05
mcaja_ahorro_adicional_rank_lag1	2.75969620522511e-05	0.000487832895132392	6.76273507548903e-05
ctarjeta_visa_debitos_automaticos_lag1	2.24622502201154e-05	0.000205043108018544	5.63561256290753e-05
ctarjeta_visa_tend6	2.15327504728726e-05	0.000171707830074295	4.50849005032602e-05
rf_012_006	2.06515330066925e-05	0.000208148273884967	3.94492879403527e-05
ctransferencias_emitidas	1.96385406924743e-05	0.000528280604739259	4.50849005032602e-05
cseguro_vivienda_lag1	1.8023012031088e-05	4.40141004622745e-05	2.25424502516301e-05
ctransferencias_recibidas	1.7728739868142e-05	0.000418255156507169	3.94492879403527e-05
ctarjeta_visa_debitos_automaticos_delta1	1.69381140625523e-05	9.53355619265278e-05	2.25424502516301e-05
rf_008_020	1.6163463343796e-05	0.000132898081219499	4.50849005032602e-05
rf_007_022	1.6094624453285e-05	0.000183164163008851	5.63561256290753e-05
ctarjeta_master	1.54695891983476e-05	0.000121397583804554	5.07205130661677e-05
ccallcenter_transacciones	1.53710835593352e-05	0.000259465039184251	2.25424502516301e-05
cplazo_fijo_lag1	1.44765005316802e-05	0.000246544529263575	2.25424502516301e-05
catm_trx_delta1	1.42985373320994e-05	0.000174311686745824	3.94492879403527e-05
rf_012_016	1.38546284961174e-05	0.000166558190071809	2.25424502516301e-05
cpayroll_trx_lag1	1.28551145978212e-05	0.000298635879499572	3.38136753774451e-05
ccuenta_debitos_automaticos_delta1	1.18790388370733e-05	0.000197896109502303	2.25424502516301e-05
ctarjeta_master_debitos_automaticos_lag1	1.08468061967699e-05	0.000116574109139519	1.69068376887226e-05
ccuenta_debitos_automaticos_lag2	8.8908620179112e-06	4.85500055937561e-05	2.81780628145376e-05
rf_011_017	8.81826675114365e-06	0.000208972104398592	1.69068376887226e-05
ccomisiones_mantenimiento_lag1	8.80374568317841e-06	0.000115568154676255	2.25424502516301e-05
cpagomiscuentas	8.74753958436633e-06	0.000404974042705937	3.38136753774451e-05
cprestamos_personales	8.59140078215313e-06	9.24558889649188e-05	1.12712251258151e-05
cpayroll_trx	5.3674190290864e-06	0.000138935373387401	1.12712251258151e-05
cforex_sell_delta1	4.75923694367656e-06	3.67403311539796e-05	1.12712251258151e-05
ctarjeta_debito	4.73313722658061e-06	0.000137331620219503	1.12712251258151e-05
ctarjeta_visa_debitos_automaticos	4.20622699078669e-06	0.000131918302101964	1.12712251258151e-05
rf_002_011	2.15073915779677e-06	1.88691138583476e-05	5.63561256290753e-06
ctarjeta_master_transacciones	1.28173325454403e-06	2.91534328568904e-06	1.69068376887226e-05
