Feature	Gain	Cover	Frequency
mpasivos_margen_rank	0.0352319399896656	0.00292088873098515	0.00210283739017716
ctrx_quarter	0.0251361325169201	0.00133385196182853	0.000875702146046378
Visa_cconsumos	0.0229060961761509	0.00185026721518127	0.00275961399971194
mautoservicio_rank_lag1	0.0212424751790657	0.0010256669395236	0.00083537375774161
Master_status	0.0205145721581632	0.00157794250315107	0.00101397090594844
rf_006_015	0.0161391318272545	0.0023279307689307	0.000725910989485813
mpayroll_sobre_edad_rank_lag1	0.0160302414375128	0.00201626860925248	0.000576119832925248
rf_012_013	0.0155894648925718	0.00156419052478718	0.000691343799510298
mpayroll_sobre_edad_rank_lag2	0.0154455897682521	0.00102120867085709	0.000610687022900763
Visa_mconsumototal_rank_delta2	0.0146430180571254	0.00218752304700543	0.00433818234192712
rf_001_017	0.0128339606215548	0.00100729136102606	0.00176868788708051
rf_016_015	0.012419354135905	0.0010428557046137	0.00144606078064237
rf_017_021	0.0123478877624088	0.00201952477374002	0.000662537807864036
vm_status01_tend6	0.0106970830615259	0.00100256571622963	0.000541552642949734
mprestamos_personales_rank	0.00916897580570049	0.00321549379610588	0.000593403427913006
mpayroll_rank_lag1	0.00865521727274997	0.00110836702423841	0.000345671899755149
mcaja_ahorro_rank_lag1	0.00844766958253526	0.00227863706457872	0.00108310528589947
Master_Fvencimiento_lag2	0.00797320614725895	0.00235294501109377	0.00409621201209852
rf_009_021	0.00774478944087904	0.000889243286522133	0.000944836525997408
cdescubierto_preacordado	0.00729377146200417	0.00208515321642719	0.000731672187815066
mtarjeta_visa_consumo_rank	0.00656495089165624	0.00107054437173781	0.00120985164914302
vm_status02	0.0065506640358913	0.00154938327081605	0.00119256805415526
mcaja_ahorro_rank_tend6	0.00654556416210179	0.0027867962569797	0.00147486677228864
vm_msaldopesos_rank	0.00595559456248316	0.00136073130646728	0.00135964280570359
vm_mpagospesos_rank	0.00593504738710738	0.00102753321004433	0.00119832925248452
rf_017_023	0.00574645736976937	0.00128787356751784	0.00078928417110759
Visa_mfinanciacion_limite_rank_delta2	0.00566818863354256	0.00241459355265425	0.00385424168226991
cproductos_delta1	0.0056136217815787	0.00118255630799524	0.00016131355321907
mcuenta_corriente_rank	0.00485237218234125	0.00283288221762065	0.00125594123577704
vm_status04_delta2	0.00463361622199093	0.000758893706684712	0.00016131355321907
Visa_msaldototal_rank	0.00436779134273059	0.00207483157399528	0.00273080800806568
ctrx_quarter_normalizado_lag2	0.00398455482064049	0.00216403408584873	0.00212588218349417
ccomisiones_mantenimiento_tend6	0.00398141375496068	0.00336154511350232	0.000506985452974219
mcuentas_saldo_rank_tend6	0.00387549792191189	0.00274652052405452	0.00241394209995679
mcuenta_corriente_rank_lag1	0.00383114285457302	0.00259435101324701	0.00149791156560565
rf_019_024	0.00381513732946088	0.000644103920386593	0.000743194584473571
mprestamos_personales_rank_delta2	0.00381019997365824	0.00385417918206472	0.00076623937779058
mautoservicio_rank	0.00375386775999675	0.00157186123589139	0.000869940947717125
Master_mpagominimo_rank_delta1	0.00368679917637376	0.00117723198701915	0.00190119544865332
vmr_mpagominimo_delta1	0.00358683787220608	0.00156081628156396	0.00158432954054443
mactivos_margen_rank_lag1	0.00346345396494475	0.00236409864670356	0.00233904652167651
rf_006_022	0.0033879480107924	0.00114030214567831	0.000610687022900763
vm_msaldopesos_rank_lag2	0.00325457567910927	0.00118123493048906	0.00157856834221518
mcaja_ahorro_rank	0.00318415699278027	0.00133861108173414	0.000720149791156561
rf_012_019	0.00315624613513656	0.00141266317329088	0.0025579720581881
mrentabilidad_annual_rank_lag2	0.00308186070935414	0.00316727469319738	0.0048739737865476
rf_019_021	0.00305528988361365	0.00302449974215849	0.00674636324355466
rf_015_023	0.00297711547389992	0.00142779798425833	0.00356042056747804
rf_006_021	0.00290578432172302	0.00191146717435064	0.00433242114359787
vm_status06_delta2	0.00288624415206774	0.000592889286314966	0.000224686734840847
mcomisiones_mantenimiento_rank_delta2	0.00288526322384532	0.00229857822163677	0.00099668731096068
mcuenta_corriente_rank_lag2	0.0028032447310425	0.0022274085732454	0.00131931441739882
mcomisiones_otras_rank_delta2	0.00274892795445614	0.00283037161097748	0.00614143741898315
mrentabilidad_annual_rank_delta2	0.00270164482058862	0.00318162094102554	0.00629122857554371
ctrx_quarter_normalizado_delta2	0.00265523675714518	0.00198436728147952	0.002327524125018
mcomisiones_rank_delta2	0.00264135516241882	0.00314026495225698	0.00661961688031111
vm_cconsumos_lag1	0.00263332583077093	0.000875658497878873	0.000524269047961976
vm_Finiciomora	0.00263075928705591	0.00472909615716393	0.000512746651303471
mprestamos_personales_rank_lag1	0.00261488225126646	0.0025537889234599	0.000662537807864036
mpasivos_margen_rank_lag2	0.00250961043998616	0.00281288929492983	0.00538095923952182
mcuentas_saldo_rank	0.00248947442827086	0.00319480230283736	0.00118104565749676
mcomisiones_rank_lag2	0.00246562992701305	0.00187147970963382	0.00396946564885496
mrentabilidad_annual_rank	0.00243043181709289	0.00271512381828845	0.00292092755293101
mcuentas_saldo_rank_lag2	0.00242270219035477	0.00313249264778014	0.00246579288492006
vm_status05_delta2	0.00242140361531024	0.000575468080260466	0.000230447933170099
cdescubierto_preacordado_delta1	0.00239905695245879	0.00106680806109642	0.000120985164914302
mcuenta_corriente_rank_delta1	0.00236855628135633	0.0022104081288727	0.0013826875990206
Master_fechaalta	0.00229839414922866	0.00328199476844336	0.00444188391185367
ctrx_quarter_normalizado_tend6	0.0022901219774265	0.00226171766660441	0.00152671755725191
mrentabilidad_rank_tend6	0.00228206655158095	0.00299500681708706	0.00166498631715397
mprestamos_personales_rank_tend6	0.00226598039931939	0.00300230513419302	0.000599164626242258
mcuentas_saldo_rank_delta2	0.00226239023574679	0.00265309688322562	0.00325507705602765
mcomisiones_otras_rank_tend6	0.00226200411739747	0.00187368216475633	0.00258101685150511
rf_005_013	0.00225318135568689	0.000634044291695956	0.000483940659657209
Visa_mpagominimo_rank	0.00223974094013798	0.00212710490816985	0.00317442027941812
mcuentas_saldo_rank_delta1	0.00223058862319269	0.00252979026991894	0.00160737433386144
mpayroll_sobre_edad_rank_delta2	0.0022005212409926	0.00103453059627176	0.000351433098084402
vm_cconsumos_tend6	0.00220014151038733	0.00148497262127655	0.00106582169091171
mcomisiones_otras_rank_lag2	0.00219699110336195	0.00253398787871457	0.0044015555235489
rf_007_023	0.00214259061891902	0.00116939674084214	0.00304191271784531
rf_013_026	0.00211707686224843	0.00116975238401255	0.000639493014547026
ccomisiones_otras_tend6	0.00211575615841138	0.00186294660963403	0.00202218061356762
mprestamos_personales_rank_delta1	0.00211381967194187	0.00336378407003257	0.000558836237937491
rf_017_027	0.00211250027529235	0.000913822644276925	0.000691343799510298
internet_tend6	0.00211113134419201	0.00228719602084842	0.000455134668010946
Visa_mpagospesos_rank_delta1	0.00209621220630013	0.00228374118251694	0.00470113783667003
mactivos_margen_rank_delta2	0.00208706755797154	0.0032815358329257	0.00558836237937491
mcaja_ahorro_rank_lag2	0.00208706243512006	0.00224879120407767	0.00121561284747227
chomebanking_transacciones_delta1	0.00206360186547443	0.00321213845397524	0.00318018147774737
mactivos_margen_rank_lag2	0.00205755853014838	0.00238605515930473	0.00349128618752701
rf_017_026	0.00205689355818163	0.00139927097934803	0.00176868788708051
Master_msaldopesos_rank_tend6	0.00205220979083871	0.00112699163524932	0.00149791156560565
mrentabilidad_annual_rank_lag1	0.00201670544850693	0.00285915513450805	0.00327236065101541
Master_fechaalta_lag2	0.00197586615179038	0.00214647467882796	0.00347400259253925
mrentabilidad_annual_rank_delta1	0.00196951576539982	0.00222755840156919	0.00409045081376926
rf_003_026	0.00195183503537306	0.000966175378968235	0.000460895866340199
mactivos_margen_rank	0.00194816151597727	0.00341993207509368	0.00175716549042201
Visa_cconsumos_tend6	0.0019396282019922	0.00273630432423459	0.00470689903499928
ccaja_ahorro_tend6	0.00189724953056153	0.0027769669455352	0.000282298718133372
chomebanking_transacciones_delta2	0.00189516291898015	0.00238499688394544	0.00369292812905084
ctrx_quarter_delta2	0.00187194607866597	0.00198797385948123	0.00211435978683566
Visa_mconsumospesos_rank	0.00184786646339605	0.00207728144229598	0.00334149503096644
mprestamos_personales_rank_lag2	0.00179979353949165	0.00213871137360727	0.000668299006193288
rf_016_021	0.00179535462278836	0.00120464443803606	0.0016131355321907
Visa_mpagospesos_rank_delta2	0.00178705702958676	0.00232526255584559	0.00482212300158433
cprestamos_personales_tend6	0.00177103709491163	0.00278664600391226	0.000368716693072159
Master_mlimitecompra_rank_tend6	0.0017646784372362	0.00237591421875092	0.00428633155696385
mcuenta_debitos_automaticos_rank_lag1	0.00175837150465288	0.00125212475245217	0.000668299006193288
mrentabilidad_rank_delta2	0.00175674989186461	0.00310013880873728	0.00599740746075184
mrentabilidad_rank_lag2	0.00174091327023572	0.00221489445716682	0.00376206250900187
vmr_mpagospesos	0.00173681558591193	0.00113898217513547	0.00145182197897163
mextraccion_autoservicio_rank	0.00172524626011791	0.000588635186613418	0.000518507849632724
Visa_mpagominimo_rank_tend6	0.00171325409565429	0.0017295314690236	0.00258677804983437
mpasivos_margen_rank_delta1	0.00171255752888009	0.00217739458329644	0.00374477891401412
Visa_mpagospesos_rank_tend6	0.00169693953023719	0.00217071410892752	0.00376782370733112
cprestamos_personales	0.00169248445193712	0.000427512424693337	5.76119832925248e-05
chomebanking_transacciones_lag2	0.00168927762331742	0.00238123715931014	0.00407892841711076
mcomisiones_otras_rank_delta1	0.00168283935635978	0.00241831157277206	0.0044015555235489
Visa_fechaalta_delta2	0.00168019553737558	0.00128765668278975	0.00103701569926545
Master_fechaalta_lag1	0.00166582553071995	0.00240499360278266	0.00359498775745355
Visa_fechaalta	0.00166279174204211	0.00188532160091986	0.00294973354457727
rf_003_015	0.00165378133326961	0.00111648172519297	0.00118104565749676
mautoservicio_rank_lag2	0.00164731498154336	0.00162655603363484	0.00171683710211724
mactivos_margen_rank_delta1	0.00163715683462692	0.0023234341140565	0.00304191271784531
mpasivos_margen_rank_lag1	0.00163049541231094	0.0019574055100255	0.00262710643813913
Master_mfinanciacion_limite_rank_lag2	0.00161853262132529	0.00230441536748157	0.00459167506841423
mrentabilidad_rank_delta1	0.00161625836502075	0.00201355080734582	0.00344519660089299
mcomisiones_rank_delta1	0.00160537594492742	0.00223432316100686	0.00419415238369581
chomebanking_transacciones	0.00159673552363044	0.0024640314574766	0.00301310672619905
Master_mlimitecompra_rank_lag2	0.00158565775651431	0.00205240311810205	0.004061644822123
Visa_mconsumospesos_rank_tend6	0.00157716932378414	0.00220199743468457	0.00449949589514619
mpasivos_margen_rank_delta2	0.00157388883699978	0.00219050164151537	0.00433242114359787
mcomisiones_rank_lag1	0.00157166630227732	0.00238229564704126	0.00341062941091747
Visa_msaldopesos_rank_tend6	0.00156543800459132	0.00225169443313559	0.00286907676796774
Visa_mpagospesos_rank_lag2	0.0015610415165586	0.00213467410554086	0.0042805703586346
rf_016_018	0.00155966887323608	0.000692192334982192	0.000627970617888521
vm_mpagominimo_rank_lag2	0.00155803206739182	0.00137913868764589	0.00193576263862884
ctrx_quarter_tend6	0.00154898451824619	0.00178453877191015	0.00159585193720294
Visa_fechaalta_lag1	0.00154757555462415	0.00189001246982965	0.00288059916462624
Master_mfinanciacion_limite_rank_delta2	0.00154471219111287	0.00205207067655372	0.00402707763214749
Visa_mlimitecompra_rank	0.00154330190762211	0.00230584096646175	0.00334725622929569
mtransferencias_recibidas_rank_lag2	0.00153701480650436	0.00173715179491191	0.00272504680973643
Visa_mconsumosdolares_rank_lag1	0.00153567969360535	0.00174071642947784	0.0031398530894426
rf_005_019	0.00153083478937021	0.00119601502741284	0.00228143453838398
Master_fechaalta_tend6	0.00150693903711307	0.0013953753367436	0.00180325507705603
vm_mpagominimo_rank	0.00150443038442847	0.00136151209148842	0.00142301598732536
Visa_mconsumospesos_rank_lag2	0.00150285816167079	0.00167996247769117	0.00399827164050122
Visa_fechaalta_lag2	0.00150090362178532	0.00235548012013645	0.00327236065101541
rf_020_027	0.00148617940687141	0.00142088990038407	0.00144606078064237
cproductos_tend6	0.0014767977488972	0.00183971360962155	0.000305343511450382
rf_014_017	0.00147463852528187	0.000931325878949517	0.000466657064669451
Visa_mlimitecompra_rank_lag1	0.00147238573314454	0.00209281864478221	0.00315137548610111
Visa_msaldototal_rank_lag1	0.00145912345818525	0.00146486395594014	0.00226415094339623
vmr_mpagominimo	0.0014493007072396	0.00142172231830559	0.00231024053003025
mcomisiones_otras_rank_lag1	0.00144781068211186	0.00224517828146764	0.00333573383263719
Visa_mconsumospesos_rank_delta2	0.00144444872476047	0.00202613845716941	0.00384848048394066
mcomisiones_rank_tend6	0.00144344305309798	0.00234631672710128	0.00275961399971194
vmr_Master_mlimitecompra	0.00144252716414224	0.00187946101453468	0.00322050986605214
mcomisiones_rank	0.00143436840764011	0.00187364810562461	0.00279418118968746
vmr_mpagominimo_delta2	0.0014340104421187	0.0014538685373413	0.00188967305199482
foto_mes	0.00143007456923036	0.00292657880933991	0.000403283883047674
Visa_mlimitecompra_rank_delta2	0.001427005782401	0.00227101156212714	0.00376206250900187
Master_mlimitecompra_rank	0.00142380449988887	0.0018266918983305	0.00375630131067262
rf_010_023	0.00142267910847718	0.00178281648948797	0.00473570502664554
mcuenta_corriente_rank_tend6	0.00141444995407199	0.00277919435434737	0.0015151951605934
vm_fultimo_cierre_tend6	0.00141399950881011	0.00196070128185872	0.0016131355321907
Master_Fvencimiento	0.00141390922229073	0.00188586683903863	0.00352009217917327
Visa_mfinanciacion_limite_rank	0.00140957960960487	0.00219774383936611	0.00302462912285755
Visa_mconsumototal_rank_delta1	0.00140481722939946	0.00146596290050426	0.0033587786259542
vm_fechaalta_lag2	0.00140428187791592	0.00220032229880793	0.0031398530894426
internet_lag1	0.00140332440803866	0.00136844698730581	0.000213164338182342
Visa_mconsumosdolares_rank_lag2	0.00140090879853639	0.00172309145265555	0.0031398530894426
vm_cconsumos	0.00140035438726462	0.000367135645271021	0.000149791156560565
Visa_mpagominimo_rank_lag1	0.00139026902349155	0.00227917733850604	0.00343943540256373
rf_002_020	0.00138468836789936	0.000890100790865691	0.000207403139853089
vm_mpagominimo_rank_lag1	0.00137842583519993	0.00152842777282037	0.00142877718565462
mcaja_ahorro_rank_delta2	0.00137503828163847	0.0016240283576061	0.00157280714388593
cdescubierto_preacordado_delta2	0.00137325074707565	0.00130883177325431	0.00016131355321907
chomebanking_transacciones_lag1	0.00136059864897405	0.00225117467963604	0.00299582313121129
vm_status04_delta1	0.00135929980341243	0.000622416456343463	0.000149791156560565
Visa_Fvencimiento_tend6	0.00135862934035264	0.00157512316096473	0.00122137404580153
Master_mpagominimo_rank_tend6	0.00135193795545094	0.00171191979198696	0.00218349416678669
Visa_mconsumospesos_rank_delta1	0.00134819216529168	0.00183932911042918	0.00382543569062365
mcomisiones_mantenimiento_rank	0.00134154985649432	0.00128868567738343	0.00130203082241106
Master_mfinanciacion_limite_rank_tend6	0.00134046977083684	0.00218085828815169	0.00342215180757598
Visa_msaldopesos_rank_lag2	0.0013355823453799	0.00130246375093553	0.00236785251332277
Master_mfinanciacion_limite_rank_lag1	0.00133319090253853	0.00238586113109449	0.00392337606222094
Visa_Fvencimiento	0.00133202305386676	0.0019884991081018	0.00245427048826156
Master_Fvencimiento_lag1	0.00133040156399624	0.00181118233072823	0.00343367420423448
vm_msaldopesos_rank_lag1	0.00132818268251347	0.00153229386919441	0.00159009073887369
Master_msaldototal_rank_lag1	0.00132665626023522	0.00169096145351811	0.00286907676796774
ctrx_quarter_lag1	0.00132272527410131	0.00119905016592166	0.00103125450093619
Visa_mfinanciacion_limite_rank_tend6	0.00132001595927565	0.00211158867740151	0.00286331556963849
vm_Fvencimiento	0.00131959545582191	0.00195804177601851	0.00297277833789428
Visa_status	0.00130943994681358	0.00132687451200634	0.000772000576119833
vm_Fvencimiento_lag2	0.00130093956057204	0.00199944573427344	0.00310528589946709
vm_fechaalta	0.0012985877480923	0.00170184296117836	0.00246003168659081
mtarjeta_visa_consumo_rank_tend6	0.00129797481719236	0.00147302320188536	0.00130203082241106
Visa_mpagominimo_rank_lag2	0.00129304600840534	0.0016911230419318	0.00258101685150511
mtransferencias_recibidas_rank_delta2	0.0012926971400146	0.00202110967813675	0.00269047961976091
vm_cconsumos_delta2	0.00128520859394584	0.000957860358288069	0.000299582313121129
mpayroll_rank_tend6	0.00127690508103857	0.00134364373655265	0.000472418262998704
Visa_Fvencimiento_lag1	0.0012709092686656	0.00199290253174405	0.00282874837966297
Visa_msaldototal_rank_tend6	0.00126909387026288	0.00159608176489837	0.00225262854673772
Visa_mconsumospesos_rank_lag1	0.00126356970759829	0.00165423981620694	0.00317442027941812
rf_015_017	0.0012466935199127	0.00109830487363233	0.000656776609534783
vmr_msaldototal_lag2	0.00124636807726395	0.00119702719153924	0.00181477747371453
Master_mpagominimo_rank	0.00124019694540552	0.00140423134810599	0.00235056891833501
Visa_fechaalta_tend6	0.00123809226129643	0.000928803326391093	0.000869940947717125
Visa_mpagospesos_rank_lag1	0.00123224876031601	0.00175641694589886	0.00294973354457727
Master_cconsumos_tend6	0.00123219283631531	0.00219341878092794	0.0032377934610399
Master_mlimitecompra_rank_delta1	0.0012265350844772	0.00177977545766096	0.0038196744922944
rf_005_020	0.00122633338113205	0.00168147337050628	0.00280570358634596
Master_mpagominimo_rank_lag1	0.00122549026097502	0.00178013837456644	0.00249459887656633
ctarjeta_visa_transacciones_tend6	0.0012232110430297	0.00222974965407784	0.00112343367420423
Visa_cconsumos_delta1	0.0012211440486268	0.00149195129223674	0.00214316577848192
Master_msaldototal_rank_tend6	0.00121454028692462	0.00193093609610537	0.00258101685150511
vmr_mpagospesos_tend6	0.00121352385316896	0.00163758774126958	0.00152671755725191
Master_mfinanciacion_limite_rank	0.00121292548481955	0.00159739963826941	0.00281722598300446
mpayroll_sobre_edad_rank_tend6	0.00121206888712192	0.00176370538771487	0.000679821402851793
Visa_fultimo_cierre_lag1	0.00121148154604417	0.00116872293812874	0.00121561284747227
catm_trx_tend6	0.00120755815882592	0.00125270896080115	0.000541552642949734
Visa_mfinanciacion_limite_rank_lag2	0.0012034114713789	0.00159323035456618	0.00258677804983437
active_quarter_lag1	0.00120217978007761	0.00105109177606726	0.000489701857986461
Visa_mpagospesos_rank	0.00119090317740053	0.00171957170818451	0.00282874837966297
mcaja_ahorro_dolares_rank	0.00118798568353408	0.00249431329079154	0.000979403715972922
Visa_mconsumototal_rank_lag1	0.00118111799496726	0.00176706187134408	0.00355465936914878
rf_002_017	0.00118023648825751	0.00101558063162223	0.00129626962408181
Visa_mconsumosdolares_rank_tend6	0.00117181091808475	0.00163213931550721	0.00292092755293101
Master_fultimo_cierre_tend6	0.00115907040804057	0.00151286752799094	0.002327524125018
mrentabilidad_rank_lag1	0.00115639934498621	0.00152468981629732	0.00214892697681118
Visa_cconsumos_lag1	0.00115193368494428	0.00161030337701069	0.0031398530894426
Master_mlimitecompra_rank_lag1	0.00114791652572742	0.00158858798607234	0.0030073455278698
mcuenta_debitos_automaticos_rank	0.00114492293075194	0.00145881834060088	0.000489701857986461
cliente_edad_lag1	0.00114011796767158	0.00188126444954117	0.00142301598732536
ctarjeta_visa_transacciones_delta2	0.00113843832909269	0.001703480082498	0.00103125450093619
vmr_msaldototal	0.00113389194820871	0.00147396783177085	0.00195304623361659
vm_mconsumototal_rank_lag2	0.00113306120555694	0.00078301179283175	0.000864179749387873
vm_status02_delta2	0.00112763792182951	0.00165808701148839	0.00121561284747227
Visa_mlimitecompra_rank_lag2	0.0011272593657705	0.0018040309749264	0.00272504680973643
Visa_msaldototal_rank_lag2	0.00112329503483949	0.0017034229544766	0.0025579720581881
Master_fultimo_cierre_lag2	0.00111893110458568	0.00152256142584939	0.00237937490998128
matm_rank_lag2	0.00111842850153793	0.00118651566214771	0.00132507561572807
vmr_mpagospesos_delta2	0.00111731367511376	0.00176033934735346	0.00172259830044649
Visa_mconsumosdolares_rank	0.00111354989375196	0.00166141145351823	0.00284603197465073
Visa_Fvencimiento_lag2	0.00110290118488498	0.0016173381672261	0.00252340486821259
ccomisiones_mantenimiento_delta2	0.00110272406605622	0.000408855772083057	9.79403715972922e-05
Master_msaldototal_rank	0.00110146967479306	0.00156161894088325	0.00240818090162754
Visa_mfinanciacion_limite_rank_delta1	0.00109308407192474	0.0019220443797296	0.00334149503096644
mtarjeta_visa_consumo_rank_delta2	0.00109244424113509	0.00155532702731789	0.00217773296845744
mactivos_margen_rank_tend6	0.00109113198332136	0.00211853875780452	0.00198761342359211
cliente_edad_lag2	0.00108612988076223	0.00195801069009237	0.00168803111047098
Visa_mlimitecompra_rank_delta1	0.00108466418744391	0.0017959877901845	0.0026559124297854
mcuenta_corriente_rank_delta2	0.0010838986010383	0.00179108125768463	0.00129626962408181
vm_Fvencimiento_tend6	0.00108025176464256	0.00115165559663061	0.00111191127754573
Visa_msaldopesos_rank_lag1	0.00107743949147882	0.00101306694558757	0.00171107590378799
Master_mfinanciacion_limite_rank_delta1	0.00107725820718473	0.00186594514054921	0.00351433098084402
Visa_msaldototal_rank_delta2	0.00107421512009216	0.001747190027141	0.00283450957799222
vmr_mpagominimo_lag1	0.00107192662708754	0.00112673386894458	0.00149791156560565
Master_Fvencimiento_delta2	0.00107180716465901	0.0012255440822413	0.00187238945700706
vm_mlimitecompra_rank	0.00107141170320256	0.00154787973137544	0.0024369868932738
Visa_mpagado_rank_lag1	0.00107059517235314	0.000499271059799786	0.000610687022900763
mtransferencias_emitidas_rank	0.00105678904894071	0.0019460298662173	0.00109462768255797
Visa_mlimitecompra_rank_tend6	0.00105423555385519	0.00238545202331669	0.00268471842143166
cprestamos_personales_delta2	0.00105261404985037	0.00100742066892208	0.000120985164914302
rf_005_022	0.00104514021944031	0.00154134998791058	0.000224686734840847
Master_mpagospesos_rank	0.00104482312009938	0.00177945042258008	0.00221806135676221
Visa_mfinanciacion_limite_rank_lag1	0.0010444798835297	0.001513894213041	0.00252916606654184
vmr_mpagominimo_tend6	0.00104312372736125	0.00124892518505647	0.00156128474722742
vm_Fvencimiento_lag1	0.00103806452061574	0.00165166892251145	0.00229871813337174
rf_002_015	0.00103569689693868	0.00108169540579272	0.00149215036727639
ccaja_ahorro	0.00103299147458743	0.00144115840206661	0.00011522396658505
rf_012_020	0.00103295318429966	0.000888969512690943	0.000443612271352441
vmr_mpagominimo_lag2	0.00103229306898507	0.00138255176836693	0.00180325507705603
tcallcenter_delta2	0.00102885346938639	0.00154192352457526	0.00118104565749676
Master_mlimitecompra_rank_delta2	0.00102726816964492	0.00121968861932644	0.0031398530894426
Visa_mconsumosdolares_rank_delta1	0.00102243983173557	0.00162558753846532	0.00282298718133372
Master_mconsumospesos_rank_delta2	0.00102231502776688	0.00179468122561323	0.00205098660521388
mrentabilidad_rank	0.00101923278396576	0.00194244898520662	0.00190695664698257
Visa_cconsumos_delta2	0.00101868445980351	0.00193271736480244	0.00230447933170099
Master_msaldopesos_rank_lag2	0.00101500555066905	0.00129001971755979	0.00282298718133372
mcomisiones_otras_rank	0.00101271438332963	0.00195178684169749	0.00260406164482212
ccomisiones_otras_lag2	0.00101049138636672	0.00134417755968572	0.0016246579288492
Visa_msaldopesos_rank_delta1	0.00100781163099122	0.00157792846006402	0.00232176292668875
vmr_msaldopesos_lag1	0.00100692371623667	0.000920611932660589	0.00147486677228864
vmr_Master_mlimitecompra_lag2	0.000996050739664085	0.0018342440794089	0.00269047961976091
ccaja_seguridad_lag2	0.000993627535006813	0.000865769191393309	0.000120985164914302
vm_mfinanciacion_limite_rank_delta2	0.000988847832394864	0.00211522883669834	0.00274809160305344
Master_fultimo_cierre	0.000983682471170902	0.00145745472764764	0.00237361371165202
mtarjeta_visa_consumo_rank_lag2	0.00097370063477718	0.00161372357218793	0.00190119544865332
Visa_cconsumos_lag2	0.000971354228008467	0.00166806925719464	0.00276537519804119
mtransferencias_recibidas_rank_lag1	0.000968071201296253	0.00173524857169332	0.00120409045081377
Master_mconsumototal_rank_lag1	0.000960935907556593	0.0017968620453559	0.00253492726487109
Visa_msaldopesos_rank_delta2	0.000958666872124594	0.00118093049547538	0.00215468817514043
mpayroll_rank_delta2	0.000958004255296722	0.00137728173493905	0.000495463056315714
Master_msaldototal_rank_lag2	0.000956006612759994	0.00129629352642691	0.00220077776177445
rf_008_024	0.00095344969401433	0.00124510158959427	0.00275385280138269
Master_msaldopesos_rank_delta2	0.000951804083849088	0.00139572742268591	0.00207403139853089
mttarjeta_visa_debitos_automaticos_rank_tend6	0.000947788127493018	0.00224900758442268	0.0008123289644246
mcaja_ahorro_dolares_rank_lag2	0.000945126701639584	0.00137739946857052	0.00136540400403284
ctrx_quarter_delta1	0.000941216393428212	0.00113700677204225	0.000668299006193288
Visa_mpagominimo_rank_delta1	0.000939763390334582	0.00179752666298779	0.00217773296845744
rf_007_021	0.000939619382873916	0.00112250546623407	0.00218349416678669
Visa_msaldopesos_rank	0.000928312352216325	0.00135028901029128	0.00222958375342071
Master_mconsumospesos_rank_tend6	0.000928183457794636	0.0018345639379265	0.00235056891833501
mpayroll_rank_delta1	0.000927679478024952	0.00125672990278338	0.000362955494742907
Master_msaldototal_rank_delta1	0.000927530560890548	0.00164327211213149	0.0024369868932738
Master_mconsumototal_rank_lag2	0.000926613862332164	0.00190585766455766	0.00230447933170099
vm_fechaalta_lag1	0.00092651848473752	0.00131309866835842	0.00220077776177445
internet	0.00092629379540009	0.00149430445171683	0.000132507561572807
vm_fultimo_cierre	0.000925633199953446	0.00143777638072523	0.00158432954054443
Master_cconsumos_delta1	0.000918633554942974	0.00096899254434335	0.00183206106870229
mpayroll_rank_lag2	0.000911842248047845	0.00112275210956439	0.000489701857986461
mrentabilidad_annual_rank_tend6	0.000906965564000261	0.0018241025017396	0.00181477747371453
vmr_msaldototal_tend6	0.000895695489357647	0.00143824399694131	0.0017456430937635
Visa_fultimo_cierre_tend6	0.000894673538739413	0.00134979675894329	0.00153823995391041
cliente_antiguedad_lag2	0.000893843304393985	0.00179706209961672	0.00178597148206827
ccallcenter_transacciones_tend6	0.000892341099312715	0.00192017372903994	0.000800806567766095
vm_mfinanciacion_limite_rank	0.000885982114589714	0.00140426108016174	0.00193000144029958
ctarjeta_debito_transacciones_lag2	0.000883468859643898	0.00150559267797183	0.00137692640069134
rf_014_022	0.000881960861419501	0.00116230633575459	0.00301310672619905
Master_msaldopesos_rank_lag1	0.000881558182082173	0.001423677254064	0.00213164338182342
ccomisiones_otras_delta2	0.000878184890507705	0.00140733311827546	0.002327524125018
numero_de_cliente	0.000870585554338446	0.00236543292579822	0.00136540400403284
Master_mpagominimo_rank_delta2	0.000870570646626008	0.0016650955737832	0.00210859858850641
Master_Fvencimiento_tend6	0.000868075695028689	0.00132353504466975	0.00183206106870229
mcaja_ahorro_rank_delta1	0.000866093896611947	0.00248215771144951	0.00122137404580153
vmr_Master_mlimitecompra_tend6	0.000862175218972545	0.00188342554525042	0.00146334437563013
cliente_antiguedad_lag1	0.000858011266877342	0.00147095714256859	0.00169955350712948
Visa_mpagominimo_rank_delta2	0.000854272978714325	0.00186353679094064	0.00223534495174996
Visa_msaldototal_rank_delta1	0.000850868964971367	0.00159628686299007	0.00220077776177445
mextraccion_autoservicio_rank_delta2	0.000846900996840783	0.00200054478502347	0.00152671755725191
Master_mconsumototal_rank	0.000839596138625814	0.00137155926988071	0.00173988189543425
Master_mconsumototal_rank_tend6	0.00083945431372192	0.00177524543386348	0.00206250900187239
mplazo_fijo_dolares_rank	0.000838679329627411	0.00193409871080321	0.000247731528157857
rf_004_025	0.000838187234195702	0.00112224265609844	0.0025579720581881
vmr_Visa_mlimitecompra	0.000836946999903061	0.00117308325029016	0.00172259830044649
vmr_Master_mlimitecompra_lag1	0.000836298525539176	0.00176069068999438	0.00218925536511594
internet_lag2	0.000829418935903518	0.000986344012799233	0.000328388304767392
Master_mpagominimo_rank_lag2	0.000825054292637248	0.00104732246815328	0.00181477747371453
ccomisiones_otras_delta1	0.000824387022313308	0.00107379748338034	0.00102549330260694
vmr_mconsumospesos	0.000823768666651257	0.00119571061894563	0.00148638916894714
Visa_mconsumosdolares_rank_delta2	0.000823492151094955	0.00123471578432419	0.00221806135676221
vm_msaldopesos_rank_delta1	0.000822825991347099	0.00158415711337148	0.00161889673051995
vm_mlimitecompra_rank_delta2	0.000809562288908967	0.00208282670961136	0.00222958375342071
vm_mpagominimo_rank_delta2	0.000806219447416544	0.00118584098340052	0.00154400115223967
Master_mconsumospesos_rank_delta1	0.000805117651962215	0.00127017261467453	0.00210859858850641
thomebanking	0.000801717795461439	0.00275237463309898	0.00153247875558116
vm_status04	0.000801527725076379	0.00047999356470041	0.000754716981132075
cpagomiscuentas_tend6	0.000799974485580206	0.00123675059843595	0.000328388304767392
rf_001_025	0.000799684669059665	0.00108652766124618	0.00236209131499352
rf_013_023	0.000796859913151527	0.00104634208016145	0.00180901627538528
vm_msaldopesos_rank_delta2	0.000794403651582352	0.00136603717764093	0.00191847904364108
mcomisiones_mantenimiento_rank_tend6	0.000790561511471466	0.00229287224194148	0.00108310528589947
chomebanking_transacciones_tend6	0.000786786347332942	0.00166178092740386	0.00141149359066686
mttarjeta_visa_debitos_automaticos_rank_delta2	0.000785362485241751	0.000946107807580303	0.00100820970761918
vmr_msaldototal_delta1	0.000784320098103269	0.000609982006246403	0.00119832925248452
ccaja_seguridad	0.000782891689781042	0.00122498464175662	9.79403715972922e-05
vmr_msaldopesos2_lag2	0.00078127430070506	0.00164323115091541	0.001734120697105
cproductos_delta2	0.000780933598779907	0.00116360252065283	0.000230447933170099
Master_mpagosdolares_rank	0.000778220224821525	0.00142148114354981	0.00231024053003025
vmr_msaldopesos2_tend6	0.000777888845605969	0.00186166943201429	0.00186086706034855
vm_mpagospesos_rank_tend6	0.000776431715223888	0.0012584113036289	0.00129050842575256
vmr_mconsumospesos_tend6	0.000771664691118974	0.00174857291283752	0.00159585193720294
mcuenta_debitos_automaticos_rank_lag2	0.000768535686149758	0.00184810853520154	0.00090450813769264
Visa_mpagado_rank_tend6	0.000768244310670052	0.00138498698301159	0.00123289644246003
mcomisiones_mantenimiento_rank_lag1	0.000760373720593351	0.00143371153086782	0.00132507561572807
vm_mpagominimo_rank_tend6	0.000758198140728751	0.000946940862617303	0.00143453838398387
mautoservicio_rank_delta2	0.000755786712269044	0.00148897928125343	0.00141149359066686
vmr_msaldopesos2_lag1	0.000752761606832396	0.00151092201623234	0.00206250900187239
Master_cconsumos_delta2	0.000749219763743161	0.000846813359972061	0.0016246579288492
mtransferencias_recibidas_rank_tend6	0.000746198323029686	0.00158711189569034	0.00125018003744779
rf_012_015	0.000745636102367205	0.00045679077458029	0.000218925536511594
vmr_mconsumospesos_delta2	0.000744520288171484	0.00133190830832341	0.00127898602909405
ctarjeta_debito_transacciones	0.000740929699368265	0.000654282769311485	0.000259253924816362
vmr_Visa_mlimitecompra_lag1	0.000740547647514176	0.00102653423951767	0.00167650871381247
ccajas_transacciones_lag2	0.000737870590639955	0.00106465976078972	0.00146334437563013
Master_msaldopesos_rank_delta1	0.000736563230443138	0.00123801391879399	0.00176292668875126
mcomisiones_mantenimiento_rank_lag2	0.000732394877994091	0.00107554198520489	0.00111767247587498
Master_mconsumospesos_rank	0.00073195218536452	0.00124037751104007	0.00184934466369005
rf_017_015	0.000731187631921997	0.00102808516442212	0.00180325507705603
Master_mpagospesos_rank_lag2	0.000724336376626818	0.00154463999915801	0.00203946420855538
ccallcenter_transacciones_delta1	0.000721950267647911	0.000909881315183259	0.000167074751548322
Master_mpagospesos_rank_delta2	0.000713971805395658	0.0016691885098147	0.00171683710211724
rf_015_014	0.00071342645402495	0.00181894138851238	0.000800806567766095
vmr_msaldopesos_delta1	0.00071229237254226	0.00110046679228241	0.00160161313553219
rf_003_019	0.000706891949940853	0.000551639563099234	0.000172835949877575
mttarjeta_visa_debitos_automaticos_rank	0.000706281830824891	0.00143988995823824	0.00146910557395938
vmr_msaldopesos_delta2	0.00070445530745707	0.00131822885493837	0.00158432954054443
rf_004_026	0.000704024144077898	0.000599972364574493	0.000501224254644966
rf_012_022	0.000703760559327863	0.00120200332890534	0.00229295693504249
Master_status_tend6	0.000703305099000944	0.00117251714663941	0.000875702146046378
vm_mfinanciacion_limite_rank_lag2	0.000702532187876946	0.0010206133129872	0.00137116520236209
mttarjeta_visa_debitos_automaticos_rank_lag1	0.000700502829392602	0.00129487116611709	0.00142877718565462
Visa_mpagado_rank_delta2	0.000695581334236577	0.00125431584568196	0.000967881319314417
mpagomiscuentas_rank	0.000695183290189381	0.00104898172923587	0.000622209419559268
Master_fultimo_cierre_lag1	0.000692282590536299	0.00129374702894502	0.00168226991214173
Master_mconsumospesos_rank_lag2	0.000690613907801497	0.00139109787614111	0.00193576263862884
vm_fultimo_cierre_lag2	0.000690409659634477	0.00100260827023442	0.000967881319314417
vmr_msaldototal_lag1	0.000685287753681381	0.00109826385932328	0.00155552354889817
mcuentas_saldo_rank_lag1	0.000679060740040915	0.00211944043548805	0.0010427768975947
Master_cconsumos_lag2	0.000677564200028273	0.000988341502562436	0.00217773296845744
vm_status01	0.000676686077586621	0.00124648705029919	0.000720149791156561
vmr_Master_mlimitecompra_delta2	0.000674182343055987	0.00113682548614162	0.00112343367420423
Master_msaldopesos_rank	0.000673032322914545	0.00126855519084181	0.00171683710211724
mpagomiscuentas_rank_delta2	0.000671636830586284	0.00165871863184769	0.00076623937779058
cliente_antiguedad	0.000671158610319001	0.00166271578818532	0.00145182197897163
vm_mlimitecompra_rank_lag2	0.000669147372994968	0.000929835347283302	0.0016131355321907
cmobile_app_trx_tend6	0.000667169755990836	0.00234623809643242	0.00115800086417975
mcaja_ahorro_dolares_rank_tend6	0.000666344459764771	0.00180282709213337	0.0008123289644246
mttarjeta_visa_debitos_automaticos_rank_delta1	0.000665424461727045	0.00154404618098387	0.00111767247587498
vm_mfinanciacion_limite_rank_lag1	0.000665083894748364	0.00106301825930115	0.00171683710211724
Visa_mpagosdolares_rank_tend6	0.000664427000251394	0.00151861892871068	0.00202218061356762
Master_mconsumototal_rank_delta2	0.00066292319441823	0.00117609640831491	0.00171683710211724
Master_delinquency_tend6	0.000661246394696111	0.000756865555739019	0.000743194584473571
vm_mconsumototal_rank_delta2	0.000660895677977767	0.00112856395661532	0.00119832925248452
Visa_fultimo_cierre	0.000660030486944193	0.000953615364028595	0.00117528445916751
rf_011_028	0.000659352544926493	0.000690587414540781	0.000506985452974219
ctrx_quarter_normalizado_delta1	0.000657792271683776	0.00168961727258702	0.000898746939363388
Master_mpagospesos_rank_lag1	0.000656892890284634	0.00132623437022749	0.00153247875558116
mtransferencias_recibidas_rank_delta1	0.000655082768294352	0.00141656598344447	0.00122137404580153
rf_016_023	0.000652240714262001	0.000620815783338588	0.00016131355321907
rf_013_015	0.000649639027760942	0.00068560084440869	0.000668299006193288
vm_msaldopesos_rank_tend6	0.00064720779431792	0.00154445584623771	0.00175140429209276
rf_018_026	0.000646969763680518	0.000972311889449352	0.00201641941523837
Master_cconsumos_lag1	0.000646713229711072	0.00116315821224474	0.00241970329828604
vmr_msaldopesos_lag2	0.000646562061184374	0.000892088246060078	0.00144606078064237
vmr_msaldopesos2_delta2	0.000646254709125079	0.00118900837646447	0.00146334437563013
vm_msaldototal_rank_delta2	0.000645825904451861	0.00094105880013114	0.00155552354889817
rf_009_015	0.000645577909635375	0.000797964680783089	0.00178021028373902
vm_mlimitecompra_rank_delta1	0.00064143227261894	0.00127686463676153	0.00186662825867781
vm_msaldototal_rank	0.000638462865054672	0.000777869474511198	0.00095059772432666
vm_mconsumospesos_rank_tend6	0.000637768343527004	0.000874921912744185	0.00126746363243555
mtransferencias_recibidas_rank	0.000634407368948094	0.00199905122705873	0.00124441883911854
tcallcenter_delta1	0.000633666432572105	0.00100917424964224	0.000512746651303471
mtarjeta_visa_consumo_rank_delta1	0.000632748811877389	0.00141303084201599	0.000990926112631427
vmr_mconsumospesos_lag2	0.000632543537000674	0.00107743166971953	0.00143453838398387
Master_msaldototal_rank_delta2	0.000622517346993523	0.0011780541845465	0.00173988189543425
cdescubierto_preacordado_tend6	0.000621817168590419	0.00223189829948875	0.000259253924816362
vm_msaldototal_rank_tend6	0.000621784648046398	0.00140487807341148	0.0016246579288492
ctransferencias_emitidas_tend6	0.00062014959490789	0.00171165069033596	0.000875702146046378
vm_mfinanciacion_limite_rank_tend6	0.000620121069497397	0.00109773900889989	0.0012732248307648
mttarjeta_visa_debitos_automaticos_rank_lag2	0.000619947317161135	0.00109357994559082	0.00104853809592395
vmr_msaldopesos	0.000618496995809604	0.0006925685782198	0.00132507561572807
ctrx_quarter_lag2	0.000616570172692347	0.00106827685119686	0.00111191127754573
mcomisiones_mantenimiento_rank_delta1	0.000616071694082246	0.00117261735959517	0.00115800086417975
mtransferencias_emitidas_rank_tend6	0.000613282555929484	0.00121820472427981	0.000985164914302175
ctarjeta_debito_transacciones_delta2	0.000611891826035588	0.00183492746540098	0.000979403715972922
rf_014_023	0.000609840585774456	0.00119674253365193	0.00179173268039752
vm_mpagospesos_rank_delta2	0.000607158375243092	0.00108617533638556	0.00168226991214173
rf_011_015	0.000602391618429942	0.000969718563979656	0.00140573239233761
Master_mpagospesos_rank_delta1	0.000599982855859697	0.000987965657522002	0.00161889673051995
rf_010_022	0.000598930371851194	0.000538613737104043	0.000276537519804119
thomebanking_tend6	0.000593312588073743	0.0029002471716424	0.000518507849632724
mcuenta_debitos_automaticos_rank_delta2	0.000591634434495902	0.00166104532448887	0.000645254212876278
ctarjeta_visa_transacciones_lag2	0.000587556937999212	0.000982062676410902	0.0013942099956791
ccajas_transacciones_delta2	0.000586664608498454	0.00097012201735757	0.000967881319314417
mextraccion_autoservicio_rank_lag2	0.000586164696643632	0.000980111642984807	0.0012847472274233
Master_mconsumosdolares_rank_delta1	0.000580742792265138	0.000845525510668024	0.00186662825867781
ccajas_transacciones_delta1	0.000579408804265177	0.00106350830729143	0.000270776321474867
vmr_msaldopesos2	0.000578358097207344	0.00110696282171978	0.00141725478899611
vm_mpagominimo_rank_delta1	0.000578221943350574	0.000998582629525529	0.001163762062509
ctrx_quarter_normalizado_lag1	0.000577695140912226	0.00124258174477664	0.00106006049258246
vm_fultimo_cierre_lag1	0.000575254296110696	0.00133485661330156	0.0012732248307648
matm_rank	0.000573532525539385	0.000472476902810045	0.000351433098084402
thomebanking_delta2	0.000572734608462682	0.00131047131030348	0.00114071726919199
vmr_msaldototal_delta2	0.000571313434470846	0.000886451101383142	0.00134235921071583
mcaja_ahorro_dolares_rank_delta2	0.000570767117105415	0.00203033391570029	0.000622209419559268
ccajas_consultas_tend6	0.000569600268887153	0.00226612934620143	0.000397522684718421
mtarjeta_master_consumo_rank_lag2	0.000568984892272894	0.000824260188723565	0.00130779202074031
vm_fechaalta_tend6	0.000567406903924442	0.00115122721610953	0.000714388592827308
tcallcenter_tend6	0.000565949457373549	0.00135758023948752	0.000443612271352441
vmr_mconsumospesos_lag1	0.000565948008118379	0.00101926929133499	0.00123865764078928
Visa_mpagado_rank_delta1	0.000564752212664827	0.00123871495819417	0.00103125450093619
Master_fultimo_cierre_delta2	0.000559812685350922	0.000866984807729764	0.00149215036727639
vmr_Visa_mlimitecompra_lag2	0.000551665657818895	0.000914139741960777	0.00134235921071583
cliente_edad	0.000546292300821382	0.00137810515360441	0.000720149791156561
vm_mpagospesos_rank_delta1	0.00054302739580543	0.0013032186265938	0.00130203082241106
vm_status01_delta2	0.000540624348766773	0.000844485286914006	0.000489701857986461
vm_mconsumospesos_rank_lag2	0.00053733619900369	0.0011057700353547	0.00134235921071583
matm_rank_delta2	0.000537100200745117	0.00175585973531836	0.00120409045081377
Visa_msaldodolares_rank_tend6	0.000533560368358472	0.00101186972596061	0.000725910989485813
vm_msaldototal_rank_lag2	0.000532142827045105	0.00104025369844558	0.00127898602909405
rf_020_025	0.000529006820061492	0.00111366116186863	0.000489701857986461
rf_009_023	0.000526986980342729	0.00089162864688046	0.00130779202074031
ccajas_transacciones	0.000526492240451205	0.00121172013637461	0.000852657352729368
mpagomiscuentas_rank_tend6	0.000525077225557804	0.00158354301368788	0.000553075039608239
mtransferencias_emitidas_rank_lag1	0.000524995347192319	0.00142636824402753	0.0010427768975947
mpayroll_sobre_edad_rank	0.000523486861656452	0.00179519787317482	0.000368716693072159
mtransferencias_emitidas_rank_delta2	0.000514125374582052	0.00151823135012682	0.00100820970761918
rf_004_021	0.00051411839251261	0.000598451729201833	0.000483940659657209
vmr_Visa_mlimitecompra_tend6	0.000513435514294827	0.00146679250449907	0.000714388592827308
rf_007_016	0.00051280862754868	0.000794208964666024	0.00113495607086274
cmobile_app_trx_delta1	0.000510728212745388	0.0017691550877082	0.00100244850928993
vm_mfinanciacion_limite_rank_delta1	0.000509176059441119	0.000898405246047474	0.00124441883911854
rf_001_018	0.000506312477568825	0.000877133393669341	0.000656776609534783
Visa_msaldodolares_rank_delta1	0.000505075375638135	0.00102213137335146	0.000720149791156561
rf_019_018	0.000504423699054933	0.000867404242087643	0.00103701569926545
Visa_status_tend6	0.000501768802366072	0.000569065574066315	0.000576119832925248
vmr_mpagado_tend6	0.000499506444008734	0.00103622978325778	0.000708627394498056
mautoservicio_rank_delta1	0.000495193347476507	0.00127004726220377	0.000604925824571511
mplazo_fijo_dolares_rank_tend6	0.000494879252087124	0.00146582584103655	0.000195880743194584
vm_mconsumototal_rank_tend6	0.000490288337253837	0.000816848226143799	0.00097364251764367
mpasivos_margen_rank_tend6	0.000487795898393744	0.00122159075413942	0.00103701569926545
vmr_msaldopesos2_delta1	0.000485519161905794	0.00112948655292379	0.00137116520236209
vmr_msaldopesos_tend6	0.000483822131128469	0.00111082156471931	0.00120985164914302
ccomisiones_otras_lag1	0.000482348719864141	0.00111917096308893	0.000679821402851793
matm_other_rank	0.000476263242060367	0.000581737508958665	0.000236209131499352
mpagomiscuentas_rank_lag2	0.000475389302580642	0.00114860885731075	0.00085841855105862
vmr_mpagospesos_lag2	0.000474622767350979	0.00071234185534878	0.00131355321906957
ccaja_seguridad_lag1	0.000472798318407333	0.000837497430872309	7.48955782802823e-05
vm_mconsumospesos_rank_delta2	0.000472489433591845	0.000895499680899464	0.00112919487253349
mtransferencias_emitidas_rank_lag2	0.000463352121382708	0.00116997465767575	0.00106582169091171
vmr_mpagospesos_delta1	0.000462821350213388	0.0014595987805178	0.00110038888088722
rf_004_016	0.000460615378558894	0.000841335494165206	0.00112343367420423
mautoservicio_rank_tend6	0.000460439548816112	0.00151690901694741	0.000933314129338902
mcaja_ahorro_dolares_rank_lag1	0.00045806476484646	0.00169233767604856	0.000795045369436843
Visa_fultimo_cierre_lag2	0.000456126768824295	0.00132575172870467	0.000892985741034135
cproductos_lag2	0.000447451962120687	0.000655911209932711	0.000230447933170099
mtarjeta_visa_consumo_rank_lag1	0.000447190446335678	0.000736307750535457	0.00101397090594844
ctransferencias_recibidas_tend6	0.000444493642628339	0.00178104456515128	0.000852657352729368
mextraccion_autoservicio_rank_tend6	0.00044097977654707	0.00124892112344528	0.000708627394498056
rf_001_021	0.000439109370316718	0.00120449296383062	0.000524269047961976
ccajas_transacciones_tend6	0.000436511177480127	0.00133505337579907	0.000443612271352441
vm_mconsumospesos_rank_delta1	0.000435446437346115	0.000753735991406719	0.00103701569926545
ccajas_consultas_delta2	0.000429413689946545	0.000901944741098405	0.000322627106438139
vmr_mconsumospesos_delta1	0.000428989885905005	0.00132008506434381	0.00101397090594844
vmr_mpagospesos_lag1	0.000427752227005175	0.000722513403992127	0.00099668731096068
ctarjeta_visa_debitos_automaticos_tend6	0.000422287205989787	0.00122397672506675	0.000368716693072159
Visa_mpagado_rank	0.000417047428127352	0.000980139888437767	0.000725910989485813
mcaja_ahorro_dolares_rank_delta1	0.000412608613783489	0.00150471953775253	0.000541552642949734
cpayroll_trx_tend6	0.000410257752459045	0.00150925765822591	0.000357194296413654
rf_008_021	0.000406793988619073	0.000971131102092487	0.00078928417110759
Master_mconsumospesos_rank_lag1	0.000406461771896527	0.000923673484915365	0.00126746363243555
rf_002_021	0.000405226650172221	0.000855058191763478	0.00125018003744779
rf_018_016	0.00040424626436758	0.000706980740953694	0.000846896154400115
ccomisiones_otras	0.000404081994133052	0.00149090652903492	0.000720149791156561
ctrx_quarter_normalizado	0.000403777061758231	0.000953216158087216	0.000697104997839551
Master_mpagado_rank_tend6	0.000400317586691061	0.0013059714433054	0.00103125450093619
vm_mpagospesos_rank_lag1	0.000398994141153441	0.000576580988272197	0.000852657352729368
rf_014_019	0.000396155152918509	0.000478054795747311	0.000207403139853089
ctarjeta_debito_tend6	0.000396037712800822	0.0028386771280184	0.000345671899755149
vm_mlimitecompra_rank_tend6	0.000394700551217542	0.00157032865460347	0.0010427768975947
vmr_mconsumosdolares	0.000389528084444469	0.000549563389574212	0.000426328676364684
vm_mconsumosdolares_rank_lag2	0.000387030242264487	0.00128822761789955	0.000892985741034135
catm_trx_lag2	0.000384991728549843	0.000445932388902677	0.000449373469681694
vm_mconsumospesos_rank_lag1	0.000380453518941802	0.000655244574768467	0.000795045369436843
Master_msaldodolares_rank_delta2	0.000375895532839573	0.000489361870001941	0.000702866196168803
mpayroll_rank	0.000374180799218989	0.00117849090066179	0.000357194296413654
ccajas_otras_tend6	0.000371147416516162	0.00199195415880511	0.000236209131499352
mprestamos_prendarios_rank_lag1	0.000369407550519515	0.00197942050451847	0.00018435834653608
rf_011_025	0.000368365879061277	0.000577555376759915	0.000518507849632724
thomebanking_delta1	0.000367686674464627	0.00080335510249027	0.000426328676364684
rf_018_020	0.000366653849442862	0.000737222303260981	0.000132507561572807
vm_status06_tend6	0.000364771858615097	0.000334101234162784	0.000120985164914302
vm_mconsumospesos_rank	0.00036438497907443	0.000586193229163256	0.000725910989485813
rf_007_020	0.000363105535089996	0.000630039569611998	0.000265015123145614
mplazo_fijo_dolares_rank_delta2	0.000362832867911728	0.00167977537811178	0.000259253924816362
rf_007_015	0.00036221182417604	0.000381343771772341	0.000443612271352441
ctarjeta_visa_transacciones_lag1	0.000360868214961647	0.00117373985088559	0.000800806567766095
mcajeros_propios_descuentos_rank_delta2	0.000360154112583235	0.000932790235788081	0.000604925824571511
cpayroll_trx_lag1	0.00035937599317252	0.000251155966173965	4.03283883047674e-05
mtarjeta_visa_descuentos_rank_delta1	0.000358206373607684	0.00058104921186809	0.000651015411205531
ctransferencias_recibidas_lag2	0.000358009424295056	0.00105050443523384	0.000541552642949734
vm_mpagospesos_rank_lag2	0.000351182480143091	0.000552771531482418	0.000864179749387873
matm_other_rank_tend6	0.000350501489959348	0.00155788109054611	0.000512746651303471
Master_mpagado_rank_lag2	0.000349852484342119	0.00103715299013524	0.000898746939363388
Visa_mpagado_rank_lag2	0.00034455182668487	0.00099164972469401	0.00085841855105862
rf_010_016	0.000344469357821745	0.000468962839285371	0.000270776321474867
ctransferencias_recibidas_delta2	0.000343626493393962	0.00150503676816877	0.000610687022900763
mplazo_fijo_dolares_rank_delta1	0.000341989097569563	0.00122710334273995	0.000167074751548322
mextraccion_autoservicio_rank_lag1	0.000339063001883617	0.000675838191171318	0.000610687022900763
vmr_mconsumosdolares_lag1	0.000337068535816733	0.000833629662070142	0.000846896154400115
cextraccion_autoservicio_tend6	0.000335928115368591	0.00131854412091521	0.000564597436266744
mpagomiscuentas_rank_delta1	0.000334283861789676	0.000490377538263488	0.000311104709779634
vm_cconsumos_lag2	0.000331842026367447	0.000582503268673055	0.000437851073023189
mtarjeta_visa_descuentos_rank_delta2	0.000321202178902412	0.000713644995424345	0.000731672187815066
ctarjeta_debito_transacciones_tend6	0.000320335834170618	0.00167777964041615	0.000604925824571511
ccallcenter_transacciones_delta2	0.000317656197813067	0.00107508376644215	0.000535791444620481
mcuenta_debitos_automaticos_rank_tend6	0.000309152349300324	0.00172699434244857	0.000530030246291229
rf_015_021	0.000305690971849864	0.000582176853175304	0.000437851073023189
matm_rank_tend6	0.000304271256181932	0.000855768814442342	0.000587642229583754
mtransferencias_emitidas_rank_delta1	0.000303557828439099	0.00128886608725027	0.000506985452974219
ctarjeta_visa_transacciones	0.000302484145815976	0.000818169948754206	0.000449373469681694
cliente_edad_delta2	0.0003012982966658	0.000343948995409735	0.00011522396658505
mtarjeta_master_consumo_rank_tend6	0.000296066939535547	0.00145521648787231	0.000501224254644966
mcuenta_debitos_automaticos_rank_delta1	0.000295700618496517	0.00114550488378357	0.000449373469681694
vmr_mconsumosdolares_lag2	0.000293698344003581	0.000517535461646014	0.000714388592827308
rf_008_022	0.00029344935765438	0.000729188781437205	0.000489701857986461
rf_019_016	0.000292172130437602	0.000562312123428419	0.000806567766095348
rf_014_020	0.000283657160015661	0.00138531329232343	0.000132507561572807
ctarjeta_visa_debitos_automaticos_delta2	0.000283411261938281	0.00100819479077715	0.000489701857986461
ccuenta_debitos_automaticos_tend6	0.000282955712451126	0.000857870154028837	0.000178597148206827
rf_009_018	0.000282913889099366	0.000744601480939988	0.000581881031254501
vm_status02_tend6	0.000278796423921873	0.000787456549340784	0.000656776609534783
cmobile_app_trx	0.000275406314630299	0.00118989038320754	0.000345671899755149
vmr_mconsumosdolares_tend6	0.000270961337397562	0.00123570400352713	0.000570358634595996
rf_019_023	0.000267900791182713	0.00106002960367592	0.000449373469681694
ctarjeta_debito_transacciones_lag1	0.000267814257230715	0.000685414673956044	0.000420567478035431
catm_trx_delta2	0.000257179458668961	0.00111931933135641	0.000518507849632724
rf_010_021	0.000254923877046905	0.000933938238244187	0.000610687022900763
mextraccion_autoservicio_rank_delta1	0.000251880067745269	0.000795599309922957	0.000489701857986461
mcheques_emitidos_rank_lag1	0.000250543350221494	0.00209140297418494	0.000224686734840847
matm_other_rank_delta2	0.000250261592535555	0.000727801648304151	0.000495463056315714
cpayroll_trx	0.000249593072263442	0.000216173760309991	1.72835949877575e-05
Visa_msaldodolares_rank_lag1	0.00024464813625857	0.000864562441580622	0.000530030246291229
vm_status03_tend6	0.000241232221126765	0.000545285928971719	0.00011522396658505
rf_010_026	0.000239264974866644	0.000759132359525049	0.000506985452974219
vmr_mpagado_lag2	0.000234948472091011	0.000717256723442857	0.000460895866340199
vm_mconsumosdolares_rank_lag1	0.000233888242626268	0.0012857482564614	0.000564597436266744
vm_mconsumosdolares_rank_delta2	0.000229823902128425	0.000872702972258614	0.000455134668010946
cextraccion_autoservicio_lag2	0.000227964110022308	0.000706170330062724	0.000460895866340199
ccajas_depositos_delta2	0.000226226322803056	0.000784021567775104	0.000288059916462624
ctarjeta_debito_transacciones_delta1	0.000225119845891774	0.00142905557057705	0.000259253924816362
cpayroll_trx_lag2	0.000223585646885484	0.000111000754350728	2.30447933170099e-05
mtarjeta_master_consumo_rank_delta1	0.000221052212095085	0.00118822913113908	0.000403283883047674
vm_mpagado_rank_tend6	0.000219518507905382	0.00102488280964619	0.000432089874693936
catm_trx_other_tend6	0.000217130075050742	0.000736499734666861	0.000311104709779634
vm_mpagado_rank_delta2	0.000216953398088478	0.000851151081080401	0.000299582313121129
vm_mconsumosdolares_rank_tend6	0.000215464755370728	0.000850175551094114	0.000564597436266744
ccajas_extracciones_tend6	0.000214638337350865	0.00155201564615539	0.000311104709779634
vm_msaldodolares_rank_tend6	0.000211100441914851	0.000974687347971255	0.000339910701425897
cprestamos_personales_lag1	0.000205993543688844	0.0008288060873151	0.000155552354889817
mforex_sell_rank_tend6	0.000204379450770792	0.00140640271730237	0.000276537519804119
cextraccion_autoservicio_delta2	0.000201119595614724	0.000587876010425657	0.000403283883047674
cforex_sell_tend6	0.000197938181894105	0.0012014644353949	0.000201641941523837
rf_008_017	0.000197334384499972	0.000391719728298958	0.000460895866340199
rf_020_019	0.000196210437883654	0.000555767434296242	0.000351433098084402
vmr_mconsumosdolares_delta2	0.000195068009904397	0.000726525452904109	0.000374477891401412
cpagomiscuentas_delta2	0.000195044703543373	0.000723309267412963	0.00011522396658505
rf_011_022	0.000189170944491715	0.000634010763493804	0.000403283883047674
vm_status01_lag2	0.000187826669400743	0.00168735949460363	0.000386000288059917
rf_013_018	0.000186454211873273	0.000629676042137518	0.00018435834653608
vmr_mpagado_delta2	0.000179908152071609	0.000865906091582143	0.000288059916462624
rf_016_017	0.000179183344984355	0.000808485979278655	0.000420567478035431
ctarjeta_visa_debitos_automaticos_lag2	0.000178804928846278	0.000581625535912998	0.000420567478035431
vm_Finiciomora_lag2	0.000178304434723999	0.00118834604182972	0.000230447933170099
ccomisiones_mantenimiento_delta1	0.000177941999207555	0.000932176401569269	0.000109462768255797
matm_rank_lag1	0.00017666289338587	0.000894507957561386	0.000357194296413654
cproductos_lag1	0.000172753535375913	0.000526387331757787	0.000126746363243555
rf_012_018	0.000170673238945096	0.000474570066081209	0.000334149503096644
rf_005_008	0.000166684202878525	0.000838902934168378	0.000305343511450382
mtarjeta_master_consumo_rank_lag1	0.000165017714974286	0.000426291127410516	0.000403283883047674
rf_011_018	0.000163167567476247	0.000494741036002302	0.00013826875990206
mv_status07_rank	0.000161306033057088	0.000410902319738244	0.000276537519804119
mtarjeta_master_descuentos_rank_delta2	0.000161022926451755	0.000419436508143641	0.000530030246291229
rf_013_022	0.000158591935642072	0.000846796874609008	0.00013826875990206
rf_004_017	0.000157007752327612	0.000655814421472658	0.000132507561572807
rf_018_022	0.00015647521777293	0.000851650818535279	0.000293821114791877
matm_rank_delta1	0.000154956198909015	0.000539892162408266	0.000293821114791877
mv_status07_rank_lag2	0.000153214393643395	0.000470814562335971	0.000293821114791877
rf_015_018	0.00015318977954627	0.00122446053463462	0.000178597148206827
ctarjeta_master_transacciones_delta2	0.00015236353512107	0.000741657741956115	0.000293821114791877
cforex_buy_tend6	0.000151789572662618	0.00150313038591926	0.000167074751548322
minversion2_rank	0.000151588685029952	0.000829872963733378	8.64179749387873e-05
vm_mpagado_rank_lag2	0.000150477101197458	0.000456433220063437	0.000276537519804119
mv_status07_rank_tend6	0.000150139710617266	0.000618860688301305	0.000224686734840847
rf_015_020	0.000150007626046157	0.000581361902836536	0.000178597148206827
vm_mconsumosdolares_rank	0.000148189654357455	0.000386573056355957	0.000368716693072159
vmr_mpagado_lag1	0.000146496311335929	0.00104528656563591	0.000288059916462624
mttarjeta_master_debitos_automaticos_rank_lag2	0.000146034984172961	0.000524053445020974	0.000311104709779634
rf_020_012	0.000145845542281232	0.000652705510300512	8.06567766095348e-05
vmr_msaldodolares_tend6	0.000144018008458142	0.00106619765137331	0.000230447933170099
mtarjeta_visa_descuentos_rank_lag1	0.000142245052046422	0.000450539370940889	0.000328388304767392
catm_trx_other_lag2	0.000141579097215406	0.000407503414836638	0.000288059916462624
ctarjeta_visa_transacciones_delta1	0.000137827322320792	0.00111155106194428	0.000195880743194584
ccajas_otras_delta2	0.000137315591507192	0.000527390363895641	0.000190119544865332
vmr_mconsumosdolares_delta1	0.000135603425459061	0.000567631028922934	0.000293821114791877
mtarjeta_visa_descuentos_rank	0.00013493272372625	0.000732651105875581	0.000276537519804119
mforex_buy_rank_tend6	0.000132771454601007	0.00198822997990432	0.000224686734840847
tcuentas_lag1	0.000128088557586978	0.00137054224774877	0.000132507561572807
vmr_msaldodolares2_lag2	0.000127595851300897	0.000711349547988178	0.000282298718133372
vm_mpagado_rank_lag1	0.000124820633747652	0.000407884728451611	0.000207403139853089
cforex_tend6	0.000123920520689663	0.00103969340847359	0.000195880743194584
vmr_mpagado_delta1	0.000122393857207128	0.000780685179830005	0.000207403139853089
minversion2_rank_lag1	0.000116762586978202	0.000786412263975579	9.21791732680398e-05
ctransferencias_emitidas_lag2	0.000116558049008126	0.000718953600885261	0.00016131355321907
rf_004_015	0.00011536429948424	0.000475831952929423	0.000293821114791877
vm_mpagado_rank	0.000115273295654934	0.000554567639660882	0.000149791156560565
vmr_mpagado	0.000113228049556409	0.000760796876810348	0.000230447933170099
ctarjeta_debito_lag2	0.000110447703688628	0.000963102783378467	0.000167074751548322
internet_delta2	0.000104499397791148	0.000171478516576676	8.06567766095348e-05
vmr_mpagosdolares_tend6	0.000101183654056426	0.0008259710030671	0.000201641941523837
tcuentas_lag2	0.000100948713847916	0.000963992913343912	0.00011522396658505
mttarjeta_master_debitos_automaticos_rank_delta2	9.77784425064084e-05	0.000512520725700397	0.000172835949877575
vm_mpagado_rank_delta1	9.73553333719119e-05	0.000668368569640584	0.000144029958231312
mforex_sell_rank_lag1	9.55326317574578e-05	0.000757845492440711	0.00018435834653608
vm_mpagosdolares_rank_tend6	9.35366223891162e-05	0.000596062970894278	0.000155552354889817
ccallcenter_transacciones_lag2	9.32675968289225e-05	0.000329408214988251	0.000195880743194584
mttarjeta_master_debitos_automaticos_rank_delta1	9.30310739119111e-05	0.000790827474254213	0.000167074751548322
mttarjeta_master_debitos_automaticos_rank	9.29923838414376e-05	0.000741686836896384	0.000195880743194584
ctarjeta_visa_descuentos_lag2	9.21046761136773e-05	0.000304239339588813	0.000241970329828604
ccajas_extracciones_delta2	9.14955685488715e-05	0.000608739869978079	0.000178597148206827
mv_status07_rank_lag1	9.06724389402505e-05	0.000377830902839192	0.000201641941523837
mcajeros_propios_descuentos_rank_lag2	8.95751708222467e-05	0.000593390377640239	0.000236209131499352
mttarjeta_master_debitos_automaticos_rank_lag1	8.8315042718008e-05	0.00042492892142063	0.000172835949877575
mv_status07_rank_delta2	8.45321746100596e-05	0.000483421670728198	0.000149791156560565
mplazo_fijo_dolares_rank_lag2	8.34181250242324e-05	0.00104896728795164	0.00018435834653608
mv_status07_rank_delta1	8.2593611372525e-05	0.000879378004599473	0.00018435834653608
rf_003_018	8.24190034397343e-05	0.000370391544293773	0.000144029958231312
matm_other_rank_lag1	8.13871988035663e-05	0.000497423690371635	0.000190119544865332
vm_mconsumosdolares_rank_delta1	8.12684204168182e-05	0.000672574699855759	0.000230447933170099
vm_status05_tend6	8.06643168185763e-05	0.000415875829002989	0.000155552354889817
ctarjeta_master_debitos_automaticos_tend6	7.97887296709143e-05	0.00112640363075394	0.000155552354889817
rf_017_018	7.81427139913754e-05	0.000506588118719462	0.000207403139853089
ctransferencias_emitidas_delta1	7.65426559526926e-05	0.00083414224802054	0.00011522396658505
rf_011_019	7.43410731606462e-05	0.000410448879341603	0.000155552354889817
rf_005_016	7.09014957194676e-05	0.000682524027928865	0.000178597148206827
mtarjeta_master_descuentos_rank_lag2	7.06873395766968e-05	0.000158568114669337	0.000178597148206827
ctransferencias_recibidas_lag1	6.75941857300201e-05	0.000796987186357405	0.00013826875990206
cextraccion_autoservicio	6.72239387583705e-05	9.86415900662596e-05	1.1522396658505e-05
ccomisiones_mantenimiento_lag2	6.63824116602696e-05	0.000293030885501241	8.06567766095348e-05
cextraccion_autoservicio_lag1	6.62834071610084e-05	0.000694194284553756	0.000120985164914302
active_quarter_tend6	6.26777915919789e-05	0.000963205677528539	0.000103701569926545
vm_msaldodolares_rank_delta2	6.20019611309592e-05	0.000560356789472831	0.00013826875990206
rf_013_024	5.97999230000557e-05	0.000324007705619299	0.00016131355321907
minversion2_rank_lag2	5.89023780960152e-05	0.000303665218901607	6.33731816217773e-05
vm_msaldodolares_rank	5.39054318127614e-05	0.000605075818850745	0.000109462768255797
cpagomiscuentas_lag1	5.32940309938094e-05	0.000320027751399638	6.91343799510298e-05
matm_other_rank_delta1	5.08016507499501e-05	0.000570653531308061	0.00011522396658505
cseguro_accidentes_personales	4.87562125432849e-05	0.000834205747196745	0.00011522396658505
cliente_edad_tend6	4.60660251523856e-05	0.000710224694061191	9.21791732680398e-05
cpagomiscuentas_lag2	4.5587841604368e-05	0.000368687578941651	9.79403715972922e-05
ctarjeta_visa_debitos_automaticos_lag1	4.54665365512045e-05	0.000194450485067571	6.91343799510298e-05
ctransferencias_recibidas_delta1	4.49585106515817e-05	0.000612649714948426	8.64179749387873e-05
cplazo_fijo_lag2	4.43562570503732e-05	0.000683392071224325	7.48955782802823e-05
vm_cconsumos_delta1	4.40561936801628e-05	0.000384067387357763	8.64179749387873e-05
vmr_mpagosdolares_delta1	4.1720800159763e-05	0.000501625493510839	8.64179749387873e-05
catm_trx_other_delta1	3.80741709356627e-05	0.000386059143081642	4.60895866340199e-05
cseguro_vida_tend6	3.64793750659319e-05	0.00043130559789135	6.91343799510298e-05
ccallcenter_transacciones_lag1	3.55679522420331e-05	0.000229207019319119	5.18507849632724e-05
ctransferencias_emitidas_lag1	3.36428769722997e-05	0.000440439285417251	6.33731816217773e-05
cprestamos_prendarios	3.27589084565137e-05	7.20579201033303e-05	5.76119832925248e-06
cpagodeservicios_tend6	3.12671255887123e-05	0.000611462290971975	7.48955782802823e-05
catm_trx_delta1	3.06900253079313e-05	0.000195184309368511	5.76119832925248e-05
mpagodeservicios_rank_tend6	3.05761273956613e-05	0.000368752060337555	6.91343799510298e-05
ccuenta_debitos_automaticos_lag2	2.8219459207408e-05	0.000143106782018222	5.76119832925248e-05
catm_trx_lag1	2.78471042197407e-05	9.55316170349794e-05	4.03283883047674e-05
cplazo_fijo_lag1	2.75855048209728e-05	0.000181593574314101	2.88059916462624e-05
ctarjeta_visa_debitos_automaticos_delta1	2.63338345849001e-05	0.000325424650447535	4.03283883047674e-05
ccuenta_debitos_automaticos_delta1	2.35344314963899e-05	0.000239168293307481	4.03283883047674e-05
ccajas_consultas	2.16274223240544e-05	0.000386037746620095	3.45671899755149e-05
internet_delta1	2.14607874222274e-05	0.000198073787350643	4.03283883047674e-05
cproductos	2.01980725919883e-05	0.000129121247737839	1.1522396658505e-05
mtarjeta_master_descuentos_rank_tend6	1.62850498474e-05	0.000401089812214538	3.45671899755149e-05
ctarjeta_debito	1.58895012119832e-05	0.000111645196659074	1.72835949877575e-05
active_quarter_delta1	1.38160645067093e-05	0.00028354890817943	4.03283883047674e-05
ctransferencias_recibidas	1.20029442274746e-05	0.000293284112358191	2.88059916462624e-05
ctarjeta_visa_debitos_automaticos	9.06354134032477e-06	0.000212141376795596	1.72835949877575e-05
ctarjeta_master_debitos_automaticos_lag2	8.69466962422742e-06	0.000115378321723067	2.30447933170099e-05
cpagomiscuentas	8.13437466001024e-06	0.000209168702150325	1.72835949877575e-05
ctransferencias_emitidas	7.64263754990529e-06	0.000201759208393046	1.72835949877575e-05
ccallcenter_transacciones	6.1744448494912e-06	0.000145302228870456	1.72835949877575e-05
cliente_edad_delta1	3.22768330126186e-06	2.50630876832266e-05	1.1522396658505e-05
catm_trx	3.11939186855135e-06	8.82971176629621e-05	1.1522396658505e-05
cplazo_fijo	2.71979605512939e-06	7.20579201033303e-05	5.76119832925248e-06
