Feature	Gain	Cover	Frequency
rf_013_015	0.0695649161051194	0.00309258546190001	0.000247914348475327
vm_status05_delta2	0.0240395303689227	0.00146058601133736	0.000276741598298039
Visa_status	0.0216431374016373	0.00184916378670366	0.00105507734351127
vm_status01	0.019062849692142	0.00194471839126911	0.000991657393901307
Visa_mconsumospesos_rank	0.0162387898210709	0.0020062412293298	0.00326324467993105
rf_018_026	0.0159479678113678	0.001418880638787	0.00231194543578154
rf_009_023	0.0141441734220396	0.00153149401019644	0.00078986664514232
rf_012_022	0.0135176605053224	0.00122121049185034	0.00250797073457598
vm_fechaalta_lag2	0.0125420647013935	0.00208170980608365	0.00266363788361863
cdescubierto_preacordado_delta1	0.012338179367465	0.00114222304945864	0.000155667149042647
ctrx_quarter_normalizado_lag2	0.0111795070864625	0.00202524225060663	0.00224852548617157
mpasivos_margen_rank	0.00970392151143522	0.00218175310520495	0.00201790748758987
vm_msaldototal_rank	0.00936243813602544	0.00118261213288468	0.0013029916919866
mautoservicio_rank	0.00926361834353496	0.00116905951365322	0.00074374304542598
mcuentas_saldo_rank_lag2	0.00907401500855484	0.00251270818394902	0.00211015468702255
vmr_msaldototal	0.00895935106053881	0.00118495781367889	0.00159126419021373
rf_002_020	0.00855638597960503	0.000654074025677356	0.000196025298794444
mextraccion_autoservicio_rank	0.00780925205149571	0.000678835517545743	0.000576544996454248
mcuenta_corriente_rank	0.00686085397003138	0.00295625665620443	0.00140676979134837
Master_msaldopesos_rank_delta2	0.00650310067955912	0.00136450994123807	0.00178728948900817
rf_015_023	0.00623186356249792	0.0015330684222429	0.0035284553783
rf_011_028	0.00571841779100455	0.000635640360809051	0.000397816047553431
mcomisiones_mantenimiento_rank_delta2	0.00561895159141387	0.00308182988088205	0.00132028804188023
mprestamos_personales_rank_lag2	0.00541806958121301	0.00207201207331724	0.000876348394610457
mcaja_ahorro_rank_delta2	0.00530637400568284	0.00282597235699913	0.00184494398865359
mpayroll_rank	0.00522579495687058	0.00189904875723599	0.000340161547908006
ccomisiones_mantenimiento_tend6	0.00522504701234386	0.00291198730325448	0.000426643297376144
mcuentas_saldo_rank_tend6	0.005119760022509	0.003488045146236	0.00184494398865359
mcaja_ahorro_rank	0.0045342606081731	0.00175235070703731	0.000668792195886928
mprestamos_personales_rank_delta2	0.00450268535012168	0.00399254557619073	0.000876348394610457
mpasivos_margen_rank_lag1	0.0044973661333141	0.00179320935055637	0.00216204373670343
rf_017_021	0.00447435626265543	0.000904901411572496	0.000887879294539542
rf_006_022	0.00443643491512558	0.000914500155708533	0.000536186846702451
matm_rank	0.00420850341939331	0.000676416204684123	0.000518890496808823
vm_mpagospesos_rank_lag1	0.00418453867758291	0.000624044568747772	0.00078986664514232
Master_status	0.00414273237926875	0.00235041682786927	0.00137217709156111
mpayroll_rank_lag2	0.00413661427749478	0.00114312918226652	0.000599606796312418
ccomisiones_otras	0.00409464669647177	0.0017750479044216	0.00083599024485866
rf_007_016	0.00408793137090432	0.000712729690914107	0.00122804084244755
vm_mpagominimo_rank_lag2	0.00402575661718522	0.00138340773454275	0.0019141293882281
ctrx_quarter_tend6	0.00398747683200046	0.00141628944711242	0.00165468413982369
mrentabilidad_rank_delta1	0.00364281176297715	0.00190363103526145	0.00378213517673987
mprestamos_personales_rank_tend6	0.00359228086801272	0.00287914514904273	0.000593841346347876
Master_status_tend6	0.00357680122662931	0.000924692116237902	0.00103778099361765
rf_020_027	0.00344551864036032	0.00170613769537257	0.00155667149042647
rf_001_021	0.00334762722084596	0.000576640302045097	0.000611137696241503
mpasivos_margen_rank_delta2	0.00332538933789552	0.00281177657662908	0.00599030251315964
cdescubierto_preacordado	0.00320154620314626	0.0022779158168517	0.000680323095816013
mrentabilidad_annual_rank_delta1	0.00307452646293237	0.00322497591908941	0.00642271126050033
rf_005_020	0.00305710719394299	0.00128761691915294	0.00250797073457598
vm_mconsumospesos_rank	0.00301609795514138	0.00073269667270957	0.000761039395319608
ctarjeta_debito_transacciones_lag2	0.00298178575988337	0.00123311117207268	0.00103778099361765
mrentabilidad_rank_delta2	0.00293688502996431	0.00326144997038901	0.00562131371542892
mrentabilidad_annual_rank_lag2	0.0028953673358598	0.00249302889448456	0.00365529527751993
mcuentas_saldo_rank_delta1	0.00285466737384	0.00238467688292845	0.00152784424060376
ctrx_quarter_delta1	0.00283917290676266	0.00174741089352515	0.0011530899929085
ctrx_quarter	0.00281274051234867	0.00129260683638567	0.000772570295248693
vm_mpagospesos_rank_tend6	0.00278552085541423	0.0012015709197191	0.00149901699078105
Visa_mpagominimo_rank	0.00274419939229865	0.00251437135721383	0.00336702277929281
ctrx_quarter_normalizado_tend6	0.00272578266248366	0.00172775775550025	0.00190836393826356
mrentabilidad_annual_rank_lag1	0.00270982389484179	0.00299560694192101	0.00374754247695261
mcuenta_corriente_rank_delta2	0.00268977047990148	0.00218654689988895	0.00121074449255392
rf_013_018	0.00267287846007003	0.001415841375183	0.000230617998581699
mprestamos_personales_rank_delta1	0.00267191919279216	0.00351205513528764	0.000565014096525163
mprestamos_personales_rank	0.00263901429365765	0.00353064825239834	0.000553483196596078
mactivos_margen_rank_tend6	0.00260435665439752	0.00210320114919678	0.00230617998581699
rf_010_026	0.00258038350312104	0.000989661327192141	0.000524655946773366
Visa_msaldototal_rank_tend6	0.00257113731443941	0.00266728677306355	0.00339008457915098
cdescubierto_preacordado_delta2	0.0024910656845602	0.00132230490926811	0.000253679798439869
rf_006_015	0.00246536998050247	0.0018769096427001	0.0015739678403201
mcomisiones_otras_rank_delta2	0.00245171827572002	0.00299994296718129	0.00577121541450703
mactivos_margen_rank_lag2	0.0024061295950203	0.0031851446800488	0.00468731082117304
mcomisiones_rank_delta1	0.00236575783793305	0.00253431096875898	0.00450858187227222
mcomisiones_rank_lag2	0.00236242576303475	0.00232813410563086	0.00475073077078301
Visa_msaldopesos_rank	0.00234597736604818	0.00177947430714928	0.00253103253443415
mpayroll_rank_delta1	0.0023290537668127	0.00143699118632462	0.000374754247695261
mprestamos_personales_rank_lag1	0.00231624995055676	0.00171750321168797	0.000576544996454248
rf_019_021	0.00230685676210548	0.00201096237229419	0.00376483882684624
Master_mfinanciacion_limite_rank	0.00229793671021464	0.00279227586943677	0.00427219842372598
mcomisiones_rank_lag1	0.00225693447603061	0.0020077320468557	0.00316523203053382
ccaja_ahorro_tend6	0.00223517551697247	0.00330338167079822	0.000345926997872549
mcomisiones_otras_rank_lag1	0.00222070630135825	0.00241281686523025	0.00406464222500245
rf_004_025	0.00222055535423975	0.00176693788463645	0.0041395930745415
mextraccion_autoservicio_rank_delta2	0.00220191298437419	0.00208285546170165	0.00122804084244755
mcomisiones_rank_delta2	0.00219572110626833	0.00257067323391523	0.00502747236908105
Visa_mpagospesos_rank_delta2	0.00218097959973765	0.00214788089692614	0.00446822372252042
mcomisiones_otras_rank_delta1	0.00215929117372459	0.00254675306591738	0.00473343442088938
mpayroll_sobre_edad_rank	0.00215438259884874	0.00167344410359403	0.000432408747340686
Visa_mpagospesos_rank_tend6	0.00213025873322024	0.00206578376486526	0.00386285147624346
mpayroll_sobre_edad_rank_lag2	0.00212256293237228	0.00104836010123554	0.000582310446418791
thomebanking	0.00206456052768526	0.00230530850918265	0.00243878533500147
Visa_msaldopesos_rank_delta2	0.00205171939738979	0.00144606258284011	0.00268093423351225
chomebanking_transacciones_lag2	0.00202962111399034	0.00241386869891566	0.0041395930745415
mactivos_margen_rank_delta2	0.00202448041298396	0.00316265412408001	0.00517737406815915
mcomisiones_otras_rank_tend6	0.00202288813057133	0.00218895728363696	0.00306145393117206
internet	0.00200135029749962	0.000950025654286647	0.000109543549326307
ctrx_quarter_normalizado_delta2	0.00200129279311112	0.00141023958845315	0.00143559704117108
mcuenta_debitos_automaticos_rank	0.00198982295804226	0.0016668882265025	0.000651495845993301
vm_mpagospesos_rank	0.0019740111101821	0.000729209337176155	0.000945533794184967
Visa_fechaalta_delta2	0.0019322809943465	0.00133442905579361	0.00095129924414951
Visa_mpagominimo_rank_lag1	0.00192141753498213	0.0023010689024518	0.00296920673173938
Master_fechaalta	0.00191598639595241	0.00241898251091167	0.00383402422642075
mactivos_margen_rank_delta1	0.00191078062040257	0.00290325015234183	0.0039896913754634
Visa_msaldototal_rank_lag2	0.00190136048025344	0.00172848747869864	0.00252526708446961
rf_006_021	0.00189616994975764	0.0016580269158677	0.00416265487439967
vmr_mpagominimo	0.00186077699434682	0.001774097285021	0.00275011963308676
mcomisiones_otras_rank_lag2	0.00185776628591732	0.00263028561260637	0.0053330412172018
rf_003_019	0.00185689306008697	0.000534007811945094	0.000184494398865359
mcuentas_saldo_rank_delta2	0.00184875313301488	0.00317150059701861	0.00327477557986013
chomebanking_transacciones_delta2	0.0018428892653077	0.0027878399281901	0.00396662957560523
mrentabilidad_annual_rank_delta2	0.00182565500417114	0.0031935457041507	0.00564437551528709
mtarjeta_visa_consumo_rank_tend6	0.0017982267126491	0.00134371999722112	0.00135488074166748
Master_fechaalta_lag1	0.00179071803901544	0.00236374741157542	0.00378790062670441
rf_005_013	0.00174818422310207	0.000672722015768121	0.000461235997163399
mtarjeta_visa_consumo_rank_delta1	0.00174236139567807	0.00141558343773206	0.00119921359262484
Visa_fechaalta_lag1	0.00173475207288959	0.00181236418045186	0.00291155223209395
foto_mes	0.00173381752942972	0.00448465949735604	0.0010723736934049
mrentabilidad_annual_rank	0.00172857895256515	0.00244271037176838	0.00265787243365408
Master_mlimitecompra_rank_tend6	0.00171357018507757	0.00232446275616865	0.00455470547198856
Visa_mpagospesos_rank_lag2	0.00170592833542539	0.00230575976061839	0.00382249332649167
Master_mfinanciacion_limite_rank_lag1	0.00170071294096734	0.00246741192994247	0.00409346947482516
Master_Fvencimiento_lag2	0.00169773283617621	0.00238721720250177	0.00467577992124395
Visa_mconsumospesos_rank_tend6	0.00167367433920756	0.00189713421749998	0.00403581497517974
Master_mfinanciacion_limite_rank_tend6	0.00166708164329546	0.0026729346096434	0.00390320962599526
Visa_mconsumototal_rank_delta2	0.00164061250709312	0.00272271388808618	0.00457200182188219
Visa_mconsumospesos_rank_delta2	0.00163836250268794	0.00165804106467087	0.00382825877645621
Visa_mconsumospesos_rank_delta1	0.00162235715212765	0.00228064009736205	0.00480261982046389
Visa_mpagospesos_rank	0.00161568044802533	0.00208809406932108	0.00330936827964739
Visa_msaldopesos_rank_lag1	0.00161262906116682	0.00210517074738405	0.00355151717815817
mcaja_ahorro_rank_delta1	0.0016108936495019	0.00237583833225979	0.00151631334067467
mcuenta_corriente_rank_lag1	0.00160901845281752	0.0023313034375396	0.00152207879063922
rf_007_023	0.00159755751635494	0.00137311752726781	0.00309604663095931
mactivos_margen_rank	0.00159129396716631	0.00398320704815183	0.00189683303833448
mrentabilidad_rank	0.00158544600418333	0.0024472883574603	0.00285966318241307
Visa_mpagospesos_rank_delta1	0.0015616874897979	0.00233794203478746	0.00479685437049935
Master_msaldopesos_rank	0.00155790585187376	0.001516650140453	0.00231771088574608
internet_lag1	0.00155710633818121	0.0010456110735676	0.000219087098652614
mcuenta_corriente_rank_tend6	0.00155487021764156	0.00215044959359345	0.00118191724273121
rf_002_015	0.00155237333385726	0.00127624345407172	0.0013837079914902
Master_mfinanciacion_limite_rank_lag2	0.00153301837271271	0.00213849247713377	0.00384555512634984
cextraccion_autoservicio_lag1	0.00153034717662903	0.000866413010534048	0.000155667149042647
cextraccion_autoservicio	0.00153028655088546	0.000193361836373218	2.30617998581699e-05
Master_mlimitecompra_rank_delta2	0.00152133471729571	0.00191349145276837	0.00447975462244951
Master_fechaalta_tend6	0.00150697287348137	0.00150701485849007	0.00144712794110016
Visa_mfinanciacion_limite_rank_delta2	0.00149162173093666	0.0025900385471297	0.00400122227539248
internet_tend6	0.00148059586622019	0.00241644492041461	0.000415112397447059
mactivos_margen_rank_lag1	0.00147373400583047	0.00359473054006211	0.00246761258482418
Visa_msaldototal_rank_lag1	0.00146927213415921	0.00158192185493856	0.00265787243365408
Master_fultimo_cierre_tend6	0.00146506770650298	0.00214358782149719	0.00293461403195212
mcomisiones_rank_tend6	0.00144976076588456	0.00206436329391689	0.00223122913627794
cdescubierto_preacordado_tend6	0.00144926232869425	0.00114527900547087	0.000167198048971732
ctrx_quarter_lag1	0.00143027501947267	0.000928452809827953	0.000922471994326797
Master_fechaalta_lag2	0.00142232742286954	0.00214463949620727	0.00290578678212941
Visa_mconsumototal_rank_lag1	0.00140568111280854	0.00171584308545005	0.00327477557986013
Visa_fechaalta	0.00139488555347441	0.00219437177094815	0.00314217023067565
chomebanking_transacciones	0.00138964090272567	0.00231311682031306	0.00264057608376046
mtransferencias_recibidas_rank_delta2	0.00138815105764619	0.00197560583798157	0.00232347633571062
Visa_fechaalta_lag2	0.00138353918718228	0.00187837168569372	0.0026059833839732
Visa_cconsumos_tend6	0.00138067523656151	0.00197883012235803	0.00318829383039199
vm_Finiciomora	0.00137181422978348	0.00398436391152964	0.000467001447127941
Master_mlimitecompra_rank_delta1	0.0013610563169744	0.00228680765074726	0.00428949477361961
Master_Fvencimiento	0.00135823490155278	0.00184710163838633	0.00347080087865457
Master_mlimitecompra_rank_lag1	0.00135591390724247	0.00193534541857832	0.00359187532790997
ctrx_quarter_delta2	0.00134789915170569	0.00171376154214412	0.00207556198723529
Master_mlimitecompra_rank	0.00134735681792136	0.00157148740405983	0.00341891182897369
Visa_mconsumospesos_rank_lag1	0.00134622790776889	0.00211540025258399	0.00392627142585343
vm_Fvencimiento_lag1	0.00134616091721636	0.00209105970085768	0.00309604663095931
cpayroll_trx_tend6	0.00134032687720627	0.00103602639874707	0.000259445248404412
rf_010_023	0.0013400740094524	0.00141945159863603	0.00408770402486062
rf_020_019	0.00133574429399394	0.000777448197794305	0.000311334298085294
Visa_mfinanciacion_limite_rank	0.00133497887219103	0.00220420593103197	0.00304992303124297
Visa_Fvencimiento_lag1	0.0013294899926736	0.00178378606217792	0.00269246513344134
Visa_mlimitecompra_rank_delta1	0.00132836749688635	0.00265600034696808	0.00368988797730719
Visa_mfinanciacion_limite_rank_tend6	0.00132792306352606	0.0019873899098093	0.00295191038184575
vmr_mpagospesos_tend6	0.00131897912682466	0.00173673914549074	0.00166621503975278
Master_cconsumos_tend6	0.00131774283729002	0.00185510064040882	0.00290578678212941
tcallcenter_delta2	0.00131512969532567	0.000971282164361493	0.00081292844500049
vm_fultimo_cierre_tend6	0.00130998073842733	0.00184380263561114	0.00165468413982369
rf_016_021	0.00130661531416605	0.00159131053968979	0.00224276003620703
Visa_mconsumospesos_rank_lag2	0.00130235470161374	0.00160424453297318	0.00333243007950556
mcuentas_saldo_rank_lag1	0.00130051770596455	0.00199048584811362	0.00106660824344036
vm_mpagominimo_rank	0.00129809287454545	0.00150357887198387	0.00185647488858268
ctarjeta_visa_transacciones_lag1	0.00129740173142886	0.000715864710650384	0.000622668596170588
Visa_mconsumosdolares_rank_delta1	0.0012958925350726	0.00132897069129508	0.00246761258482418
Visa_mpagominimo_rank_tend6	0.00128864548604674	0.00183216013130271	0.00227735273599428
Master_mfinanciacion_limite_rank_delta2	0.00128601483102722	0.00205587125644632	0.00394356777574706
mpayroll_sobre_edad_rank_tend6	0.0012839236826581	0.00169054105100985	0.000622668596170588
vmr_msaldototal_delta2	0.00128383124481476	0.000953565875608668	0.00160279509014281
vm_Fvencimiento	0.0012797190440397	0.00204582253267707	0.0028366013825549
mpasivos_margen_rank_delta1	0.0012777162968305	0.00208098962140425	0.00344773907879641
mrentabilidad_rank_lag1	0.00126586793132709	0.00211547624278525	0.0030268612313848
Visa_Fvencimiento_tend6	0.00126364615269139	0.00114868338238499	0.000991657393901307
chomebanking_transacciones_delta1	0.00126354344534922	0.00256753614749984	0.00223122913627794
mextraccion_autoservicio_rank_lag1	0.0012576344222958	0.000813443388944871	0.000634199496099673
vm_fechaalta	0.00124985992533279	0.00171452645187922	0.00288272498227124
Visa_mpagominimo_rank_delta1	0.00124535770156862	0.00224173065019798	0.00236383448546242
ctarjeta_visa_transacciones_delta2	0.00124356020167923	0.00150137157920262	0.0010723736934049
Master_Fvencimiento_lag1	0.00124079209673444	0.00149605480871927	0.00318829383039199
cliente_antiguedad_lag1	0.00123483128965325	0.00202112121296596	0.00236959993542696
Visa_cconsumos_lag2	0.00123413440294418	0.00162087048951813	0.00288272498227124
mcuentas_saldo_rank	0.00123259336941272	0.00267392340961583	0.000807162995035948
Master_mconsumototal_rank_tend6	0.00122829603683602	0.00276964613057843	0.00321712108021471
mcomisiones_rank	0.00122558668184403	0.00166492466937726	0.00288849043223578
Visa_mlimitecompra_rank_tend6	0.00121175762794326	0.00197335411159938	0.00292308313202304
mpasivos_margen_rank_tend6	0.0012104435538182	0.00214511528283352	0.0020352038374835
Master_mfinanciacion_limite_rank_delta1	0.00120775243848963	0.00186819466884409	0.00393780232578252
mtransferencias_recibidas_rank_lag2	0.00120703614168276	0.00243467840886362	0.00311334298085294
vm_Fvencimiento_lag2	0.00120500214535705	0.00172401717228773	0.00290002133216487
mcuenta_corriente_rank_lag2	0.00118948347339815	0.00210692972977291	0.00155090604046193
mcomisiones_otras_rank	0.00118120813933703	0.00151539836881128	0.0026866996834768
Master_mpagominimo_rank_lag2	0.00118069084344982	0.00158610907930264	0.00313640478071111
mpasivos_margen_rank_lag2	0.00117877811834984	0.00172770993042588	0.00309028118099477
Master_mpagominimo_rank_lag1	0.00117608625596408	0.00162876104387891	0.00240419263521422
tcallcenter_delta1	0.00117137469192468	0.00112709233525256	0.000565014096525163
Visa_Fvencimiento	0.00116692637627828	0.00196764565243218	0.00288849043223578
vmr_mpagominimo_lag2	0.00116682165767811	0.00172429002692253	0.00255409433429232
cliente_edad_lag2	0.00116663125976236	0.00195508697337505	0.0016835113896464
Visa_mpagominimo_rank_lag2	0.00116644415632087	0.00152188866858477	0.00263481063379591
mtarjeta_visa_consumo_rank_lag1	0.00116517486896991	0.000704463080442262	0.00107813914336944
vmr_mpagominimo_tend6	0.00115854971003774	0.00122250523981928	0.00165468413982369
mtransferencias_recibidas_rank	0.00113918664406901	0.00201724801784364	0.00130875714195114
Visa_cconsumos_delta1	0.00112613372335266	0.00151284652352751	0.00245031623493056
cliente_edad_lag1	0.00112401889341364	0.00193319289279359	0.00144712794110016
mrentabilidad_rank_lag2	0.00112198085510129	0.00180026319133079	0.00273282328319314
Visa_mconsumosdolares_rank	0.00112032866474668	0.00139049466867888	0.00224276003620703
Visa_cconsumos	0.00111503797479632	0.00181048490674022	0.00298073763166846
rf_004_015	0.00111278747056187	0.000569111337041579	0.000616903146206046
vmr_mpagospesos_lag2	0.00110707484621036	0.00106561703081148	0.00136641164159657
Visa_mconsumosdolares_rank_lag2	0.00110496075912984	0.00180379689466483	0.00289425588220033
mrentabilidad_annual_rank_tend6	0.00109751313680339	0.00211722581913455	0.00183341308872451
vm_fechaalta_lag1	0.00109107130024089	0.00124848376722274	0.00188530213840539
Master_fultimo_cierre	0.0010760885405585	0.00139689003369256	0.00201214203762533
mpayroll_sobre_edad_rank_lag1	0.00107583981271111	0.00186223773125729	0.000380519697659804
rf_012_019	0.00107501991776571	0.00134144972371867	0.00257139068418595
Master_msaldopesos_rank_lag1	0.00107426437918447	0.00135934268703984	0.00234653813556879
Master_mlimitecompra_rank_lag2	0.00107380193579701	0.00149033495632107	0.00282507048262582
Visa_mconsumosdolares_rank_lag1	0.00106204557767181	0.00183281057880996	0.0031075775308884
rf_013_026	0.00105943456762679	0.000832165752987848	0.000726446695532353
vm_msaldopesos_rank_lag2	0.00105369389342716	0.00100678055764815	0.00141830069127745
Visa_msaldototal_rank_delta1	0.00105012196805669	0.00148369747190042	0.00230617998581699
rf_001_025	0.00104800083410736	0.00129649322645926	0.00208132743719984
Visa_msaldopesos_rank_tend6	0.00104706318112382	0.00161987074674475	0.0022254636863134
Visa_msaldototal_rank	0.00103345507016479	0.00132295074649119	0.00198331478780261
vmr_Master_mlimitecompra	0.00103141160027576	0.00149815280597046	0.00220816733641977
ccomisiones_otras_delta2	0.00103051838851673	0.00185380427619083	0.00243878533500147
vm_status02_tend6	0.00102890785190098	0.00143865107409956	0.00123957174237663
Visa_mconsumosdolares_rank_delta2	0.00102888087547476	0.00167482562558986	0.00281930503266127
Visa_Fvencimiento_lag2	0.00102690198675378	0.00195607659471995	0.00234077268560425
vm_status01_delta2	0.00102478903880879	0.00159878057784268	0.000882113844575
Visa_msaldopesos_rank_delta1	0.00101999989504425	0.00174172543278707	0.00247914348475327
vm_mfinanciacion_limite_rank_delta2	0.00101949747290902	0.0017445024401107	0.00258868703407958
vmr_mconsumospesos_lag2	0.0010188508487324	0.00124910236667494	0.00170657318950457
Visa_mfinanciacion_limite_rank_lag2	0.00101546583139212	0.00174615551844292	0.002646341533725
Master_msaldototal_rank_tend6	0.00101107182683673	0.0016177304355635	0.0022658218360652
vm_Fvencimiento_tend6	0.00100944255946137	0.000993916990429958	0.00076680484528415
vmr_msaldopesos2_tend6	0.00100090930354593	0.00176933382812655	0.00197754933783807
Visa_mlimitecompra_rank_lag1	0.000997308276837122	0.00136069630886764	0.0022254636863134
Visa_mconsumototal_rank_delta1	0.000997230148148576	0.00135819059292153	0.00309028118099477
mpayroll_sobre_edad_rank_delta2	0.000995544897915822	0.00150212798375829	0.000490063246986111
mrentabilidad_rank_tend6	0.000989982649662523	0.00194436109424539	0.00144712794110016
cprestamos_personales_tend6	0.000985521727413544	0.00295494410300004	0.000386285147624346
vm_mconsumospesos_rank_tend6	0.000985333000379562	0.00130802084460567	0.00184494398865359
rf_011_025	0.000985105519653624	0.000832323986419488	0.000639964946064216
chomebanking_transacciones_lag1	0.000980677234117756	0.00161846861094955	0.00246761258482418
vm_mpagominimo_rank_tend6	0.000979014308544909	0.00140852914652758	0.00197754933783807
Visa_mpagospesos_rank_lag1	0.00097227163172005	0.00171041476728633	0.00298650308163301
mpayroll_rank_delta2	0.00096791243016466	0.00147784874351235	0.000397816047553431
Visa_msaldototal_rank_delta2	0.000964846392624474	0.00147120505905437	0.00263481063379591
mcaja_ahorro_dolares_rank_delta2	0.000963588617784773	0.00212380580748241	0.00100895374379493
mcaja_ahorro_dolares_rank_lag1	0.000955931711525268	0.00197004814040615	0.0010320155436531
Visa_mpagominimo_rank_delta2	0.000954936590450503	0.00177127261159832	0.0022658218360652
Visa_mlimitecompra_rank_lag2	0.000953813615521493	0.00135984303535248	0.00231194543578154
Visa_mfinanciacion_limite_rank_delta1	0.000953788515485139	0.00144474822791548	0.00265210698368954
rf_001_017	0.000953742583342909	0.00115613296571382	0.00230617998581699
Master_fultimo_cierre_lag1	0.000951591564719403	0.00131496260778199	0.00200637658766078
Visa_cconsumos_delta2	0.000950596784805412	0.001799911723402	0.00242725443507239
Visa_mlimitecompra_rank_delta2	0.000948774227408975	0.00165536622548394	0.00274435418312222
vmr_Visa_mlimitecompra	0.000940790110783792	0.00150930193038429	0.00220816733641977
Visa_mfinanciacion_limite_rank_lag1	0.000940371538890538	0.00114033132268055	0.00217357463663252
rf_007_021	0.000939770740801184	0.00115219143770131	0.00217357463663252
Master_mpagominimo_rank	0.000933038263456553	0.00133744041922958	0.00192566028815719
vm_mfinanciacion_limite_rank_tend6	0.000931215495344923	0.00206249695019766	0.0021447473868098
vmr_msaldopesos_lag2	0.000928177786950738	0.00133537400507459	0.00171233863946912
ccomisiones_otras_tend6	0.00092538341654672	0.00137923497693246	0.00156243694039101
vm_mpagominimo_rank_lag1	0.000918907863177973	0.00121639067820621	0.00143559704117108
ccajas_transacciones_lag2	0.000914825266482378	0.00138841813309541	0.00172963498936274
Master_mpagospesos_rank_lag1	0.000908886401636585	0.00181999123322563	0.00254832888432778
Master_msaldopesos_rank_tend6	0.000908356853102199	0.00139589503368279	0.00205250018737712
Master_Fvencimiento_tend6	0.000908042688986608	0.00127902160071845	0.0017238695393982
Visa_cconsumos_lag1	0.000904665314094539	0.00145383149458792	0.00283083593259036
Master_mpagospesos_rank	0.000903513606871582	0.00179455269198037	0.00202367293755441
vm_mconsumospesos_rank_delta2	0.000903141938324309	0.000873113502171774	0.00117615179276667
vmr_msaldopesos	0.000895803229667203	0.00129036915282309	0.00211592013698709
vmr_mconsumospesos	0.000893284680274333	0.00112136975377809	0.0012626335422348
ctrx_quarter_lag2	0.000890114316602032	0.00137275000283207	0.00193142573812173
rf_012_018	0.000885987259218285	0.000844696584868713	0.000495828696950654
cliente_antiguedad_lag2	0.000884399995926684	0.00186438715702335	0.00213321648688072
rf_014_022	0.000881324720869304	0.00112688285877725	0.00284236683251944
cprestamos_personales_delta2	0.000881273486672896	0.000985097039873323	0.000132605349184477
vm_cconsumos_tend6	0.000880164551625533	0.00126739266230369	0.00103778099361765
Visa_mlimitecompra_rank	0.000880079733616729	0.00148680713507373	0.00224852548617157
vm_fechaalta_tend6	0.000879974122974645	0.00168111654382064	0.000830224794894118
vm_mpagospesos_rank_lag2	0.000876202128785886	0.000947831079530716	0.00116462089283758
ccajas_transacciones_tend6	0.000875873658224155	0.00179550882252527	0.000588075896383333
cproductos_tend6	0.000874783946382514	0.00149519936254145	0.000294037948191667
Master_msaldototal_rank_delta2	0.000873883134883474	0.00176396263509321	0.0021851055365616
Master_msaldototal_rank	0.000872160764363618	0.00147086368605818	0.00239266173528513
mpayroll_rank_tend6	0.000872124143444721	0.00140576811622325	0.000530421396737908
ccaja_seguridad_lag1	0.000871453907636427	0.00106245919811729	0.00011530899929085
Master_mpagominimo_rank_delta1	0.000867183787698762	0.00123437772841884	0.00170657318950457
Master_mconsumospesos_rank_tend6	0.000866486372836141	0.00171669302048357	0.00212745103691618
Master_mconsumospesos_rank	0.000865653062585344	0.0012591847402195	0.00160856054010735
Master_mconsumototal_rank_delta2	0.000863088810354074	0.001470970014049	0.00191989483819265
vm_mlimitecompra_rank_delta2	0.000859047719379972	0.00252087506390568	0.00248490893471781
Master_cconsumos_lag1	0.000854186901367309	0.00123229284663126	0.00269823058340588
vmr_Master_mlimitecompra_lag1	0.000853067072567697	0.00161076657481819	0.00221969823634886
Master_fultimo_cierre_lag2	0.000849716394946731	0.00144206726817887	0.00217357463663252
ccaja_ahorro	0.000844601655270822	0.0015103324348814	0.000121074449255392
Master_mpagospesos_rank_delta1	0.000842499815959776	0.00118253055205145	0.00212168558695163
Master_mconsumototal_rank	0.00084026282204598	0.00155228514652826	0.00216204373670343
chomebanking_transacciones_tend6	0.000835704519655884	0.0016485144953285	0.00142406614124199
matm_rank_delta2	0.000833971269050041	0.00128224233464618	0.000870582944645915
vmr_Master_mlimitecompra_lag2	0.000828155047087071	0.00135392708690143	0.00208132743719984
mcaja_ahorro_rank_lag1	0.0008245763914937	0.00219267412653556	0.000893644744504085
Master_mconsumospesos_rank_lag2	0.000822661734665957	0.00159011933764364	0.00235230358553333
Master_msaldototal_rank_lag1	0.000815462533018426	0.00141747950983547	0.00219663643649069
vm_mlimitecompra_rank_tend6	0.0008133735016112	0.0016440137186486	0.00163162233996552
vmr_msaldopesos_tend6	0.000811606219883136	0.00121713190061916	0.0013433498417384
mttarjeta_visa_debitos_automaticos_rank_tend6	0.000809365327252113	0.00261792136036126	0.000957064694114052
vm_msaldopesos_rank_lag1	0.000807996016315491	0.0013502211603079	0.00160856054010735
vm_mconsumospesos_rank_lag2	0.000800962598242243	0.00117375365730969	0.0012626335422348
rf_013_023	0.000800700358020754	0.00123792666688738	0.00234077268560425
vmr_msaldototal_tend6	0.000800408914283621	0.00134073687839971	0.00170080773954003
ctrx_quarter_normalizado_delta1	0.000796258073609955	0.00121131764337887	0.000663026745922386
Visa_fultimo_cierre_lag1	0.000793430519521392	0.00108915364436251	0.00113002819305033
vm_mfinanciacion_limite_rank	0.000792625418852364	0.00135597519239914	0.00198908023776716
ccaja_seguridad	0.000789544303826088	0.00115072947419535	9.22471994326797e-05
mtarjeta_visa_consumo_rank_delta2	0.000789144175346315	0.00152555000260204	0.00201214203762533
Master_mpagominimo_rank_delta2	0.000786330074418276	0.00125547168623261	0.00174693133925637
vm_Finiciomora_lag2	0.00078627335489622	0.00159309827011504	0.000288272498227124
mcomisiones_mantenimiento_rank	0.000784803577685293	0.00143171998876532	0.00168927683961095
Master_cconsumos_lag2	0.000782564147335018	0.00144837164631977	0.00239266173528513
ctrx_quarter_normalizado	0.000781077728055326	0.00083349727724666	0.000547717746631536
vm_msaldototal_rank_tend6	0.000780770669100702	0.0012175525228106	0.00196025298794444
mautoservicio_rank_lag2	0.000780271687193597	0.00134802245219374	0.00183341308872451
Visa_msaldopesos_rank_lag2	0.000779976932572275	0.00129300467211508	0.0018045858389018
ctarjeta_debito_transacciones_delta2	0.000776232367852327	0.00127262756049907	0.00085905204471683
mtarjeta_visa_consumo_rank_lag2	0.00077328117293488	0.00133812724558841	0.00178152403904363
vm_mfinanciacion_limite_rank_lag2	0.000765987603849779	0.00108590487778731	0.00164315323989461
mautoservicio_rank_delta2	0.000764753860211959	0.00125865402762142	0.00151054789071013
vm_fultimo_cierre_lag1	0.000762652856836693	0.0011373865169104	0.00152207879063922
cprestamos_personales	0.00076222533064348	0.000517608262746651	4.61235997163399e-05
mcaja_ahorro_rank_lag2	0.000760581416944116	0.00223935322733225	0.00117038634280212
Visa_mconsumosdolares_rank_tend6	0.000757178503724526	0.00133507121008852	0.0021851055365616
vmr_Visa_mlimitecompra_lag1	0.000756601593047944	0.00109203215742569	0.00146442429099379
vmr_Master_mlimitecompra_tend6	0.000754637388624344	0.00174099033092381	0.00173540043932729
mtransferencias_emitidas_rank_lag2	0.000752337630207662	0.00181300116804899	0.00129722624202206
mcuenta_corriente_rank_delta1	0.000752046338891113	0.00133647157065936	0.000864817494681372
Master_msaldopesos_rank_lag2	0.00075188529170673	0.00100854650845505	0.00179305493897271
rf_017_026	0.000751529267545971	0.00118920415036481	0.00178728948900817
cpayroll_trx_lag2	0.000748624143989955	2.98377062020594e-05	5.76544996454248e-06
vmr_msaldototal_lag2	0.000745931195302586	0.00108072249443814	0.00155667149042647
rf_003_026	0.000743626617536012	0.00106001142867403	0.000611137696241503
mcuenta_debitos_automaticos_rank_lag2	0.000742853398974222	0.00143427265542156	0.000818693894965033
Master_mconsumospesos_rank_delta2	0.000742276904602744	0.00163556060363467	0.00198331478780261
vmr_mpagominimo_lag1	0.000741613669913597	0.000955886093856367	0.00158549874024918
ccomisiones_otras_lag2	0.000741255697983334	0.00118346016021439	0.0016835113896464
ctarjeta_visa_transacciones_tend6	0.000740454985326307	0.00202850688821759	0.000974361044007679
vm_mpagominimo_rank_delta2	0.000737983668419985	0.00176794372146363	0.00173540043932729
ccajas_consultas_tend6	0.000737715506943108	0.00238639678388534	0.000426643297376144
cliente_antiguedad	0.000737449811953802	0.0017550530224581	0.00138947344145474
rf_005_019	0.000737395177501366	0.000770606695050888	0.00151054789071013
vmr_msaldopesos_delta2	0.000735380158843147	0.00124880457941134	0.00148748609085196
thomebanking_delta2	0.000733836203097684	0.00147512030314789	0.00114732454294395
mcaja_ahorro_dolares_rank_tend6	0.000733167429205721	0.00172542436879717	0.00095129924414951
cmobile_app_trx_tend6	0.000732285445076497	0.00212873157817495	0.00127416444216389
Master_mconsumototal_rank_lag1	0.000731190683071638	0.00151299180047086	0.0019544875379799
cliente_edad	0.000728732334723988	0.00182028989485346	0.00114155909297941
mcuenta_debitos_automaticos_rank_lag1	0.00072786844050114	0.00145946022763392	0.00078986664514232
Master_msaldototal_rank_lag2	0.000726925852164964	0.00121394335919301	0.00202367293755441
rf_005_022	0.000726821492589229	0.000873865455418582	0.000219087098652614
mcomisiones_mantenimiento_rank_delta1	0.00072507939157601	0.00142625280113673	0.00102048464372402
vm_msaldopesos_rank_delta2	0.000722784510545937	0.00130997430679832	0.00186800578851176
Master_mconsumototal_rank_lag2	0.000721755492412396	0.00119613973999968	0.00181611673883088
Visa_status_tend6	0.000721123771456956	0.000874291668241984	0.000582310446418791
vm_mconsumospesos_rank_delta1	0.000713807193397508	0.00114469877206172	0.00131452259191569
vmr_mpagominimo_delta2	0.000713354457570994	0.00118417218416089	0.00128569534209297
Master_mpagominimo_rank_tend6	0.000712901684380762	0.00168855976813682	0.00171810408943366
vmr_mpagominimo_delta1	0.000712593183733397	0.00130207214723943	0.00138947344145474
mtransferencias_emitidas_rank_tend6	0.000710094969134684	0.00173709164675908	0.00101471919375948
mttarjeta_visa_debitos_automaticos_rank	0.000708636119818424	0.00117955485207815	0.00146442429099379
Master_msaldototal_rank_delta1	0.000708267760888798	0.00132720659520021	0.00178152403904363
mcomisiones_mantenimiento_rank_lag1	0.000706948439308057	0.00112609283094215	0.00131452259191569
Master_msaldopesos_rank_delta1	0.000702854135426727	0.00142087410976763	0.0017238695393982
vm_mpagominimo_rank_delta1	0.000697691570116569	0.00107868191377207	0.00123380629241209
vm_mpagospesos_rank_delta1	0.00069670051288736	0.0014281238346278	0.00150478244074559
mforex_sell_rank_lag1	0.000696088116841702	0.000347058774878601	0.000126839899219935
mtransferencias_recibidas_rank_tend6	0.000694891593184335	0.00169748228426846	0.00135488074166748
rf_017_015	0.000693469645714028	0.000839110589686958	0.00163162233996552
ccaja_seguridad_lag2	0.000689364041694584	0.00070739010747285	0.000109543549326307
thomebanking_tend6	0.000688173173164561	0.00263190684288353	0.000570779546489706
rf_016_015	0.000687502912364494	0.000950337484369864	0.00143559704117108
vmr_msaldopesos_delta1	0.000685012894655916	0.00129297131379451	0.00151054789071013
Visa_fultimo_cierre_lag2	0.000683279452435666	0.00151444703402175	0.00128569534209297
vm_mfinanciacion_limite_rank_lag1	0.000675919710067053	0.00110009514701305	0.00164315323989461
Master_mpagospesos_rank_delta2	0.000675826127162599	0.00132848862514383	0.00160856054010735
vmr_msaldopesos2_lag1	0.000673804169446246	0.0011925874630495	0.00144712794110016
rf_008_024	0.000671194168203738	0.00123732971457411	0.00212745103691618
vmr_mpagospesos_delta2	0.000669762141415987	0.00129369356515303	0.00144136249113562
vmr_mconsumospesos_lag1	0.000662773478567413	0.00105044932834843	0.00154514059049739
matm_rank_lag2	0.00065865839502466	0.00107585162322154	0.00140676979134837
mcuenta_debitos_automaticos_rank_delta2	0.000656441614717349	0.00143244557860549	0.000755273945355065
mextraccion_autoservicio_rank_lag2	0.000652884784068255	0.00119297040809094	0.00146442429099379
Master_Fvencimiento_delta2	0.00064917779200132	0.000866375147912847	0.00119921359262484
vm_mconsumototal_rank_tend6	0.000648641239935177	0.00095739710124745	0.00127416444216389
rf_014_023	0.000642578432155654	0.00102709381417873	0.00182764763875997
vm_mlimitecompra_rank_lag2	0.000641531846346546	0.000856993378587878	0.00140676979134837
vm_status02	0.000641500690465928	0.00130772626334428	0.00114155909297941
vm_mlimitecompra_rank_delta1	0.000640266642748252	0.00137780006572618	0.00187953668844085
mcomisiones_mantenimiento_rank_lag2	0.000638798066351804	0.00123642352877446	0.000957064694114052
vm_cconsumos_delta2	0.00063799113348778	0.000771407400728073	0.000299803398156209
vm_mpagospesos_rank_delta2	0.000633840213234148	0.00121677399419006	0.00163738778993007
Visa_mpagosdolares_rank_tend6	0.000633013507903719	0.00112295084278784	0.00183917853868905
vm_mconsumospesos_rank_lag1	0.000632478598713001	0.000994409072026142	0.00114732454294395
rf_008_022	0.000630315416074869	0.000778958913730642	0.000657261295957843
vmr_msaldopesos2	0.000627552720085091	0.00123626450046624	0.00156243694039101
mtransferencias_emitidas_rank_lag1	0.00062325732529449	0.00100199500318472	0.000882113844575
Master_fultimo_cierre_delta2	0.000623210144469733	0.000950816741957188	0.00162009144003644
ccajas_transacciones_delta2	0.000622986386479103	0.000931347564869301	0.000616903146206046
Visa_fultimo_cierre_tend6	0.000621543431215444	0.00134985472220348	0.00133181894180931
vm_mlimitecompra_rank	0.000620057760143038	0.000794918180790177	0.00159126419021373
vm_msaldopesos_rank_tend6	0.000619601946549687	0.000857643534640385	0.00147018974095833
vmr_Visa_mlimitecompra_lag2	0.000618777658459849	0.00100680652361651	0.00138947344145474
rf_012_013	0.000618070507201678	0.00117068413540379	0.000761039395319608
Master_mconsumospesos_rank_lag1	0.000614903322596942	0.00102041475771284	0.00174116588929183
mtarjeta_master_consumo_rank_lag2	0.000612725731722921	0.00110716528275741	0.0012626335422348
Master_mconsumosdolares_rank_delta1	0.000611822131657827	0.000657501242045267	0.00200061113769624
Master_mpagosdolares_rank	0.000606924289426381	0.00129610039845231	0.00196601843790899
mtarjeta_visa_consumo_rank	0.000604994295590798	0.00105946839548892	0.000934002894255882
Master_mconsumospesos_rank_delta1	0.000604846933506109	0.00121926799895452	0.00164891868985915
vmr_mpagospesos	0.000604183865985721	0.00105536235451977	0.00133181894180931
cproductos_delta2	0.000601908549401659	0.0012018795438001	0.000178728948900817
rf_002_017	0.000601820272763257	0.000795104658836373	0.000887879294539542
rf_009_015	0.000600196068675673	0.000910068188844773	0.00182188218879542
vmr_msaldototal_lag1	0.00060010980571361	0.000949242594869588	0.00145865884102925
mcaja_ahorro_dolares_rank	0.000596144029662441	0.00200848166846453	0.000922471994326797
Visa_mpagado_rank_tend6	0.000595804223945833	0.00111663713809503	0.00119344814266029
mcomisiones_mantenimiento_rank_tend6	0.000593481295799751	0.00162324960812057	0.00105507734351127
mpagomiscuentas_rank_lag2	0.000593101088520878	0.00107421608516591	0.000910941094397712
ccallcenter_transacciones_tend6	0.000589177317852863	0.00261553529983667	0.000795632095106863
mplazo_fijo_dolares_rank_tend6	0.00058826783217424	0.00197885704217829	0.000288272498227124
rf_011_015	0.000587778422075664	0.000724599079494997	0.00121650994251846
vmr_msaldopesos2_lag2	0.000577407782093962	0.000866110559994502	0.00119344814266029
vmr_msaldopesos2_delta1	0.000576603888003956	0.00123003309199558	0.00155667149042647
vm_fultimo_cierre_lag2	0.000574908125796966	0.00107875652618726	0.00114155909297941
mcaja_ahorro_rank_tend6	0.000574894972127356	0.00164247854700942	0.00107813914336944
cpagomiscuentas_tend6	0.000572136737141406	0.00126077645407957	0.000472766897092484
Master_cconsumos_delta2	0.0005718482101572	0.000798831331708703	0.00155090604046193
numero_de_cliente	0.000570795317874015	0.00240422268611886	0.000876348394610457
ccomisiones_otras_lag1	0.000567658098635835	0.00116261481329966	0.000864817494681372
vm_status01_tend6	0.000567509777074427	0.00112662372901144	0.000755273945355065
vm_msaldopesos_rank	0.00056712386960964	0.00086773332703305	0.00132028804188023
rf_007_015	0.000566991785003805	0.000514494651686323	0.000467001447127941
tcallcenter_tend6	0.000564627692767058	0.00160535688326237	0.000490063246986111
vmr_msaldopesos2_delta2	0.00056324559127794	0.0012345693996587	0.00145289339106471
Master_mpagospesos_rank_lag2	0.000556115523917284	0.00122866977267348	0.0016143259900719
mttarjeta_visa_debitos_automaticos_rank_lag2	0.00055598728381607	0.0010679411969462	0.00119921359262484
mtransferencias_recibidas_rank_lag1	0.000553805947171622	0.00144080142722163	0.00106660824344036
mpagomiscuentas_rank_tend6	0.000552927933070846	0.00159961967605879	0.000605372246276961
ctarjeta_visa_transacciones_lag2	0.000552178128609725	0.000801353793054812	0.0012626335422348
mautoservicio_rank_tend6	0.000552043955828908	0.00142002674483506	0.00099742284386585
mtransferencias_recibidas_rank_delta1	0.000551796726980543	0.000959421386943578	0.000974361044007679
vm_msaldopesos_rank_delta1	0.000538118773396965	0.00129492951875077	0.00129146079205752
vmr_mconsumospesos_tend6	0.000532742946427188	0.00112066061788318	0.00114732454294395
mtransferencias_emitidas_rank_delta2	0.00053227979155965	0.00181508056518815	0.000749508495390523
vm_status06_tend6	0.000530675861698559	0.000481576560265074	0.000155667149042647
mplazo_fijo_dolares_rank_delta2	0.000528704930783557	0.00176886368512404	0.000276741598298039
mttarjeta_visa_debitos_automaticos_rank_lag1	0.000528448103185661	0.00087818990197665	0.0011127318431567
Visa_fultimo_cierre	0.00052707230296473	0.0010869660645205	0.00117615179276667
vm_msaldototal_rank_delta2	0.00052408203258613	0.000788724687932495	0.0011530899929085
ctransferencias_recibidas_tend6	0.00052248975943903	0.00176871189019272	0.00102048464372402
ccomisiones_otras_delta1	0.000519276772676532	0.000904247387120621	0.00100895374379493
vm_fultimo_cierre	0.000515805905394714	0.000893645588225444	0.00124533719234118
vmr_msaldopesos_lag1	0.000515226206932034	0.000761091783898392	0.00133758439177386
catm_trx_tend6	0.000512830690033737	0.00154025021165118	0.000611137696241503
cmobile_app_trx_delta1	0.000511022945958411	0.00158512883750141	0.000968595594043137
vm_mconsumototal_rank_delta2	0.000509322369044372	0.000990708656576913	0.0012626335422348
vmr_mpagospesos_lag1	0.000505493039503648	0.00074669996046728	0.00111849729312124
vm_mfinanciacion_limite_rank_delta1	0.000500407047189503	0.00123303059808313	0.00164891868985915
vm_msaldototal_rank_lag2	0.000499129914933765	0.000890012021896782	0.00107813914336944
rf_015_017	0.000496233645925388	0.000968943584464744	0.000870582944645915
rf_016_018	0.000496082607804349	0.00092519315344358	0.000824459344929575
mcuenta_debitos_automaticos_rank_delta1	0.000494859229501588	0.0012939234699565	0.000443939647269771
ccallcenter_transacciones_delta2	0.000493515911824941	0.00109747690303878	0.000432408747340686
rf_015_020	0.000484650826694188	0.000721261313238475	0.000184494398865359
mplazo_fijo_dolares_rank	0.000484579562927283	0.00209602322818787	0.000184494398865359
Master_mpagado_rank_tend6	0.000475548777810831	0.00145896353575356	0.00132028804188023
ccajas_otras_tend6	0.000475264847519567	0.00242643047799146	0.000334396097943464
ctarjeta_visa_debitos_automaticos_tend6	0.000470542400713757	0.00160356737761276	0.000426643297376144
mautoservicio_rank_delta1	0.000470520889273282	0.00144185167115387	0.00081292844500049
vm_mconsumosdolares_rank	0.00046913256792096	0.000674093071888956	0.000657261295957843
mautoservicio_rank_lag1	0.000467325842679219	0.00104143956126396	0.000807162995035948
ccajas_transacciones	0.000466107778647007	0.00102538289532721	0.000737977595461438
mtransferencias_emitidas_rank	0.000461005393209827	0.00224159032798533	0.000674557645851471
ccomisiones_mantenimiento_delta1	0.000460950262426254	0.00132316854267473	0.00013837079914902
mttarjeta_visa_debitos_automaticos_rank_delta2	0.000460473208691771	0.00105220433635438	0.000882113844575
mplazo_fijo_dolares_rank_delta1	0.00046013688414778	0.000927963642779237	9.80126493972222e-05
mextraccion_autoservicio_rank_tend6	0.000459890176802139	0.00113054928000464	0.000737977595461438
Visa_mpagado_rank_delta2	0.000458258896948106	0.000964858581229136	0.000801397545071405
vm_status02_delta2	0.000456334002851152	0.000898961113402146	0.000870582944645915
cmobile_app_trx	0.000455950865946901	0.00133989234852695	0.000438174197305229
vm_cconsumos	0.000448414026989986	0.000487050027418669	0.000190259848829902
vm_mconsumototal_rank_lag2	0.000447928145317265	0.000881913978252145	0.00102625009368856
Visa_fechaalta_tend6	0.000445392938703019	0.00118035804836862	0.000755273945355065
rf_002_021	0.000445095404699837	0.000729651023597025	0.000934002894255882
internet_lag2	0.000444403599467375	0.00130930886261954	0.000276741598298039
mcaja_ahorro_dolares_rank_delta1	0.000441434771800304	0.00149321156168045	0.000576544996454248
mcaja_ahorro_dolares_rank_lag2	0.000441185092938412	0.00111178094559933	0.000876348394610457
ctrx_quarter_normalizado_lag1	0.000440208723141705	0.000905859449821194	0.000910941094397712
rf_010_016	0.000439869756928532	0.000608764682703085	0.000461235997163399
rf_003_015	0.000438495655052077	0.000778220870824023	0.00108390459333399
vm_status04_delta2	0.000435819948970247	0.000949938906755638	0.000294037948191667
rf_008_021	0.000434818186711045	0.00110770455352669	0.000663026745922386
vmr_mpagado_tend6	0.000426509613761249	0.000976409780714151	0.000732212145496895
mtransferencias_emitidas_rank_delta1	0.000425218484415834	0.00176519766133494	0.000807162995035948
Master_cconsumos_delta1	0.000423366498894612	0.000881435780500264	0.00132605349184477
vm_status01_lag2	0.000419402911243477	0.0016548291538732	0.000605372246276961
ccajas_transacciones_delta1	0.000419128081233744	0.00168161342117221	0.000484297797021569
vm_mpagado_rank_tend6	0.000412539442047753	0.0012067791365572	0.000443939647269771
cextraccion_autoservicio_lag2	0.000411280474996708	0.000778325900516425	0.000628434046135131
rf_004_026	0.00040944008130747	0.000833367897834956	0.000714915795603268
ccallcenter_transacciones_delta1	0.000407398374756888	0.00103064495180581	0.00016143259900719
mtarjeta_visa_descuentos_rank_delta2	0.000403753976365184	0.000788304171724599	0.000870582944645915
rf_019_016	0.000401344887927591	0.000747835627136225	0.000968595594043137
mpagomiscuentas_rank	0.000393953102123498	0.00129078164077751	0.000605372246276961
rf_001_018	0.000390722601956219	0.000681809203831708	0.000524655946773366
rf_018_016	0.000390506717952896	0.000763919954778034	0.000801397545071405
mcajeros_propios_descuentos_rank_delta2	0.000390216701847755	0.000626916669806526	0.000657261295957843
rf_010_021	0.000389862126456002	0.000774362407414356	0.000605372246276961
vm_status04	0.000388817234478499	0.00060873251669739	0.000657261295957843
ctarjeta_debito_transacciones_tend6	0.000381689092479492	0.00147798768793893	0.000663026745922386
mcuenta_debitos_automaticos_rank_tend6	0.000380970661909737	0.00154454977857222	0.000541952296666993
rf_020_025	0.000379324530058252	0.00103511501975375	0.000697619445709641
cproductos_delta1	0.0003754690865209	0.00127262567929115	0.000149901699078105
vmr_mconsumospesos_delta2	0.000375145046488505	0.00103212127608202	0.000893644744504085
rf_004_021	0.000373603859062404	0.00122844241147507	0.000605372246276961
ctransferencias_emitidas_tend6	0.000371968706820899	0.00159721875134211	0.000570779546489706
active_quarter_lag1	0.000370030711387294	0.000597967741606966	0.000478532347057026
vm_cconsumos_lag2	0.000366713560944562	0.00111654241530231	0.000709150345638725
mttarjeta_visa_debitos_automaticos_rank_delta1	0.000365428750350827	0.00149935836878687	0.000737977595461438
vmr_Visa_mlimitecompra_tend6	0.000364216841276742	0.00136246692295048	0.000634199496099673
Master_delinquency_tend6	0.000363664283275638	0.000916334253934414	0.00074374304542598
rf_014_017	0.000356707741073474	0.000563270822378188	0.000524655946773366
rf_004_016	0.000353611491638895	0.000730973830709318	0.000639964946064216
ctarjeta_debito_tend6	0.000351799908902503	0.00248919957654957	0.000305568848120752
rf_003_018	0.000351697134602726	0.000459730543220947	0.000190259848829902
matm_rank_tend6	0.000350375764438913	0.00110905065052285	0.000663026745922386
mprestamos_prendarios_rank_lag1	0.000347929936364729	0.00217771884159117	0.000190259848829902
rf_019_024	0.000346688188605113	0.000553523674784245	0.000761039395319608
Visa_mpagado_rank_delta1	0.000344276746554408	0.000796491056075246	0.000709150345638725
vmr_mconsumosdolares	0.000341958856569636	0.00101603827323452	0.000611137696241503
Visa_mpagado_rank	0.000341579888918211	0.00101331182006152	0.000818693894965033
rf_019_018	0.000340469889372145	0.00087190674704049	0.000922471994326797
rf_010_022	0.000336883239067263	0.000771449714658135	0.000294037948191667
vmr_mconsumospesos_delta1	0.000335295291928034	0.000943902640485925	0.000761039395319608
mpagomiscuentas_rank_delta2	0.000334028525455897	0.00140589092465521	0.000495828696950654
rf_012_020	0.000333914593561918	0.000816471020854885	0.000409346947482516
ccajas_consultas_delta2	0.00032959484249035	0.000760875709947451	0.000317099748049837
mextraccion_autoservicio_rank_delta1	0.000326753117200915	0.00117836807484496	0.000697619445709641
ctransferencias_recibidas_lag1	0.000326720333724577	0.000644746599414727	0.000126839899219935
thomebanking_delta1	0.000326530429454635	0.000909458915944479	0.000478532347057026
vmr_mconsumosdolares_lag2	0.000322229908900015	0.00101861303745974	0.000784101195177778
vmr_Master_mlimitecompra_delta2	0.00031875162200132	0.000720718783475204	0.000818693894965033
rf_017_027	0.000313586953016436	0.000859560088063732	0.00078986664514232
vmr_mpagospesos_delta1	0.000313467993148076	0.000908034126166684	0.00074374304542598
ctransferencias_recibidas_lag2	0.000310059663493893	0.00111426262977677	0.000553483196596078
vm_status05_tend6	0.000309988426911417	0.000717063358040529	0.000184494398865359
Visa_msaldodolares_rank_tend6	0.00030972192812762	0.00107793022548412	0.000657261295957843
rf_009_018	0.000306831371788121	0.000732524396458311	0.000628434046135131
rf_008_017	0.000305851982875331	0.000809792626786145	0.000674557645851471
rf_015_014	0.000297202685682048	0.00160744963432812	0.000634199496099673
mtarjeta_visa_descuentos_rank_delta1	0.000296919788616673	0.000598930125180981	0.000663026745922386
rf_004_017	0.000296467009015934	0.00072407711053932	0.000213321648688072
cextraccion_autoservicio_tend6	0.000295391482268815	0.00086167854013897	0.000501594146915196
Visa_mpagado_rank_lag1	0.000291873842389651	0.000618592536766012	0.000645730396028758
ctransferencias_recibidas_delta2	0.000283479954364094	0.00120537983582181	0.000495828696950654
Visa_mpagado_rank_lag2	0.000282998943944139	0.000528456314407009	0.000576544996454248
matm_other_rank_tend6	0.000279137784773992	0.00132265849686778	0.000409346947482516
vm_mpagado_rank_delta2	0.000278742181910518	0.00112609118819721	0.000317099748049837
Visa_msaldodolares_rank_delta1	0.000276375395217881	0.000734642451095258	0.000547717746631536
rf_009_021	0.000275426421898168	0.000709234645077844	0.000818693894965033
ctarjeta_visa_transacciones	0.000272631484467715	0.00130361611551279	0.000495828696950654
vm_cconsumos_lag1	0.000271205007607086	0.000673787309363651	0.000420877847411601
ccuenta_debitos_automaticos_tend6	0.00027110753931997	0.00125855220393123	0.000276741598298039
rf_017_023	0.000270759288039445	0.000736748980021762	0.000588075896383333
cproductos_lag1	0.000269969704529119	0.000689724134407681	0.000172963498936274
rf_007_020	0.000268376335669695	0.000688426975313109	0.000541952296666993
rf_013_022	0.00026787705427344	0.000855718979459444	0.000213321648688072
Visa_msaldodolares_rank_lag1	0.000259927445720538	0.000868836112307376	0.000530421396737908
rf_020_012	0.000258399275164415	0.000698815667796585	9.22471994326797e-05
vmr_mconsumosdolares_tend6	0.000253287378808458	0.00134585617504414	0.000611137696241503
mpayroll_rank_lag1	0.000253224447572258	0.00112853000203099	0.000265210698368954
mtarjeta_master_consumo_rank_delta1	0.0002520691986664	0.00114225534794377	0.000345926997872549
vm_mconsumosdolares_rank_lag2	0.000251987093353262	0.000935309123771686	0.000547717746631536
matm_other_rank_delta2	0.000249006658381124	0.000803866848361365	0.000611137696241503
rf_019_023	0.000246858404913286	0.00103574005770626	0.000501594146915196
tcuentas_lag1	0.00024263494902641	0.00135941608064427	0.000155667149042647
ctarjeta_debito_transacciones_delta1	0.000241597003490664	0.0019395670875943	0.000351692447837091
cextraccion_autoservicio_delta2	0.000240643908340746	0.00087475815481222	0.000565014096525163
vm_status04_delta1	0.000240411363087115	0.000747351865248268	0.000155667149042647
rf_016_017	0.000239961064636994	0.000803580639799983	0.000495828696950654
catm_trx_lag2	0.000237654306845495	0.000420965021710041	0.000438174197305229
vm_mconsumosdolares_rank_lag1	0.00023759607881602	0.000767936095205734	0.000524655946773366
Master_msaldodolares_rank_delta2	0.000235292006378577	0.000829711174101863	0.000599606796312418
rf_015_018	0.00022981263599631	0.00120622659134899	0.000178728948900817
mtarjeta_master_descuentos_rank_delta2	0.000224491911188625	0.000466647241289045	0.000703384895674183
mpagomiscuentas_rank_delta1	0.000221762766173686	0.000618351106252097	0.000368988797730719
vmr_mconsumosdolares_lag1	0.00022157757169683	0.000585482350170719	0.000472766897092484
mcheques_emitidos_rank_lag1	0.00022157428742925	0.00223160037209139	0.000247914348475327
catm_trx_other_tend6	0.000220270524173123	0.000664256633158941	0.000288272498227124
mtarjeta_master_consumo_rank_tend6	0.000220183391315787	0.00108639902606261	0.000311334298085294
vm_status03_tend6	0.000218569754897591	0.000529213752302234	0.000126839899219935
matm_other_rank	0.000213582387471845	0.000590896281068304	0.000184494398865359
ccajas_extracciones_tend6	0.000213092564397973	0.00225593347847372	0.000351692447837091
ctarjeta_visa_debitos_automaticos_lag2	0.000211846290966296	0.000795602622519266	0.000409346947482516
vm_mconsumosdolares_rank_tend6	0.000208341765549854	0.000666511830502212	0.000415112397447059
mtarjeta_master_consumo_rank_lag1	0.000206071731989902	0.000375624811028492	0.000472766897092484
ctarjeta_visa_debitos_automaticos_delta2	0.000202850103790596	0.000505489362406594	0.000317099748049837
vmr_mpagado_delta2	0.000200787104374579	0.000887271181457643	0.000368988797730719
ctarjeta_visa_transacciones_delta1	0.000200336481532401	0.00130339866377577	0.000253679798439869
vmr_msaldototal_delta1	0.000197671849027178	0.000296063255777325	0.000547717746631536
ctarjeta_master_transacciones_delta2	0.00019513749821878	0.000683178352248746	0.000322865198014379
mforex_sell_rank_tend6	0.000190872949163351	0.00168608380707078	0.000299803398156209
ctarjeta_debito_transacciones_lag1	0.000190669579235425	0.000379524766995753	0.000374754247695261
Master_mpagado_rank_lag2	0.000188778973144672	0.000619076033695108	0.000553483196596078
ctarjeta_debito_transacciones	0.00018847838533522	0.000384376031256649	0.00013837079914902
rf_014_020	0.000187286716545878	0.000362938183337506	4.61235997163399e-05
vm_mconsumosdolares_rank_delta2	0.00018614595162855	0.00068741999916283	0.000363223347766176
rf_011_022	0.000182347971023528	0.000686432656464132	0.000438174197305229
cpagomiscuentas_delta2	0.000179014306658735	0.000729565521372661	0.000103778099361765
mv_status07_rank_delta2	0.000178667746614893	0.000766535549163697	0.000328630647978922
mv_status07_rank_tend6	0.000170829603039034	0.000941886700993911	0.000322865198014379
matm_rank_lag1	0.000165929569018538	0.000672145703750104	0.000363223347766176
ccajas_extracciones_delta2	0.00016488690119323	0.000578727594958311	0.000259445248404412
ccajas_otras_delta2	0.000160613478991201	0.000486449657136096	0.000178728948900817
vmr_mpagado_lag1	0.000159631488314669	0.000564892291118317	0.000305568848120752
rf_014_019	0.000159412855606756	0.000585073439160924	0.000213321648688072
mplazo_fijo_dolares_rank_lag2	0.000159376081429454	0.00111551429543495	0.000259445248404412
vm_status06_delta2	0.000158477444117749	0.000685162523173356	0.000132605349184477
matm_rank_delta1	0.000157147700408447	0.000691253000025979	0.000374754247695261
vmr_mpagado_delta1	0.000154465603474477	0.00092539060078661	0.000276741598298039
minversion2_rank_lag1	0.000154421291541371	0.000773446683095719	9.22471994326797e-05
vm_mconsumosdolares_rank_delta1	0.000154191212685919	0.000688312221630518	0.000311334298085294
vm_cconsumos_delta1	0.000151381702896666	0.00076271394153156	0.000178728948900817
vmr_mconsumosdolares_delta2	0.000147786834518921	0.000461279174770256	0.000305568848120752
vmr_mpagado_lag2	0.000147578469344979	0.000489554339082817	0.000305568848120752
ctarjeta_master_debitos_automaticos_tend6	0.000147213704681553	0.00160362479419788	0.000236383448546242
catm_trx_delta2	0.000145945978747334	0.000887425255035168	0.000317099748049837
rf_018_020	0.00014592158119031	0.000742713548423756	0.00016143259900719
vm_mpagado_rank_lag1	0.00014375976775538	0.000418121642191792	0.000247914348475327
cproductos_lag2	0.00013901914475046	0.000588431342290863	0.000190259848829902
vm_msaldodolares_rank_tend6	0.00013822493132487	0.00119648100701233	0.000276741598298039
mcajeros_propios_descuentos_rank_lag2	0.000137877900345959	0.000653839696060909	0.000247914348475327
mtarjeta_visa_descuentos_rank	0.000136961827669273	0.000658512934463267	0.000288272498227124
vmr_msaldodolares_tend6	0.000135550178741252	0.00107209437409668	0.000259445248404412
vm_msaldodolares_rank_delta2	0.000133915671455338	0.000896189749702249	0.000305568848120752
mtarjeta_master_descuentos_rank_lag2	0.000129865046306831	0.000242702236959048	0.000294037948191667
rf_012_015	0.000128504209044926	0.00045931333899881	0.000276741598298039
cforex_sell_tend6	0.000128387615178747	0.00172989173416472	0.000224852548617157
ccajas_depositos_delta2	0.000127865382800271	0.000711931184395466	0.000276741598298039
vmr_mpagado	0.000123332871772606	0.000780162992777433	0.000230617998581699
rf_018_022	0.000123236163602418	0.00088627448571116	0.000276741598298039
vm_mpagado_rank_lag2	0.000122937718810893	0.000338231829408042	0.000282507048262582
mv_status07_rank_lag2	0.000122800666608997	0.000618143325513497	0.000317099748049837
ccallcenter_transacciones_lag2	0.000121096864772634	0.00049976476724478	0.000270976148333497
cforex_tend6	0.000120611221524354	0.00125948814461094	0.000236383448546242
mv_status07_rank_lag1	0.000117674639303132	0.000471637026042341	0.000299803398156209
vmr_msaldodolares2_lag2	0.00011761215942242	0.000787394700435076	0.000253679798439869
vm_mpagado_rank_delta1	0.000113201673306121	0.000644868401003013	0.000201790748758987
cpagomiscuentas_lag1	0.000111765294710232	0.000416450599648815	8.07162995035948e-05
rf_005_008	0.000108929041609622	0.000518306084898207	0.000242148898510784
rf_016_023	0.000108404014776736	0.000304859545507696	0.000155667149042647
vmr_mconsumosdolares_delta1	0.000108317396601798	0.000323076527019679	0.000196025298794444
mv_status07_rank	0.000107753769150909	0.000260911640647615	0.000178728948900817
mttarjeta_master_debitos_automaticos_rank_delta2	0.000106926408670975	0.000522690677117665	0.00016143259900719
ctransferencias_emitidas_lag2	0.000105970446475891	0.000553215474637421	0.000167198048971732
rf_017_018	0.0001057834539874	0.000596419481000061	0.000219087098652614
internet_delta2	0.000105323209006856	0.000555140427256653	0.000121074449255392
ctarjeta_debito_lag2	0.000104790986586323	0.000654632876906449	0.00011530899929085
rf_011_018	0.000104581763006389	0.000148421528100199	9.80126493972222e-05
catm_trx_other_lag2	0.00010248492978871	0.000261212448442224	0.000236383448546242
mforex_buy_rank_tend6	0.00010210159670721	0.00154108782609767	0.000155667149042647
vm_mpagado_rank	0.000101739993178484	0.000429104133978094	0.000144136249113562
vmr_mpagosdolares_tend6	9.86332112455594e-05	0.00101011837689645	0.000172963498936274
mtarjeta_visa_descuentos_rank_lag1	9.37389807548277e-05	0.00040520540115208	0.000294037948191667
ctransferencias_recibidas_delta1	9.18353821420913e-05	0.00106890124888224	0.000149901699078105
minversion2_rank	9.0577590477038e-05	0.000777190604789884	7.49508495390523e-05
mttarjeta_master_debitos_automaticos_rank_lag2	8.98997663887126e-05	0.000328701550641623	0.000224852548617157
ctarjeta_visa_descuentos_lag2	8.96077124051159e-05	0.000251156093857786	0.000224852548617157
ccomisiones_mantenimiento_delta2	8.81208738448649e-05	0.00109884891301151	0.000144136249113562
ccomisiones_mantenimiento_lag2	8.79404893839277e-05	0.000366975043548116	8.07162995035948e-05
tcuentas_lag2	8.78605282799019e-05	0.000913626533352869	0.00011530899929085
cforex_buy_tend6	8.62041599709875e-05	0.00138866401491819	0.00013837079914902
vm_msaldodolares_rank	8.3178661834032e-05	0.000321963726300417	9.80126493972222e-05
minversion2_rank_lag2	7.99877429595289e-05	0.000406251988652041	6.34199496099673e-05
vm_mpagosdolares_rank_tend6	7.86927255889857e-05	0.000696537127577682	0.00013837079914902
cprestamos_personales_lag1	7.5887561539961e-05	0.000835167286450079	0.000109543549326307
matm_other_rank_delta1	7.57676714867074e-05	0.000406091503070085	0.000167198048971732
rf_005_016	7.38853485554387e-05	0.000351373576934137	0.000132605349184477
matm_other_rank_lag1	7.36279496866547e-05	0.000333236560006328	0.000149901699078105
rf_015_021	7.30875101830943e-05	0.000177410862526024	0.000155667149042647
ctransferencias_emitidas_delta1	7.1637054884996e-05	0.000612480465766238	0.000103778099361765
rf_013_024	7.01148228770086e-05	0.000315374411400661	0.000144136249113562
mttarjeta_master_debitos_automaticos_rank	6.78447428130815e-05	0.000761282474790474	0.00013837079914902
ccallcenter_transacciones_lag1	6.74966011644937e-05	0.000356957637916209	7.49508495390523e-05
mv_status07_rank_delta1	6.66683176557766e-05	0.000738584906463783	0.000207556198723529
active_quarter_tend6	6.43912598661903e-05	0.000929163535476028	0.000149901699078105
cseguro_accidentes_personales	6.30026699849591e-05	0.0010913129001023	0.000132605349184477
catm_trx_delta1	5.80259889630246e-05	0.000157083907622346	5.76544996454248e-05
mttarjeta_master_debitos_automaticos_rank_lag1	5.39920263554491e-05	0.000230597935852218	9.80126493972222e-05
cpagomiscuentas_lag2	5.2931311606202e-05	0.000482977715712491	0.000126839899219935
cliente_edad_tend6	4.86791471487708e-05	0.000593540438019155	8.07162995035948e-05
cplazo_fijo_lag1	4.82079717927392e-05	0.000303266957283388	4.03581497517974e-05
ccuenta_debitos_automaticos_lag2	4.72703503713185e-05	0.000104210386611963	4.03581497517974e-05
cliente_edad_delta2	4.56091133419222e-05	0.000338893007749157	8.07162995035948e-05
mttarjeta_master_debitos_automaticos_rank_delta1	4.39935410205079e-05	0.000521696869422765	0.00011530899929085
catm_trx_lag1	4.32776129599659e-05	0.000150574345339676	8.64817494681372e-05
cseguro_vida_tend6	4.1148595057359e-05	0.000604445005404511	7.49508495390523e-05
cprestamos_prendarios	3.79485856474784e-05	0.000143841184274419	1.1530899929085e-05
cproductos	3.69981820146071e-05	0.000215761776411629	1.72963498936274e-05
rf_011_019	3.46851337058393e-05	0.000254356690912098	8.64817494681372e-05
mtarjeta_master_descuentos_rank_tend6	3.11903091090295e-05	0.000625089407519252	6.34199496099673e-05
ctarjeta_visa_debitos_automaticos_lag1	2.93561008650273e-05	0.000371073162247332	6.34199496099673e-05
catm_trx_other_delta1	2.69731183361053e-05	0.000566363316217313	6.91853995745098e-05
cplazo_fijo_lag2	2.68405457568642e-05	0.000281397570867742	5.76544996454248e-05
ctransferencias_emitidas_lag1	2.59054352408337e-05	0.000379624206056192	5.18890496808823e-05
cpagodeservicios_tend6	2.30623192752392e-05	0.000412579789156237	3.45926997872549e-05
ctransferencias_recibidas	2.26529092840929e-05	0.000322763080687412	3.45926997872549e-05
ctransferencias_emitidas	2.20634220358047e-05	0.000417868632975662	4.03581497517974e-05
active_quarter_delta1	2.04439581023416e-05	0.000362027572724882	5.76544996454248e-05
ccajas_consultas	1.98877793446329e-05	0.000136350028900329	1.1530899929085e-05
cpayroll_trx	1.76255053053239e-05	0.000287682368548838	2.30617998581699e-05
ctarjeta_debito	1.74314573309761e-05	0.000287682368548838	2.30617998581699e-05
cliente_edad_delta1	1.63696156282154e-05	4.15132508804244e-05	4.03581497517974e-05
cplazo_fijo	1.60953205735904e-05	0.000215761776411629	1.72963498936274e-05
cpayroll_trx_lag1	1.31711389691865e-05	7.49690498136789e-06	1.1530899929085e-05
internet_delta1	1.2645418774463e-05	5.54807426960463e-05	2.88272498227124e-05
ctarjeta_master_debitos_automaticos_lag2	1.18799537201182e-05	8.01348732340572e-05	3.45926997872549e-05
vmr_mpagosdolares_delta1	1.14223447423938e-05	0.000171606382267694	2.88272498227124e-05
cpagodeservicios_delta2	1.01411080949018e-05	0.000105996818738795	2.30617998581699e-05
ccallcenter_transacciones	9.29584549552145e-06	0.000146371090964515	1.72963498936274e-05
cseguro_vida	8.57515504311286e-06	8.87468840767762e-05	1.1530899929085e-05
mpagodeservicios_rank_tend6	8.10053183760389e-06	0.000187309222141796	2.88272498227124e-05
ccuenta_debitos_automaticos_delta1	7.93269007575266e-06	0.000182902876799871	1.72963498936274e-05
ctarjeta_visa_debitos_automaticos	6.79793765410329e-06	0.00028483358386983	2.30617998581699e-05
ctarjeta_visa_debitos_automaticos_delta1	3.46333153466466e-06	4.85476171785816e-05	1.1530899929085e-05
cpagomiscuentas	1.1348543138607e-06	7.19205921372095e-05	5.76544996454248e-06
