Feature	Gain	Cover	Frequency
Visa_status	0.0389936581575669	0.00292745577696246	0.000848166633009261
rf_017_015	0.0310544515563814	0.00189066239647895	0.00156939676311918
rf_015_020	0.0271942718303085	0.000648386188354521	0.000178865072267259
mcaja_ahorro_rank_lag1	0.0218726489508444	0.00191955934830147	0.0012289761417073
rf_018_016	0.0197378047883372	0.00150690335898779	0.00085393647405014
rf_018_026	0.014777594475998	0.00129534316813906	0.00210022213888007
rf_009_021	0.0141912996654882	0.0011647619079428	0.000975103135908606
ctrx_quarter	0.0131449866101174	0.00143191471452921	0.000859706315091019
vm_status05_delta2	0.0127417822162132	0.00130916777248291	0.000288492052043966
mpayroll_sobre_edad_rank	0.0123020626679671	0.00123108690421894	0.000357730144534518
rf_001_025	0.0106274348992447	0.00161759078128388	0.00317341257248363
rf_006_015	0.0105775891350734	0.00198866357680041	0.00114242852609411
rf_007_023	0.0103618662490117	0.00162562219069267	0.00241179355508756
Visa_mconsumosdolares_rank_tend6	0.00954122187750411	0.00156973809527489	0.00219830943657502
vm_Fvencimiento_tend6	0.00949985936724311	0.00216007236912927	0.00110203963880795
mcuentas_saldo_rank	0.00848878219854426	0.00314906931128996	0.000905865043418054
rf_012_013	0.00847363731766	0.00117050141550402	0.000796238063641347
ccomisiones_mantenimiento_tend6	0.00780715207514103	0.00346760998811739	0.000484666647433863
vm_mconsumototal_rank_lag2	0.0077849527930425	0.000762563553899974	0.00109049995672619
mprestamos_personales_rank_delta1	0.00747052347291634	0.00460116575368319	0.000778928540518709
rf_020_027	0.00680593617186611	0.00144513284159247	0.00122320630066642
ctrx_quarter_lag2	0.00639651844034629	0.00197409360483124	0.00214061102616623
mprestamos_personales_rank	0.00624588155099379	0.00246556931047603	0.000484666647433863
mcuenta_corriente_rank	0.0058445663723447	0.00259869850375204	0.00129244439315697
rf_014_022	0.00579680859036608	0.00116333908695613	0.00252719037590514
mextraccion_autoservicio_rank	0.00549402315505875	0.000783382324422624	0.000548134898883536
rf_019_024	0.0050829322492727	0.000961048572855911	0.000525055534720018
mpayroll_rank	0.00501659903233922	0.00169234242528537	0.000375039667657156
mcomisiones_rank	0.00477008898551441	0.0021995812876262	0.00346190462452759
rf_004_026	0.00456457485974846	0.000458196449346356	0.000438507919106829
rf_016_015	0.00433301406969293	0.000890485678997803	0.00142515073709719
vm_status04_delta2	0.0042621401233238	0.000659840656152644	0.000184634913308138
cdescubierto_preacordado_delta2	0.00424330664637011	0.00113763547807824	0.000242333323716932
Visa_fechaalta_tend6	0.00423612497477903	0.000749774397927993	0.000877015838213657
cdescubierto_preacordado_tend6	0.00405128568517564	0.00128516484446603	0.000150015867062862
ctrx_quarter_delta2	0.00397526883803271	0.00204925592820814	0.00248680148861899
Master_status	0.00395833468246244	0.00163688064942583	0.000859706315091019
cdescubierto_preacordado	0.0039009843778864	0.0026664390887924	0.000750079335314312
vm_mpagominimo_rank_lag1	0.00388436096805046	0.00162545344763418	0.00169633326601852
rf_013_026	0.00386861818355602	0.00113813751045309	0.00112511900297147
rf_004_025	0.00384853124976644	0.00165644362634709	0.00329457923434209
mautoservicio_rank_lag1	0.00376373642904772	0.00106022018543804	0.000755849176355191
mprestamos_personales_rank_tend6	0.00362022896889379	0.00247734785574515	0.000605833309292329
mcuentas_saldo_rank_delta2	0.00338818548412937	0.00273728356421596	0.00359461096846782
rf_003_026	0.00336251592816099	0.000795137853275823	0.000519285693679139
Visa_msaldopesos_rank	0.00333840440134782	0.0017231213122443	0.00237717450884228
ccomisiones_otras_lag2	0.00333789999236375	0.00184064286800158	0.0022329284828203
mrentabilidad_annual_rank_delta2	0.00331857014404832	0.00295821624023067	0.00560251565069382
mprestamos_personales_rank_lag1	0.00329629709987154	0.00255570222871303	0.00085393647405014
mpasivos_margen_rank_lag2	0.00325243446627291	0.00166336195977021	0.00294261893084846
mactivos_margen_rank_lag1	0.00315493426245995	0.00273901486324495	0.00208291261575744
mcomisiones_mantenimiento_rank_tend6	0.00313566261518526	0.00196071842768226	0.00127513487003433
ctrx_quarter_normalizado_delta2	0.00311393301692245	0.00175220785915349	0.00203098404638952
rf_016_021	0.00292944128572151	0.00124656166944665	0.00140784121397456
rf_015_023	0.00290503767249367	0.00117650561184837	0.00323111098289242
vm_status02_tend6	0.002832318752702	0.000715154250637191	0.000963563453826847
Visa_mpagominimo_rank	0.00280698430820365	0.00156869478120124	0.00214061102616623
Visa_mfinanciacion_limite_rank	0.00273889475627019	0.00204695761238228	0.00301185702333901
rf_011_028	0.00273492821736266	0.000869135287336252	0.000525055534720018
rf_010_026	0.00272580695557009	0.00102803618851892	0.000565444422006174
vm_mconsumospesos_rank	0.00269166236763429	0.000855922782402113	0.000784698381559588
vm_msaldopesos_rank_lag2	0.00268949877402871	0.000855779220147286	0.00109626979776707
Visa_mpagospesos_rank_delta2	0.00267994132161516	0.00300854363966599	0.00547557914779448
mcaja_ahorro_rank_delta2	0.00267088043635846	0.00286573712568789	0.00175403167642731
cprestamos_personales_tend6	0.00265413976173269	0.00325157067603402	0.000450047601188587
cproductos_tend6	0.00261412389310967	0.00242612579872068	0.000415428554943311
rf_010_023	0.00255553109423437	0.00134735860524362	0.00372154747136716
thomebanking	0.00255266117883611	0.00242857651911712	0.00300608718229813
mtransferencias_recibidas_rank	0.00251021948172359	0.00154493120279399	0.000963563453826847
mcomisiones_otras_rank_delta2	0.00250978702639001	0.0030675580732293	0.00696419813634134
rf_006_022	0.00248397272502857	0.000722846906970334	0.000525055534720018
mcuentas_saldo_rank_lag2	0.00248224392915015	0.00285194234766283	0.0027637538585812
mrentabilidad_rank_delta2	0.00247567866568805	0.0029721920085814	0.00617372991374088
Visa_msaldototal_rank	0.00246281760538368	0.00223385534403903	0.0029022300435623
Visa_mpagospesos_rank_lag1	0.00245401927492817	0.00212040677007623	0.00369846810720365
mrentabilidad_annual_rank_delta1	0.00244105425909328	0.00252359242806129	0.00436199982690477
vmr_mpagominimo_delta2	0.00243591229310859	0.00162735940219547	0.00213484118512535
mrentabilidad_rank_lag2	0.00242975334939492	0.00263591765839416	0.00463895219686698
Visa_msaldototal_rank_delta2	0.00241680034408584	0.00196528261991292	0.00334650780371001
Master_mfinanciacion_limite_rank	0.00239664940395955	0.00204786602175205	0.00416005539047399
cproductos_delta2	0.00238402725241281	0.000905411798329425	0.000178865072267259
ctrx_quarter_normalizado_tend6	0.00238389961473696	0.00159005277461484	0.00114819836713499
rf_019_021	0.00235893891190831	0.00231064734580122	0.00512361884430084
rf_017_027	0.00235555296468574	0.000638790692066833	0.000542365057842656
mrentabilidad_annual_rank	0.00232695499942835	0.00246964337446438	0.00246949196549635
vm_status04	0.00219768797711925	0.000641652830897909	0.000703920606987278
rf_003_015	0.00213584701458988	0.00130046735610393	0.00157516660416006
mcuenta_corriente_rank_lag2	0.00212862351781855	0.00194277069109639	0.00126936502899345
tcallcenter_delta2	0.00210284880760513	0.00188447654993462	0.00136168248564752
mcomisiones_rank_lag2	0.00210162197813201	0.00257593434457935	0.00539480137322217
Visa_msaldototal_rank_delta1	0.00208905821367514	0.0017985460544367	0.00268297608400889
mactivos_margen_rank_delta2	0.00208741124407951	0.00359465413724863	0.00522170614199579
mactivos_margen_rank	0.00206771505021967	0.0032528444446116	0.00196174595389897
mactivos_margen_rank_delta1	0.00204402014806267	0.00328066749058747	0.00478896806392984
mcomisiones_rank_lag1	0.0020239368929477	0.00274440685459969	0.0041312061852696
mcomisiones_rank_tend6	0.00200594671209576	0.00258083140380681	0.00301762686437989
vm_Finiciomora	0.00199079517511562	0.00428743880715538	0.000542365057842656
Visa_cconsumos_delta2	0.00198302799808261	0.00185034806179452	0.00278683322274471
mrentabilidad_annual_rank_lag2	0.00197596237111957	0.00357779289691123	0.00481781726913424
rf_016_018	0.00195013445275399	0.000765773895206815	0.000750079335314312
mprestamos_personales_rank_delta2	0.00192591828826761	0.00331466257853711	0.000611603150333208
vmr_mpagominimo	0.00191007210199862	0.00130865541967386	0.00212330150304359
mpasivos_margen_rank_delta2	0.00190969164135557	0.00189355858482441	0.00465049187894874
mcuentas_saldo_rank_delta1	0.00190511308406884	0.00222477769071466	0.00164440469665061
Master_mlimitecompra_rank_tend6	0.00189792879603859	0.00247808446023963	0.00485243631537951
Visa_mconsumospesos_rank	0.00188885750114043	0.00219358743811103	0.00372731731240804
mpasivos_margen_rank	0.00188480747104981	0.0017061174334761	0.001338603121484
rf_013_015	0.00186983848035294	0.000918223627582688	0.000905865043418054
Visa_mpagospesos_rank_tend6	0.00186516682802063	0.00264436779764494	0.00458702362749906
ctrx_quarter_normalizado_lag2	0.0018615551125853	0.00181378292177827	0.00221561895969766
ccomisiones_otras	0.00183533562675564	0.00166033585537065	0.001003952341113
mactivos_margen_rank_lag2	0.00183014250728457	0.00270671570506129	0.00392349190779794
mpayroll_rank_delta1	0.0018135719958657	0.00146907263283539	0.000311571416207484
rf_017_026	0.00181064388354133	0.00128150607897326	0.00198482531806249
mtransferencias_recibidas_rank_lag2	0.00180795357685596	0.00236636913853377	0.00339843637307792
mcomisiones_rank_delta2	0.00179215162014944	0.00255966973619784	0.00518708709575051
Master_fechaalta	0.00178808865833215	0.00259940153384163	0.00421198395984191
mcuentas_saldo_rank_tend6	0.00178001994172731	0.00198672589548231	0.00182903960995875
Visa_mconsumospesos_rank_lag1	0.0017794528229303	0.00208196708551583	0.00425237284712806
Visa_mpagominimo_rank_lag2	0.00177909388920484	0.00211063162960646	0.00339843637307792
ccaja_ahorro_tend6	0.00176792329890985	0.00313915752404812	0.000323111098289242
Visa_mconsumototal_rank_delta1	0.00175318591972276	0.00189126245978126	0.00371000778928541
mrentabilidad_annual_rank_lag1	0.00175044052363697	0.00202525603561309	0.00238294434988316
ctrx_quarter_delta1	0.00174082144860892	0.00162123732590443	0.00105588091048092
vm_status01	0.00172105252873979	0.00143128284528517	0.000698150765946398
internet_lag2	0.00171941794468838	0.00116661166760787	0.000317341257248363
mpasivos_margen_rank_delta1	0.00170581240933053	0.00227933509563521	0.00338112684995528
vm_fechaalta_lag2	0.00170222972055237	0.00208234532547018	0.0030695554337478
mrentabilidad_rank_delta1	0.00168942301946518	0.00197356388413035	0.00323111098289242
Visa_mconsumosdolares_rank_lag2	0.00168431884208123	0.00168755041804802	0.0029310792487667
mcomisiones_otras_rank_delta1	0.00168061723698259	0.00267479922118734	0.00443123791939532
Visa_mfinanciacion_limite_rank_delta2	0.00167845824380735	0.00249365118555115	0.00359461096846782
Master_mfinanciacion_limite_rank_delta1	0.00165323731798149	0.00237309439273386	0.00504284106972853
mcomisiones_otras_rank_lag2	0.00163183055075915	0.00264241929438817	0.00421775380088279
Master_fechaalta_lag1	0.00162834373115746	0.00244162339559951	0.00359461096846782
mcomisiones_rank_delta1	0.00162527190390715	0.00224923511376112	0.0033753570089144
chomebanking_transacciones_delta2	0.00162076864518444	0.00313349699024429	0.00402734904653377
mrentabilidad_rank_lag1	0.00161711530686489	0.00185794168419126	0.00313879352623835
Visa_mpagominimo_rank_lag1	0.00161581951415007	0.00233482075894477	0.00306378559270692
mpasivos_margen_rank_lag1	0.00161152486066255	0.00190979875146148	0.00274067449441768
Visa_Fvencimiento	0.00160148930076547	0.00256973873189523	0.00356576176326342
Master_mlimitecompra_rank	0.00159990578562299	0.00212829551465926	0.00427545221129158
Visa_msaldopesos_rank_delta2	0.00159582441992039	0.00201966309933354	0.00325996018809682
vmr_mpagospesos	0.00158005497020026	0.00124770626102936	0.0015059285116695
Visa_mconsumosdolares_rank	0.00157421445234742	0.0019096618407397	0.00288492052043966
Visa_mconsumototal_rank_delta2	0.00153385540903189	0.00171496669110439	0.00395234111300234
Visa_mpagominimo_rank_delta2	0.00153231599812958	0.00251315392914542	0.00314456336727923
Visa_cconsumos_lag1	0.00152788431223918	0.00233035578541532	0.00410812682110608
ccaja_seguridad_lag2	0.00152325174958846	0.000604783436034919	9.23174566540692e-05
chomebanking_transacciones_lag1	0.00152314174488818	0.0019114756240574	0.00264835703776361
ctrx_quarter_normalizado_delta1	0.00151946837651983	0.001511721312483	0.000923174566540692
mttarjeta_visa_debitos_automaticos_rank_tend6	0.00150749575166007	0.00220401173653176	0.000998182500072123
mprestamos_personales_rank_lag2	0.0015038819942054	0.00281340112164365	0.000825087268845743
Visa_mfinanciacion_limite_rank_tend6	0.00150278878109748	0.00235562448433315	0.00365807921991749
mactivos_margen_rank_tend6	0.00150236267078957	0.00217274710289594	0.00234255546259701
Master_mlimitecompra_rank_lag2	0.00148554714616919	0.00210797582027455	0.00402157920549289
Visa_mconsumospesos_rank_lag2	0.00147154780262647	0.00177340098956954	0.00338689669099616
Visa_mpagospesos_rank_lag2	0.00147063096464029	0.00187309458912565	0.00384271413322563
vmr_mpagominimo_lag1	0.00145658299613661	0.00165528670831228	0.0024291030782102
mcomisiones_otras_rank_tend6	0.0014527541091645	0.00205462176214524	0.00255026974006866
Visa_mpagospesos_rank_delta1	0.00144495902677505	0.00196457507628304	0.00355999192222254
Visa_msaldopesos_rank_tend6	0.00144151074771602	0.00194305689178201	0.00250411101174163
internet_tend6	0.00143884662964548	0.00236660115034108	0.000351960303493639
Visa_mconsumospesos_rank_tend6	0.00143547971478716	0.00141689402201152	0.0027060554481724
chomebanking_transacciones_lag2	0.00143381038626492	0.00202414443774587	0.00320226177768802
Visa_Fvencimiento_lag2	0.00142673486947775	0.00192773389764553	0.00283299195107175
Master_fechaalta_lag2	0.00142349549515446	0.00167717666599942	0.0027637538585812
Master_Fvencimiento	0.00141684568598955	0.001972908417781	0.00366961890199925
Master_mfinanciacion_limite_rank_lag2	0.00141667233998306	0.00161944196627746	0.00379078556385772
Master_Fvencimiento_lag1	0.00140994031896016	0.00196486990812463	0.00342151573724144
rf_001_017	0.00140508735840926	0.00113876782239376	0.00240602371404668
matm_rank_lag2	0.00138891058837477	0.00128413311778526	0.0013963015318928
mcomisiones_otras_rank_lag1	0.00138052962921636	0.00189359706869416	0.00312725384415659
Visa_mconsumospesos_rank_delta1	0.00134913634836887	0.00213792482290658	0.00358307128638606
Master_mlimitecompra_rank_lag1	0.00133955981772596	0.00174476270847645	0.00345036494244584
cextraccion_autoservicio_lag2	0.00133499762610287	0.000763232851214859	0.000542365057842656
vm_Fvencimiento	0.00132756126925039	0.00201436803031742	0.0030407062285434
Visa_cconsumos_tend6	0.00132216099992191	0.00238695932859553	0.00347921414765023
Master_mfinanciacion_limite_rank_delta2	0.00132208138363667	0.00172739236191159	0.00358307128638606
Visa_msaldototal_rank_lag1	0.00132085928840725	0.00138867787571185	0.00231370625739261
rf_002_015	0.00132049520756801	0.000836126368345033	0.00125782534691169
rf_007_015	0.00131566012761753	0.00034886749709425	0.00042696823702507
vmr_msaldopesos_delta1	0.001314903652802	0.00103102549832697	0.00113088884401235
rf_006_021	0.00131116633929948	0.00143624053376421	0.00427545221129158
Visa_mpagospesos_rank	0.00130864464841558	0.00184409757396281	0.00327726971121946
vmr_Master_mlimitecompra	0.00130746704661505	0.00202878638956518	0.00292530940772582
mtarjeta_visa_consumo_rank_delta2	0.00130689544926755	0.00204830264738532	0.00262527767360009
Master_mfinanciacion_limite_rank_lag1	0.00130523918284116	0.00193392309635136	0.00339843637307792
vm_mpagospesos_rank_delta2	0.00130325687246059	0.00110649659009089	0.001673253901855
Master_mpagominimo_rank_lag2	0.00129768487315726	0.00145785088950883	0.00252719037590514
Master_mlimitecompra_rank_delta2	0.00128793923633613	0.00166590432351079	0.00335227764475089
cdescubierto_preacordado_delta1	0.00127417236000122	0.00120420431110931	0.000126936502899345
Visa_mlimitecompra_rank_delta1	0.00126667492817131	0.00268807320001217	0.00355999192222254
vmr_mpagominimo_delta1	0.00126651036346454	0.00138640035912423	0.00132129359836137
Visa_mconsumototal_rank_lag1	0.00126478531170121	0.00184012740058578	0.00347921414765023
Visa_mlimitecompra_rank_delta2	0.00125312819547103	0.00189360910480157	0.00361192049159046
vm_fechaalta	0.00125028038917491	0.0017212202407529	0.00225023800594294
vm_Fvencimiento_lag1	0.00124329857784571	0.00173408375136211	0.00294838877188933
Visa_mconsumosdolares_rank_lag1	0.00124317174694835	0.00192848533611449	0.0030695554337478
Master_mlimitecompra_rank_delta1	0.00124302783280934	0.0021705620478966	0.00431584109857773
Visa_msaldototal_rank_lag2	0.00123972062083758	0.000980655444616261	0.00175403167642731
Visa_cconsumos_lag2	0.00123787208567434	0.00128338909630354	0.00237717450884228
mcuenta_corriente_rank_delta2	0.00123476209633751	0.00276973549649982	0.00148861898854687
mcomisiones_mantenimiento_rank_delta1	0.0012314026055009	0.00111682000692714	0.000946253930704209
Master_fechaalta_tend6	0.00122424443109291	0.00160312401365675	0.00175403167642731
cliente_antiguedad_lag2	0.00122172141479758	0.00197537009209098	0.00252719037590514
ctarjeta_visa_transacciones_lag1	0.00121491939361523	0.000855136053855066	0.000588523786169691
Master_msaldopesos_rank	0.00121134682535311	0.00156888698939019	0.00265989671984537
rf_002_020	0.00120807373045469	0.001111859546976	0.000248103164757811
Visa_fechaalta_lag2	0.00119178694887298	0.00171985065842555	0.00252142053486426
vm_msaldototal_rank_tend6	0.00118832024301557	0.00115556597874715	0.00175403167642731
mcuenta_corriente_rank_delta1	0.00118622083253536	0.00188433620786643	0.00118281741338026
rf_005_020	0.00118547624629468	0.00152410435540979	0.00327726971121946
Master_Fvencimiento_tend6	0.00117695815737134	0.00167749351124799	0.00186365865620402
Visa_fechaalta_lag1	0.00117661799207531	0.00144772144932467	0.00216369039032975
vm_msaldototal_rank	0.00117549093344745	0.000879536067836578	0.000894325361336295
vm_mpagominimo_rank_lag2	0.00117534801352565	0.00126479803505561	0.00172518247122292
mpasivos_margen_rank_tend6	0.00117446609548294	0.00222091864017139	0.00240602371404668
rf_001_021	0.00117246384455005	0.000547182901957611	0.000623142832414967
rf_008_021	0.00117212066324464	0.000895736642015065	0.000778928540518709
ctarjeta_visa_transacciones_tend6	0.00116647837559377	0.00191428135683248	0.000761619017396071
Visa_mpagominimo_rank_tend6	0.00116164578881158	0.00177121878522723	0.00236563482676052
vm_mlimitecompra_rank_delta2	0.00115848194956223	0.00243379477876359	0.00300031734125725
Visa_mfinanciacion_limite_rank_lag2	0.00115231395072971	0.00169834870683253	0.00304647606958428
chomebanking_transacciones_delta1	0.00114441907965031	0.00259224725576032	0.00240602371404668
Visa_fechaalta	0.00114161190913474	0.00179651762720352	0.00238294434988316
Visa_mpagominimo_rank_delta1	0.00113839008597812	0.0016404508861812	0.00196174595389897
cliente_edad_lag1	0.00113496167399382	0.00184765630251022	0.00146553962438335
Visa_mlimitecompra_rank_lag1	0.00113361593450315	0.00169577738780725	0.00267143640192713
chomebanking_transacciones	0.00112693372507307	0.0024357801557968	0.00246949196549635
Master_mpagominimo_rank	0.00112216632004507	0.00168532408131187	0.00266566656088625
vm_msaldototal_rank_delta2	0.00112078014220269	0.00140554845986947	0.00195020627181721
vm_msaldopesos_rank_lag1	0.00111987474621795	0.00107169059579949	0.00133283328044312
mttarjeta_visa_debitos_automaticos_rank_delta2	0.00111442565656806	0.00192064576536503	0.0013963015318928
Visa_msaldototal_rank_tend6	0.0011119155106356	0.00209936430216258	0.00241756339612844
Master_Fvencimiento_lag2	0.00111123125297432	0.00159702888663252	0.0030407062285434
ccomisiones_otras_tend6	0.00110973909796476	0.00138472441035235	0.0017021031070594
mrentabilidad_annual_rank_tend6	0.00110720830915774	0.00227450985712762	0.00225600784698382
vmr_mpagominimo_tend6	0.0011042393479877	0.00121389189945567	0.00145976978334247
mcaja_ahorro_dolares_rank_delta2	0.00110268669736254	0.00193853751821447	0.000877015838213657
rf_013_024	0.00109550695424891	0.000188203939655399	0.000161555549144621
vmr_Visa_mlimitecompra_lag2	0.00109399530241462	0.00131415879781208	0.00182903960995875
mrentabilidad_rank	0.00108940867163188	0.00244453935377929	0.00251565069382339
ccomisiones_otras_delta2	0.00108833073990095	0.00144761866730219	0.00266566656088625
Visa_mfinanciacion_limite_rank_delta1	0.00108049727010429	0.00160279273035829	0.00322534114185154
mtransferencias_emitidas_rank_lag1	0.0010790413431445	0.00121960749317191	0.00102703170527652
Visa_mconsumosdolares_rank_delta1	0.00107742171551721	0.00168453056925691	0.00312725384415659
vm_mlimitecompra_rank	0.00107284784149343	0.00121150397269854	0.00160401580936445
rf_007_021	0.00106266510548183	0.00113972184227581	0.00264258719672273
vmr_Master_mlimitecompra_lag2	0.00105381432634479	0.00174316341070438	0.00244641260133283
mpayroll_rank_tend6	0.00105357520000133	0.00191726375115777	0.000651992037619364
vm_fechaalta_lag1	0.00105063836609039	0.00137702285891351	0.00181749992787699
Master_msaldototal_rank	0.00104932833268749	0.00181819737533055	0.0027349046533768
Master_msaldopesos_rank_lag2	0.00104839625943295	0.00132341189851793	0.00252142053486426
mcuenta_debitos_automaticos_rank_delta2	0.00104742028171225	0.00174925779866938	0.00060006346825145
Master_fultimo_cierre_tend6	0.00104007280620318	0.00195316115116251	0.00243487291925107
Master_mpagominimo_rank_delta1	0.00103878486597166	0.00174287911045677	0.00196174595389897
Visa_fultimo_cierre_tend6	0.00103808583443918	0.0016129191615156	0.00166748406081412
Visa_msaldopesos_rank_lag2	0.00103666751270583	0.00156496688727579	0.00252719037590514
mtransferencias_recibidas_rank_delta2	0.00103618253016826	0.00194282912956526	0.00244064276029195
vmr_mconsumospesos_tend6	0.00103486659195633	0.00128634089885583	0.00122320630066642
Visa_mfinanciacion_limite_rank_lag1	0.00103454084990208	0.00144816506962563	0.00243487291925107
Visa_Fvencimiento_lag1	0.00103366112069059	0.00135486871394772	0.00230793641635173
mcomisiones_otras_rank	0.00101968568414548	0.00178202573156268	0.00244064276029195
Visa_mlimitecompra_rank_tend6	0.0010183281395338	0.00213509646964016	0.00248103164757811
Visa_mconsumospesos_rank_delta2	0.00101684214561393	0.00134402006355588	0.00283876179211263
Master_mpagominimo_rank_lag1	0.00101273904102991	0.00153633702617888	0.00235986498571964
Visa_msaldopesos_rank_delta1	0.00100469789257836	0.00193239218795276	0.00241756339612844
Master_mconsumospesos_rank_tend6	0.00100082830312612	0.00214662341803246	0.00254449989902778
rf_009_023	0.00100058111578128	0.00118396533255017	0.00161555549144621
vm_mpagominimo_rank_tend6	0.000999717306752375	0.00159181025745644	0.00238294434988316
vm_status02_delta2	0.000998398368367926	0.00109124187974798	0.00114242852609411
Visa_mlimitecompra_rank	0.000993961683158369	0.00139201467533141	0.00234255546259701
Master_msaldopesos_rank_lag1	0.000992745037051057	0.00137584593348962	0.00225023800594294
Master_msaldototal_rank_lag1	0.000985676368557566	0.00141881821549873	0.00245795228341459
thomebanking_delta2	0.000981286386729129	0.00141026254914833	0.00124051582378905
Visa_mlimitecompra_rank_lag2	0.000979779880752109	0.00135304363358183	0.00225600784698382
mrentabilidad_rank_tend6	0.000975152313495786	0.00227512179816751	0.00181749992787699
mtarjeta_visa_consumo_rank_lag2	0.000967696797258195	0.00184064804141617	0.00239448403196492
rf_004_016	0.000966017889461675	0.000988367817993779	0.00108473011568531
vmr_msaldototal_lag1	0.000965745871270537	0.00139998804219592	0.00200790468222601
Master_msaldototal_rank_tend6	0.000958073778805613	0.00142303600011174	0.00225600784698382
vm_mfinanciacion_limite_rank_delta2	0.00095710515106907	0.00166542776228429	0.00244641260133283
Master_msaldototal_rank_delta1	0.000954191573461211	0.00146545499070961	0.00208868245679832
vmr_msaldototal_delta2	0.000948437071895378	0.00136312461259668	0.0018405792920405
vm_Fvencimiento_lag2	0.000944746502665262	0.00153928893431105	0.00205406341055304
rf_005_019	0.000940161561470541	0.00134844180212055	0.00216369039032975
mcuentas_saldo_rank_lag1	0.000938168109612347	0.00253404832126397	0.0015347777168739
vm_mfinanciacion_limite_rank_tend6	0.000936797354509624	0.00153506146274318	0.00185788881516314
ccaja_ahorro	0.000935488737063583	0.00114634674279087	9.23174566540692e-05
cmobile_app_trx_tend6	0.000935265756364223	0.00353066916085473	0.00184634913308138
vm_mpagospesos_rank_tend6	0.000932222158073685	0.00141847880254877	0.00133283328044312
vm_msaldototal_rank_lag2	0.000931618046112067	0.00120787350261618	0.00178288088163171
vm_mpagominimo_rank	0.000923657901744485	0.00134427005033939	0.00150015867062862
rf_012_019	0.000923245922056552	0.00120431184422683	0.00271182528921328
Master_mconsumospesos_rank_lag1	0.000922742419634038	0.0015182696939731	0.00231370625739261
rf_012_022	0.000920117502678516	0.00106650034121872	0.00224446816490206
mcomisiones_mantenimiento_rank_delta2	0.000919312769398396	0.0023698559671764	0.00120589677754378
ccajas_consultas_tend6	0.000919068035921368	0.00271008724046452	0.000496206329515622
Master_mconsumototal_rank_tend6	0.000916145298871772	0.00191433937298179	0.00231370625739261
internet_lag1	0.000915658522381121	0.00129168057537529	0.0001673253901855
Master_msaldopesos_rank_tend6	0.000914041387411977	0.00143858736354933	0.00207137293367568
mcomisiones_mantenimiento_rank	0.000912597363918	0.00153873770170767	0.00140784121397456
Visa_cconsumos	0.000911917494613323	0.00118366553845377	0.00204252372847128
mcomisiones_mantenimiento_rank_lag2	0.000909837281950486	0.00117810741714281	0.00118281741338026
vm_mfinanciacion_limite_rank	0.000904526414069682	0.00131582273687153	0.00178288088163171
mcuenta_corriente_rank_tend6	0.000900400001075649	0.00214405571511839	0.00094048408966333
ctrx_quarter_normalizado	0.000899648046428019	0.00104158427913202	0.000755849176355191
Master_mconsumospesos_rank_delta2	0.000894874502822429	0.00157711723212599	0.00175403167642731
Master_msaldototal_rank_lag2	0.000894699678144776	0.00142536055254015	0.00252719037590514
foto_mes	0.000892452360294388	0.00328815722237288	0.000478896806392984
mautoservicio_rank_delta2	0.000891067371567219	0.00147030295528842	0.00179442056371347
mcaja_ahorro_rank_delta1	0.000890534411363788	0.00243075439468396	0.0013674523266884
mpagomiscuentas_rank_lag2	0.000890454222529679	0.00104652515401365	0.00105588091048092
vm_msaldopesos_rank_tend6	0.000889813068342153	0.00126171919350121	0.00176557135850907
Master_mfinanciacion_limite_rank_tend6	0.000888548372507648	0.00165134047517521	0.00238871419092404
vmr_msaldopesos_lag1	0.000885255979998137	0.000960616777502588	0.00130975391627961
vmr_Master_mlimitecompra_lag1	0.000882458694652667	0.001495058535943	0.00218676975449326
mcuenta_corriente_rank_lag1	0.000877324979604669	0.0020965047500388	0.00103857138735828
mcuenta_debitos_automaticos_rank_tend6	0.000874453197193051	0.00191880183898886	0.000565444422006174
Master_mpagospesos_rank_lag1	0.000874438295239555	0.00209034271175956	0.00218099991345238
rf_002_017	0.000874365757675922	0.00100277187116651	0.00144823010126071
ctarjeta_visa_transacciones	0.000874304862615368	0.00105018025060526	0.000450047601188587
Master_cconsumos_tend6	0.000872837667973276	0.00165563469962826	0.00231370625739261
vm_mfinanciacion_limite_rank_lag1	0.000864269403361993	0.0010892006509532	0.00170787294810028
vm_fultimo_cierre	0.000861839760479071	0.00165156272084273	0.0015636269220783
Master_delinquency_tend6	0.000857421509318138	0.00116406109503088	0.000928944407581571
Visa_fechaalta_delta2	0.000848386785054075	0.000949195567369677	0.000830857109886623
Master_mpagospesos_rank	0.00084480074145995	0.00189629674647018	0.00194443643077633
vmr_msaldopesos_tend6	0.000841412748516795	0.00133511864946215	0.00165594437873237
rf_013_023	0.000834067484155329	0.00133591297976125	0.00268874592504976
vm_fultimo_cierre_tend6	0.000833450408883012	0.00161038622078016	0.0013674523266884
cliente_antiguedad_lag1	0.000832601728094923	0.00125803875773611	0.001338603121484
ctrx_quarter_tend6	0.000830286551843866	0.00197799040018502	0.00151746819375126
Master_fultimo_cierre	0.000829465460702506	0.00122693518622182	0.00201944436430776
vmr_Visa_mlimitecompra_lag1	0.000827849214631603	0.00116792663873735	0.0018982777024493
cliente_edad_lag2	0.000824894726309573	0.00205755954896719	0.00121166661858466
Master_mconsumototal_rank_lag2	0.0008191033819729	0.00197004316434318	0.00221561895969766
vmr_msaldopesos2_tend6	0.000816865972431247	0.00177072659817708	0.0015059285116695
Master_fultimo_cierre_lag1	0.000814558095540153	0.00157375329847481	0.00222138880073854
Master_mconsumospesos_rank_lag2	0.000813752174621603	0.00142761447202245	0.00196751579493985
Master_fultimo_cierre_lag2	0.000811109527164589	0.00129699222043408	0.00193866658973545
cliente_antiguedad	0.00080942961804554	0.00167509558079633	0.00164440469665061
mpayroll_rank_lag1	0.000796421768166607	0.00133655445677524	0.000478896806392984
mcaja_ahorro_dolares_rank_lag2	0.000795264955335207	0.00126024638043684	0.00128667455211609
Master_cconsumos_lag2	0.000791625841320642	0.00118216852119972	0.00235409514467876
vm_mpagominimo_rank_delta2	0.000790467158660012	0.00143618689918032	0.0018405792920405
Visa_cconsumos_delta1	0.000788439685248679	0.00120900904072335	0.0020656030926348
Master_msaldopesos_rank_delta1	0.000787547623781562	0.00157423959944612	0.00181173008683611
cliente_edad	0.000784774876426737	0.00177162130855617	0.00109049995672619
vm_mconsumospesos_rank_tend6	0.00078408500838317	0.00122749924678178	0.00151746819375126
mplazo_fijo_dolares_rank	0.000775912885622313	0.00194994336647345	0.000207714277471656
Master_msaldototal_rank_delta2	0.000774379565749741	0.00133250280211845	0.0017021031070594
ctarjeta_visa_transacciones_lag2	0.000766063351863894	0.000962421612924651	0.00162132533248709
vm_mfinanciacion_limite_rank_lag2	0.00076399889424516	0.00110844237466551	0.00187519833828578
vm_mlimitecompra_rank_delta1	0.000760086544789963	0.00175332898560574	0.00232524593947437
vmr_msaldopesos	0.000752887752520028	0.0010159577435735	0.00162709517352797
vmr_mpagospesos_lag1	0.000751351979797915	0.000777969243484945	0.00138476184981104
ccajas_transacciones_tend6	0.000748349114865515	0.00136633677515662	0.000519285693679139
Master_mconsumototal_rank_lag1	0.000739969299140328	0.00114839628600196	0.00197905547702161
vm_mlimitecompra_rank_lag2	0.000739829240154597	0.00110147360045015	0.00163863485560973
mpayroll_rank_delta2	0.000738482718528209	0.00144885096937814	0.000380809508698035
rf_011_015	0.000736563016810943	0.000783709305340587	0.00135591264460664
Visa_status_tend6	0.000733648368865222	0.00110439869129038	0.000663531719701122
ccallcenter_transacciones_tend6	0.00072848889713968	0.00180448199338245	0.00068084124282376
mcaja_ahorro_dolares_rank_lag1	0.000724449815948812	0.00193972323316416	0.00104434122839916
mtarjeta_visa_consumo_rank_lag1	0.000714522933441857	0.000723825157437041	0.000813547586763985
Master_fultimo_cierre_delta2	0.000713218225895572	0.000610759442548753	0.00116550789025762
Master_mpagospesos_rank_delta1	0.000712879354434333	0.00122438527351914	0.00188673802036754
Master_mpagospesos_rank_delta2	0.000710705142106231	0.00185565653945662	0.00200213484118513
Master_Fvencimiento_delta2	0.000710168332969932	0.0011333183955791	0.00130398407523873
vm_mfinanciacion_limite_rank_delta1	0.000710082480381506	0.00154717005074706	0.00190981738453106
ctarjeta_visa_transacciones_delta2	0.000707297115298479	0.00116325325050592	0.000761619017396071
Master_msaldopesos_rank_delta2	0.000706764874949475	0.00155686682454381	0.00185211897412226
vmr_mconsumosdolares_lag2	0.000706643102286341	0.000927438165233877	0.000888555520295416
vmr_mpagominimo_lag2	0.000703603395512563	0.00100070060489314	0.00148284914750599
vmr_msaldototal_lag2	0.000700158723793803	0.00106364181849886	0.00164440469665061
vmr_Master_mlimitecompra_delta2	0.000695688184256242	0.00104453552738988	0.00115396820817586
vm_msaldopesos_rank_delta1	0.000695412506784609	0.00189208241959855	0.00166748406081412
mautoservicio_rank_lag2	0.000694697142256155	0.00138685730888624	0.00140207137293368
mtransferencias_recibidas_rank_lag1	0.000693783496909663	0.00157443117415572	0.00102703170527652
mtransferencias_emitidas_rank	0.000691002891724895	0.00190342048556843	0.000813547586763985
vm_mpagospesos_rank_delta1	0.00068773208092345	0.00138800646679917	0.00156939676311918
Master_cconsumos_delta1	0.0006858496174292	0.00103300749680371	0.00185211897412226
internet	0.000684115810527764	0.00144975185618078	0.000138476184981104
Visa_mpagado_rank_tend6	0.000684001168101515	0.00125581688175029	0.000998182500072123
Master_mpagominimo_rank_delta2	0.00068164084069139	0.00114511721218702	0.00171941263018204
rf_008_017	0.000679612683852628	0.000551956749453957	0.000617372991374088
vmr_mpagospesos_delta2	0.000679524144945685	0.0014856090302476	0.00177134119954995
mttarjeta_visa_debitos_automaticos_rank_delta1	0.000674483148099342	0.00114615231742425	0.00103857138735828
rf_008_024	0.000670704520386102	0.00107268011691941	0.00216946023137063
mtransferencias_recibidas_rank_tend6	0.000670203100393441	0.00155096110784145	0.00147707930646511
vmr_msaldototal	0.000669821707773764	0.000928686568242992	0.00149438882958774
mcaja_ahorro_rank_tend6	0.000667980856571452	0.00187759134220185	0.00117704757233938
vm_status02	0.000664946617538106	0.00126782107763838	0.00110203963880795
vm_status01_delta2	0.000662934780787178	0.00100351842656558	0.000761619017396071
mttarjeta_visa_debitos_automaticos_rank_lag2	0.000658378130483468	0.00128385013728627	0.00148861898854687
Master_cconsumos_lag1	0.000657333507035263	0.00125873524187256	0.00179442056371347
vm_mconsumototal_rank_delta2	0.000654774877279677	0.00119639908021893	0.00139053169085192
vm_fultimo_cierre_lag2	0.00065413804051495	0.00131525841236184	0.00130975391627961
vmr_msaldopesos2_delta2	0.000653759223753352	0.0014935422503591	0.00171941263018204
vm_msaldopesos_rank	0.000653595259575192	0.000820457256935613	0.00105588091048092
vm_mpagospesos_rank	0.000650385718418165	0.000915994572164378	0.0010328015463174
vmr_msaldopesos_lag2	0.000646874772599431	0.00102981225342108	0.00158670628624181
vm_mconsumospesos_rank_lag2	0.000643592808150809	0.0010681149216798	0.00144246026021983
Visa_Fvencimiento_tend6	0.00064136657789506	0.0013489238535013	0.00114819836713499
matm_rank_delta2	0.000641004855501028	0.00112305544962459	0.00102703170527652
rf_014_023	0.000640912391753859	0.000990623637914092	0.00147130946542423
Master_mconsumospesos_rank	0.000639976485243256	0.00139442271505749	0.00156939676311918
vmr_msaldopesos_delta2	0.000637913041187023	0.000897573547328581	0.00120589677754378
cextraccion_autoservicio_lag1	0.000634991960192831	0.000753454780903151	0.000207714277471656
Visa_mpagosdolares_rank_tend6	0.000634695057294084	0.00141363524593034	0.00175980151746819
ctrx_quarter_lag1	0.000634162033668036	0.00103578374639463	0.000750079335314312
mpayroll_sobre_edad_rank_lag2	0.000634116805445539	0.00118278875026093	0.00051351585263826
vm_mconsumospesos_rank_delta2	0.000631483846255258	0.000921886035581648	0.00112511900297147
mextraccion_autoservicio_rank_lag2	0.000630805793110106	0.00120786970174015	0.00147707930646511
Visa_msaldopesos_rank_lag1	0.000629433421407757	0.000905686068487527	0.00165594437873237
ccajas_transacciones_delta2	0.000629001008547321	0.00119108160187124	0.00103857138735828
ccajas_transacciones_lag2	0.000627240109789106	0.00114407339660889	0.00137322216772928
vmr_Visa_mlimitecompra	0.00062704704698625	0.00101953827436811	0.001673253901855
vmr_msaldopesos2_lag1	0.000618983198234496	0.0009213644973222	0.00142515073709719
vmr_mconsumospesos_lag2	0.000616543898569144	0.00108145401690152	0.00159247612728269
mextraccion_autoservicio_rank_tend6	0.000616100477373602	0.00150914334192467	0.000819317427804864
ctarjeta_debito_transacciones_delta1	0.000614587820608167	0.0018966314083251	0.000288492052043966
vmr_msaldopesos2	0.000613701898202097	0.00101117022348146	0.00130975391627961
Master_mconsumototal_rank_delta2	0.000612166317351836	0.00113383006211887	0.00166748406081412
vmr_msaldototal_tend6	0.000611828559723948	0.00131353888549054	0.00145976978334247
mpayroll_sobre_edad_rank_tend6	0.000609701364545318	0.00102286512308308	0.000455817442229467
vm_fultimo_cierre_lag1	0.000606084483132358	0.000983447927115201	0.000969333294867726
cmobile_app_trx	0.000605475921010847	0.00169748606634489	0.000525055534720018
mcaja_ahorro_dolares_rank_tend6	0.000604514652965643	0.00159875464271731	0.000900095202377175
rf_004_017	0.000593101354997988	0.000552962028372391	0.000178865072267259
mtarjeta_visa_consumo_rank_delta1	0.000592594492658167	0.00116934618674744	0.00111357932088971
Visa_mpagado_rank_delta2	0.000589803905208475	0.000887410585529486	0.000651992037619364
ctarjeta_debito_transacciones_delta2	0.000589334095767093	0.00119352786151735	0.000882785679254537
vmr_Master_mlimitecompra_tend6	0.000588412697617496	0.00181460251206594	0.00144246026021983
mcomisiones_mantenimiento_rank_lag1	0.000585129712275595	0.00125028929942239	0.00121743645962554
mextraccion_autoservicio_rank_delta2	0.000584118637615831	0.00155886407931459	0.00126359518795257
rf_014_017	0.000581827275284211	0.000409007649835004	0.000490436488474743
mtransferencias_emitidas_rank_delta2	0.000576743952127385	0.00156830102100313	0.000738539653232553
Master_mpagosdolares_rank	0.000576040257479511	0.00109553692244518	0.00190981738453106
Master_msaldodolares_rank_delta2	0.000572608935735373	0.000872547708551709	0.00094048408966333
vm_mlimitecompra_rank_tend6	0.00057127199221224	0.00175123470291646	0.00131552375732049
ccomisiones_otras_delta1	0.000570795868840786	0.0012178050860873	0.0010616507515218
Visa_mpagado_rank	0.000570756194355174	0.00115384317889927	0.000957793612785968
mcaja_ahorro_rank_lag2	0.000570058244358756	0.00194111308683031	0.00107896027464443
Master_mpagominimo_rank_tend6	0.000569150417460536	0.00145372184479299	0.00146553962438335
tcallcenter_delta1	0.000568865517528732	0.0010823774186156	0.000536595216801777
Visa_mconsumosdolares_rank_delta2	0.000567501050246761	0.00102276944130817	0.00182903960995875
mtransferencias_emitidas_rank_tend6	0.000567409973471394	0.00143939826989108	0.000894325361336295
tcallcenter_tend6	0.000564484057537007	0.000979529883808647	0.000294261893084846
catm_trx_tend6	0.000563172506776213	0.00143884877935587	0.000634682514496726
vm_msaldopesos_rank_delta2	0.000562873703807408	0.00104069315846917	0.00123474598274818
vmr_msaldototal_delta1	0.000562770685908214	0.000854055628450239	0.00146553962438335
vm_mpagominimo_rank_delta1	0.000561121963857953	0.00154002263535857	0.00118858725442114
chomebanking_transacciones_tend6	0.000558142285416173	0.00129015301913818	0.00114819836713499
Visa_fultimo_cierre_lag2	0.000553384649782361	0.00122802073225129	0.00121166661858466
Visa_fultimo_cierre_lag1	0.000552338664338272	0.000988687540294335	0.00107319043360355
ccomisiones_mantenimiento_delta2	0.000548353145861416	0.000566492671908742	0.000103857138735828
ccomisiones_otras_lag1	0.000547671981752415	0.00117376628882382	0.000946253930704209
mplazo_fijo_dolares_rank_tend6	0.000546991748895747	0.00185384032780146	0.000271182528921328
ccaja_seguridad	0.000546857274312379	0.00136128675706416	0.000109626979776707
vm_status01_tend6	0.000546523989091607	0.000794631228175776	0.000640452355537605
mautoservicio_rank_tend6	0.000545866524593676	0.00148314329111187	0.00109626979776707
rf_004_015	0.000541231553379448	0.000580175720015672	0.000380809508698035
vmr_mconsumospesos_delta2	0.00054097841727661	0.00118988514416779	0.00118858725442114
numero_de_cliente	0.000539524711357688	0.0020438556224371	0.000813547586763985
ccaja_seguridad_lag1	0.000535949616605923	0.000913551532704905	0.000103857138735828
ccajas_transacciones_delta1	0.000530797445305085	0.00139048334461325	0.000403888872861553
rf_004_021	0.000529689849312316	0.000908954795473294	0.000375039667657156
vmr_mconsumospesos	0.000525766545001733	0.00104326666827717	0.00108473011568531
ctarjeta_debito_transacciones_lag2	0.000524832547392039	0.0013913251330727	0.00111357932088971
Visa_fultimo_cierre	0.000524752127709223	0.000937760552666205	0.00117704757233938
Master_mpagospesos_rank_lag2	0.000523821066465923	0.00139233278753865	0.00151746819375126
rf_009_015	0.000523587103455341	0.00100870292704236	0.00178288088163171
mcaja_ahorro_rank	0.000520389615183603	0.00191506359823422	0.000905865043418054
rf_019_023	0.000519852399015143	0.000932308222404582	0.000438507919106829
Master_cconsumos_delta2	0.000516225710121432	0.000792883141944351	0.00158670628624181
mcuenta_debitos_automaticos_rank_lag1	0.000514757090659689	0.00177513872897179	0.000703920606987278
vmr_mpagospesos_delta1	0.000510946004644625	0.0017931832823164	0.00131552375732049
vm_fechaalta_tend6	0.000507401302625093	0.00172632592584213	0.000957793612785968
vmr_mconsumospesos_lag1	0.000505061533032016	0.00077177067456392	0.00109049995672619
mttarjeta_visa_debitos_automaticos_rank	0.00050242977224066	0.000762851707813552	0.000865476156131899
mcuenta_debitos_automaticos_rank	0.00050100527906981	0.00170733234126526	0.00051351585263826
Master_mconsumospesos_rank_delta1	0.000500634485532256	0.000989723833305327	0.00131552375732049
rf_008_022	0.000499426952566528	0.000875769558066513	0.000542365057842656
ctransferencias_emitidas_tend6	0.000497917622577803	0.0015744291945328	0.000726999971150795
Master_mpagado_rank_tend6	0.000496581067745934	0.00109251739039374	0.00100972218215388
cprestamos_personales_delta2	0.00049590779852018	0.00110847893170227	0.000109626979776707
vm_mconsumospesos_rank_delta1	0.000492042743187473	0.000897684934112065	0.00130975391627961
ctarjeta_visa_debitos_automaticos_tend6	0.000491675907832452	0.00143320120548349	0.000409658713902432
Master_mconsumototal_rank	0.000491398335617132	0.000842927719250521	0.00144823010126071
vmr_mconsumosdolares	0.000485662642094408	0.00138324391635101	0.000657761878660243
ctarjeta_debito_transacciones_tend6	0.000482702525210321	0.00189403704648892	0.000802007904682226
mcuenta_debitos_automaticos_rank_lag2	0.000480548420130344	0.00152500083425204	0.000519285693679139
vm_mpagospesos_rank_lag2	0.000478428583206354	0.00116519164448828	0.00115396820817586
rf_002_021	0.000477588691499264	0.000935356102656366	0.00154631739895566
Visa_msaldodolares_rank_lag1	0.00047721163435749	0.000746955889986277	0.000750079335314312
Visa_msaldodolares_rank_delta1	0.000473024222393423	0.000672802672798804	0.000473126965352105
thomebanking_tend6	0.000471021053705046	0.00242996822043134	0.000444277760147708
vmr_mpagospesos_lag2	0.000471007584872143	0.000716225833726268	0.00111934916193059
rf_017_021	0.000469700611065371	0.00116699925138244	0.00109049995672619
cmobile_app_trx_delta1	0.000457497780652581	0.00141341706508857	0.000911634884458933
mtransferencias_emitidas_rank_lag2	0.000457461086453617	0.00143860602479481	0.00110203963880795
rf_007_016	0.000455519641061452	0.000792558536573902	0.00136168248564752
mextraccion_autoservicio_rank_lag1	0.000449524125101704	0.00100661703795429	0.000865476156131899
mttarjeta_visa_debitos_automaticos_rank_lag1	0.000445918195126461	0.000715940477679763	0.000986642817990364
cproductos_delta1	0.000445880201390292	0.0010504866962347	0.000126936502899345
vmr_mpagospesos_tend6	0.000445487497255077	0.000837533246768377	0.000969333294867726
mtarjeta_master_consumo_rank_lag2	0.000443178118480826	0.00122159719898059	0.00109049995672619
rf_017_023	0.000441396413405555	0.00100447822694658	0.000726999971150795
vmr_msaldopesos2_delta1	0.00043912261216504	0.000856436428564817	0.00113665868505323
mv_status07_rank_delta2	0.000437051783347699	0.000705057962538352	0.000248103164757811
mpayroll_sobre_edad_rank_delta2	0.000429189597096061	0.00113299774945451	0.000282722211003087
mpagomiscuentas_rank	0.00042838524760664	0.00130196133793616	0.000565444422006174
vm_cconsumos_tend6	0.00042568313849461	0.00134720282211658	0.000784698381559588
mtransferencias_recibidas_rank_delta1	0.000424903212838147	0.00089314547397054	0.000969333294867726
vm_mconsumototal_rank_tend6	0.000423870683856333	0.000631865601530782	0.000980872976949485
mpagomiscuentas_rank_tend6	0.000423675095081828	0.00179103811012034	0.000576984104087932
Master_mconsumosdolares_rank_delta1	0.000420677783028051	0.000672978859239506	0.00162709517352797
mautoservicio_rank_delta1	0.000420522960418731	0.000937954872452938	0.000571214263047053
mautoservicio_rank	0.000419173845604256	0.00105346784999628	0.000802007904682226
cextraccion_autoservicio_tend6	0.000411985828827967	0.00122926459532515	0.000588523786169691
vm_status05_tend6	0.000404378336939579	0.000446293794917056	0.000190404754349018
mtarjeta_visa_consumo_rank_tend6	0.00040368628270745	0.00107397597808888	0.000980872976949485
vmr_msaldopesos2_lag2	0.000399906381467434	0.00101295111866356	0.00106742059256268
ctrx_quarter_normalizado_lag1	0.000399021001437186	0.00105622770830935	0.000888555520295416
ctransferencias_recibidas_tend6	0.000397160190185488	0.00137950520048687	0.000732769812191674
mpagomiscuentas_rank_delta2	0.000395083007308411	0.00127667738272429	0.000501976170556501
ccallcenter_transacciones_delta2	0.00039359701244526	0.000891207845442385	0.00042696823702507
Visa_mpagado_rank_lag2	0.000392476240450919	0.00102042276989289	0.000813547586763985
Master_mpagado_rank_lag2	0.000392431760919282	0.000862880893048624	0.00106742059256268
mplazo_fijo_dolares_rank_delta2	0.000392095221214373	0.0016931475247332	0.000213484118512535
vm_mpagospesos_rank_lag1	0.000389500357421772	0.000751089448242393	0.000917404725499813
vm_Finiciomora_lag2	0.000389198454516303	0.00114621495269373	0.000265412687880449
mtarjeta_visa_consumo_rank	0.000388412672885768	0.000920571697931503	0.000923174566540692
vm_mconsumosdolares_rank_lag2	0.000388218628043279	0.00142719555741566	0.00094048408966333
mtarjeta_visa_descuentos_rank_delta1	0.000384583575154805	0.000851561620299081	0.000698150765946398
mtarjeta_master_descuentos_rank_delta2	0.000379220070226634	0.000580181210169929	0.00076738885843695
mpagomiscuentas_rank_delta1	0.000377648140957641	0.00087458679935373	0.000317341257248363
rf_010_022	0.000374841332192475	0.000447611458333722	0.000190404754349018
mcaja_ahorro_dolares_rank_delta1	0.00037458277300621	0.00134345550149144	0.00051351585263826
mtransferencias_emitidas_rank_delta1	0.000373600961562049	0.00119023107667593	0.000657761878660243
ccajas_consultas_delta2	0.000373268212414444	0.000711056220013911	0.000196174595389897
vmr_Visa_mlimitecompra_tend6	0.000372686512047868	0.0016210434812272	0.000761619017396071
Visa_mpagado_rank_delta1	0.000371724387853133	0.00118698713456924	0.000888555520295416
ctransferencias_recibidas_delta2	0.000369868568719915	0.00135554880680631	0.000553904739924415
vm_mconsumospesos_rank_lag1	0.000368201161233546	0.000650756404085171	0.000825087268845743
Master_status_tend6	0.000364834863551578	0.00111431169270095	0.000957793612785968
rf_010_021	0.000360468357682897	0.000669065593422954	0.000588523786169691
mprestamos_prendarios_rank_lag1	0.000358549351353696	0.00187098082694674	0.000190404754349018
vmr_mpagado_tend6	0.000357968798724856	0.000786072975118085	0.00051351585263826
Visa_mpagado_rank_lag1	0.000355520911196253	0.000937948115340006	0.000836626950927502
rf_020_025	0.000352330332252331	0.000887716371284621	0.000905865043418054
mcaja_ahorro_dolares_rank	0.000340078089644068	0.00127338809405503	0.000530825375760898
rf_012_020	0.000339592502686569	0.000560334962404977	0.000369269826616277
mpayroll_rank_lag2	0.000338770336203574	0.000872400028681189	0.000473126965352105
mcuenta_debitos_automaticos_rank_delta1	0.000336662108771958	0.00137145779572481	0.000438507919106829
rf_015_017	0.00033522981036316	0.000879324300973095	0.000721230130109916
vm_mpagado_rank_tend6	0.00033446388991405	0.0010339361511173	0.000525055534720018
rf_016_023	0.000332700738295969	0.000565040578897696	0.000248103164757811
cpagomiscuentas_tend6	0.000331471968258159	0.00149575319882635	0.000409658713902432
rf_018_020	0.000331031060715077	0.00064806287633772	0.000155785708103742
vmr_mpagado_lag2	0.000328493215442634	0.000684921343682141	0.000553904739924415
matm_rank_tend6	0.000326530540721227	0.00161656259152941	0.000709690448028157
active_quarter_lag1	0.000325397952659524	0.000611692610402618	0.000617372991374088
cpayroll_trx_tend6	0.00032505059192476	0.000977810224962486	0.000276952369962208
rf_019_018	0.000324313184798595	0.000747070338586559	0.000836626950927502
ctarjeta_debito_tend6	0.000321301678472214	0.00280305769741833	0.000311571416207484
ctransferencias_recibidas_lag2	0.000320711235043024	0.00124639234569877	0.000507746011597381
mextraccion_autoservicio_rank_delta1	0.000320493067333807	0.00085115669502765	0.000536595216801777
ccajas_transacciones	0.000319775595508038	0.00108946254186925	0.000750079335314312
rf_019_016	0.000311173448911639	0.000531763988491473	0.000842396791968381
vm_cconsumos_lag2	0.000308929981454864	0.000671774403859419	0.000548134898883536
rf_014_019	0.00030864187358264	0.000654738877519329	0.00025964284683957
rf_001_018	0.000307327040248314	0.000641193109663798	0.000565444422006174
vm_cconsumos_lag1	0.000299047457459597	0.000671180569770595	0.000403888872861553
ccajas_otras_tend6	0.000294514181629694	0.00220490103594151	0.000311571416207484
vm_cconsumos_delta2	0.000291708483230653	0.000773656357786413	0.000305801575166604
vm_status03_tend6	0.000290331455344321	0.000810215690908742	0.000161555549144621
vmr_mconsumospesos_delta1	0.000290043320287001	0.00101988945947576	0.00085393647405014
rf_011_022	0.000281791537169031	0.000555029018660228	0.000415428554943311
vm_status06_tend6	0.000278924455567205	0.000593675270274549	0.000190404754349018
vm_mconsumosdolares_rank_tend6	0.000277517053813339	0.00110715382490339	0.000530825375760898
vm_mconsumosdolares_rank	0.000269063177013185	0.000551924837932338	0.000432738078065949
rf_016_017	0.00026699339778171	0.000609059659116801	0.000334650780371001
mtarjeta_master_consumo_rank_delta1	0.000264995182964814	0.00132256844717522	0.000363499985575397
matm_other_rank_delta2	0.000264463371125239	0.000772542357976706	0.000542365057842656
Visa_msaldodolares_rank_tend6	0.000263076977997851	0.0012325507429927	0.000548134898883536
matm_rank_lag1	0.000262174973571081	0.000939577661750429	0.000605833309292329
mtarjeta_visa_descuentos_rank_delta2	0.000261461513946249	0.000709904237838935	0.000755849176355191
cextraccion_autoservicio_delta2	0.000257609639651554	0.00105524966900242	0.000432738078065949
mcajeros_propios_descuentos_rank_delta2	0.000256361681716465	0.000784469744495135	0.000519285693679139
vmr_mconsumosdolares_lag1	0.000253664099634001	0.000620255878505063	0.000611603150333208
vmr_mconsumosdolares_delta2	0.000251422853355723	0.000853125891942784	0.000369269826616277
vmr_mpagado_delta2	0.000250665618426658	0.00102702061556125	0.000403888872861553
cprestamos_personales	0.00025051479656207	0.000357801245029156	2.88492052043966e-05
vm_status06_delta2	0.000249395942769272	0.000916489504291657	0.000230793641635173
rf_005_022	0.000248854200863543	0.000777316891742333	0.000225023800594294
rf_005_013	0.000247523754598372	0.000661736527834479	0.000375039667657156
matm_other_rank_tend6	0.000244654295151684	0.000949569900868107	0.000351960303493639
vmr_mconsumosdolares_tend6	0.000235653422706426	0.00154362422934114	0.000536595216801777
vm_status01_lag2	0.000235443280592092	0.00182869568525386	0.000530825375760898
ccallcenter_transacciones_delta1	0.000234993534723862	0.000866530314721168	0.000144246026021983
mv_status07_rank_tend6	0.000234378776811232	0.00129858096021718	0.000357730144534518
internet_delta2	0.000234282449987171	0.00099222385951019	0.000161555549144621
thomebanking_delta1	0.00023422489177435	0.000817813351736255	0.000409658713902432
vm_status04_delta1	0.000230678080228634	0.00112347090649	0.000207714277471656
cpayroll_trx_lag2	0.000226095074179264	0.000100116367828875	3.46190462452759e-05
ccomisiones_mantenimiento_delta1	0.000224087484363637	0.000906364788807555	9.80872976949485e-05
mtarjeta_master_consumo_rank_tend6	0.000223817952817542	0.00115841845701833	0.00034042062141188
catm_trx_other_tend6	0.000220985635897733	0.00105802847890566	0.000392349190779794
ccajas_extracciones_tend6	0.000219946696058947	0.00166981777409214	0.000317341257248363
catm_trx_delta2	0.000216471782541157	0.000974199260764713	0.000478896806392984
ccajas_extracciones_delta2	0.000215687491250281	0.000563192508510858	0.00017309523122638
mtarjeta_master_consumo_rank_lag1	0.000214193183760094	0.000585861012303606	0.000501976170556501
cproductos	0.000213559660388722	0.000401576198148629	7.50079335314312e-05
rf_014_020	0.000211968826874539	0.000648383997571813	5.76984104087932e-05
matm_rank_delta1	0.000210048161165181	0.000751238395071588	0.000409658713902432
mforex_sell_rank_tend6	0.000209823455607933	0.00133289363247462	0.000305801575166604
rf_015_014	0.000207624142308017	0.00177113408376083	0.000501976170556501
rf_011_025	0.000207305133802116	0.000440892750086786	0.000421198395984191
vmr_mpagado	0.000204562533030573	0.00113011412511591	0.000311571416207484
mplazo_fijo_dolares_rank_delta1	0.00020433055375751	0.00126330458112283	0.0001673253901855
vm_mpagado_rank_delta2	0.000203159858339098	0.000999053585010997	0.000288492052043966
catm_trx_lag2	0.000201820943065328	0.000491597228097672	0.000351960303493639
ccallcenter_transacciones_lag2	0.000200423298619453	0.000464860599185362	0.000351960303493639
ctarjeta_visa_debitos_automaticos_lag2	0.000197920391631893	0.000661031095802392	0.000386579349738915
cpagomiscuentas_delta2	0.000197665606768014	0.000947532525739291	0.000155785708103742
rf_020_019	0.00019478495130143	0.000734785141822415	0.000288492052043966
rf_012_015	0.000192301482348825	0.000726011294630245	0.000369269826616277
mpayroll_sobre_edad_rank_lag1	0.00019148624435633	0.00144388082247214	0.000421198395984191
cproductos_lag1	0.000191056995921334	0.000665004568550964	0.000132706343940224
ctarjeta_debito_transacciones_lag1	0.000191002564958439	0.000485771408976735	0.000334650780371001
ctarjeta_visa_transacciones_delta1	0.000188603441199574	0.00106440447483109	0.000201944436430776
cproductos_lag2	0.000185182533874955	0.000598021703982988	0.000196174595389897
mv_status07_rank_lag1	0.000184520266877919	0.000401199383522794	0.000300031734125725
rf_009_018	0.000182453673211638	0.000549178467450162	0.000432738078065949
vm_cconsumos	0.000181770452458578	0.000366348728938112	0.000294261893084846
vm_mconsumosdolares_rank_lag1	0.000181661157242302	0.000444228757857175	0.000432738078065949
vm_msaldodolares_rank_tend6	0.000178519613301391	0.00101783123231875	0.000276952369962208
matm_rank	0.000177397258053246	0.000485253803568173	0.000323111098289242
mcheques_emitidos_rank_lag1	0.000176291837756421	0.00183954599852895	0.000213484118512535
vm_mconsumosdolares_rank_delta2	0.000175748270465634	0.000783705372489701	0.000369269826616277
mtarjeta_visa_descuentos_rank_lag1	0.000174740231229123	0.00032670010185232	0.000305801575166604
rf_010_016	0.000174643500733564	0.000577107779584873	0.000369269826616277
minversion2_rank	0.000172738184637106	0.0010818882405923	0.000121166661858466
cpagomiscuentas_lag1	0.000172299967336754	0.000361748058855615	5.76984104087932e-05
ccajas_depositos_delta2	0.000171763635965541	0.000764182964640999	0.00025964284683957
ccajas_otras_delta2	0.000167509804801452	0.000617763823581862	0.000225023800594294
vmr_msaldodolares_tend6	0.000164017834373583	0.000910636128819546	0.00034042062141188
rf_007_020	0.000160933153365722	0.000475717220858858	0.000271182528921328
ctarjeta_visa_debitos_automaticos_delta2	0.000152648973265176	0.000750361870828471	0.000351960303493639
ccuenta_debitos_automaticos_tend6	0.000151560421189021	0.00063723835095065	0.000115396820817586
vm_mpagado_rank_delta1	0.00014678042172093	0.000668450432196439	0.000225023800594294
mtarjeta_master_descuentos_rank_lag2	0.000145027859348243	0.00037396191000939	0.000282722211003087
rf_015_018	0.000144567982558178	0.00108579089562995	0.000109626979776707
rf_018_022	0.000139995318872588	0.000882857848716849	0.000294261893084846
mv_status07_rank	0.000139541934577912	0.000577015317996592	0.000328880939330122
rf_013_022	0.000138540956050616	0.000740629411029052	0.000155785708103742
rf_011_018	0.000136622555207636	0.000280626964881849	0.000115396820817586
ctarjeta_debito_transacciones	0.000136132385852691	0.000623401156204964	0.000178865072267259
matm_other_rank_lag1	0.000134310796231159	0.000422690935496685	0.000201944436430776
rf_012_018	0.000133308110789203	0.000422861737363019	0.000288492052043966
vmr_mpagado_lag1	0.000132788283533055	0.000787654904998317	0.000305801575166604
mplazo_fijo_dolares_rank_lag2	0.000132273221570081	0.00098988898664757	0.000219253959553414
cprestamos_personales_lag1	0.00013219785440875	0.000616978599548241	0.000103857138735828
cextraccion_autoservicio	0.000131421038147388	0.000175036886863716	3.46190462452759e-05
vm_mpagado_rank_lag2	0.000129840257076475	0.000609443336435458	0.000265412687880449
vmr_mconsumosdolares_delta1	0.000127141796987192	0.00070894897739318	0.000294261893084846
rf_003_019	0.000123777644617052	0.000511387782470881	0.000219253959553414
ctarjeta_visa_descuentos_lag2	0.000123043382293221	0.000450651525673678	0.000305801575166604
tcuentas_lag1	0.000122547626429197	0.00150331398587743	0.000138476184981104
mforex_buy_rank_tend6	0.000119970736646927	0.00192132963270468	0.000236563482676052
ctarjeta_master_debitos_automaticos_tend6	0.000118234300923044	0.00122803392973748	0.000178865072267259
rf_017_018	0.000118092008608606	0.000408509075201535	0.00025387300579869
mttarjeta_master_debitos_automaticos_rank_delta2	0.000115730317831128	0.000581494412836261	0.000196174595389897
tcuentas_lag2	0.000115517370909301	0.000915778740475148	0.000121166661858466
ctransferencias_emitidas_lag2	0.000115344001134419	0.000386417433530364	0.0001673253901855
vmr_mpagosdolares_tend6	0.00011499621915527	0.000837648460822858	0.000213484118512535
matm_other_rank	0.000114130845006805	0.000561950017975558	0.000230793641635173
rf_003_018	0.000112554663411659	0.000317790346947316	0.000103857138735828
mtarjeta_visa_descuentos_rank	0.000111999120475307	0.000550175590322128	0.00025964284683957
rf_005_008	0.000110438885049241	0.000332479835351465	0.00025387300579869
vm_mconsumosdolares_rank_delta1	0.000109503114146413	0.000530393403155166	0.000196174595389897
ctarjeta_debito_lag2	0.000108714326278089	0.00103140175865838	0.000144246026021983
mcajeros_propios_descuentos_rank_lag2	0.000108386013734305	0.000416086147950583	0.00025964284683957
cforex_tend6	0.000108219390892172	0.000871920141688172	0.000155785708103742
ctransferencias_recibidas_delta1	0.000106257910823785	0.000672016894470763	0.000103857138735828
ctarjeta_master_transacciones_delta2	0.000105288060485376	0.000806107049506562	0.00025387300579869
cforex_sell_tend6	0.000104018637331018	0.000949298982871499	0.000144246026021983
cpagomiscuentas_lag2	0.000102138979008725	0.000478659679590917	0.000115396820817586
minversion2_rank_lag1	0.000100956265437042	0.000674050627093389	9.23174566540692e-05
vmr_msaldodolares2_lag2	0.000100108731996839	0.000596868771589006	0.000225023800594294
mv_status07_rank_lag2	9.95983228681561e-05	0.000531662156687994	0.000271182528921328
matm_other_rank_delta1	9.60280628843062e-05	0.000268070586171373	0.000126936502899345
vm_mpagado_rank_lag1	9.27532004644193e-05	0.000343708863690407	0.000178865072267259
vm_cconsumos_delta1	9.03962888492028e-05	0.000499146454150849	0.000150015867062862
mttarjeta_master_debitos_automaticos_rank_lag2	9.03072217815556e-05	0.000552204703824586	0.000230793641635173
rf_020_012	8.8831791830536e-05	0.000445327501372841	5.76984104087932e-05
cforex_buy_tend6	8.72475576472974e-05	0.00118580302971286	0.000126936502899345
rf_013_018	8.59219911870215e-05	0.000392427199213885	0.000138476184981104
mpagodeservicios_rank_tend6	8.58529141692533e-05	0.000606787606288468	0.000103857138735828
mttarjeta_master_debitos_automaticos_rank_lag1	8.55762623068901e-05	0.00030303727305468	0.000201944436430776
ctransferencias_emitidas_delta1	8.28926846968474e-05	0.000719244283583836	0.000121166661858466
vm_mpagosdolares_rank_tend6	8.23513966788057e-05	0.00054329935687997	0.000155785708103742
mv_status07_rank_delta1	8.19556291428831e-05	0.00101778680958022	0.000225023800594294
vm_msaldodolares_rank_delta2	8.08393778111297e-05	0.000604185378750513	0.000184634913308138
vmr_mpagado_delta1	7.97572647456864e-05	0.00063325276290975	0.000178865072267259
mttarjeta_master_debitos_automaticos_rank	7.97151861015645e-05	0.00092478412436512	0.0001673253901855
catm_trx_other_lag2	7.77322882241694e-05	0.000250239225018761	0.000184634913308138
rf_005_016	7.53352774751111e-05	0.000603113426131822	0.00017309523122638
rf_015_021	7.51150269723875e-05	0.000374271391060659	0.000230793641635173
active_quarter_tend6	7.12309639308764e-05	0.000893034852641255	0.000132706343940224
ctransferencias_recibidas_lag1	6.6450839358108e-05	0.000794430388830862	0.000138476184981104
ccomisiones_mantenimiento_lag2	6.64046987838771e-05	0.00028769720137107	8.65476156131899e-05
mttarjeta_master_debitos_automaticos_rank_delta1	6.55268540929881e-05	0.000696735231819295	0.000132706343940224
rf_011_019	6.39938474268358e-05	0.000329698597110762	0.000121166661858466
ctransferencias_emitidas_lag1	5.85991779856112e-05	0.000777015513947588	0.000138476184981104
mforex_sell_rank_lag1	5.49526691981368e-05	0.000414700728639793	0.000126936502899345
minversion2_rank_lag2	5.22212407733752e-05	0.000330227816307176	8.07777745723105e-05
cseguro_accidentes_personales	5.01490990853878e-05	0.000987795812547122	0.000103857138735828
cseguro_vida_tend6	4.77762291197655e-05	0.000819743880016837	0.000103857138735828
vmr_mpagosdolares_delta1	4.60079346180088e-05	0.000773304803149154	0.000115396820817586
cprestamos_prendarios	4.49054969472602e-05	0.000143293342848859	1.15396820817586e-05
cplazo_fijo_lag1	4.09990075372897e-05	0.000351054162186902	4.61587283270346e-05
vm_mpagado_rank	4.05707745733525e-05	0.000310618173074725	8.07777745723105e-05
ctarjeta_visa_debitos_automaticos_lag1	3.84764407240534e-05	0.000428845240049012	8.07777745723105e-05
vm_msaldodolares_rank	3.8179999875356e-05	0.000393770729703493	9.23174566540692e-05
catm_trx_other_delta1	3.76024538109129e-05	0.000510052038498128	6.34682514496726e-05
ctarjeta_visa_debitos_automaticos_delta1	3.51506542703787e-05	8.29658913840275e-05	1.7309523122638e-05
cplazo_fijo_lag2	3.44673824524687e-05	0.000511870810465612	6.34682514496726e-05
ctransferencias_emitidas	3.32971232604473e-05	0.000680906932331392	6.34682514496726e-05
cliente_edad_delta2	3.05461144361501e-05	0.000368871481214202	6.34682514496726e-05
ctarjeta_master_debitos_automaticos_lag2	3.02055622427289e-05	0.000306375920322308	6.92380924905519e-05
cpagodeservicios_tend6	2.71252298953688e-05	0.000592206231691228	6.92380924905519e-05
catm_trx_lag1	2.45533146964655e-05	0.000214275811188074	4.61587283270346e-05
mtarjeta_master_descuentos_rank_tend6	2.37329069900321e-05	0.000570110261244585	6.92380924905519e-05
cpayroll_trx	2.30985516740899e-05	0.000209984806921654	1.7309523122638e-05
cliente_edad_tend6	2.20845011645729e-05	0.000333410997187429	5.19285693679139e-05
cpayroll_trx_lag1	2.09582654236517e-05	0.000191783704995807	4.03888872861553e-05
ccallcenter_transacciones_lag1	1.98741922600639e-05	0.00029427313921235	4.61587283270346e-05
active_quarter_delta1	1.79201399368425e-05	0.000286736424376085	5.19285693679139e-05
catm_trx_delta1	1.74436874422948e-05	7.06710340599892e-05	2.88492052043966e-05
ccuenta_debitos_automaticos_delta1	1.64171892506467e-05	0.000157496741441479	2.88492052043966e-05
cplazo_fijo	1.59796709400864e-05	7.16466714244296e-05	5.76984104087932e-06
ccajas_consultas	1.33324625279325e-05	0.000214940014273289	1.7309523122638e-05
cpagodeservicios_delta2	1.31381201234111e-05	1.46669998876728e-05	1.15396820817586e-05
ctarjeta_visa_debitos_automaticos	1.29831719223222e-05	0.000244649772875574	2.30793641635173e-05
cliente_edad_delta1	1.2868272753569e-05	6.9662693324758e-05	3.46190462452759e-05
ccuenta_debitos_automaticos_lag2	1.25305047145322e-05	3.07824766751751e-05	2.30793641635173e-05
cpagomiscuentas	1.01861670253152e-05	0.000216024134974251	2.30793641635173e-05
ctarjeta_debito	6.55555190661341e-06	0.000286586685697718	2.30793641635173e-05
ctransferencias_recibidas	5.36536379879552e-06	0.000158195653915386	1.7309523122638e-05
catm_trx	5.26467783022745e-06	8.0999729890719e-05	1.15396820817586e-05
internet_delta1	5.11590053218657e-06	0.000218593791116277	2.30793641635173e-05
cseguro_vida	3.71150495996098e-06	7.31908828891165e-05	1.15396820817586e-05
ccallcenter_transacciones	3.63738702574766e-06	6.1916534382581e-05	5.76984104087932e-06
