Feature	Gain	Cover	Frequency
Master_status_tend6	0.0485508817778841	0.00201029783602509	0.00074821005133872
rf_012_022	0.0358441573071001	0.00143846072993526	0.00277988811382002
rf_003_015	0.0341769990031148	0.00279670753466792	0.000598568041070976
rf_011_015	0.0275546020202279	0.00110337726881762	0.00150217556461082
mpasivos_margen_rank	0.0189900856584626	0.00283492254974612	0.00229642931141653
mcuentas_saldo_rank	0.0189518468161554	0.00204641734992478	0.000886341137739715
rf_006_021	0.0119960094526252	0.00246011825102137	0.00407486704882934
rf_015_023	0.0115702879107546	0.00152263804641388	0.00348205446969174
mpayroll_sobre_edad_rank	0.0107297607435468	0.00155022233034352	0.000333816792135737
mprestamos_personales_rank_lag1	0.0104463841223994	0.00258476007778994	0.000753965513272095
rf_015_014	0.00957319537205606	0.000986081241087142	0.000869074751939591
rf_018_026	0.00941045646541258	0.00130179045547434	0.00295830743375463
rf_006_015	0.00793116800997447	0.00230001166997217	0.00161152934134494
ctrx_quarter_normalizado_lag1	0.00790823712184938	0.00109728871216559	0.000920873909339964
mcuentas_saldo_rank_lag2	0.00779060779861556	0.00280457313315582	0.00272233349448627
mextraccion_autoservicio_rank_lag1	0.00732811332988068	0.00117401294541734	0.000730943665538596
ctrx_quarter_normalizado_lag2	0.00642565700946651	0.001740202269307	0.00159426295554481
rf_020_027	0.00637407779151306	0.0014431459500168	0.00116835877247508
ctrx_quarter_delta2	0.00615238396496581	0.00268934471854688	0.00279139903768676
vm_status01_tend6	0.00605418310150524	0.00102213429552025	0.000558279807537353
rf_003_026	0.00586591414841554	0.000632937612121479	0.00037410502566936
mprestamos_personales_rank_delta2	0.00574526408637505	0.00456552120080147	0.000978428528673711
mpayroll_sobre_edad_rank_lag2	0.00565269154674404	0.000813670194808304	0.000460436954669982
mtarjeta_visa_consumo_rank	0.00563067633182087	0.00130345666084042	0.000915118447406589
vm_mpagominimo_rank	0.00529825754529702	0.00133680706564548	0.00157699656974469
ctarjeta_debito_transacciones	0.00519311809489287	0.000581678965755979	0.000166908396067868
rf_002_015	0.00517482910517835	0.000937544808404877	0.00111080415314133
rf_019_024	0.00509120286217346	0.000738865598314924	0.000575546193337477
mautoservicio_rank_lag2	0.00495642501386335	0.00177073155326097	0.0018705251283468
mrentabilidad_rank_tend6	0.00486183509456948	0.00369968917892312	0.00176692681354606
mprestamos_personales_rank_delta1	0.00479277811020457	0.00384427237143629	0.000621589888804475
mcuenta_corriente_rank	0.00479251207440446	0.00250072013385053	0.00132951170660957
Visa_mconsumospesos_rank_delta2	0.00470168464803001	0.00258952901506154	0.00463314685636669
vmr_mpagospesos	0.00465097818093734	0.00147758974161842	0.00160577387941156
vm_Finiciomora	0.00463270226993649	0.0052656667769228	0.000644611736537975
vm_status02	0.00463110843712216	0.00111841510825519	0.00110504869120796
rf_010_026	0.00453145794577313	0.00100284214889671	0.000500725188203605
mcomisiones_mantenimiento_rank_delta2	0.00433280254424204	0.00313112571187124	0.00119713608214195
mcaja_ahorro_rank_lag2	0.00418044520783844	0.00171456940709801	0.0011626033105417
mcuenta_debitos_automaticos_rank	0.00402935211559336	0.00106107535442398	0.000529502497870479
vm_status06_tend6	0.00400962300591453	0.000734590136500183	0.000166908396067868
vm_mpagospesos_rank	0.00386974463576159	0.000604425281520143	0.000805764670672468
cdescubierto_preacordado_delta1	0.00369374087269481	0.00115571588814238	0.00013237562446762
ctarjeta_visa_transacciones_delta2	0.00359371746010243	0.00183837687197945	0.00124317977760895
cpayroll_trx	0.00353341249368869	0.000503585778832885	4.02882335336234e-05
mpayroll_rank	0.00332898411967049	0.00163892997154541	0.000362594101802611
mrentabilidad_annual_rank_lag2	0.00332836951531042	0.0026973797131223	0.00475976701890094
vmr_mpagominimo	0.00319981845103212	0.00142408926130396	0.0019626125192808
Visa_mpagospesos_rank_lag1	0.00312437893791977	0.00239086451777731	0.00438566199323158
cdescubierto_preacordado	0.00311286134427937	0.00213486853764455	0.000235973939268366
Visa_mpagominimo_rank_lag2	0.00299849766034555	0.00154461349068678	0.00217556461081566
mcaja_ahorro_rank_tend6	0.00298822213022445	0.00265903567601625	0.00174966042774593
mprestamos_personales_rank_tend6	0.00297786671020575	0.0026002825915105	0.000661878122338099
mpasivos_margen_rank_tend6	0.00291449446381286	0.00165553990741156	0.0019165688238138
vmr_msaldototal	0.00288410796818019	0.00092141997097467	0.00156548564587794
mrentabilidad_annual_rank_lag1	0.00285930733097082	0.00237627185337852	0.0030791721343555
rf_019_021	0.00285559757609996	0.00269916897586527	0.00603747956811014
cdescubierto_preacordado_tend6	0.00281688061320811	0.00172074003734737	0.000178419319934618
mprestamos_personales_rank_lag2	0.00279942044223627	0.00239750558667601	0.000823031056472592
ctrx_quarter	0.00273215399781396	0.00110676399763794	0.000995694914473836
mcomisiones_rank_delta2	0.00268739153729484	0.00308943818303699	0.00637129636024587
mcomisiones_otras_rank	0.0026507535133061	0.00226043621079135	0.003148237677556
vm_mpagospesos_rank_lag1	0.00262649286271304	0.000631653462532145	0.000828786518405967
mprestamos_personales_rank	0.0025832985578478	0.00238967206475554	0.000471947878536731
vm_mfinanciacion_limite_rank_lag2	0.00249846977010468	0.00105213802744993	0.00174966042774593
vm_mconsumototal_rank_lag2	0.00248624383057602	0.000982599608042505	0.00120289154407533
mcomisiones_rank_lag2	0.00246294670075597	0.00279908128018675	0.00583028293850865
chomebanking_transacciones_lag2	0.00243600899131133	0.00281582037062855	0.00492091995303543
mactivos_margen_rank_lag1	0.00242187528934362	0.00353763305833202	0.00284319819508714
mactivos_margen_rank_lag2	0.00242017046894617	0.00307520170108452	0.0050417846536363
mpasivos_margen_rank_delta2	0.00240157280936442	0.00234826792311624	0.00470796786150056
Visa_mconsumospesos_rank_delta1	0.00239834683582473	0.00221647949014238	0.00421299813523033
mcomisiones_rank_lag1	0.00238744467976672	0.00207773290742429	0.00270506710868614
mactivos_margen_rank	0.00234463726113922	0.00278708726841268	0.00166332849874531
mrentabilidad_annual_rank_delta1	0.0022786704067145	0.0026006473100351	0.0044719939222322
foto_mes	0.00226798507955382	0.003324715775716	0.000633100812671225
cproductos_delta2	0.00226466315506712	0.00160875681701865	0.000235973939268366
chomebanking_transacciones_delta2	0.00225808613882426	0.00345857821061533	0.0043568846835647
ctrx_quarter_normalizado	0.0022550347740893	0.000929235625451786	0.000575546193337477
mactivos_margen_rank_delta2	0.0022304712313406	0.00320145334738535	0.00450077123189907
rf_018_016	0.00222251636368798	0.000989389395572034	0.000995694914473836
mrentabilidad_rank_delta2	0.00218030220710593	0.00302090145385856	0.0050187628059028
Visa_mconsumospesos_rank_tend6	0.00215945270591062	0.0018298619218227	0.00332665699749062
vmr_mconsumospesos	0.00214696537743443	0.0011364188107407	0.00112807053894146
mcomisiones_otras_rank_lag2	0.00213023818716995	0.0026343957558815	0.00505329557750305
Visa_mconsumototal_rank_lag1	0.00209543695575107	0.00265876169971507	0.00547919976057278
mextraccion_autoservicio_rank	0.00208850998539856	0.000708793710306834	0.0006388562746046
rf_003_019	0.00206235339979954	0.000348113970172812	0.000195685705734742
mcuenta_corriente_rank_tend6	0.00205506072717532	0.0026617249913357	0.00172663858001243
Visa_msaldopesos_rank_lag1	0.00202840643720076	0.0018175378130092	0.00269355618481939
mtransferencias_recibidas_rank	0.00202453135771309	0.00200246084135229	0.00115684784860833
mactivos_margen_rank_delta1	0.00201067003974932	0.00254122971039225	0.00417846536363009
Master_Fvencimiento_lag2	0.00200164345995823	0.00248485649511366	0.00509933927297005
mrentabilidad_rank_lag2	0.00198729723872881	0.00296685877351622	0.00479429979050119
rf_012_019	0.00196857557200227	0.00144855978535119	0.00277988811382002
mcuentas_saldo_rank_delta2	0.00196429468257116	0.00236116834976116	0.00247484863135115
Visa_mfinanciacion_limite_rank_tend6	0.00193356944945344	0.00251055287422808	0.00384464857149435
Master_mfinanciacion_limite_rank_delta1	0.00193030544123512	0.00242480560859524	0.00587632663397564
rf_018_020	0.00191465983473638	0.000533447870184218	0.000172663858001243
mrentabilidad_annual_rank_delta2	0.00189968077708924	0.00205007657051094	0.00415544351589659
mcomisiones_otras_rank_delta1	0.00188467857406055	0.00231434424907914	0.00370651748509335
cdescubierto_preacordado_delta2	0.00187434305776017	0.000852700617438334	0.000143886548334369
cprestamos_personales_tend6	0.00187054353038901	0.0025905836979007	0.000339572254069112
mcomisiones_otras_rank_delta2	0.00185606252784499	0.0028193276914367	0.00528351405483804
Master_mfinanciacion_limite_rank	0.00183328589478392	0.00239841740949706	0.00435112922163133
Visa_mfinanciacion_limite_rank_delta2	0.00180710532799974	0.00249338175748919	0.00350507631742524
Master_fultimo_cierre_tend6	0.0017843849531626	0.00258779444154057	0.00279715449962014
Visa_cconsumos_tend6	0.00177602119446399	0.0024212164527758	0.00382162672376085
mv_status07_rank	0.00174924139318603	0.000511296031299986	0.000293528558602113
mautoservicio_rank	0.00172399283783018	0.00145584848279735	0.000961162142873587
Master_fechaalta_lag2	0.0017197888257659	0.00256652828705137	0.0038561594953611
ctrx_quarter_lag1	0.00171882274789063	0.00183538725636587	0.00112807053894146
Master_mlimitecompra_rank_tend6	0.00171869175279804	0.00257042270045264	0.00441443930289845
Master_Fvencimiento_lag1	0.00171836853111341	0.00248924449001002	0.00447774938416557
vm_fechaalta	0.00171569896764149	0.0023486286386973	0.00313672675368925
Master_mlimitecompra_rank_delta2	0.00168984797907768	0.00204363755747752	0.00464465778023344
Visa_mpagominimo_rank	0.00165892122271869	0.00222309508335405	0.00334967884522412
vm_status01	0.00165541837838135	0.00170503301709017	0.00089209659967309
Visa_msaldototal_rank	0.00165327000987366	0.00138114398640201	0.00219858645854916
mcuenta_corriente_rank_lag1	0.00162339360504994	0.00312853575438216	0.00162304026521169
Master_mlimitecompra_rank	0.00160822153429922	0.00222528933264304	0.00430508552616433
Master_fechaalta	0.00160246298427269	0.0019675124932978	0.00337270069295762
Visa_mconsumototal_rank_delta1	0.00158711269665652	0.00205412945806107	0.0044259502267652
Visa_Fvencimiento_tend6	0.00158068818686169	0.00102668993687319	0.000834541980339342
Master_Fvencimiento	0.00157919926439478	0.00184169115017267	0.00382738218569422
rf_010_023	0.00157440495935306	0.00172909460466695	0.0043799065312982
internet	0.00156117374193562	0.00116963155140139	0.000115109238667495
Visa_mpagominimo_rank_lag1	0.00156077693770662	0.00187785981279634	0.00280290996155351
ctrx_quarter_normalizado_tend6	0.00155959979386845	0.00240460360085807	0.00150793102654419
mtarjeta_visa_consumo_rank_lag2	0.00155127056593278	0.00160515355811336	0.00223887469208279
chomebanking_transacciones_delta1	0.00153074422148559	0.00297005940522631	0.00299284020535488
cproductos_delta1	0.00152462946450861	0.00122288284185313	0.000155397472201119
Master_fechaalta_lag1	0.00152354955476143	0.00209103739278065	0.00359140824642586
mcuentas_saldo_rank_lag1	0.00151911330860761	0.00218429934985749	0.00104173860994083
vmr_msaldopesos_lag2	0.00151632036387622	0.00139204397515009	0.00199138982894767
vmr_mconsumospesos_tend6	0.00150582439022944	0.00127818014013511	0.00140433271174344
Visa_mpagospesos_rank_tend6	0.00149955706623751	0.00198619057247667	0.0038561594953611
mcomisiones_rank_delta1	0.0014968647073009	0.00222469835502501	0.00406911158689596
Visa_mconsumospesos_rank	0.00149327750445912	0.00179347397211983	0.00353385362709211
rf_012_020	0.00148968600710053	0.00093299115526893	0.000322305868268987
mrentabilidad_rank_delta1	0.0014863561661446	0.00216686987094817	0.00330363514975712
ccaja_ahorro_tend6	0.00148559969660992	0.00274527636408683	0.000258995787001865
vm_status02_tend6	0.00148355558705895	0.0019248387027984	0.0013467780924097
Visa_mpagospesos_rank_delta2	0.00147448579543269	0.0020873987701225	0.00459285862283307
mcuenta_corriente_rank_delta2	0.00147158310755439	0.00270422331505836	0.00150793102654419
Visa_msaldototal_rank_delta2	0.00147118288658552	0.00157068850584473	0.00276262172801989
mcaja_ahorro_rank_delta2	0.00146975982487349	0.00208693739774264	0.00161152934134494
ccaja_seguridad_lag1	0.00144958335325385	0.000994886152809675	0.000103598314800746
vmr_mpagominimo_delta1	0.00144554641251497	0.00122502346230253	0.00115109238667495
mrentabilidad_annual_rank	0.00144048608114107	0.00225461351851519	0.0024403158597509
rf_019_016	0.00144024247786971	0.000820769720035275	0.00117411423440845
mpayroll_rank_tend6	0.00143879066112057	0.00124331004830134	0.000356838639869236
thomebanking	0.00142170455777966	0.00214758583624994	0.00139857724981007
mcuentas_saldo_rank_delta1	0.00142018461360013	0.0022736343663031	0.00150217556461082
chomebanking_transacciones_lag1	0.00142018104069603	0.00227865912082737	0.00299859566728826
rf_019_023	0.00141668218497635	0.000705220672299789	0.000379860487602735
Visa_fechaalta_lag2	0.00141435629432766	0.0018986997200725	0.00279139903768676
vm_Fvencimiento_tend6	0.00140544471080277	0.00122824039739193	0.00111080415314133
Master_mpagospesos_rank	0.00140533192965141	0.00168327898066124	0.00231945115915003
internet_lag2	0.00140148806087536	0.00129691142400063	0.000287773096668739
mcuentas_saldo_rank_tend6	0.00138225240563131	0.00225929515980616	0.00186476966641343
mpasivos_margen_rank_lag2	0.00137033046901271	0.00192873226789375	0.00354536455095886
mcomisiones_rank_tend6	0.00136821253690074	0.0023962016079359	0.00321154775882312
vmr_msaldopesos_tend6	0.00136607080056508	0.00126515313034184	0.00164030665101181
tcallcenter_delta2	0.00136571233888229	0.00195137546147005	0.0013697999401432
rf_014_022	0.00135704754964767	0.00158521656644614	0.00448350484609895
cliente_edad_lag1	0.00135277327861744	0.00218199195776699	0.00168059488454543
mcomisiones_otras_rank_tend6	0.00135152597625478	0.00191349125918939	0.00269931164675277
mttarjeta_visa_debitos_automaticos_rank_tend6	0.00134884295594775	0.00268742677840033	0.00101296130027396
Visa_mlimitecompra_rank_lag2	0.00133841027800837	0.00227392599797115	0.00307341667242213
Master_mfinanciacion_limite_rank_delta2	0.00133713433282314	0.00192119300208777	0.00402882335336234
Visa_mpagospesos_rank_lag2	0.00133368260342362	0.00174511849369319	0.00315399313948938
Visa_mfinanciacion_limite_rank	0.00133338197699191	0.00180258732257138	0.00301586205308838
vm_mpagospesos_rank_tend6	0.00133273316950998	0.00199488788189572	0.00181872597094643
Visa_mlimitecompra_rank	0.00131874664438269	0.00182204499488671	0.00314248221562263
mactivos_margen_rank_tend6	0.00131263642747892	0.00191537054839765	0.00200290075281442
Visa_mlimitecompra_rank_tend6	0.00131149257871751	0.00260814532696593	0.00299284020535488
Master_mlimitecompra_rank_delta1	0.00130605527127492	0.00198865914269113	0.00409788889656284
Master_mlimitecompra_rank_lag1	0.00130565914537087	0.00176510200963797	0.00337845615489099
Visa_mlimitecompra_rank_lag1	0.00130505129295522	0.00212816882959944	0.00317701498722287
Visa_fechaalta	0.00130276958291916	0.00188759579328039	0.0025784469461519
Visa_mpagospesos_rank	0.00127738706748613	0.00186728048368436	0.00372378387089348
Visa_msaldototal_rank_delta1	0.00127691897110717	0.00159501556015398	0.00295255197182126
mpasivos_margen_rank_lag1	0.0012740917449376	0.00198174242738898	0.00284319819508714
Visa_cconsumos	0.00127215545095515	0.00178814462275273	0.00280290996155351
Master_msaldototal_rank_lag1	0.00126059768516864	0.00185065432396758	0.00237125031655041
vm_cconsumos_tend6	0.00125826296648493	0.000985773253020651	0.000673389046204848
ctrx_quarter_delta1	0.00125737458067764	0.00151157181621589	0.000915118447406589
Visa_fechaalta_delta2	0.00125283239724262	0.00160807570689708	0.00122015792987545
Master_cconsumos_tend6	0.00125185029391763	0.00178815655205467	0.0024863595552179
Visa_mconsumosdolares_rank_lag2	0.00124859388679607	0.00161830391688867	0.00277413265188664
Visa_Fvencimiento	0.00124532755924368	0.00175772129750953	0.00311946036788913
Visa_mconsumosdolares_rank_delta2	0.00124503608614338	0.0014698787733932	0.00290650827635426
Visa_mpagominimo_rank_tend6	0.00123749051991799	0.00194773336605956	0.00256118056035177
mpayroll_rank_lag2	0.00123448700827976	0.00114827120844599	0.000575546193337477
Master_mpagominimo_rank	0.00123257840140075	0.00163883997158968	0.00229067384948316
Visa_mconsumospesos_rank_lag2	0.00123189855786606	0.00179271431417239	0.00344752169809149
Visa_fechaalta_tend6	0.00122872437636303	0.00104918531314369	0.000788498284872344
rf_005_019	0.00122665552114677	0.00120844133496468	0.00199714529088105
vmr_msaldototal_lag2	0.00122312337136941	0.000925713273723199	0.00133526716854295
Master_mlimitecompra_rank_lag2	0.0012157528259745	0.00160199351253942	0.00320003683495637
mtransferencias_recibidas_rank_lag1	0.00121535452822288	0.00140853787867272	0.0013697999401432
Visa_msaldototal_rank_lag1	0.00121503743571335	0.00143601251906277	0.00201441167668117
mcomisiones_otras_rank_lag1	0.00121420636411893	0.00206816070300108	0.00272233349448627
vm_Fvencimiento_lag2	0.00121398434607768	0.00153282166732578	0.00264175702741902
mrentabilidad_rank	0.00120692155114845	0.00240005275773547	0.00245758224555103
ccomisiones_otras_lag2	0.00120647751054912	0.00168190586498901	0.00233096208301678
mcomisiones_rank	0.00119869798831214	0.00154041973133554	0.0024172940120174
internet_lag1	0.00119803628047063	0.00151645402883679	0.000212952091534867
rf_004_025	0.00118988436405123	0.00142385703755956	0.00310794944402238
mpasivos_margen_rank_delta1	0.00118611128792128	0.00210322606425281	0.00350507631742524
internet_tend6	0.00118459202479502	0.00272441641558341	0.000397126873402859
Visa_mfinanciacion_limite_rank_lag1	0.00117480813279473	0.0014148050567391	0.00245758224555103
mtarjeta_visa_consumo_rank_delta1	0.0011663314182031	0.00111220985652065	0.00103022768607408
ctarjeta_visa_transacciones	0.00116169622193909	0.00117257914936258	0.000592812579137602
Visa_mlimitecompra_rank_delta2	0.00115515837051349	0.00186015219558494	0.00327485784009025
Visa_mpagospesos_rank_delta1	0.00115137135912193	0.00169964062798971	0.00362018555609273
Master_mpagominimo_rank_lag2	0.00114782055102229	0.00147012695589264	0.00229067384948316
Visa_fechaalta_lag1	0.00114630972987885	0.00192947146046098	0.00263024610355227
ccaja_ahorro	0.00114585036595683	0.00122328104195184	9.78428528673711e-05
Visa_mfinanciacion_limite_rank_delta1	0.00113473941886571	0.00178925775917139	0.00353385362709211
Visa_mconsumospesos_rank_lag1	0.00113161393527812	0.00161719229151493	0.00337270069295762
Visa_mlimitecompra_rank_delta1	0.00113112201412654	0.0026381291237066	0.00332090153555724
Visa_msaldopesos_rank_delta1	0.00112833174380294	0.00195666509951648	0.00268780072288602
rf_005_020	0.00112680122642333	0.00148490714891791	0.0018244814328798
Visa_mconsumosdolares_rank_delta1	0.00112411591441457	0.00141875246275054	0.00222160830628266
rf_016_021	0.00111809017114683	0.00121796476179774	0.00195110159541405
chomebanking_transacciones	0.00111691494811864	0.00217302430385646	0.00203743352441467
rf_015_020	0.00110899261933405	0.000219252775818167	0.000115109238667495
mtarjeta_visa_consumo_rank_delta2	0.00110895445573035	0.00241573671467559	0.00278564357575339
Master_mfinanciacion_limite_rank_lag2	0.00110853340542258	0.00166061884747619	0.00277413265188664
mtarjeta_visa_consumo_rank_lag1	0.00110234538812676	0.00110784102803607	0.00117411423440845
Visa_Fvencimiento_lag1	0.00109896573788955	0.0016210223662144	0.00230794023528328
vmr_msaldototal_delta2	0.00109789578608042	0.00132734384202286	0.00164030665101181
Master_fultimo_cierre_lag1	0.00109444678315075	0.00168039529724888	0.00237125031655041
Visa_msaldototal_rank_tend6	0.00109439278154006	0.00174016147109437	0.00265902341321915
vm_msaldopesos_rank	0.00108993324148136	0.0011182974058094	0.0012086470060087
Master_fultimo_cierre_lag2	0.00108727980672644	0.00161267593732971	0.00283744273315376
mrentabilidad_rank_lag1	0.00108672911348417	0.00161776696575364	0.00229067384948316
Master_mfinanciacion_limite_rank_tend6	0.00108359394257625	0.0016377043285547	0.00240578308815066
vm_status04	0.00108154669977445	0.000620483765522013	0.000851808366139466
Master_mconsumospesos_rank_tend6	0.00108077077334448	0.00233697219965852	0.00288924189055414
vm_mpagominimo_rank_lag2	0.00107701319810581	0.00124645660050931	0.0019395906715473
Visa_cconsumos_lag2	0.00107119169132557	0.00171712339111435	0.00273959988028639
mcaja_ahorro_rank_delta1	0.00107113921309881	0.00208901383854761	0.00127195708727582
mrentabilidad_annual_rank_tend6	0.00107108387823733	0.0026301355900828	0.00211225452954854
vm_fechaalta_lag1	0.00106557621808539	0.00178310581816173	0.00219858645854916
ccomisiones_mantenimiento_tend6	0.00106528221520781	0.00358614544684349	0.000431659645003108
Master_Fvencimiento_tend6	0.00105812286746693	0.00117566918318892	0.00158850749361144
mtarjeta_visa_consumo_rank_tend6	0.00105809585715781	0.00108964762314017	0.000989939452540461
Visa_mconsumosdolares_rank_lag1	0.00105657956163339	0.00148178273219243	0.0024633377074844
ccomisiones_otras_tend6	0.00105467226709654	0.00235325911653773	0.00201441167668117
ctrx_quarter_lag2	0.00105263125541245	0.00185891928897482	0.00193383520961392
catm_trx_other_tend6	0.00104253657271422	0.000769522313723157	0.000299284020535488
mpayroll_sobre_edad_rank_tend6	0.00104172361430846	0.00148528321353413	0.00049496972627023
Master_fechaalta_tend6	0.00104152333468791	0.00131291219669068	0.00174966042774593
vm_mconsumospesos_rank_tend6	0.00103373999172514	0.00110699876630009	0.0013467780924097
Master_msaldototal_rank	0.00103165156173689	0.00172752863194671	0.0024633377074844
Visa_msaldopesos_rank_delta2	0.00102842744544619	0.00113979445856501	0.00229642931141653
Visa_msaldopesos_rank_tend6	0.00102400289954481	0.0015813241147523	0.00226765200174966
mpayroll_rank_delta2	0.00102152857976744	0.00154712073834909	0.000546768883670603
Visa_mconsumototal_rank_delta2	0.00101946555633726	0.00157888372419997	0.00311946036788913
mtransferencias_recibidas_rank_delta2	0.00101664806703553	0.00201981142781145	0.0025093814029514
Master_mconsumototal_rank_tend6	0.00101259047922209	0.00234190576129686	0.0025784469461519
mcomisiones_mantenimiento_rank_lag1	0.00100967990086855	0.00166650662072182	0.00160001841747819
Master_msaldopesos_rank_tend6	0.00100966909971658	0.00186611843712776	0.00251513686488478
rf_014_023	0.00100333299204853	0.00144396387597682	0.00222736376821604
Visa_mconsumosdolares_rank_tend6	0.00100193973423044	0.00153754702288096	0.00281442088542026
vmr_Master_mlimitecompra	0.0010015692271069	0.00190690252016186	0.00264175702741902
Master_msaldopesos_rank_lag2	0.00100074165563079	0.00141570646130313	0.00254391417455165
ctarjeta_visa_debitos_automaticos_tend6	0.00100046400900333	0.00161262588728068	0.000575546193337477
rf_007_021	0.000999758999305141	0.0012972504017426	0.00251513686488478
Master_mfinanciacion_limite_rank_lag1	0.000998764665876272	0.00142859267882397	0.0025324032506849
Visa_mfinanciacion_limite_rank_lag2	0.000998089877130009	0.00149047577357233	0.00240002762621728
vmr_msaldopesos	0.000996402320777783	0.0013525345512829	0.00190505789994705
vmr_mpagospesos_delta2	0.000994256683810426	0.00154938423060845	0.00185325874254668
Master_mpagospesos_rank_lag1	0.000991778333550558	0.00176026515487401	0.00245758224555103
Visa_msaldopesos_rank	0.000983101425582749	0.00127639792893507	0.00214103183921542
vmr_msaldopesos_lag1	0.000979685793713032	0.00132660001028266	0.00184174781867993
vm_status01_delta2	0.000976819392848463	0.00113982112718223	0.000610078964937726
Master_mconsumospesos_rank_delta1	0.000973864033531652	0.00169991025672308	0.0026475124893524
vm_fechaalta_tend6	0.000971640195268069	0.0014742405238253	0.000984183990607086
Master_mpagospesos_rank_lag2	0.000969786737798044	0.00192089781813869	0.00228491838754979
rf_012_013	0.000962556676020688	0.00105922853942655	0.000702166355871722
matm_rank	0.00096183233675599	0.000446762669813853	0.000368349563735985
rf_005_013	0.000959059741175514	0.00055445025455278	0.000379860487602735
mpagomiscuentas_rank_tend6	0.000955939729902796	0.00203294808114431	0.000684899970071598
Master_fultimo_cierre	0.000954624299917644	0.00136507251271581	0.00204894444828142
rf_001_025	0.00095437823885138	0.00103051812939392	0.00231945115915003
vmr_Master_mlimitecompra_lag1	0.000954070107979274	0.00152772825304146	0.00234822846881691
Master_mconsumototal_rank_delta2	0.000953948147650724	0.00118809365719606	0.00173814950387918
ccomisiones_mantenimiento_delta1	0.000953381639409652	0.000731432794901352	8.05764670672468e-05
Visa_msaldopesos_rank_lag2	0.000952783503186513	0.00147537306524177	0.00218132007274904
Visa_cconsumos_delta2	0.000952007212982898	0.00123566546001402	0.00195685705734742
Master_msaldopesos_rank_lag1	0.000948390210760773	0.00124668468876237	0.00221009738241591
Visa_cconsumos_lag1	0.000946382626378201	0.00143298791083017	0.00280866542348689
vm_Fvencimiento	0.00093808522665984	0.00153803222735514	0.00193383520961392
vm_Fvencimiento_lag1	0.000929569454746656	0.0014595086312181	0.00212952091534867
rf_008_024	0.000928493249596891	0.001189639350103	0.00201441167668117
vmr_mpagominimo_delta2	0.000927534358622487	0.00138892268655268	0.00137555540207657
vm_msaldopesos_rank_delta2	0.000922987264101951	0.00152934321542833	0.00211800999148192
Master_msaldototal_rank_tend6	0.000920009682597649	0.00128099028602842	0.00210074360568179
vm_mfinanciacion_limite_rank_tend6	0.00091913517303667	0.00172768002804308	0.00202592260054792
cmobile_app_trx_tend6	0.000916614892548543	0.00272436586185275	0.00164606211294519
cliente_edad_lag2	0.000916079668737927	0.00181238019257089	0.00126044616340908
Visa_Fvencimiento_lag2	0.000912373100698542	0.00162963725741184	0.00213527637728204
Visa_mpagominimo_rank_delta2	0.000910163589581878	0.00172301105832173	0.00227916292561641
vmr_Visa_mlimitecompra_lag1	0.000906360193400847	0.00127219807238506	0.00202592260054792
mcomisiones_mantenimiento_rank_tend6	0.000904800525400558	0.00180451501823595	0.000903607523539839
vmr_Visa_mlimitecompra_lag2	0.000892077572499788	0.00128148765839057	0.00188779151414693
vmr_mpagominimo_tend6	0.000890641965519076	0.00149145580549092	0.00177268227547943
vmr_msaldototal_tend6	0.000886011099321393	0.00136860461996243	0.00167483942261206
Visa_mpagominimo_rank_delta1	0.00088336931902782	0.00155567733502438	0.00202016713861455
vmr_Visa_mlimitecompra	0.000882801346170635	0.00114031823444879	0.00174966042774593
mautoservicio_rank_delta2	0.000882243706298787	0.00197191944252946	0.00217556461081566
mpayroll_sobre_edad_rank_delta2	0.000880519094241874	0.00115453589461375	0.000414393259202984
vmr_msaldopesos_delta2	0.000879669483219518	0.00119338456770136	0.00151944195041094
rf_016_018	0.000876811496963921	0.000654476125828716	0.000466192416603357
vm_fechaalta_lag2	0.000872518681723507	0.00155622846877394	0.00187628059028018
Visa_mconsumosdolares_rank	0.000867408847366665	0.00160070053526665	0.00279715449962014
tcallcenter_tend6	0.000867333805936344	0.00146772275088953	0.00050648065013698
Master_mpagominimo_rank_tend6	0.000866861942074994	0.00175680433183386	0.0019395906715473
ctarjeta_debito_transacciones_delta2	0.000864030556384362	0.00158427253450985	0.000995694914473836
cliente_antiguedad_lag2	0.000861349970380815	0.0014812338252459	0.00166332849874531
vm_mfinanciacion_limite_rank	0.000856709292269913	0.00120716108228064	0.0019626125192808
rf_001_017	0.000853393391034672	0.0010727559436718	0.00183023689481318
mtransferencias_emitidas_rank	0.000850939447004205	0.00179953904130182	0.000972673066740336
Visa_msaldototal_rank_lag2	0.000850601798970657	0.00112022512798353	0.00203167806248129
vmr_mpagominimo_lag2	0.00084894405098415	0.00105058438167503	0.00168059488454543
vmr_mpagospesos_lag2	0.000847981683765052	0.00100894329758967	0.00176117135161268
cprestamos_personales	0.000845112174947675	0.000339659223226513	2.87773096668739e-05
mcaja_ahorro_rank_lag1	0.000842108485731798	0.00254991848373302	0.00111655961507471
ctarjeta_debito_transacciones_tend6	0.000841296870662295	0.0015548326344089	0.000483458802403481
vm_mlimitecompra_rank_lag2	0.000838530466305464	0.00124883135339141	0.0019165688238138
vm_status02_delta2	0.000837557468609478	0.00132286613877592	0.00154821926007781
ccomisiones_otras	0.000836582002988432	0.000919817282514019	0.000598568041070976
tcallcenter_delta1	0.000833105199791756	0.000984393085805492	0.000541013421737229
Master_msaldopesos_rank	0.000829531644224274	0.00152871210233666	0.00189930243801368
vm_mlimitecompra_rank_delta2	0.000829144651925138	0.00158019565580804	0.00222160830628266
Master_mpagominimo_rank_lag1	0.000826848782242139	0.00158924588699755	0.00227916292561641
ccajas_consultas_tend6	0.000826484623060089	0.0024844148723559	0.000466192416603357
mcuenta_corriente_rank_lag2	0.000819246308849872	0.00150745299939038	0.00114533692474158
rf_009_015	0.000818607871633962	0.00105648252015856	0.00229067384948316
vmr_msaldopesos2_tend6	0.000816472862886551	0.00208864766199722	0.00174966042774593
ctrx_quarter_normalizado_delta2	0.000813342910234821	0.00142990593591003	0.00187628059028018
Visa_fultimo_cierre_tend6	0.000812875733562819	0.00130784086486972	0.00122591339180883
Master_mpagospesos_rank_delta2	0.000809189933337212	0.00171052407477244	0.00204318898634804
vm_msaldopesos_rank_lag1	0.000807036978848238	0.00148210270257997	0.0013697999401432
vm_mpagominimo_rank_lag1	0.000805697358687991	0.00129909570569512	0.00132951170660957
Master_mpagominimo_rank_delta2	0.000799765920801933	0.00110089843940348	0.0018705251283468
ctarjeta_visa_transacciones_tend6	0.00079698327673971	0.00201261039747976	0.000713677279738472
Visa_mpagosdolares_rank_tend6	0.000794882515991165	0.00139107361922086	0.00197987890508092
Visa_cconsumos_delta1	0.000785462036248214	0.00158355234929704	0.00245758224555103
cproductos_tend6	0.000784157967497873	0.00209126908633386	0.000356838639869236
vmr_mpagominimo_lag1	0.000783239429342626	0.000971457295407712	0.00143311002141032
cliente_edad	0.000778931332999886	0.00188932803396009	0.00121440246794208
vmr_mconsumospesos_lag2	0.000771996027776472	0.00115165700943173	0.00156548564587794
Visa_status	0.000770955181424718	0.00181152841390293	0.000989939452540461
Master_mconsumototal_rank_lag1	0.000770712741602573	0.00140010961477672	0.00199138982894767
vm_mfinanciacion_limite_rank_delta1	0.000768920503489528	0.00145225489988141	0.00217556461081566
Master_msaldototal_rank_delta2	0.000768856032356596	0.00117738350340615	0.0018244814328798
ccomisiones_otras_delta2	0.000766706223114104	0.00137727815030628	0.00190505789994705
mtransferencias_recibidas_rank_tend6	0.000765216805844773	0.00150623422237567	0.00134102263047632
vm_mconsumototal_rank_tend6	0.000762244184861323	0.00115700502152897	0.00162879572714506
mcaja_ahorro_dolares_rank_lag2	0.000757116017360535	0.00134476494391126	0.00131224532080945
vmr_Master_mlimitecompra_lag2	0.000755108418920168	0.00108370919012565	0.00208347721988167
vm_msaldototal_rank_tend6	0.000749576447583864	0.00112964543262873	0.00161728480327831
Master_mconsumospesos_rank	0.000745619958930012	0.00129633216360806	0.00173239404194581
Master_mconsumototal_rank_lag2	0.000742995119845716	0.001640111051966	0.00192807974768055
mtransferencias_emitidas_rank_lag2	0.000742521658230608	0.00184748998384495	0.00135253355434307
cliente_antiguedad	0.000742119023476776	0.00183307811464442	0.00140433271174344
Master_mpagominimo_rank_delta1	0.000739847795007353	0.00140823259458133	0.00202592260054792
rf_002_017	0.000734807114740833	0.00106186234372764	0.00134102263047632
vm_fultimo_cierre	0.000731183787395444	0.00128398077645747	0.00166908396067868
mttarjeta_visa_debitos_automaticos_rank_lag2	0.000727497005586424	0.00135429658870789	0.00143886548334369
vmr_msaldototal_lag1	0.000727405111393392	0.00106963738555905	0.00135253355434307
Master_mconsumospesos_rank_lag2	0.000724089102436461	0.0010307352426892	0.00183023689481318
mttarjeta_visa_debitos_automaticos_rank_delta2	0.000721481444733245	0.0015373682689188	0.00143311002141032
Master_cconsumos_lag1	0.000718424448132686	0.00134165982614536	0.00231945115915003
vm_mlimitecompra_rank_tend6	0.00071790660140873	0.00219164772032289	0.00164606211294519
vm_mpagospesos_rank_delta2	0.000715579438936357	0.00119584876383845	0.00169786127034556
vmr_mpagospesos_tend6	0.000715250245898031	0.0014770123634046	0.00165181757487856
vm_mconsumospesos_rank_lag2	0.000712104377490811	0.00117564060588339	0.00143311002141032
numero_de_cliente	0.0007034342275349	0.0020946534292938	0.00115109238667495
ccomisiones_otras_lag1	0.000699722374820301	0.00123384099257555	0.000897852061606464
mttarjeta_visa_debitos_automaticos_rank_lag1	0.000695633698653231	0.00125078627437397	0.00139857724981007
vm_mpagominimo_rank_delta2	0.000695272104711269	0.00125575021596792	0.00142159909754357
mextraccion_autoservicio_rank_lag2	0.00069141215413172	0.00121105271217813	0.00156548564587794
vm_fultimo_cierre_lag2	0.000683721215822446	0.00159305419734838	0.00140433271174344
mtransferencias_recibidas_rank_lag2	0.000683412752071585	0.00119212435624458	0.0018014595851463
cprestamos_personales_lag1	0.000682995608636353	0.00090250839559252	0.000143886548334369
Master_cconsumos_lag2	0.000682705092168157	0.00142123370453462	0.00186476966641343
vm_mconsumospesos_rank_delta2	0.000682234989893485	0.00126314773515731	0.00154821926007781
vmr_msaldopesos2_lag1	0.000681104310899743	0.00133821941546631	0.00162304026521169
vm_mlimitecompra_rank	0.000679744886387374	0.000992304651870194	0.00148490917881069
Master_mconsumospesos_rank_delta2	0.000676012544053701	0.0010807926083495	0.00162879572714506
vm_mconsumospesos_rank	0.000674466517090481	0.00100863125356052	0.000932384833206713
vm_msaldopesos_rank_tend6	0.00067343220107303	0.00103643943723277	0.00141584363561019
rf_007_023	0.000672282712754162	0.00129260725233256	0.00252664778875153
vm_mpagominimo_rank_tend6	0.000672050613436839	0.00133747099757225	0.00154821926007781
ccajas_transacciones	0.000670585103993536	0.00128000593305157	0.00089209659967309
mcaja_ahorro_dolares_rank_delta1	0.000670416706657069	0.00154624814967663	0.00074821005133872
rf_017_026	0.000669883301269707	0.00112753580185481	0.00199138982894767
vmr_msaldototal_delta1	0.000666619144263451	0.00135801002134397	0.00137555540207657
vmr_msaldopesos2_delta2	0.000664263112429277	0.00126601344508809	0.00153670833621106
mtransferencias_emitidas_rank_tend6	0.000656127060600861	0.0016116076815959	0.000978428528673711
vm_msaldototal_rank	0.000656061191423475	0.000928402058851447	0.00120289154407533
vm_msaldopesos_rank_lag2	0.000655650327280406	0.000985811850939812	0.00131224532080945
ccallcenter_transacciones_tend6	0.000655104364542794	0.00220943725207427	0.000776987361005594
Visa_status_tend6	0.000650171852894759	0.000374241527278412	0.000310794944402238
vm_fultimo_cierre_tend6	0.000649871938438401	0.00137466420166552	0.0013007343969427
vmr_msaldopesos2	0.000649762411175954	0.000729166837252923	0.00151368648847757
Master_msaldototal_rank_delta1	0.000649576435443781	0.00146063997970439	0.0018935469760803
vm_mfinanciacion_limite_rank_lag1	0.000646657018737626	0.000963880359517163	0.00141008817367682
rf_020_019	0.000645892321981185	0.000668778484037445	0.000293528558602113
ctrx_quarter_normalizado_delta1	0.000645492532174068	0.00148531253310733	0.000707921817805097
Master_mconsumototal_rank	0.000643350034404174	0.00119944984895983	0.00192807974768055
matm_rank_lag1	0.000639748999612594	0.000780497775188171	0.000604323503004351
mcaja_ahorro_dolares_rank_tend6	0.000635016651185857	0.00151875269928209	0.000707921817805097
mcuenta_corriente_rank_delta1	0.000632339959026567	0.00123566744823101	0.000776987361005594
Master_msaldopesos_rank_delta1	0.000628722116343803	0.000950663965428231	0.00153095287427769
vm_mfinanciacion_limite_rank_delta2	0.000627473178100962	0.00157930557082607	0.00163455118907844
ctarjeta_visa_transacciones_lag2	0.000627431216827538	0.00116498893218254	0.00152519741234431
Master_fultimo_cierre_delta2	0.00062677808403957	0.000990511995903563	0.00154821926007781
mcuenta_debitos_automaticos_rank_delta2	0.000626540072564161	0.0020179688543436	0.000725188203605221
Master_msaldopesos_rank_delta2	0.000625959558771419	0.000979101698128112	0.00129497893500932
vmr_msaldopesos2_lag2	0.000624233680468903	0.00134891480343137	0.00149066464074407
Visa_mpagado_rank_delta1	0.000623444101220435	0.00139942100244971	0.000961162142873587
Master_mpagospesos_rank_delta1	0.000620198463836253	0.00102511378448196	0.00158850749361144
Visa_fultimo_cierre_lag1	0.000620118720881813	0.00111989492490588	0.00128346801114257
Master_Fvencimiento_delta2	0.000617462757850039	0.000993305016621193	0.00141584363561019
vm_fultimo_cierre_lag1	0.000616990640808046	0.00182633331383798	0.00123742431567558
rf_007_016	0.000616203188644878	0.000914546492764652	0.00160577387941156
vm_mconsumototal_rank_delta2	0.000613604003665984	0.000986932224468312	0.00135253355434307
Master_status	0.000602129644318066	0.00112571904869827	0.000972673066740336
mpayroll_rank_lag1	0.000598486358440234	0.00133356486694553	0.000420148721136358
Master_mpagado_rank_tend6	0.000598081058758321	0.00167508848100766	0.00115684784860833
ctarjeta_debito_transacciones_lag2	0.000596376864433305	0.00141273526983366	0.00138706632594332
vm_mlimitecompra_rank_delta1	0.000596260691368203	0.00144461982852608	0.00186476966641343
mcuenta_debitos_automaticos_rank_lag2	0.000591269017907685	0.00173275658224733	0.00102447222414071
mcomisiones_mantenimiento_rank	0.000590028261820397	0.00151107187242643	0.00115684784860833
Master_cconsumos_delta2	0.000589925595518259	0.0010580951231946	0.0018014595851463
Master_msaldototal_rank_lag2	0.000589546521751924	0.00110231969643643	0.00195685705734742
Visa_fultimo_cierre	0.000589015857527144	0.000881891513243489	0.00108202684347446
vm_mpagospesos_rank_delta1	0.000588360263217951	0.00134086756143929	0.00150217556461082
cliente_antiguedad_lag1	0.000582972656281893	0.000920307947957527	0.00115684784860833
vmr_Master_mlimitecompra_tend6	0.0005764225160514	0.00208906603587098	0.00124893523954233
rf_009_023	0.000575321618170993	0.000874295119336001	0.00115109238667495
vm_status05_tend6	0.000567641141006786	0.000454474592383225	0.000161152934134494
rf_013_023	0.00056659122657691	0.00100125412022266	0.00190505789994705
vmr_msaldopesos2_delta1	0.000565467602986993	0.0010589980653131	0.00154821926007781
mcaja_ahorro_dolares_rank_delta2	0.000561139577505262	0.00186246735497648	0.000684899970071598
rf_007_015	0.000557697129694081	0.000321904737113274	0.000282017634735364
Master_delinquency_tend6	0.000557636771247582	0.000945717149009953	0.000857563828072841
rf_001_021	0.000557461671736858	0.000892043773346071	0.000690655432004973
rf_016_015	0.000555741898089432	0.00082217395793079	0.00128922347307595
vmr_Visa_mlimitecompra_tend6	0.000555131044959298	0.0015979614880129	0.00101871676220733
mtarjeta_master_consumo_rank_delta1	0.000553701179610846	0.00132734795100464	0.000345327716002486
mautoservicio_rank_lag1	0.000552411393490653	0.00075458743741609	0.000874830213872965
mcuenta_debitos_automaticos_rank_lag1	0.000549365868456942	0.00190826057840409	0.000679144508138223
vm_msaldototal_rank_lag2	0.000547913179525224	0.00100100967557116	0.00128922347307595
mtransferencias_emitidas_rank_delta2	0.000544810399157792	0.0014102771974049	0.000874830213872965
mplazo_fijo_dolares_rank_tend6	0.000539815350169829	0.00157514301322679	0.000184174781867993
Visa_mpagado_rank_tend6	0.000539626018021964	0.000990447842768694	0.000851808366139466
rf_017_015	0.000539075543202547	0.000723744412821139	0.00145037640721044
cmobile_app_trx_delta1	0.000537999737371733	0.00147277133750812	0.000920873909339964
mautoservicio_rank_delta1	0.000537836958748452	0.000907341936661503	0.000840297442272717
vmr_mpagospesos_lag1	0.000536786605710752	0.000840326617633175	0.00135828901627645
ccajas_transacciones_lag2	0.000535726358708467	0.00100299943011538	0.00117986969634183
rf_019_018	0.000534881647318879	0.000738986322850541	0.000863319290006216
ctransferencias_recibidas_tend6	0.000534347883972332	0.00198587330606423	0.000926629371273338
vm_mpagominimo_rank_delta1	0.000529480839629225	0.00125636772965537	0.00119713608214195
Master_cconsumos_delta1	0.00052543574495194	0.000742530147322618	0.00165757303681193
rf_002_021	0.000525343949053613	0.00107820074217211	0.00138131086400995
cpagomiscuentas_tend6	0.000524170486596957	0.00135788966794219	0.00051799157400373
mttarjeta_visa_debitos_automaticos_rank	0.000523887319469456	0.00109914806618484	0.00100145037640721
rf_014_017	0.000522289466688183	0.000479791725734246	0.000471947878536731
mpagomiscuentas_rank_lag2	0.000521096394233861	0.000853699842278259	0.000938140295140088
vmr_mconsumospesos_delta2	0.000520976686955376	0.00121592670683546	0.00117411423440845
ccajas_transacciones_delta1	0.000520758509131468	0.00155122987918525	0.000402882335336234
mcaja_ahorro_rank	0.000520124089349301	0.00202606877083113	0.000897852061606464
thomebanking_tend6	0.000517792450562843	0.00249081732870626	0.000466192416603357
Master_mconsumosdolares_rank_delta1	0.000517247570968443	0.000785519030450545	0.0018705251283468
ccajas_transacciones_tend6	0.000517081120363489	0.00106686626173787	0.000425904183069733
rf_013_015	0.000516437066165136	0.000804238915205323	0.000897852061606464
Master_mconsumospesos_rank_lag1	0.000511966839475945	0.00111526253837714	0.00166332849874531
mautoservicio_rank_tend6	0.000511004673813148	0.00149067997671196	0.000955406680940212
ctrx_quarter_tend6	0.000508760890248871	0.00130131413170272	0.000903607523539839
chomebanking_transacciones_tend6	0.000505877639818642	0.00096000057939294	0.000926629371273338
vmr_msaldopesos_delta1	0.000504405204970998	0.000920902583894819	0.00140433271174344
ccomisiones_otras_delta1	0.000504025170711156	0.0011423857945512	0.00110504869120796
cmobile_app_trx	0.000502084429912244	0.00177442438796904	0.000443170568869857
rf_020_025	0.000501091948546349	0.000932961358523644	0.000707921817805097
mtransferencias_recibidas_rank_delta1	0.000500665890145695	0.00116169016208184	0.0011626033105417
mcomisiones_mantenimiento_rank_delta1	0.000497978034254673	0.00116693990324068	0.00103598314800746
mextraccion_autoservicio_rank_delta2	0.000487789332840974	0.00150283421226585	0.00104749407187421
ccaja_seguridad	0.00048475756962078	0.00122328104195184	9.78428528673711e-05
vm_msaldopesos_rank_delta1	0.000484736854551884	0.00148808471731091	0.00109929322927458
vm_mpagospesos_rank_lag2	0.000483406583019573	0.000702974252196979	0.00105900499574096
Master_mpagosdolares_rank	0.000479278760486568	0.000965244806563324	0.00169786127034556
mcaja_ahorro_dolares_rank_lag1	0.000473300182976395	0.00193004793734977	0.000938140295140088
mtransferencias_emitidas_rank_lag1	0.000472794500381389	0.00105739943281511	0.00103022768607408
mcaja_ahorro_dolares_rank	0.00047230780065472	0.00165344946955898	0.000742454589405346
vmr_mpagospesos_delta1	0.000466704714024996	0.00132524648517516	0.0012316688537422
ccallcenter_transacciones_delta2	0.000465174946247239	0.00111216972104701	0.000322305868268987
mtarjeta_master_consumo_rank_lag2	0.000460286034260059	0.000963137402592437	0.0012316688537422
rf_009_021	0.000459977512150326	0.000910748998314244	0.00107627138154108
thomebanking_delta2	0.000457055070379965	0.000944759464650334	0.000823031056472592
mplazo_fijo_dolares_rank	0.000456288401307294	0.00189821732561167	0.000201441167668117
rf_008_017	0.000455248088424575	0.000792033489691335	0.000857563828072841
mcomisiones_mantenimiento_rank_lag2	0.000454112053699071	0.00107542492615883	0.000909362985473214
rf_020_012	0.00044892923143318	0.000686606269083706	9.20873909339964e-05
cpayroll_trx_lag2	0.000446000056412114	0.000153280793537377	6.90655432004973e-05
vm_status06_delta2	0.000445383530871918	0.000873385576337094	0.000195685705734742
mtarjeta_master_consumo_rank_tend6	0.000443248825927963	0.00120836366195428	0.000420148721136358
vm_mconsumosdolares_rank_lag2	0.000441464289184671	0.00141680960361772	0.000776987361005594
rf_017_021	0.000440797720338799	0.000826375378544834	0.00109929322927458
mextraccion_autoservicio_rank_tend6	0.000438625287326507	0.00157023797587486	0.000846052904206092
mpagomiscuentas_rank	0.00043171670772842	0.00138147803336585	0.000500725188203605
mtarjeta_visa_descuentos_rank_delta1	0.000430788385096901	0.000760005408241817	0.000776987361005594
vm_cconsumos_delta2	0.000429817688951315	0.000786790985642342	0.00024172940120174
vm_mconsumospesos_rank_delta1	0.000429380067564915	0.000926211812505987	0.00113958146280821
rf_004_026	0.000426133019039385	0.000807181184744983	0.000483458802403481
Visa_fultimo_cierre_lag2	0.000425292850918321	0.00111141639888438	0.000903607523539839
matm_other_rank_delta2	0.000419550780510319	0.00102280732022606	0.00074821005133872
mcuenta_debitos_automaticos_rank_tend6	0.00041681905325501	0.00157641080641769	0.000569790731404103
mextraccion_autoservicio_rank_delta1	0.000416520837290579	0.00109971706737774	0.00049496972627023
ccajas_transacciones_delta2	0.000408871668641066	0.00101251084811782	0.000811520132605843
vm_msaldototal_rank_delta2	0.000407394685883033	0.000781363471375064	0.00115109238667495
ccaja_seguridad_lag2	0.000405760842734733	0.000651558616217968	8.63319290006216e-05
vmr_mpagado_tend6	0.000401956752033784	0.000992642171586372	0.000615834426871101
mplazo_fijo_dolares_rank_delta1	0.000401122749619154	0.00106753456774202	0.000143886548334369
vmr_mconsumosdolares_lag2	0.000396218177728992	0.000876181088953351	0.00089209659967309
mpagomiscuentas_rank_delta2	0.000396181008784119	0.00127230159221632	0.000575546193337477
rf_015_017	0.000395149012769082	0.000982694061604298	0.000684899970071598
matm_rank_lag2	0.000392341139027159	0.000987233611654397	0.00105900499574096
mtarjeta_visa_descuentos_rank_delta2	0.000391786807426503	0.000609628922554376	0.000736699127471971
vmr_mconsumosdolares_lag1	0.000389636920079874	0.000782613105517457	0.00077123189907222
mprestamos_prendarios_rank_lag1	0.000388300867392416	0.00226761134128305	0.000218707553468241
rf_001_018	0.000387061355659139	0.000934813820057327	0.000650367198471349
rf_017_023	0.000381576470960697	0.000789119983024126	0.000656122660404724
catm_trx_lag2	0.00038003671020345	0.000767126406212278	0.000523747035937104
vmr_Master_mlimitecompra_delta2	0.000377976484636724	0.000836757503040989	0.00102447222414071
Visa_mpagado_rank_delta2	0.000374975035592313	0.000852432817864596	0.000569790731404103
Visa_msaldodolares_rank_delta1	0.000374031455194314	0.000761264585825761	0.000673389046204848
matm_rank_tend6	0.000370995619372042	0.00117706522963044	0.000684899970071598
mv_status07_rank_delta2	0.000368006458362267	0.000703717686293783	0.000351083177935861
mplazo_fijo_dolares_rank_delta2	0.000367230332015126	0.00186641844581673	0.000276262172801989
rf_004_017	0.00036664937091469	0.000764492416344267	0.000155397472201119
mtransferencias_emitidas_rank_delta1	0.000364491489060497	0.00123714503807867	0.000512236112070355
rf_011_028	0.000363874310978521	0.000749969737183514	0.000558279807537353
ccajas_consultas_delta2	0.000363871399565809	0.000829325388875974	0.00026475124893524
Master_msaldodolares_rank_delta2	0.000363000866991264	0.000944383824187072	0.000788498284872344
Visa_mpagado_rank_lag2	0.000361588149794816	0.000823377120814743	0.000633100812671225
vmr_mconsumospesos_lag1	0.000356278440236429	0.000831268141970551	0.000834541980339342
mttarjeta_visa_debitos_automaticos_rank_delta1	0.000355529356814545	0.00115205907992617	0.000782742822938969
vm_status04_delta2	0.000354535189560015	0.000868642538905485	0.000195685705734742
mcuenta_debitos_automaticos_rank_delta1	0.000354480085298203	0.00126453068587626	0.000454681492736607
rf_005_022	0.000353432791841833	0.000585652404155198	0.000178419319934618
ctarjeta_visa_debitos_automaticos_delta2	0.00035093160709246	0.000824828307140776	0.000379860487602735
ctransferencias_emitidas_tend6	0.000349650239887708	0.00143343836127137	0.000552524345603978
Visa_msaldodolares_rank_lag1	0.00034915090657321	0.000675024321908141	0.000719432741671847
rf_017_027	0.000345109621443458	0.000602127989571956	0.000656122660404724
rf_004_021	0.000339538187497201	0.000903842356644838	0.000592812579137602
vmr_mconsumospesos_delta1	0.000339236674314143	0.00118825130954856	0.00088058567580634
rf_010_021	0.000339199861306351	0.000678320149447697	0.000541013421737229
ctarjeta_debito_tend6	0.000337357702344208	0.00245994379160791	0.000276262172801989
vmr_mconsumosdolares	0.000335016633142268	0.000945916659957484	0.000598568041070976
Visa_msaldodolares_rank_tend6	0.000333259084132211	0.00108579215228234	0.000656122660404724
vm_mconsumosdolares_rank	0.000333129971866072	0.000493895394791801	0.00051799157400373
ccajas_extracciones_tend6	0.000331631322367083	0.00213663091969382	0.000431659645003108
rf_006_022	0.000329408778246026	0.000702956755887469	0.000552524345603978
vm_mconsumospesos_rank_lag1	0.000327124653456117	0.000616708963254848	0.00075972097520547
rf_013_026	0.000326195404898863	0.00118073733386269	0.0006388562746046
thomebanking_delta1	0.000321425657002241	0.00111320004160066	0.000552524345603978
cprestamos_personales_delta2	0.000320503718205827	0.000577522293278984	8.63319290006216e-05
cextraccion_autoservicio_lag2	0.000320315744918396	0.000907078458146022	0.000615834426871101
vm_cconsumos_lag1	0.000315438147871816	0.000715452832215798	0.000500725188203605
active_quarter_lag1	0.000310644601647417	0.000818399049625386	0.000546768883670603
ctransferencias_recibidas_delta2	0.000298208978971978	0.00116588275501245	0.000523747035937104
mpayroll_rank_delta1	0.000295396430235998	0.000962298454551445	0.000247484863135115
matm_rank_delta2	0.000292267328143552	0.00121203080889884	0.000684899970071598
rf_016_023	0.000291795907591882	0.000708714685308882	0.000166908396067868
rf_009_018	0.00028927780358794	0.000858315050612207	0.000667633584271474
cextraccion_autoservicio_tend6	0.000287266114138564	0.000865952189713205	0.000466192416603357
vmr_mconsumosdolares_delta2	0.00028531924386198	0.000743682199775154	0.000460436954669982
Master_mpagado_rank_lag2	0.000283191014443732	0.000859330578831448	0.000753965513272095
Visa_mpagado_rank_lag1	0.000279816114763858	0.000510036880225602	0.000621589888804475
ctarjeta_visa_transacciones_lag1	0.000279414205893064	0.000381015170485985	0.000471947878536731
rf_008_021	0.000277672108555453	0.000588127840345667	0.000564035269470728
ctarjeta_visa_transacciones_delta1	0.000275880158418774	0.00150559905332135	0.00024172940120174
matm_other_rank_tend6	0.000275479889425792	0.00111684918855407	0.00037410502566936
vm_mpagado_rank_tend6	0.000271850116820467	0.000859213645162891	0.000420148721136358
ctransferencias_recibidas_lag2	0.000271731972957991	0.00103083043851867	0.000569790731404103
vm_mpagado_rank_delta2	0.000268882092771831	0.00112776473841379	0.000333816792135737
cextraccion_autoservicio_delta2	0.000267570765693003	0.000810957100413662	0.000477703340470106
rf_007_020	0.000261332585635718	0.000599160482931306	0.000305039482468863
ctarjeta_visa_debitos_automaticos_lag2	0.000261063088758469	0.000811184764513767	0.000558279807537353
vm_cconsumos_lag2	0.000258664273728823	0.000598488173983615	0.000546768883670603
vmr_mpagado_delta2	0.000250395519672252	0.00102852103170162	0.000368349563735985
cproductos	0.000250269336532003	0.000171311933417349	3.45327716002486e-05
rf_011_025	0.000235881302059073	0.000520552003183591	0.000552524345603978
catm_trx_tend6	0.000234759387102212	0.00152924001371178	0.000489214264336856
rf_004_016	0.000233056582273696	0.000499505665964776	0.000633100812671225
rf_012_018	0.000230811179354389	0.000857417967106436	0.000431659645003108
rf_002_020	0.000230178665910901	0.00145013352537247	0.000235973939268366
ctarjeta_debito_lag2	0.000228264241975212	0.00112545901642557	0.000235973939268366
mcheques_emitidos_rank_lag1	0.000227248053177392	0.00162544188097744	0.000189930243801368
vm_status01_lag2	0.000222434334844735	0.0015570892341827	0.000598568041070976
vm_mconsumosdolares_rank_delta2	0.000218157268637983	0.000842501514943474	0.000431659645003108
vm_Finiciomora_lag2	0.00021742380661896	0.00166200877020938	0.000282017634735364
rf_016_017	0.000216785330714389	0.000679261265332401	0.000351083177935861
ccallcenter_transacciones_lag2	0.000216361098032802	0.000684325757686912	0.000379860487602735
cpayroll_trx_tend6	0.00021601608731321	0.00123075713547666	0.000339572254069112
cproductos_lag1	0.000215699709844273	0.000441706050798622	0.000149642010267744
vmr_mconsumosdolares_tend6	0.00021491974590644	0.00129638459951747	0.000489214264336856
cproductos_lag2	0.000211217627495731	0.000286016466104273	0.000126620162534245
vm_status05_delta2	0.000210624331344387	0.000712287060576931	0.000195685705734742
rf_011_018	0.000210570807363283	0.000248390201841078	0.000109353776734121
vm_status03_tend6	0.000208425855360724	0.000808773401929488	0.000143886548334369
ccuenta_debitos_automaticos_tend6	0.000207556401087027	0.000798021336525441	0.000161152934134494
rf_014_019	0.000207324922035207	0.000595145848676059	0.00026475124893524
rf_011_022	0.00020581775529536	0.000631892446214312	0.000408637797269609
mforex_sell_rank_tend6	0.000202764564103376	0.00131892215249771	0.000293528558602113
rf_010_016	0.000199920617400025	0.000471712804818128	0.000316550406335612
matm_rank_delta1	0.000198458748052648	0.000732276010981482	0.000351083177935861
rf_004_015	0.000198085149838439	0.000546452293832484	0.000448926030803232
rf_013_018	0.00019739061349778	0.000440203435926455	0.000201441167668117
ccomisiones_mantenimiento_delta2	0.00019633385343707	0.00067290795770602	0.000115109238667495
mcajeros_propios_descuentos_rank_delta2	0.000194586984059263	0.000750049239353544	0.000546768883670603
Visa_mpagado_rank	0.000194447517894538	0.000804134971221099	0.000454681492736607
ccallcenter_transacciones_delta1	0.000189346898345149	0.00104074090492574	0.000189930243801368
rf_017_018	0.000188723828576431	0.000360068721288734	0.00013237562446762
rf_008_022	0.000187026851345795	0.000715215492126342	0.000402882335336234
vm_mconsumosdolares_rank_lag1	0.000186871385920642	0.000953148573926412	0.000448926030803232
ctarjeta_debito_transacciones_lag1	0.000186632723129329	0.000663417084612466	0.000258995787001865
mpayroll_sobre_edad_rank_lag1	0.000185412681572377	0.00078489009114279	0.00024172940120174
cpagomiscuentas_delta2	0.000184407913085863	0.000786722352391856	0.000138131086400995
tcuentas_lag2	0.00018423267985362	0.000968459620887938	0.000126620162534245
ccajas_otras_tend6	0.00018046762652223	0.00132765352670119	0.000184174781867993
mtarjeta_master_descuentos_rank_delta2	0.000179498413644022	0.000366935041917589	0.000500725188203605
mpagomiscuentas_rank_delta1	0.000178584341649944	0.000809493269027574	0.000345327716002486
mcajeros_propios_descuentos_rank_lag2	0.000177488550876369	0.00058290357487386	0.000270506710868614
rf_014_020	0.000176504681749463	0.00090082214899918	9.78428528673711e-05
vmr_mpagosdolares_tend6	0.000175447130092753	0.00112175390779129	0.000270506710868614
mv_status07_rank_tend6	0.000169575122431386	0.000655741559668787	0.000230218477334991
vm_mconsumosdolares_rank_tend6	0.00016856422363392	0.000456071528269386	0.000356838639869236
rf_013_022	0.000167054420381062	0.000616021199233756	0.000138131086400995
rf_015_021	0.00016564045927737	0.000498216320501708	0.000368349563735985
mplazo_fijo_dolares_rank_lag2	0.000165286097607186	0.00110501333281413	0.000172663858001243
vmr_mpagado_lag2	0.000164112056052355	0.000383049089956931	0.000339572254069112
ccajas_depositos_delta2	0.000161212546959089	0.0011018680795746	0.000310794944402238
cforex_sell_tend6	0.000155504650600823	0.00133364187721693	0.000155397472201119
vmr_mconsumosdolares_delta1	0.000153693737990823	0.000701764355884821	0.000339572254069112
vm_mpagado_rank_lag2	0.000150675293820349	0.000596636587265408	0.000316550406335612
catm_trx_delta2	0.000150195254957843	0.000815674953763401	0.000305039482468863
rf_015_018	0.000149608528058467	0.00125687326696196	0.000172663858001243
mtarjeta_master_descuentos_rank_lag2	0.000144962570411702	0.000305666173671254	0.000310794944402238
ctarjeta_debito_transacciones_delta1	0.000144035565846769	0.00149732799111534	0.000224463015401616
minversion2_rank_lag1	0.000143827109113354	0.00115255897069651	0.000115109238667495
matm_other_rank_lag1	0.000142483557481337	0.00071299279807961	0.000282017634735364
vm_mpagado_rank_delta1	0.000141575135590698	0.000704621079074802	0.000230218477334991
rf_010_022	0.000140878328195741	0.000451280057871907	0.000155397472201119
vmr_mpagado_lag1	0.00013956414629581	0.000668913762321427	0.000276262172801989
mtarjeta_master_consumo_rank_lag1	0.000137127918720383	0.000290201848434599	0.000362594101802611
vmr_msaldodolares_tend6	0.000133802322163251	0.000761467516506514	0.00025324032506849
ccajas_extracciones_delta2	0.000133363305713839	0.000571542213745917	0.000189930243801368
vm_cconsumos_delta1	0.000133044207770692	0.000558358797549454	0.000212952091534867
ccajas_consultas	0.00013301361564423	0.000215754945432454	1.72663858001243e-05
rf_005_008	0.000132776622180801	0.000675078533958061	0.00026475124893524
mttarjeta_master_debitos_automaticos_rank_lag2	0.000130024433556354	0.000427456817747858	0.000230218477334991
mtarjeta_visa_descuentos_rank	0.000128550485316806	0.000669264218702819	0.000299284020535488
tcuentas_lag1	0.00012821292151362	0.0011480344250573	0.00012086470060087
internet_delta2	0.000127926443027422	0.000779355160138946	0.000178419319934618
ctarjeta_master_transacciones_delta2	0.000127837136681646	0.000841385011810715	0.00026475124893524
vm_cconsumos	0.000127739875239279	0.000517130308253805	0.000287773096668739
vmr_msaldodolares2_lag2	0.000126038222444592	0.00116393143933004	0.000345327716002486
cpayroll_trx_lag1	0.000126023849825725	0.000114518011423726	2.30218477334991e-05
catm_trx_other_lag2	0.000121926555900782	0.000155039517267383	0.000184174781867993
mtarjeta_visa_descuentos_rank_lag1	0.000117670264811792	0.00031955254386661	0.000282017634735364
mforex_buy_rank_tend6	0.000117287915934864	0.00138606964819152	0.000178419319934618
mv_status07_rank_delta1	0.000115536983737278	0.000735761806027018	0.000212952091534867
vm_mconsumosdolares_rank_delta1	0.000114619456913107	0.00051868769187665	0.00024172940120174
vmr_mpagado_delta1	0.000114064267999724	0.000409251854683863	0.000178419319934618
rf_018_022	0.000110089151838164	0.0007822713442717	0.000247484863135115
vmr_mpagado	0.000108578127853435	0.000612046514885223	0.000172663858001243
mv_status07_rank_lag1	0.000107414858459716	0.000549574430735816	0.000299284020535488
rf_005_016	0.000107388528370071	0.000627244498573932	0.000189930243801368
ctarjeta_visa_descuentos_lag2	0.000106070115613377	0.000527423201571461	0.000287773096668739
ccajas_otras_delta2	0.000103611766747311	0.000558113955254558	0.000166908396067868
cforex_buy_tend6	0.000101634068628082	0.00124592786733783	0.000143886548334369
cforex_tend6	9.85993527099916e-05	0.00113735600321055	0.000178419319934618
vm_msaldodolares_rank_tend6	9.60731041718568e-05	0.000561800215591779	0.000184174781867993
cpagomiscuentas_lag2	9.50821516814198e-05	0.000390879033086814	0.000109353776734121
rf_012_015	9.44556125751309e-05	0.00057240234292524	0.000287773096668739
matm_other_rank_delta1	9.43459896344978e-05	0.000873761428876835	0.000230218477334991
mttarjeta_master_debitos_automaticos_rank_delta2	9.20858004049376e-05	0.000567581579464111	0.000166908396067868
matm_other_rank	8.84377012921095e-05	0.000737506426671177	0.000189930243801368
ctarjeta_master_debitos_automaticos_tend6	8.58325112378117e-05	0.00155701577619231	0.000178419319934618
ctransferencias_emitidas_lag2	8.54077862719409e-05	0.000715525256333344	0.00013237562446762
ctransferencias_recibidas_lag1	8.45841405939104e-05	0.000852848964935329	0.000126620162534245
vm_mpagosdolares_rank_tend6	8.30627155137043e-05	0.000478678085633952	0.00013237562446762
minversion2_rank	8.05069664439657e-05	0.000625153848644878	5.75546193337477e-05
mttarjeta_master_debitos_automaticos_rank_delta1	8.04292659303837e-05	0.000692530307407222	0.000166908396067868
ctransferencias_recibidas_delta1	8.00262404950887e-05	0.000730975345936352	0.000109353776734121
vm_mpagado_rank	7.36658145306176e-05	0.000346033261328707	0.00013237562446762
rf_003_018	7.13440612109313e-05	0.000229966137264814	0.000115109238667495
vm_mpagado_rank_lag1	7.10621546275852e-05	0.00014681431659994	0.000149642010267744
mv_status07_rank_lag2	6.76881702060105e-05	0.000400920536248287	0.000212952091534867
ccomisiones_mantenimiento_lag2	6.6347671716402e-05	0.000521885301496912	0.000103598314800746
minversion2_rank_lag2	6.52021941224771e-05	0.000360045896557692	6.33100812671225e-05
vm_msaldodolares_rank_delta2	6.41312402364712e-05	0.000528428868234432	0.000115109238667495
mttarjeta_master_debitos_automaticos_rank_lag1	6.27330731606735e-05	0.000324696379333791	0.000166908396067868
active_quarter_tend6	6.21300420910442e-05	0.000976671619794569	0.000143886548334369
rf_011_019	6.17807412037779e-05	0.000217877671928942	0.00012086470060087
ctransferencias_emitidas_delta1	5.70287076163435e-05	0.00101267685098169	0.00013237562446762
cpagomiscuentas_lag1	5.47280000109752e-05	0.000380971668298249	0.000109353776734121
cseguro_accidentes_personales	5.36674575275858e-05	0.000940754267798398	0.000103598314800746
catm_trx_other_delta1	5.06634885262977e-05	0.000269071290344098	5.75546193337477e-05
cplazo_fijo_lag2	4.89264852270429e-05	0.000431253675968829	5.1799157400373e-05
cliente_edad_tend6	4.87145885046843e-05	0.0006332010641274	8.05764670672468e-05
mforex_sell_rank_lag1	4.77970816182094e-05	0.000378317478145623	0.000126620162534245
mttarjeta_master_debitos_automaticos_rank	4.72811861705532e-05	0.000433907070834659	9.78428528673711e-05
cprestamos_prendarios	4.66412855462628e-05	7.19577083501079e-05	5.75546193337477e-06
cextraccion_autoservicio_lag1	4.62398841268774e-05	0.000512961308831474	9.78428528673711e-05
mpagodeservicios_rank_tend6	4.58549114032686e-05	0.000490754356572287	8.63319290006216e-05
cplazo_fijo	4.50650102943375e-05	0.000215873125050324	1.72663858001243e-05
ctransferencias_emitidas_lag1	4.3029475049045e-05	0.00054917241326049	9.78428528673711e-05
vm_status04_delta1	4.13061401170807e-05	0.000396551310120309	6.33100812671225e-05
ccallcenter_transacciones	4.0350405276946e-05	0.000211997878060837	1.72663858001243e-05
vm_msaldodolares_rank	4.03202217560602e-05	0.000572066201706174	9.78428528673711e-05
vmr_mpagosdolares_delta1	4.01627883899027e-05	0.000629882252799443	0.000103598314800746
cplazo_fijo_lag1	3.94399593082953e-05	0.000318405819835606	2.87773096668739e-05
rf_013_024	3.88468324689069e-05	0.000177865679825856	8.63319290006216e-05
ctransferencias_emitidas	3.88382037281743e-05	0.000546169754943462	6.33100812671225e-05
cliente_edad_delta2	3.43782456025576e-05	0.000352685623299906	8.05764670672468e-05
cseguro_vida_tend6	3.3882448274653e-05	0.000581534488654724	7.4821005133872e-05
ccallcenter_transacciones_lag1	3.380940088896e-05	0.000385371512967869	7.4821005133872e-05
cpagodeservicios_tend6	2.83266942572031e-05	0.000631301017933763	6.90655432004973e-05
ctarjeta_visa_debitos_automaticos_lag1	2.75497242572787e-05	0.000344217382987636	5.1799157400373e-05
ccuenta_debitos_automaticos_lag2	2.74505756462616e-05	6.67648567067395e-05	5.75546193337477e-05
cseguro_vida	2.66774721829157e-05	5.97864006396635e-05	2.30218477334991e-05
mtarjeta_master_descuentos_rank_tend6	2.61888842987251e-05	0.000788987302677011	8.05764670672468e-05
catm_trx_delta1	2.38419669896052e-05	0.000238294327572326	4.60436954669982e-05
ctransferencias_recibidas	2.24671082209953e-05	0.000461800853875707	4.02882335336234e-05
ccuenta_debitos_automaticos_delta1	1.87739204547898e-05	9.66869391920422e-05	1.72663858001243e-05
internet_delta1	1.6389662224493e-05	0.000186067313494581	4.60436954669982e-05
active_quarter_delta1	1.60290981291648e-05	0.000215194215222227	5.1799157400373e-05
catm_trx_lag1	1.42344076374241e-05	0.000272850890841598	4.02882335336234e-05
ctarjeta_visa_debitos_automaticos_delta1	1.3897233199819e-05	0.000140545229845244	2.87773096668739e-05
cliente_edad_delta1	1.19693298763458e-05	2.14450144895985e-05	2.30218477334991e-05
catm_trx	7.63250680240779e-06	0.000222322079168692	2.30218477334991e-05
cpagomiscuentas	7.50495388140569e-06	0.000192501077635147	1.72663858001243e-05
ctarjeta_visa_debitos_automaticos	5.96232223441571e-06	0.000113380009037918	1.72663858001243e-05
ctarjeta_master_debitos_automaticos_lag2	4.32525641651179e-06	4.07534379829004e-05	1.15109238667495e-05
cextraccion_autoservicio	3.22825243241446e-06	0.000142029181987268	1.15109238667495e-05
cpagodeservicios_delta2	1.94111380942287e-06	1.95856074512318e-05	5.75546193337477e-06
ctarjeta_debito	7.41207185891214e-07	7.19577083501079e-05	5.75546193337477e-06
