Feature	Gain	Cover	Frequency
rf_017_015	0.0793692161256331	0.00354501414873564	0.000669289975651692
mcuenta_corriente_rank	0.0288140028488642	0.00340102134581008	0.00120587590440693
rf_018_026	0.0232005327297814	0.00213864673673593	0.00176554079783981
mcuentas_saldo_rank	0.0231311785395578	0.00326487170075503	0.00106163237517165
Visa_status	0.0187456727065894	0.000881921224358007	0.000594283340449348
rf_012_013	0.0181310285215326	0.00209907965247537	0.000265408093792912
rf_001_025	0.0179618022636555	0.00140555312423714	0.00273485731430088
rf_020_027	0.0163614577580771	0.00197066570171416	0.00157513933924924
cdescubierto_preacordado_tend6	0.012806270163355	0.00186985263707698	0.000248098870284679
Master_status	0.0117995735534937	0.00212961758705747	0.00141358658650573
mtransferencias_recibidas_rank	0.0112261926767767	0.00147275207653394	0.00140204710416691
Visa_mpagominimo_rank	0.0100801079012599	0.00213570114063654	0.00311566023148202
rf_003_026	0.00890701960711346	0.000902349561098642	0.000473118775891714
mautoservicio_rank_lag1	0.00798683819862589	0.000971725689690589	0.000732757128515215
mprestamos_personales_rank	0.00748619341683452	0.00273713706454558	0.000484658258230536
mprestamos_personales_rank_delta2	0.00671349401663674	0.00301863935020831	0.000582743858110525
vm_msaldopesos_rank_lag2	0.00655648601960547	0.00123029901957008	0.00156936959807983
cproductos_tend6	0.00627715272126876	0.00200290601084153	0.000375033176011724
rf_011_015	0.00610801214892568	0.000942142118986945	0.00153475115106336
rf_006_015	0.00596713977443167	0.00167582649185275	0.0013443496924728
vm_status01_delta2	0.00591868131574379	0.00118895836548719	0.000623132046296403
rf_017_021	0.0058189757853685	0.00153653355032975	0.000969316516461071
ccomisiones_otras	0.00566879261311354	0.0014124769504084	0.000738526869684626
mcaja_ahorro_rank_lag2	0.00526348180702631	0.00131751886227123	0.000946237551783427
rf_010_026	0.00511803672216937	0.000734391223352128	0.000461579293552891
mcomisiones_mantenimiento_rank_tend6	0.0051037557436067	0.00208714120129758	0.00118279693972928
mprestamos_personales_rank_lag1	0.00489735650159224	0.00242418272008758	0.000830842728395204
vm_mconsumospesos_rank_lag1	0.00488020594309406	0.0010564843903018	0.00125780357493163
Visa_msaldopesos_rank_lag1	0.00449063575034006	0.00144773873238961	0.00214057397385153
mcomisiones_rank_lag2	0.00431310326964269	0.00320944829474273	0.00571781349888644
mrentabilidad_rank_lag2	0.00403384506328532	0.00286404034463095	0.00417729260665367
mautoservicio_rank_delta2	0.00373803482583639	0.0016104385085966	0.00140204710416691
vm_mpagospesos_rank_lag1	0.00367736701771344	0.00085610540134634	0.000848151951903438
mcaja_ahorro_rank_lag1	0.00366570366140708	0.00171113827096057	0.00101547444581636
vm_status04	0.00352961691817525	0.000818453909256168	0.000640441269804637
mcuentas_saldo_rank_tend6	0.0034746812093608	0.00226939316785992	0.00205402785631037
rf_006_021	0.00346897130544152	0.002430847013568	0.00560241867549822
rf_010_023	0.00341470736988133	0.00154274829047773	0.00391188451286075
Visa_cconsumos	0.00339019781395585	0.00191718019064097	0.00326567350188671
rf_014_022	0.00331441163025384	0.00126908853147508	0.00278678498482558
mpayroll_rank_delta1	0.00320016038470988	0.00137069913049786	0.000386572658350546
vmr_mpagospesos	0.00318133538727245	0.00130841530866265	0.00156936959807983
mrentabilidad_annual_rank_delta2	0.00307689355899739	0.0032309308318124	0.00646787985090989
rf_015_020	0.00303029576568387	0.000255127552110629	0.000138473788065867
Master_mpagospesos_rank	0.00282174800085936	0.0016751156963012	0.00215211345619036
rf_017_027	0.0028081838557441	0.000763907570144363	0.000617362305126992
mcomisiones_rank_delta2	0.00280474083935653	0.0030302752411839	0.00664674182716163
rf_004_026	0.00279340031034376	0.000666259789138648	0.000576974116941114
vm_mpagominimo_rank_lag2	0.0027827107791259	0.00163073018827789	0.00227327802074799
rf_008_021	0.00274506429575818	0.000766577406184624	0.000628901787465814
Master_mpagominimo_rank_delta2	0.00270121329874629	0.00127648003197837	0.00178285002134804
mcaja_ahorro_rank	0.00261293541090805	0.00201040429111021	0.00091161910476696
Visa_cconsumos_tend6	0.00258623248169428	0.00258254805313345	0.00417152286548425
mcomisiones_otras_rank_delta2	0.00256258190953588	0.00294697113872148	0.00598899133384876
foto_mes	0.00251932890022215	0.00311588226232035	0.000513506964077592
mprestamos_personales_rank_delta1	0.00250229296254388	0.0042850574144327	0.000796224281378737
vm_status02_delta2	0.00242851770200424	0.00131506200715218	0.00118279693972928
mpasivos_margen_rank_lag1	0.00242103585955599	0.00166332723650321	0.00237136362062798
mrentabilidad_annual_rank	0.00241738715501085	0.00246516263740644	0.00263100197325148
mcuenta_corriente_rank_lag1	0.00239052100109959	0.00294569780316949	0.00125203383376222
ctarjeta_visa_transacciones_tend6	0.00238878231901903	0.00191769730979048	0.00118279693972928
Visa_mpagospesos_rank_delta2	0.00236543868501737	0.00273066899860938	0.00548702385210999
internet_lag1	0.00228758351994612	0.00130687938956938	0.000248098870284679
mactivos_margen_rank_lag1	0.00227766646417181	0.00355707289810232	0.0023829031029668
vm_status02_tend6	0.00225534706430432	0.00148302155471869	0.00145397477469161
mpayroll_rank_delta2	0.00223393271883779	0.00119531444417191	0.000461579293552891
mcomisiones_otras_rank_lag2	0.00222014883319391	0.00259885582184894	0.00470810879423949
Master_fechaalta_lag1	0.00219790471970976	0.00313120702598388	0.00526777368767237
mtarjeta_visa_consumo_rank_delta1	0.00215238820109305	0.00115665572432929	0.000894309881258727
mpasivos_margen_rank_delta1	0.00214858076107023	0.00271486362079988	0.00485235232347477
chomebanking_transacciones_delta2	0.0021431980603007	0.00363594635041303	0.00421191105367013
mrentabilidad_rank_delta2	0.00213816049663578	0.00313194172863068	0.00563126738134527
mrentabilidad_annual_rank_lag2	0.00213706953258771	0.00245156583861126	0.00438500328875247
vmr_msaldototal_tend6	0.00210841404203201	0.00184846417666267	0.00176554079783981
Master_fultimo_cierre_tend6	0.00210171250915127	0.00244335216021494	0.00321951557253142
mpasivos_margen_rank_delta2	0.00207974887560662	0.00244615654927976	0.00534278032287472
mactivos_margen_rank_delta2	0.00207551631592344	0.00321842505395502	0.00485812206464418
mcuenta_debitos_automaticos_rank	0.00207547634633797	0.00176421807152617	0.000548125411094058
Visa_mpagospesos_rank_lag1	0.0020623553763857	0.00204699248292089	0.00337529858410552
mactivos_margen_rank_lag2	0.00206181118814423	0.00315871459816515	0.00417152286548425
mcomisiones_rank_delta1	0.0020395155974072	0.00289108510806062	0.00454655604149598
vmr_Visa_mlimitecompra	0.00203506162915854	0.00141795538358305	0.0022271200913927
vm_status01	0.00202280127691254	0.00123987174663549	0.00065775049331287
rf_007_021	0.00199479728779639	0.00115612400843846	0.00238867284413621
Master_fechaalta	0.00198412020894636	0.00241767057462262	0.00425806898302542
Visa_mpagominimo_rank_lag2	0.00194521803038059	0.00180045197017934	0.0024348307734915
ccaja_ahorro_tend6	0.00194155574319429	0.0029656976006251	0.000294256799639968
mcuenta_debitos_automaticos_rank_lag2	0.00193728805134474	0.00175561682992228	0.000871230916581082
mrentabilidad_rank_delta1	0.00192129921041461	0.00213540226249521	0.00402150959507957
mttarjeta_visa_debitos_automaticos_rank_delta2	0.00191966323626843	0.00122869808580193	0.00125780357493163
internet_lag2	0.00191841005937046	0.00104998826180165	0.000409651623028191
vm_status06_tend6	0.00189514886814927	0.000671382877138397	0.000219250164437623
Visa_mpagospesos_rank_lag2	0.00188509481082047	0.00188917480382936	0.00354839081918785
chomebanking_transacciones_lag2	0.00187901906661643	0.00273554433651309	0.00451770733564892
Visa_mconsumosdolares_rank_lag1	0.00187401216188544	0.00241919095015891	0.00400997011274074
mrentabilidad_rank	0.00186328507353957	0.00247064738268545	0.00252714663220208
ctrx_quarter_normalizado_delta2	0.00186231155662535	0.00194749991051533	0.00241175180881386
rf_016_023	0.001860125334707	0.00101443322997215	0.000242329129115268
mactivos_margen_rank_delta1	0.00185774427566425	0.00274196198451573	0.00447731914746305
Master_mconsumospesos_rank_tend6	0.00185342077184902	0.00264461920965267	0.00282717317301146
cprestamos_personales_lag1	0.00185076347328534	0.00106684455238583	0.00015001327040469
cprestamos_personales_tend6	0.0018440270786014	0.00256513037976795	0.00040388188185878
rf_019_021	0.00183406877761536	0.00251228341695185	0.00559087919315939
ctrx_quarter_normalizado	0.00183327896932941	0.00112567347020129	0.000877000657750493
mcuentas_saldo_rank_delta2	0.00183295605274438	0.00216331373045406	0.00256753482038796
mcomisiones_rank	0.00182784473256408	0.00224578487184518	0.0030060351492632
Visa_Fvencimiento_lag2	0.00182325746052472	0.00226981355401014	0.00388880554818311
mcomisiones_otras_rank_delta1	0.00182024375913335	0.00207406425689713	0.00323682479603965
vm_fechaalta	0.00180974930350717	0.00232036375245396	0.00347915392515492
vm_cconsumos_tend6	0.00179594103981895	0.00138501758692416	0.00096354677529166
Visa_mpagominimo_rank_lag1	0.00179507234462365	0.00143883763952831	0.00225596879723976
Master_Fvencimiento_tend6	0.0017848810825951	0.00153030487095131	0.00197902122110802
Visa_mpagospesos_rank_tend6	0.00177866864514993	0.00229872222925577	0.00482350361762771
vm_mpagospesos_rank	0.0017355142468288	0.00112543100649265	0.00131550098662574
Visa_mconsumototal_rank_delta1	0.00173289600990143	0.00181273934922594	0.00395227270104663
rf_007_020	0.00171349863913545	0.000895368873387293	0.000415421364197602
Visa_msaldopesos_rank	0.00170031212583775	0.00172221369967006	0.00237713336179739
vm_Finiciomora	0.00168502139770475	0.00518862594808455	0.000646211010974048
vmr_mpagominimo_tend6	0.00167821419613842	0.00143077216408222	0.00130396150428692
vm_status04_delta1	0.00167718534133063	0.000745645232014071	0.000132704046896456
Visa_mconsumototal_rank_lag1	0.00167405054340426	0.00237418498857767	0.00441962173576893
Master_msaldopesos_rank	0.00167267250403204	0.00180924580986744	0.00220404112671506
Master_mfinanciacion_limite_rank	0.00167072031391027	0.00264240068907398	0.00443693095927717
Visa_mpagospesos_rank	0.00167065655445924	0.00186766254726834	0.0033637591017667
Visa_mconsumospesos_rank_tend6	0.00166780802693181	0.00177785013920444	0.00354839081918785
Master_mlimitecompra_rank_tend6	0.00166006267397307	0.00215859595845538	0.00411382545379014
mrentabilidad_annual_rank_lag1	0.00166004615579901	0.00295655204522211	0.00273485731430088
vm_mconsumototal_rank_tend6	0.00165092943995848	0.000968014829839135	0.00118279693972928
ctrx_quarter_normalizado_lag2	0.00164822428627927	0.00180229986503049	0.00192709355058332
cdescubierto_preacordado_delta2	0.00164740673673446	0.00106281064429343	0.00015001327040469
mcomisiones_mantenimiento_rank_delta2	0.00163070695566328	0.00210342351119216	0.00119433642206811
Master_Fvencimiento_lag2	0.00162550289119608	0.00193568162602425	0.00375033176011724
Master_mfinanciacion_limite_rank_tend6	0.00161977231123763	0.00285022961809892	0.00437346380641364
mrentabilidad_annual_rank_delta1	0.0016167096967567	0.00204313347272007	0.00426960846536424
mactivos_margen_rank_tend6	0.00160175490240408	0.00179166041862907	0.002175192420868
Visa_msaldopesos_rank_delta1	0.00159269509649148	0.0023376528429936	0.00356570004269608
Visa_mlimitecompra_rank_tend6	0.00157871538151851	0.00244298342811871	0.00399266088923251
chomebanking_transacciones_lag1	0.00157480242384813	0.00229281402067567	0.00335221961942787
vmr_msaldopesos	0.00154380590152388	0.00149944749128785	0.00176554079783981
ctrx_quarter_delta2	0.00154311409395904	0.00202722397148911	0.00256176507921855
Visa_msaldototal_rank	0.00153277522728188	0.00166959507722909	0.00236559387945857
Visa_mconsumototal_rank_delta2	0.00153245657053091	0.00208778030186379	0.00406189778326544
vmr_mpagospesos_tend6	0.00153239790505218	0.00205661099904332	0.00147705373936925
rf_013_023	0.001531327216499	0.00135195538920855	0.00242906103232209
cdescubierto_preacordado	0.0015222889370194	0.00252701847226576	0.000317335764317613
Master_mconsumototal_rank	0.00151751578609441	0.00166364860151632	0.00226173853840917
rf_011_018	0.00151499576030806	0.000443412812121098	0.000184631717421157
Visa_mconsumospesos_rank_delta1	0.00151490444880679	0.00212371968824781	0.00459848371202068
mcaja_ahorro_rank_delta2	0.00151097516973235	0.00202487736779284	0.0021232647503433
mprestamos_personales_rank_lag2	0.00150630878363608	0.00231004682828478	0.00080776376371756
ctrx_quarter_tend6	0.00150623979151559	0.00177383379980251	0.00136742865715044
mrentabilidad_rank_lag1	0.00150091756477895	0.00236177991508523	0.00320220634902318
mprestamos_personales_rank_tend6	0.0014862261906374	0.00229275992068123	0.000375033176011724
Master_mlimitecompra_rank_lag1	0.00148090417369674	0.00162843542273865	0.00369840408959254
mcomisiones_otras_rank_lag1	0.00147791169105067	0.00225832988995131	0.00365224616023725
Visa_fechaalta_lag2	0.00146637391536619	0.0020017903463963	0.00281563369067264
mrentabilidad_rank_tend6	0.00146130856460704	0.00279792873121106	0.00226750827957858
Visa_status_tend6	0.0014597490738413	0.00108680555670008	0.000588513599279936
mcuenta_corriente_rank_tend6	0.00145943695114389	0.00316653561106955	0.00161552752743512
ctrx_quarter_normalizado_delta1	0.00145927176821956	0.00125219670900345	0.000813533504886971
mtransferencias_recibidas_rank_delta2	0.00145851424010227	0.00196388253026834	0.00256176507921855
Visa_mfinanciacion_limite_rank_tend6	0.00145358531142832	0.00246320041456511	0.00337529858410552
cproductos_delta2	0.00145123711372152	0.000985387213855862	0.000178861976251745
vm_mpagominimo_rank	0.0014511712910382	0.00131098104758188	0.00145397477469161
mpasivos_margen_rank_lag2	0.00145067494967215	0.00215330486327798	0.00372148305427019
Master_mlimitecompra_rank_lag2	0.00144164477259782	0.00184933461585359	0.00358300926620432
Visa_mconsumospesos_rank_lag1	0.00142750820690808	0.00162908948825229	0.0031618181608373
Master_fechaalta_lag2	0.00142636906091931	0.0019093972607662	0.00320220634902318
vm_mconsumospesos_rank_delta2	0.00140206282202945	0.000800747141511092	0.00136165891598103
vm_fechaalta_lag2	0.00138555487411287	0.00146540370874376	0.00254445585571031
Master_Fvencimiento_delta2	0.00136856522142617	0.000961275632720338	0.00115971797505164
mcuentas_saldo_rank_lag1	0.00136810883592151	0.00204243982505203	0.00103855341049401
Master_mlimitecompra_rank_delta2	0.00135914154846138	0.00194164972069445	0.0041946018301619
vmr_mpagominimo_delta1	0.00135893898974852	0.000884494458901161	0.00123472461025398
Visa_mlimitecompra_rank_delta2	0.00135549103292153	0.0020241531327191	0.003831108136489
mcomisiones_rank_tend6	0.0013465301823306	0.00132249550944988	0.00178861976251745
vm_Fvencimiento	0.00134554868945851	0.00214075934546358	0.00311566023148202
Master_Fvencimiento	0.00134061406823048	0.00177308150216481	0.00346184470164668
rf_004_016	0.00133030823041411	0.00100871401631668	0.000992395481138716
rf_019_024	0.00132823917644721	0.000760736605618971	0.000721217646176393
mcuenta_corriente_rank_lag2	0.00132685659223473	0.00203864214746523	0.00126934305727045
ctrx_quarter_delta1	0.00131681413852894	0.00166019146195961	0.00127511279843986
Visa_mlimitecompra_rank_lag2	0.00131528323030828	0.00195326120486652	0.00304642333744908
chomebanking_transacciones	0.00131443130015787	0.00235513332179745	0.0024348307734915
matm_rank	0.00131228972765215	0.000550601496666078	0.000461579293552891
Master_mfinanciacion_limite_rank_delta2	0.00130096105892584	0.00167965220570308	0.0035714697838655
vm_fechaalta_lag1	0.00129886180574097	0.00172853587709429	0.00235982413828916
cdescubierto_preacordado_delta1	0.00129672104316789	0.00133597103694008	0.000178861976251745
mpayroll_rank_lag2	0.00129060391989144	0.00124311837751187	0.00055389515226347
mactivos_margen_rank	0.00127915986704058	0.00292816296136685	0.00154629063340219
Master_msaldopesos_rank_lag1	0.00127626825657194	0.00132596856076966	0.00256753482038796
rf_012_019	0.00126359781127613	0.00137840820875165	0.00270600860845383
Visa_fechaalta_lag1	0.00126272156566139	0.00135556691231768	0.00241752154998327
vm_mpagospesos_rank_tend6	0.00125449629883941	0.00142558771716803	0.00163860649211276
Master_mfinanciacion_limite_rank_lag2	0.00124895350303366	0.00131924012052871	0.0030060351492632
tcallcenter_delta1	0.00124657411624672	0.00130858860222771	0.000738526869684626
rf_009_015	0.00124556617164767	0.000987262198154881	0.00198479096227743
Master_msaldototal_rank_lag2	0.00124506923409809	0.00136233309368261	0.00232520569127269
Master_mlimitecompra_rank_delta1	0.00124480728908184	0.00170105820850742	0.00386572658350546
Visa_mconsumospesos_rank	0.00124385287539655	0.00191341725592857	0.00313296945499025
rf_007_023	0.00123883684184012	0.00127320312930151	0.00229058724425622
Master_mfinanciacion_limite_rank_delta1	0.00123813337749752	0.00196145165997889	0.00382533839531959
mcomisiones_otras_rank	0.00123662526528187	0.00195404956040036	0.00280986394950323
tcallcenter_delta2	0.00123472694472483	0.00108748176717983	0.000928928328275193
Master_mlimitecompra_rank	0.00123451779717765	0.001584555067167	0.00312142997265143
Master_mfinanciacion_limite_rank_lag1	0.00122348349797022	0.00155515567840843	0.00338106832527493
ccomisiones_otras_lag2	0.00121843607782552	0.00203454051575316	0.00235405439711975
rf_015_023	0.00121677765437952	0.00139318434534475	0.00328875246656435
chomebanking_transacciones_delta1	0.00121061211276388	0.00285708984981878	0.00291371929055263
mtarjeta_visa_consumo_rank_delta2	0.00120692223038481	0.00192818629140427	0.00208864630332683
rf_017_026	0.00120605861908661	0.000949560340732021	0.00130396150428692
cprestamos_personales_delta2	0.00120277062853893	0.00103711262092934	0.000161552752743512
Visa_Fvencimiento_lag1	0.00119795852484884	0.00150427964387758	0.00265985067909854
mcomisiones_rank_lag1	0.00119738002783483	0.00178457679101582	0.00272331783196206
Visa_mconsumospesos_rank_lag2	0.00119662136431413	0.00159110590057159	0.00291371929055263
Visa_Fvencimiento	0.00119468011156587	0.00140277890177106	0.00280986394950323
mpayroll_sobre_edad_rank_tend6	0.00119425423294274	0.00158779722696946	0.000484658258230536
Visa_msaldopesos_rank_lag2	0.00118793397804018	0.00123220777362742	0.00225596879723976
vmr_Master_mlimitecompra	0.00118577907768283	0.00170750528669663	0.00306373256095732
Visa_cconsumos_lag1	0.00117570384053064	0.00160571734384183	0.00255022559687972
Master_Fvencimiento_lag1	0.00117418098437559	0.00161665971865155	0.00305219307861849
mpayroll_rank_lag1	0.00117207972994117	0.000913456050621659	0.000392342399519958
Visa_mfinanciacion_limite_rank_lag2	0.00114735973824699	0.00165002113641414	0.00267715990260677
vmr_Master_mlimitecompra_lag1	0.00114581794603521	0.00176916181686085	0.00276370602014794
Visa_fechaalta	0.00114238723288165	0.00156823893491323	0.00224442931490093
Master_fultimo_cierre	0.00113597185807503	0.00153191963874819	0.00277524550248676
Visa_mlimitecompra_rank_lag1	0.00113470889675045	0.00147258278063498	0.00219827138554564
vmr_mpagominimo_delta2	0.00113368698787858	0.00142499182821622	0.0017597710566704
Visa_msaldototal_rank_delta1	0.00113142699102209	0.00161174711303169	0.00227327802074799
vm_Fvencimiento_lag2	0.00112929671036272	0.00162503375079899	0.00261369274974325
Visa_mfinanciacion_limite_rank	0.00112574872155423	0.00171622548516722	0.00259638352623501
mtarjeta_visa_consumo_rank_lag2	0.0011234574830137	0.00166237271482215	0.00247521896167738
mextraccion_autoservicio_rank	0.00111251799297001	0.000946436506585833	0.000698138681498748
vmr_msaldototal_delta2	0.00110757683021291	0.00112749467011109	0.00177131053900922
Visa_mpagominimo_rank_delta2	0.00110322002342179	0.00200313579774058	0.00238867284413621
Visa_mpagospesos_rank_delta1	0.00110277558833498	0.0018877031629988	0.00286179162002793
mcuentas_saldo_rank_lag2	0.0011013127794133	0.00253937510035725	0.0022790477619174
mcomisiones_mantenimiento_rank	0.00110122617356264	0.00141193960622451	0.00160975778626571
vm_Fvencimiento_lag1	0.00110109372354705	0.0017710208893968	0.00263677171442089
internet	0.00109871413196193	0.0013756809062613	0.000138473788065867
Visa_msaldototal_rank_tend6	0.00109790070545898	0.00155175476918137	0.00246367947933856
Visa_mfinanciacion_limite_rank_lag1	0.00108082610837747	0.00147346876338289	0.0024867584440162
Visa_msaldototal_rank_lag1	0.00107985928779241	0.00139904163628304	0.00225019905607034
vm_fechaalta_tend6	0.00107812424233628	0.0017312778026264	0.000836612469564615
mpayroll_sobre_edad_rank_lag1	0.00107424445351153	0.00210569095057962	0.000611592563957581
Visa_cconsumos_delta1	0.0010701260954752	0.00119674100605718	0.00202517915046331
Master_mpagominimo_rank_tend6	0.00106878983849801	0.00186382494562147	0.00213480423268212
vmr_mconsumosdolares	0.00106725455161582	0.00120261844312855	0.000744296610854037
mpasivos_margen_rank_tend6	0.00106714210126245	0.00207195301579209	0.0019674817387692
Master_mpagominimo_rank	0.00106202450448914	0.00113606687603493	0.00179438950368686
cliente_edad_lag1	0.00106133525056368	0.00212582022507588	0.00153475115106336
Visa_mconsumosdolares_rank_lag2	0.00105720656120315	0.00126107681411777	0.00260215326740442
Visa_mfinanciacion_limite_rank_delta2	0.0010550702834275	0.00189254068087723	0.00218673190320682
Visa_Fvencimiento_tend6	0.00105492117155553	0.00140589655531506	0.00113663901037399
rf_004_025	0.00105374688234862	0.00120650888234898	0.00315604841966789
ccomisiones_otras_tend6	0.00104795458645337	0.00152748572734256	0.00195594225643038
rf_003_015	0.00104289360346407	0.000926641037208361	0.00109625082218812
Visa_mfinanciacion_limite_rank_delta1	0.00103756086826959	0.00129443799517645	0.00288487058470557
vm_mlimitecompra_rank_lag2	0.00102349491431615	0.00141076739584442	0.00209441604449624
mtransferencias_recibidas_rank_lag2	0.00101037933191851	0.00149327598905472	0.00240598206764445
Master_mconsumospesos_rank_lag2	0.00100473569531293	0.00162690468483104	0.00250983740869385
Visa_cconsumos_lag2	0.00100379457431073	0.00169349806961603	0.0029541074787385
vm_mlimitecompra_rank_tend6	0.00100361893003141	0.00215864379894633	0.00211172526800448
rf_009_021	0.00099798928534417	0.000970149399429864	0.00091161910476696
ccomisiones_otras_delta2	0.000995303908317998	0.00125553557550476	0.00239444258530562
Master_mconsumospesos_rank_delta2	0.000992226848999088	0.00172255531601798	0.00231943595010328
Master_fultimo_cierre_lag2	0.000989852595333186	0.00162325137033098	0.00275793627897853
mautoservicio_rank_lag2	0.000989266866074354	0.00145401867131552	0.00211172526800448
mrentabilidad_annual_rank_tend6	0.000988300271861351	0.00171911732317783	0.00188093562122803
mcuenta_corriente_rank_delta1	0.000986173450781045	0.0017010914259566	0.000928928328275193
Visa_msaldopesos_rank_tend6	0.000984441261019054	0.00172290358637592	0.00246944922050797
ccallcenter_transacciones_tend6	0.000982541904339681	0.00157773344448547	0.000634671528635225
cpayroll_trx_lag2	0.000977828655184079	0.000123029304937138	4.0388188185878e-05
rf_014_023	0.000974237932862309	0.000964693269023942	0.00162129726860453
ctrx_quarter_lag2	0.000970260699260829	0.00163492466052489	0.00200210018578567
ccaja_seguridad_lag2	0.000967231543752226	0.000739900980344655	0.000126934305727045
Visa_msaldototal_rank_lag2	0.000966980645894054	0.00188651283161911	0.00213480423268212
cliente_antiguedad_lag2	0.000966619920713447	0.00190986322556997	0.00188670536239744
Visa_mconsumosdolares_rank_delta2	0.000962678458212113	0.00132271403976284	0.00233674517361151
mtransferencias_emitidas_rank_tend6	0.000962118816230536	0.00123567309261936	0.00105009289283283
Visa_mlimitecompra_rank	0.000958373148358259	0.00156837180470996	0.00254445585571031
Visa_mlimitecompra_rank_delta1	0.000954369756441808	0.00200860741910261	0.00281563369067264
Visa_mconsumospesos_rank_delta2	0.000947206458468708	0.00125577874932514	0.0026425414555903
rf_016_021	0.000944383199828058	0.00108574186191407	0.00170207364497629
mcuenta_corriente_rank_delta2	0.000943114497819664	0.00154999350796253	0.00111356004569635
vm_msaldopesos_rank_tend6	0.000938198515753866	0.0014851716678664	0.00196171199759979
Master_cconsumos_tend6	0.000936021065255419	0.0017723795698598	0.00249829792635502
Master_msaldopesos_rank_tend6	0.000934746300137184	0.00176336822557571	0.00245213999699973
vm_mconsumospesos_rank	0.000933318038558548	0.000963620447987047	0.000934698069444605
mtransferencias_recibidas_rank_tend6	0.00092949774530502	0.00188216768418101	0.00168476442146805
Master_fechaalta_tend6	0.000923342513715994	0.00141358014844751	0.00179438950368686
rf_020_025	0.00092267142655328	0.00120311068206671	0.000830842728395204
Visa_msaldopesos_rank_delta2	0.000920892809331711	0.00140937670775224	0.00261946249091266
ccajas_transacciones	0.000919678820703167	0.00153353109269027	0.00110202056335753
Visa_mconsumosdolares_rank	0.000918593931359064	0.00126173766514359	0.0024348307734915
cliente_edad_lag2	0.000914665414492371	0.00217682802478519	0.00139050762182808
vmr_msaldototal_lag2	0.00091414603771821	0.00149600786782074	0.00171938286848452
Master_mconsumototal_rank_tend6	0.000912819577401126	0.00190159402695574	0.00239444258530562
Visa_mconsumosdolares_rank_tend6	0.000911922837712285	0.00151268484204029	0.00246944922050797
mpasivos_margen_rank	0.000910627479241295	0.00203807687221956	0.00190401458590568
vm_mpagominimo_rank_lag1	0.000908005081251032	0.00178379740393026	0.00173092235082334
vmr_Master_mlimitecompra_lag2	0.000906205731208396	0.00163316652905779	0.00228481750308681
Visa_mpagominimo_rank_tend6	0.000901319568604873	0.00172088928867364	0.00235982413828916
Master_msaldopesos_rank_lag2	0.000901304593458429	0.00130256314630916	0.00225596879723976
vmr_msaldototal_lag1	0.00089390159597224	0.00130813768127265	0.00177708028017863
vmr_Master_mlimitecompra_tend6	0.000889120649874555	0.00222948578227317	0.0019155540682445
vmr_mpagominimo_lag1	0.000887805964858591	0.00140129098097134	0.00214057397385153
Visa_msaldodolares_rank_delta1	0.000887061591627804	0.000953014087532638	0.000623132046296403
vm_mfinanciacion_limite_rank_delta2	0.000885587886490643	0.00173133279683562	0.00210018578566566
Master_msaldototal_rank_delta2	0.000884005342067171	0.00158931360483966	0.00190401458590568
cmobile_app_trx_tend6	0.000883806926352714	0.00236676600411998	0.00166745519795982
Visa_fechaalta_tend6	0.000883371262971244	0.00107327669192806	0.00110202056335753
vmr_mpagospesos_delta2	0.000881840826373349	0.00128681991642715	0.00120010616323752
Visa_cconsumos_delta2	0.000878799982770997	0.00147929657153374	0.00240021232647503
mcaja_ahorro_rank_tend6	0.000873299382400333	0.00206525040257813	0.00180015924485628
mcuentas_saldo_rank_delta1	0.000870863668113762	0.00260504747021514	0.00125780357493163
Visa_mpagado_rank_delta2	0.000868023975645779	0.00103514926716932	0.00085969143424226
Visa_mpagominimo_rank_delta1	0.00086563453219152	0.00186708835617526	0.00230789646776446
vm_status05_delta2	0.000863700778389566	0.000605224343742785	0.000207710682098801
rf_008_024	0.00085872325859361	0.0011290530497757	0.00229058724425622
vmr_mconsumospesos_lag1	0.000857645258017045	0.00105467207993897	0.00119433642206811
vm_fultimo_cierre	0.000856987653706348	0.00153967713610249	0.00177708028017863
ccaja_ahorro	0.000853776743550349	0.00142780116176279	0.000115394823388223
Visa_mconsumosdolares_rank_delta1	0.000853702457158429	0.00137308636836594	0.0026425414555903
vm_msaldototal_rank_tend6	0.000853328231001856	0.00125357966476779	0.00182900795070333
ccomisiones_mantenimiento_tend6	0.000850871284693132	0.00336052722382285	0.00050773722290818
rf_015_014	0.00084939227811041	0.00150408307442771	0.000738526869684626
internet_tend6	0.000849002680272985	0.00229083528116127	0.000421191105367013
vm_mfinanciacion_limite_rank_tend6	0.000846277405920556	0.00145317274412985	0.00198479096227743
rf_007_015	0.000844500741340759	0.000293855073890744	0.000392342399519958
vm_mfinanciacion_limite_rank_lag2	0.000842313385831928	0.0013355753731986	0.00178861976251745
vmr_msaldopesos_lag1	0.000842266993204564	0.00106506193521391	0.00170207364497629
vmr_msaldopesos_delta1	0.000839193466332697	0.00130003404389564	0.00141935632767514
rf_016_015	0.000836170960970765	0.00115551026149141	0.00143089581001396
mcomisiones_otras_rank_tend6	0.000834232476877932	0.0016853266034176	0.00184054743304215
vmr_Visa_mlimitecompra_lag2	0.000832030759613111	0.00127595299756494	0.00167322493912923
rf_005_020	0.000830798349846087	0.00209168089305207	0.00230212672659505
rf_005_019	0.000829459762782523	0.000996203741084948	0.00185785665655039
vm_mpagominimo_rank_tend6	0.000823620840355216	0.00114936264005311	0.00176554079783981
vm_fultimo_cierre_lag1	0.000821218862687418	0.00159561129655907	0.00158090908041865
vm_mfinanciacion_limite_rank	0.000818831512502732	0.00112149020193953	0.00185785665655039
Master_fultimo_cierre_lag1	0.000817901527215748	0.00151363641807265	0.00200786992695508
Master_mconsumosdolares_rank_delta1	0.00081550699671117	0.000908729599479487	0.00215788319735977
vmr_msaldopesos2_tend6	0.000813210874336449	0.00150043612463288	0.00152321166872454
mextraccion_autoservicio_rank_lag1	0.000810348461502345	0.000477087836268532	0.00050773722290818
cproductos_delta1	0.000806005728989326	0.00121585495226707	0.000167322493912923
mcaja_ahorro_dolares_rank_delta2	0.000803859460063444	0.00172835827025793	0.000680829457990515
rf_019_023	0.000803704334417586	0.000950542609371818	0.000415421364197602
Master_msaldototal_rank_lag1	0.000803654229883048	0.00102303878484734	0.00149436296287749
ccaja_seguridad	0.000800214128264204	0.00157058127793907	0.000126934305727045
Master_mpagominimo_rank_lag1	0.00079679378061096	0.00149775058723303	0.00186939613888921
vm_mlimitecompra_rank_delta1	0.000793625856369667	0.00158758477205696	0.0023829031029668
ctarjeta_visa_transacciones	0.000793365692082075	0.00141732851271902	0.000576974116941114
mautoservicio_rank_delta1	0.000787257686483058	0.00142757355779983	0.00109048108101871
cliente_edad	0.000779473027352707	0.00141344601622991	0.00117125745739046
rf_001_017	0.000779301801948772	0.00109172936630517	0.00208287656215742
Master_cconsumos_lag1	0.000778084970926047	0.00114456541444082	0.00216942267969859
rf_016_018	0.00077776124862054	0.00098282189574359	0.000801994022548148
ccallcenter_transacciones_delta2	0.000773908336365279	0.00136859078244065	0.000617362305126992
mcuenta_debitos_automaticos_rank_delta2	0.000773414933291645	0.00135949104239512	0.000519276705247003
vmr_mpagominimo	0.000766963371206407	0.00100625689819327	0.00156359985691042
tcallcenter_tend6	0.000766803293967628	0.00151390589232785	0.00040388188185878
mcaja_ahorro_rank_delta1	0.000764094238879157	0.00214583693371109	0.00106163237517165
Master_msaldototal_rank	0.000762371643915205	0.00155975002246648	0.00184054743304215
Visa_mpagado_rank_tend6	0.000762283972144522	0.001395563850885	0.00122318512791516
rf_002_017	0.000760299182434013	0.00104945115432168	0.00129819176311751
ctrx_quarter_normalizado_tend6	0.00075732227382404	0.00208390803624383	0.00137896813948926
Master_mpagospesos_rank_lag2	0.000757037657038463	0.00156797448404108	0.00190401458590568
mcomisiones_mantenimiento_rank_lag2	0.000753560923034541	0.00163231297474602	0.00140204710416691
vm_mfinanciacion_limite_rank_delta1	0.000752817295256562	0.0013377329556698	0.00218096216203741
Master_mpagominimo_rank_lag2	0.000748484451908186	0.00131942327675682	0.00173092235082334
rf_012_022	0.000747899117190493	0.00140205832245776	0.00205402785631037
Master_cconsumos_lag2	0.000747842297311085	0.00107313211843783	0.00226750827957858
ctarjeta_debito_transacciones_tend6	0.000744638654060239	0.00190009837382818	0.000726987387345804
Master_mpagosdolares_rank	0.000744515410916805	0.00132531775650995	0.00244637025583032
vmr_msaldopesos_tend6	0.000742008351776999	0.00155111556341342	0.00167322493912923
mcomisiones_mantenimiento_rank_lag1	0.000739090604454713	0.00130293758559974	0.00115394823388223
Master_mconsumospesos_rank_delta1	0.000737690097276893	0.00138739070145874	0.00190978432707509
Master_msaldototal_rank_tend6	0.000737042826441929	0.0011864045932658	0.00190978432707509
vm_mconsumototal_rank_delta2	0.000734538307527703	0.00115389157492975	0.00167322493912923
Master_mconsumototal_rank_delta2	0.000734227543630985	0.00126126957000459	0.00161552752743512
vm_Fvencimiento_tend6	0.000733514499873061	0.00132291697391794	0.00119433642206811
mtarjeta_visa_consumo_rank_tend6	0.000733194184450176	0.00109926467758608	0.00130973124545633
ccajas_transacciones_lag2	0.000730260848746777	0.00105231274683224	0.0015001327040469
Visa_msaldototal_rank_delta2	0.000716680427897215	0.00127524112369557	0.00224442931490093
vm_mpagominimo_rank_delta2	0.000715766678648537	0.00150908712665945	0.00180592898602569
Visa_fultimo_cierre_tend6	0.000715684545875421	0.000989164350803072	0.0012924220219481
vmr_mpagominimo_lag2	0.000710946682872329	0.00104603065127068	0.001655915715621
mextraccion_autoservicio_rank_delta1	0.000705343943074515	0.00106004809922042	0.000513506964077592
Visa_mpagosdolares_rank_tend6	0.000704203461394915	0.00146787721203806	0.00206556733864919
vmr_mpagospesos_lag2	0.000697275280157012	0.00097255738834102	0.0016039880450963
Master_mconsumototal_rank_lag2	0.000697081411007197	0.00161086841550423	0.00218673190320682
ctarjeta_visa_transacciones_delta2	0.000692793175334078	0.00184547465883712	0.000952007292952838
Master_mpagospesos_rank_lag1	0.000691479482037488	0.00170956035007288	0.00177131053900922
cliente_antiguedad	0.000689659679583937	0.00155545092708976	0.00148859322170807
vmr_msaldototal	0.000686592696121349	0.000958897968210533	0.00130396150428692
mtarjeta_visa_consumo_rank	0.00068342837169871	0.0013006334571057	0.00102701392815518
Visa_fultimo_cierre_lag2	0.000677596832315426	0.00151426728660276	0.00124626409259281
mextraccion_autoservicio_rank_lag2	0.000675541862473249	0.00129466483642681	0.00155783011574101
Master_msaldototal_rank_delta1	0.00067453176672052	0.00131017848981324	0.00198479096227743
Visa_fultimo_cierre	0.000673055455101167	0.00125891817962918	0.00122895486908457
vm_mpagospesos_rank_delta2	0.000665721215412935	0.00108203584134262	0.00137319839831985
ctarjeta_visa_transacciones_lag2	0.000664799318091726	0.000961104074983983	0.00147128399819984
Visa_mpagado_rank_lag2	0.000663190367398922	0.00154273587667249	0.00103855341049401
mttarjeta_visa_debitos_automaticos_rank_lag2	0.000660589655757027	0.00117515729121474	0.00143089581001396
ccajas_consultas_tend6	0.00065904021375078	0.00251720698985302	0.000467349034722302
vm_status01_tend6	0.000657385912838988	0.000678152161954633	0.00050773722290818
mpayroll_sobre_edad_rank_delta2	0.0006567660230024	0.000897490450563219	0.000398112140689369
vm_Finiciomora_lag2	0.000653894192679929	0.00174292521319244	0.000340414728995257
cliente_antiguedad_lag1	0.000651720223244535	0.00139178376828909	0.00132704046896456
ccajas_transacciones_delta1	0.00065121511152202	0.00145694893426141	0.000450039811214069
vmr_msaldopesos_lag2	0.000650448640400068	0.00106863548049515	0.00131550098662574
vm_mlimitecompra_rank	0.000650413886600408	0.00100298478219555	0.00163283675094335
numero_de_cliente	0.000647045682874839	0.00206574606057282	0.00100393496347754
Master_mconsumototal_rank_lag1	0.000646668811541286	0.00118229707025634	0.00166168545679041
Master_mpagospesos_rank_delta1	0.000645577223637227	0.00125083268955219	0.00175400131550099
vmr_msaldopesos2_delta2	0.000644790348519438	0.00115640610690238	0.00166745519795982
vm_mfinanciacion_limite_rank_lag1	0.000642601721691857	0.00114898152045208	0.00160975778626571
rf_002_021	0.000641930584259729	0.00086073451457923	0.00143089581001396
vm_msaldototal_rank	0.000641120157555804	0.000634154769448018	0.000651980752143459
mpayroll_sobre_edad_rank	0.000639422319201021	0.00141418947692151	0.000294256799639968
Master_msaldopesos_rank_delta1	0.000638892215772399	0.00143256916759198	0.00189247510356685
Master_mpagospesos_rank_delta2	0.000635164946289477	0.00154639666049604	0.00156936959807983
vmr_Visa_mlimitecompra_lag1	0.000634367938853207	0.000954275850893307	0.00152321166872454
ctrx_quarter_normalizado_lag1	0.000629872232368982	0.00117412092258051	0.000865461175411671
vmr_msaldopesos_delta2	0.000629592164213201	0.00091519866483221	0.00132704046896456
rf_002_015	0.000627734213279944	0.000897125663532214	0.0012924220219481
Master_cconsumos_delta1	0.000627222409685592	0.00101832585212867	0.00202517915046331
mttarjeta_visa_debitos_automaticos_rank_lag1	0.000623877382704494	0.000990786956129522	0.00114240875154341
vmr_msaldopesos2_lag1	0.000622558795747914	0.00117438271710875	0.00154052089223277
Master_mconsumospesos_rank	0.00062248288732222	0.00142670837869586	0.00172515260965393
vmr_msaldopesos2_delta1	0.000620995487475437	0.000975427344389855	0.00153475115106336
thomebanking_tend6	0.000619125329142799	0.002473725874882	0.000519276705247003
Master_msaldopesos_rank_delta2	0.000618360141463339	0.00082970131650897	0.00145397477469161
ccomisiones_otras_delta1	0.000614364775770309	0.00160222540880985	0.00120587590440693
vm_status02	0.000612527519751463	0.00179303706228905	0.00140204710416691
mplazo_fijo_dolares_rank	0.00060735664450866	0.002073647263503	0.000242329129115268
ccajas_transacciones_tend6	0.000606428531252844	0.00133471632209595	0.000490427999399947
Master_mpagominimo_rank_delta1	0.000605655109264216	0.00124520018843034	0.00174246183316216
vm_msaldopesos_rank_delta1	0.000605499705474647	0.00144889737174534	0.00141935632767514
mtransferencias_emitidas_rank_lag2	0.000604970787630774	0.00115666203643365	0.00114817849271282
mtransferencias_recibidas_rank_delta1	0.000602921309336135	0.00106346839186794	0.00118279693972928
rf_013_015	0.000600956317243462	0.000850620892771243	0.000790454540209326
thomebanking_delta2	0.000599854099778083	0.00147562426811974	0.00103278366932459
vm_mlimitecompra_rank_delta2	0.000596053529828496	0.00168774442869138	0.0015520603745716
Master_mconsumospesos_rank_lag1	0.000595654941880321	0.00128796364343633	0.00166168545679041
ctarjeta_debito_transacciones_lag2	0.000592913282610423	0.00125003405054833	0.00133281021013397
mtransferencias_recibidas_rank_lag1	0.000589519021162791	0.00163717858148885	0.00117702719855987
mextraccion_autoservicio_rank_delta2	0.000588995818858193	0.0015826902874367	0.00122318512791516
vm_msaldopesos_rank_delta2	0.00058684149497336	0.00135273356647412	0.00182900795070333
rf_001_021	0.000584060796651374	0.000709704846213531	0.000651980752143459
mpagomiscuentas_rank_tend6	0.000579564046914279	0.00160086491361685	0.000675059716821103
Master_cconsumos_delta2	0.000578723649788479	0.000900710412798688	0.00175400131550099
mcaja_ahorro_dolares_rank_lag2	0.000573740330405611	0.00141602374814742	0.00111932978686576
vmr_msaldopesos2_lag2	0.000570918271297262	0.00104493221361026	0.00137896813948926
mtransferencias_emitidas_rank	0.000569703936154105	0.00214957149025432	0.000980855998799894
mcaja_ahorro_dolares_rank	0.000565713744071601	0.00197114592135361	0.000703908422668159
ctarjeta_debito_transacciones_delta2	0.000564758811582005	0.00149147075350886	0.000917388845936371
mttarjeta_visa_debitos_automaticos_rank_tend6	0.000564619623200615	0.00186505796260687	0.000732757128515215
thomebanking_delta1	0.000561539113679378	0.000909994518892334	0.000530816187585825
vm_cconsumos_delta2	0.000560567126079469	0.000848322050664605	0.000346184470164668
vm_mconsumospesos_rank_tend6	0.000557712569361314	0.000865351135105578	0.00120010616323752
mcomisiones_mantenimiento_rank_delta1	0.000557394871477881	0.00131495170312852	0.000969316516461071
vm_msaldopesos_rank	0.000557112839833092	0.0008978401148442	0.00114817849271282
mcuenta_debitos_automaticos_rank_lag1	0.000554766303574169	0.00146021187140738	0.000750066352023448
Visa_fultimo_cierre_lag1	0.000544055817733117	0.000801807259437967	0.00109048108101871
vmr_mconsumospesos_lag2	0.000540667717221575	0.000814213832055191	0.00125203383376222
vm_msaldototal_rank_delta2	0.000538052290901769	0.000855068848609067	0.00129819176311751
ctrx_quarter_lag1	0.000537929514567127	0.00104917586767038	0.00085969143424226
Master_fultimo_cierre_delta2	0.00053713623703262	0.000846439991548619	0.00151167218638572
ctransferencias_recibidas_tend6	0.000536941753787328	0.00195602879962302	0.00100970470464695
vm_mpagospesos_rank_delta1	0.000535557585516791	0.00126512429323453	0.00145397477469161
matm_rank_lag2	0.000527387566423092	0.00104350349508934	0.00107317185751047
vm_msaldototal_rank_lag2	0.000526922954266884	0.000938188190516849	0.00123472461025398
rf_009_023	0.000523569426143739	0.000751082794313007	0.00100970470464695
vmr_msaldototal_delta1	0.000517940795126873	0.00104310433339002	0.00130973124545633
rf_006_022	0.000513768651690714	0.000940718371248197	0.000646211010974048
ccaja_seguridad_lag1	0.000512647882598736	0.000851202395385196	9.23158587105782e-05
Master_status_tend6	0.000508882890033525	0.000808922894680396	0.000830842728395204
Visa_fechaalta_delta2	0.000508370160930371	0.000900163179651311	0.000830842728395204
vm_fultimo_cierre_tend6	0.000507320363126694	0.00118223613214885	0.000975086257630483
mplazo_fijo_dolares_rank_tend6	0.00050708011456427	0.00167705703659728	0.000236559387945857
mttarjeta_visa_debitos_automaticos_rank_delta1	0.000502838864278893	0.0017784941053511	0.00101547444581636
vm_mpagominimo_rank_delta1	0.000502463513741422	0.00108416323091465	0.00103855341049401
mpagomiscuentas_rank_lag2	0.000500718037797788	0.00123354617645516	0.000957777034122249
vm_fultimo_cierre_lag2	0.000498680586589962	0.00128067810738494	0.00114240875154341
rf_001_018	0.000497235956374977	0.000848145864051721	0.000582743858110525
vmr_mconsumospesos_tend6	0.000493037790577272	0.00125729139253359	0.00115971797505164
ctarjeta_debito_transacciones_lag1	0.000490888461013015	0.000686460627118058	0.00035195421133408
rf_010_016	0.000490554569838043	0.000425273191819694	0.000461579293552891
vmr_mpagospesos_lag1	0.000490442236384485	0.00073431931796332	0.00110779030452694
mcaja_ahorro_dolares_rank_delta1	0.000487802975823828	0.00157632368857805	0.000617362305126992
rf_019_018	0.00048232814597624	0.000838624002027269	0.00125780357493163
matm_rank_delta2	0.000481558964237703	0.00133377873789492	0.00104432315166342
mautoservicio_rank_tend6	0.000477377148761727	0.00135591815462475	0.000923158587105782
rf_010_022	0.000477211169262198	0.00101161082510947	0.00020194094092939
rf_002_020	0.000474535228810025	0.00102231410266621	0.000271177834962324
vm_mconsumosdolares_rank_lag2	0.000473059953094979	0.00118771822108394	0.000998165222308127
rf_004_017	0.000471026321212559	0.000889182669211099	0.000190401458590568
ctarjeta_visa_debitos_automaticos_tend6	0.000470777003637537	0.00169730574136807	0.000467349034722302
vmr_mconsumospesos_delta2	0.00046959923073671	0.00128409350815158	0.00111356004569635
vmr_mconsumospesos	0.000469049604508688	0.00087046328212444	0.00100970470464695
rf_012_020	0.000458192037120408	0.000849713475168955	0.000415421364197602
mpayroll_sobre_edad_rank_lag2	0.000454370154704385	0.000923446560094236	0.000501967481738769
vm_msaldopesos_rank_lag1	0.000451658075555141	0.00117024055642662	0.00110779030452694
ccajas_transacciones_delta2	0.000451574253798122	0.00103206538338363	0.000853921693072849
vmr_Visa_mlimitecompra_tend6	0.000451003554610858	0.00142147774821812	0.000871230916581082
chomebanking_transacciones_tend6	0.000448926953789675	0.000768139494210545	0.000830842728395204
mttarjeta_visa_debitos_automaticos_rank	0.000444570228697671	0.000816521721511408	0.00100393496347754
ctransferencias_recibidas_lag2	0.000443339606507026	0.00109515768058531	0.00060582282278817
vm_mconsumospesos_rank_delta1	0.000442913852167223	0.000816992446693883	0.00114240875154341
mcaja_ahorro_dolares_rank_tend6	0.000439677214371304	0.00108411276038022	0.000582743858110525
mtransferencias_emitidas_rank_lag1	0.000439145536887834	0.00112300331855581	0.000900079622428138
vm_mpagospesos_rank_lag2	0.000438133879355769	0.000730610404344042	0.000946237551783427
mcuenta_debitos_automaticos_rank_tend6	0.000437138616855418	0.00187467137644495	0.000588513599279936
mtarjeta_visa_descuentos_rank_delta1	0.000428819912982148	0.00131774601912681	0.00115394823388223
cmobile_app_trx_delta1	0.000428193549755566	0.00178007981116749	0.000900079622428138
vmr_mpagospesos_delta1	0.000427533711414969	0.00109857652670892	0.00117125745739046
internet_delta2	0.000424041309444949	0.000774939603136394	0.000196171199759979
mtarjeta_master_consumo_rank_lag2	0.000423834046481967	0.000834909433814504	0.00115971797505164
Master_delinquency_tend6	0.000423018872806982	0.00100544658179636	0.000778915057870504
mcaja_ahorro_dolares_rank_lag1	0.000422450266665698	0.00129108526834599	0.000744296610854037
mprestamos_prendarios_rank_lag1	0.000420660958077375	0.00267818579710732	0.00025386861145409
mtransferencias_emitidas_rank_delta1	0.000418461622198104	0.0015351526986002	0.000663520234482281
vmr_mconsumosdolares_lag2	0.000414680999662703	0.000611452497112523	0.000877000657750493
vm_mconsumospesos_rank_lag2	0.00041427450125465	0.000814252861900469	0.00106163237517165
rf_014_019	0.00041185542599066	0.000664308507278206	0.000294256799639968
mcuenta_debitos_automaticos_rank_delta1	0.000410978815122185	0.00144900046944985	0.000646211010974048
ctarjeta_visa_transacciones_lag1	0.00041014043817479	0.000667833081149804	0.000588513599279936
catm_trx_tend6	0.000409477582110116	0.00146109338308136	0.000536585928755236
mpagomiscuentas_rank	0.000401885427655289	0.00112830972058628	0.000438500328875247
vmr_mconsumospesos_delta1	0.000401583092634868	0.00119076399553958	0.000980855998799894
vmr_msaldopesos2	0.000401081191244017	0.000915635436153328	0.00106163237517165
Master_mpagado_rank_lag2	0.000400978756601255	0.000852915553108744	0.000790454540209326
thomebanking	0.000395317421418212	0.00259206639089963	0.000530816187585825
matm_rank_lag1	0.00039395813812472	0.00082330946923289	0.000588513599279936
mplazo_fijo_dolares_rank_delta1	0.000391994536437963	0.00182276105101422	0.00020194094092939
rf_003_018	0.000391327211602155	0.000342054539470017	0.000161552752743512
rf_005_022	0.000390201860334419	0.000455835533205304	0.000178861976251745
mpayroll_rank_tend6	0.000388406953269716	0.00151120833562928	0.000444270070044658
mtarjeta_visa_descuentos_rank_delta2	0.000385589684644442	0.000555991455177984	0.000692368940329337
ctransferencias_emitidas_tend6	0.000384544182065101	0.00179176693539011	0.000784684799039915
ccajas_otras_tend6	0.000378395515158	0.00219107268219138	0.000311566023148202
ctrx_quarter	0.000377765903223643	0.00112791929063132	0.000646211010974048
ctarjeta_debito_tend6	0.000375789759791544	0.00242975762325717	0.000317335764317613
Master_mpagado_rank_tend6	0.000375262408910069	0.00120204001766547	0.000975086257630483
Visa_msaldodolares_rank_tend6	0.000373081311198522	0.00157490188707148	0.00085969143424226
rf_004_021	0.000370756924301366	0.000713981270615434	0.00055389515226347
vm_cconsumos_lag2	0.000369976330612748	0.000684253100121129	0.000565434634602292
vm_mconsumototal_rank_lag2	0.000368158333582041	0.000734136003932598	0.00080776376371756
mextraccion_autoservicio_rank_tend6	0.000365380819357257	0.000964293370912447	0.000617362305126992
vmr_mpagado_tend6	0.000363125960305396	0.00101328587350296	0.000628901787465814
cpagomiscuentas_tend6	0.000362225041361496	0.00148179108887546	0.000357723952503491
cextraccion_autoservicio_tend6	0.000354892455831064	0.00117840100274285	0.000675059716821103
mtransferencias_emitidas_rank_delta2	0.000344840109140961	0.00138530347265069	0.000628901787465814
matm_other_rank_delta2	0.000344605337721863	0.000614232716077739	0.000473118775891714
rf_003_019	0.000344072768081835	0.000771419132132629	0.000236559387945857
mautoservicio_rank	0.000342943333452004	0.000969152981156132	0.000634671528635225
ccajas_consultas_delta2	0.000340820776400727	0.00109570491373269	0.000311566023148202
matm_rank_tend6	0.000331592055880614	0.00105620016150266	0.000640441269804637
mtarjeta_visa_consumo_rank_lag1	0.000331062062070829	0.000696804930039884	0.000830842728395204
mv_status07_rank_tend6	0.000329356396277344	0.000799644627283281	0.000276947576131735
vm_mconsumosdolares_rank_delta2	0.000324180444221524	0.00109872354613958	0.000594283340449348
ccomisiones_mantenimiento_delta1	0.000322667892845081	0.00107819860790184	0.000109625082218812
mplazo_fijo_dolares_rank_delta2	0.000320586737995963	0.00147093831964719	0.000196171199759979
vmr_Master_mlimitecompra_delta2	0.000319389237876871	0.000713351243699232	0.000830842728395204
mpagomiscuentas_rank_delta2	0.000318829834733594	0.000956237205820286	0.000444270070044658
rf_009_018	0.000314750333455787	0.000650496544625742	0.000686599199159926
rf_015_017	0.000314599304139048	0.000677875770685071	0.000715447905006981
cproductos	0.000314430240503085	0.000148867798923623	2.30789646776446e-05
mpayroll_rank	0.000313714435105385	0.0015395049471557	0.000317335764317613
ccuenta_debitos_automaticos_tend6	0.000310853634544456	0.0010206505212623	0.000219250164437623
rf_011_025	0.000306237773951478	0.000687089523115563	0.000640441269804637
Visa_msaldodolares_rank_lag1	0.00030286645307284	0.000837052419544377	0.000744296610854037
Visa_mpagado_rank	0.000297764569461003	0.00126554044501475	0.000755836093192859
rf_010_021	0.000295281897658537	0.000694300550035098	0.000576974116941114
rf_017_023	0.000294695050404259	0.000948740845483348	0.000617362305126992
Visa_mpagado_rank_delta1	0.000294170682129692	0.00079268290218544	0.000623132046296403
rf_013_026	0.000292240957469765	0.00155398486195138	0.000744296610854037
mtarjeta_master_consumo_rank_lag1	0.000290114809452864	0.000858736181240888	0.000675059716821103
ccomisiones_otras_lag1	0.000289767754440761	0.00121277948462052	0.000669289975651692
mtarjeta_master_consumo_rank_tend6	0.000284864477564001	0.00150452187088231	0.000559664893432881
vm_mconsumosdolares_rank_tend6	0.000279541761587946	0.000842850981611704	0.000576974116941114
vm_cconsumos	0.000279422336687751	0.000494752339214846	0.000311566023148202
ccajas_depositos_delta2	0.000277162533012683	0.00110128836454359	0.000288487058470557
rf_011_028	0.000276862958898512	0.00058512789218919	0.000542355669924647
ccajas_otras_delta2	0.000270405401341424	0.00093636407125878	0.000259638352623501
mpagomiscuentas_rank_delta1	0.000267761741053581	0.000919738566990178	0.000432730587705836
vm_mconsumosdolares_rank_lag1	0.000267554225381611	0.00129204857437228	0.00065775049331287
vmr_mpagado_lag2	0.00026584815341628	0.00073076218415341	0.000484658258230536
vmr_mconsumosdolares_lag1	0.000265512858697053	0.000724194386968359	0.000651980752143459
rf_019_016	0.000264969285861174	0.000522910899758871	0.000663520234482281
vm_mpagado_rank_tend6	0.000264515591823473	0.00106809682128953	0.000473118775891714
rf_012_015	0.000263413068185299	0.000445782823204369	0.000184631717421157
Visa_mpagado_rank_lag1	0.000261036484347134	0.000515389843313634	0.000594283340449348
ctarjeta_debito_transacciones_delta1	0.0002606255952699	0.00139058828202417	0.000219250164437623
rf_013_022	0.000258846967780315	0.000886365892641478	0.000161552752743512
rf_018_016	0.000258557406786255	0.000629199714926357	0.000669289975651692
matm_other_rank_tend6	0.000255905069160149	0.000823745214837049	0.000282717317301146
rf_014_017	0.000252077652233955	0.000350079117739955	0.000426960846536424
ctarjeta_debito_transacciones	0.00025155761334763	0.000687627998218144	0.000236559387945857
catm_trx_other_tend6	0.000243663754652566	0.00119288525711028	0.000484658258230536
vm_status01_lag2	0.000243607022722406	0.00192953650312725	0.000490427999399947
ccajas_extracciones_tend6	0.00023827381547353	0.00188717097370014	0.000294256799639968
vmr_mconsumosdolares_tend6	0.000237796365965075	0.000975381581633262	0.000513506964077592
cextraccion_autoservicio_lag2	0.000236688917134406	0.000555596317445192	0.000478888517061125
rf_013_018	0.000236068481598053	0.000465387430326325	0.00015001327040469
Master_msaldodolares_rank_delta2	0.000233397033575386	0.000723237419346863	0.000651980752143459
mcajeros_propios_descuentos_rank_delta2	0.000227240702307783	0.000751686625996125	0.00050773722290818
cproductos_lag2	0.000227038150164663	0.000495745233230311	0.00020194094092939
mv_status07_rank_delta2	0.000222497994896333	0.000875727393055714	0.000398112140689369
ctarjeta_visa_debitos_automaticos_delta2	0.000221287448928938	0.000765484833521177	0.00040388188185878
rf_012_018	0.000218279227790736	0.000641983514680258	0.000432730587705836
ctarjeta_visa_debitos_automaticos_lag2	0.000218145681230992	0.0008042977791136	0.000473118775891714
rf_007_016	0.000217878351865703	0.000407497201330162	0.000744296610854037
mcheques_emitidos_rank_lag1	0.000215990770707961	0.0019534643494251	0.000225019905607034
vm_cconsumos_lag1	0.000213795012813056	0.000629114711921007	0.00040388188185878
matm_rank_delta1	0.000207074728976496	0.0011264161155794	0.000421191105367013
rf_008_017	0.000206246219976149	0.000442982431805643	0.000513506964077592
active_quarter_lag1	0.000203051332911816	0.00052462176934459	0.000582743858110525
rf_018_022	0.000200736224885723	0.00108727409894647	0.000334644987825846
ctransferencias_recibidas_delta2	0.000200076407130206	0.000915348077602444	0.000386572658350546
mplazo_fijo_dolares_rank_lag2	0.000198596992651522	0.00102888881686562	0.000282717317301146
rf_020_012	0.000196631782445064	0.000611497234152158	7.50066352023448e-05
mv_status07_rank	0.000194744372157591	0.000584774203941681	0.000225019905607034
cmobile_app_trx	0.000193793860201042	0.001118569275648	0.000271177834962324
vm_mconsumosdolares_rank	0.000193274266202603	0.000417334747473804	0.000438500328875247
cextraccion_autoservicio_delta2	0.000191547031958001	0.000718356084944013	0.000444270070044658
rf_020_019	0.000189637411503172	0.000949092350794768	0.000317335764317613
ctarjeta_visa_transacciones_delta1	0.000189398293599558	0.00101957151962322	0.00025386861145409
catm_trx_delta2	0.000184272110290371	0.0008642862568	0.000392342399519958
vm_mpagado_rank_delta2	0.000184068286146543	0.00123727670903186	0.000294256799639968
cproductos_lag1	0.000183308612138695	0.000470415468554621	0.000121164564557634
vmr_mconsumosdolares_delta2	0.000183030547052942	0.000720598854523607	0.000369263434842313
rf_008_022	0.000179955998235456	0.000452551976518431	0.000426960846536424
ctarjeta_master_transacciones_delta2	0.000179827503252893	0.000717096504519435	0.00035195421133408
rf_005_013	0.000178583729481618	0.00070883209258434	0.00035195421133408
rf_004_015	0.000176105097864879	0.000378553046797952	0.00030579628197879
ccajas_extracciones_delta2	0.000174582999229208	0.000693119029301077	0.000207710682098801
mtarjeta_master_descuentos_rank_delta2	0.000171569996817216	0.000449025377513352	0.00055389515226347
catm_trx_lag2	0.000168789091382543	0.000546884324710266	0.000432730587705836
catm_trx_other_lag2	0.00016764812063231	0.000299516058383508	0.000288487058470557
rf_014_020	0.000166755749627439	0.000796402072974299	8.65461175411671e-05
cpagomiscuentas_delta2	0.000165906219060853	0.000852018340075167	0.00015001327040469
vmr_mpagado_delta2	0.000162978707153591	0.00070360693259704	0.000288487058470557
mforex_sell_rank_tend6	0.000162641422586332	0.00153382113388551	0.000288487058470557
vm_mpagado_rank_lag1	0.000162319125189561	0.000734309718304609	0.000259638352623501
tcuentas_lag1	0.000161061749707638	0.00129132170925506	0.000132704046896456
matm_other_rank_lag1	0.00015400333005183	0.0005401068604588	0.000340414728995257
vmr_msaldodolares2_lag2	0.000152631830999215	0.000790582628361722	0.000294256799639968
mtarjeta_master_consumo_rank_delta1	0.000151223750923979	0.00106386547583291	0.000265408093792912
mcajeros_propios_descuentos_rank_lag2	0.000150186684457593	0.000596740007571694	0.000300026540809379
cextraccion_autoservicio	0.000150170278022334	0.000261535942360214	3.46184470164668e-05
minversion2_rank_lag1	0.000148897784633597	0.000871813046740029	9.80855998799894e-05
rf_016_017	0.000148764418601993	0.000558384058334768	0.000386572658350546
rf_015_018	0.000147063509830056	0.00120522513182479	0.000161552752743512
vmr_mpagado_delta1	0.000146921233510922	0.000991276775427679	0.000230789646776446
vmr_msaldodolares_tend6	0.000144085523160276	0.00073377474115986	0.00025386861145409
ccallcenter_transacciones_lag2	0.000143336234449257	0.000615103707577797	0.000259638352623501
rf_011_022	0.000142944734538304	0.000528849117135112	0.000317335764317613
cpayroll_trx_tend6	0.000141106938816891	0.000953820879671291	0.000213480423268212
cforex_tend6	0.000141009221336443	0.00168558984446975	0.000265408093792912
vm_mpagado_rank_lag2	0.00014071379452447	0.000497626950440644	0.000288487058470557
vm_status03_tend6	0.00013828634174455	0.00062679117370607	9.80855998799894e-05
ctarjeta_visa_descuentos_lag2	0.000138281632456605	0.000292104438047572	0.000242329129115268
mv_status07_rank_delta1	0.000134161793283381	0.000323604731840301	0.000161552752743512
vm_status06_delta2	0.00013318444083881	0.000443578031452661	0.000144243529235279
ctarjeta_debito_lag2	0.000131728666163437	0.000829160132461603	0.000144243529235279
mforex_buy_rank_tend6	0.000129407374962723	0.0018967647411134	0.000225019905607034
ccomisiones_mantenimiento_delta2	0.000128805314813577	0.000699806809069794	9.80855998799894e-05
mtarjeta_visa_descuentos_rank	0.000125427262227062	0.000642931171947826	0.000276947576131735
mv_status07_rank_lag1	0.000122946514543563	0.000478326034439598	0.000271177834962324
vm_status04_delta2	0.000122220955365294	0.000566933040974656	0.000213480423268212
vm_status05_tend6	0.000121522676884285	0.000506049664692944	0.000155783011574101
vm_mconsumosdolares_rank_delta1	0.000120729601253273	0.000661532101876039	0.000248098870284679
rf_018_020	0.000119194200310536	0.000901608099240092	0.000178861976251745
cforex_sell_tend6	0.00011818132853885	0.00148647940438714	0.00020194094092939
ctransferencias_emitidas_lag2	0.000116118002528898	0.000629015269976938	0.000213480423268212
vm_msaldodolares_rank_tend6	0.000111926732072384	0.000731941574552211	0.00020194094092939
rf_017_018	0.000110453299308638	0.000328928176552537	0.000178861976251745
rf_015_021	0.000110217154077354	0.00024424585240405	0.000225019905607034
vm_mpagado_rank_delta1	0.00010751511167315	0.000609968337274985	0.000167322493912923
mttarjeta_master_debitos_automaticos_rank_lag2	0.000107495561119728	0.00048225203184791	0.000196171199759979
vmr_mpagado_lag1	0.000107461656310259	0.000686137815581032	0.000259638352623501
vmr_mpagado	0.000106983535728883	0.00071383724943434	0.00020194094092939
tcuentas_lag2	0.000106066503612361	0.000925655323211602	9.80855998799894e-05
ctarjeta_master_debitos_automaticos_tend6	0.00010537484385555	0.0011451214845343	0.000178861976251745
mtarjeta_visa_descuentos_rank_lag1	0.000104492070862503	0.000297824177711733	0.000219250164437623
mtarjeta_master_descuentos_rank_lag2	0.000103913558419048	0.000387403932129181	0.000265408093792912
cforex_buy_tend6	9.94520922077163e-05	0.00103317573514101	0.000115394823388223
vmr_mpagosdolares_tend6	9.50361938427242e-05	0.00100381716465729	0.000196171199759979
minversion2_rank	9.29592482191084e-05	0.000787973178119816	7.50066352023448e-05
rf_005_008	9.28222981030066e-05	0.000562674395666693	0.000173092235082334
vm_mpagosdolares_rank_tend6	9.25272001502015e-05	0.000655613662426786	0.000196171199759979
mv_status07_rank_lag2	8.90431842008244e-05	0.000557166532305473	0.000196171199759979
cpagomiscuentas_lag2	8.84761798708907e-05	0.000538549743215062	0.000144243529235279
vmr_mconsumosdolares_delta1	8.56402838910049e-05	0.000286571747075879	0.000196171199759979
ccallcenter_transacciones_delta1	8.36742080652474e-05	0.000678468687687737	0.000115394823388223
ctransferencias_recibidas_lag1	7.87568721474918e-05	0.000883958350837714	0.000144243529235279
vm_cconsumos_delta1	7.6218715340657e-05	0.000387607944602109	0.000109625082218812
rf_011_019	7.49177227004395e-05	0.000380352890754679	0.00015001327040469
vm_msaldodolares_rank_delta2	7.40587243246655e-05	0.000387862164605115	0.000173092235082334
active_quarter_tend6	7.24766963169987e-05	0.000990840135608736	0.000155783011574101
mttarjeta_master_debitos_automaticos_rank_delta2	6.95870256910129e-05	0.000620608493788142	0.000155783011574101
cliente_edad_tend6	6.84295807591363e-05	0.000587980121744954	0.000115394823388223
vm_mpagado_rank	6.82843201658442e-05	0.000413222043278678	0.000115394823388223
rf_005_016	6.70865117810789e-05	0.000519663769174229	0.000161552752743512
minversion2_rank_lag2	6.6510229922621e-05	0.00062480975154732	8.0776376371756e-05
ctransferencias_emitidas_delta1	6.59177005751108e-05	0.000575424451962715	8.65461175411671e-05
mttarjeta_master_debitos_automaticos_rank_lag1	6.49536053879449e-05	0.00045903797935118	0.000138473788065867
matm_other_rank	6.45952635240741e-05	0.000685961129259886	0.000213480423268212
matm_other_rank_delta1	6.40203657189072e-05	0.000454179447425323	0.000126934305727045
ccomisiones_mantenimiento_lag2	6.36607317967332e-05	0.000355333234505995	7.50066352023448e-05
ctransferencias_recibidas_delta1	6.3079143962003e-05	0.000638031690244949	9.80855998799894e-05
ctransferencias_emitidas_lag1	6.25258383123027e-05	0.000593402114186475	0.000109625082218812
ccajas_consultas	6.11494670331126e-05	0.000144653285745295	1.73092235082334e-05
mforex_sell_rank_lag1	5.87591224272866e-05	0.000558280197917649	0.000126934305727045
mttarjeta_master_debitos_automaticos_rank_delta1	5.78243724584671e-05	0.000632684075433109	0.000138473788065867
cextraccion_autoservicio_lag1	5.77698975477511e-05	0.00049130138026032	9.23158587105782e-05
mttarjeta_master_debitos_automaticos_rank	5.59106078293304e-05	0.000645221913520538	0.000109625082218812
ctarjeta_visa_debitos_automaticos_lag1	5.47640037244966e-05	0.000238707375336695	6.34671528635225e-05
rf_013_024	5.23844892131636e-05	0.000162779834730592	0.000115394823388223
vm_msaldodolares_rank	4.88084961689039e-05	0.000321281167324929	9.80855998799894e-05
cseguro_accidentes_personales	4.72031278506239e-05	0.000998580537680403	0.000115394823388223
cliente_edad_delta2	4.59516419831545e-05	0.000288330693856455	8.65461175411671e-05
cpagomiscuentas_lag1	4.42700679020997e-05	0.000346605566711915	8.0776376371756e-05
ccallcenter_transacciones	4.29388196816099e-05	0.000202580966560647	1.73092235082334e-05
ccallcenter_transacciones_lag1	4.2599083466422e-05	0.000169264075434208	5.19276705247003e-05
ccuenta_debitos_automaticos_delta1	3.85812838706478e-05	0.000226740966796682	4.0388188185878e-05
catm_trx_delta1	3.6229618642564e-05	0.00020569435943421	6.34671528635225e-05
catm_trx_other_delta1	3.54828949627055e-05	0.000537381819805844	7.50066352023448e-05
cseguro_vida_tend6	3.53279110145082e-05	0.000616217872898234	8.65461175411671e-05
catm_trx_lag1	3.46376014232366e-05	0.000265025641855235	5.76974116941114e-05
vmr_mpagosdolares_delta1	3.32386251403038e-05	0.0007373353729276	9.23158587105782e-05
mtarjeta_master_descuentos_rank_tend6	3.20169407750311e-05	0.000689615758781687	7.50066352023448e-05
ctarjeta_master_debitos_automaticos_lag2	3.19515339793478e-05	0.000224748209150522	4.0388188185878e-05
cpagodeservicios_tend6	3.06557554249572e-05	0.000503053282453911	5.76974116941114e-05
cplazo_fijo	3.03212262993658e-05	0.000356950290440698	2.88487058470557e-05
cplazo_fijo_lag1	2.91635824790179e-05	0.000481905786623456	4.61579293552891e-05
mpagodeservicios_rank_tend6	2.68153259732533e-05	0.000250757997869015	4.61579293552891e-05
ctransferencias_recibidas	2.48439766853641e-05	0.000269857136934093	4.0388188185878e-05
ctransferencias_emitidas	2.44089039688565e-05	0.000631604626686639	5.76974116941114e-05
cliente_edad_delta1	2.37582122583917e-05	5.59341341561482e-05	3.46184470164668e-05
active_quarter_delta1	2.09052718267512e-05	0.000275924094938796	5.76974116941114e-05
internet_delta1	1.75986944714628e-05	0.000263221247923283	5.19276705247003e-05
cprestamos_personales	1.26173626593969e-05	0.000109710028330226	1.73092235082334e-05
ctarjeta_visa_debitos_automaticos_delta1	1.17408518176605e-05	0.000179914410215643	2.30789646776446e-05
cplazo_fijo_lag2	1.16714831239122e-05	0.000110501802920595	2.30789646776446e-05
cpayroll_trx_lag1	1.0628430408595e-05	0.00011795752908573	1.73092235082334e-05
cpagomiscuentas	9.87415180809065e-06	0.000325473561837571	2.88487058470557e-05
cpayroll_trx	7.99370808578246e-06	0.000142780116176279	1.15394823388223e-05
ctarjeta_debito	7.30587280762961e-06	0.000214170174264419	1.73092235082334e-05
catm_trx	6.32191251509503e-06	0.000100191848366649	1.15394823388223e-05
cpagodeservicios_delta2	5.22859379759565e-06	3.27713938077595e-05	2.30789646776446e-05
ccuenta_debitos_automaticos_lag2	3.25482510859486e-06	7.42317937704086e-05	2.30789646776446e-05
ctarjeta_visa_debitos_automaticos	3.17070163988557e-06	0.000142780116176279	1.15394823388223e-05
